# sod		dsTEC/dt [TECU/s]		lat		lon		h_ipp		ele		azi
45660.0 0.00100117362895 28.02259677231156 -164.17067902986994 350003.45656463596970 8.28772149907944 318.39616255099685
45690.0 -0.00224786119601 27.96416195276752 -164.07622593596102 350041.94564594514668 8.45582541322013 318.48141447622640
45720.0 -0.00269260359077 27.90441330118021 -163.98112476513063 349980.35702091921121 8.62416938614901 318.56608751879207
45750.0 -0.00293811752887 27.84656787595636 -163.88896623304447 350020.93674461357296 8.79295613330942 318.65024470151042
45780.0 -0.00381250938919 27.78848680935572 -163.79732997142671 350031.01638465095311 8.96215061364120 318.73387291570640
45810.0 -0.00313432744585 27.73018398732930 -163.70624952726828 350005.49074171949178 9.13150748537984 318.81689295806086
45840.0 -0.00273083938073 27.67165144109744 -163.61567758038038 349950.69381695427001 9.30134536178461 318.89940373811072
45870.0 -0.00247626962047 27.61505938334382 -163.52801190780636 349995.94596798904240 9.47144530203303 318.98133459111438
45900.0 -0.00046587274493 27.55825529139759 -163.44085202942858 350009.70910738594830 9.64189239065630 319.06271055912651
45930.0 -0.00147107118270 27.50124626454631 -163.35420636071339 349990.44112558290362 9.81261349471299 319.14350717125603
45960.0 -0.00112091197523 27.44511129396380 -163.26922159295020 350008.66812233719975 9.98376984354704 319.22377273643974
45990.0 -0.00208384978652 27.38877912580535 -163.18473114796802 349995.08669755421579 10.15525529948316 319.30347244630923
46020.0 -0.00250343714232 27.33334045537009 -163.10190725113785 350015.71540139522403 10.32697666746057 319.38257594047695
46050.0 -0.00220157573301 27.27770958262457 -163.01955013070878 350006.88755084108561 10.49914045658738 319.46114488473165
46080.0 -0.00008854601561 27.22189194427451 -162.93766344559583 349967.74828770291060 10.67170908716194 319.53916563834690
46110.0 -0.00026362563781 27.16807143921372 -162.85857411849474 350030.59849170688540 10.84443534655600 319.61656112657982
46140.0 -0.00260003275710 27.11298596476247 -162.77878073771208 349996.44171305373311 11.01764157492563 319.69342751211906
46170.0 -0.00353177830235 27.05881881973497 -162.70060232991429 349998.30712882895023 11.19110597161664 319.76969564393733
46200.0 -0.00247123857943 27.00557184933291 -162.62401293638263 350038.33913053851575 11.36491512670310 319.84538985427804
46230.0 -0.00114304847452 26.95107945523822 -162.54674609909088 349977.01310842111707 11.53899317579064 319.92048552934187
46260.0 0.00004125440350 26.89859930044781 -162.47217134614735 350025.31464327406138 11.71350667616281 319.99503051294130
46290.0 -0.00240583530456 26.84596657451197 -162.39803115676503 350042.87163074128330 11.88834411481318 320.06898944467576
46320.0 -0.00440315150296 26.79318887253087 -162.32433529938348 350027.97977829724550 12.06341200928678 320.14233278469328
46350.0 -0.00397350208357 26.74026066469415 -162.25105627678303 349984.26111521571875 12.23892244004259 320.21512124937146
46380.0 -0.00044373628257 26.68827617026812 -162.17930716212510 349981.36393713485450 12.41483311358770 320.28734004886797
46410.0 -0.00002314272227 26.63725051260828 -162.10910329380434 350015.67409982811660 12.59089576644870 320.35891448855853
46440.0 0.00072647980613 26.58499496011427 -162.03818989556214 349951.43602116312832 12.76743689105655 320.42993798860783
46470.0 -0.00128391718021 26.53479075287424 -161.96989466515262 349997.70113705378026 12.94423134843406 320.50034280452974
46500.0 -0.00238872973550 26.48445901333200 -161.90199551947768 350014.42474772315472 13.12136791777185 320.57015268613583
46530.0 -0.00218748894370 26.43400653870336 -161.83450007943199 350000.23070216551423 13.29876701518332 320.63934262119051
46560.0 -0.00095589439817 26.38342903898927 -161.76738719542715 349957.86365505214781 13.47660005786567 320.70795969226884
46590.0 -0.00073855418642 26.33382479452563 -161.70174877951567 349957.57021640054882 13.65475185925753 320.77596856565992
46620.0 -0.00004628540760 26.28520131669947 -161.63758151617122 349998.54546834249049 13.83312824500936 320.84334037850789
46650.0 -0.00156263577491 26.23646219029728 -161.57377551950341 350012.23210130073130 14.01194522189063 320.91013425604564
46680.0 -0.00216333999845 26.18761248840109 -161.51033456998982 349997.82025761902332 14.19115781337608 320.97633490679868
46710.0 -0.00065805786231 26.13866654901081 -161.44728451332526 349951.33388188667595 14.37051585065967 321.04186977420687
46740.0 -0.00036122747557 26.09070219431242 -161.38564789171264 349951.39035234134644 14.55034962794683 321.10682928337690
46770.0 0.00107160797256 26.04373228862859 -161.32543602199419 349995.18213689699769 14.73043105770071 321.17114725818885
46830.0 -0.00317558181241 25.94950662714271 -161.20606068858689 349998.06897286511958 15.09159672375728 321.29792186888790
46860.0 0.00063390895400 25.90226053951977 -161.14690319889439 349955.80376416910440 15.27259675315914 321.36035049589168
46890.0 -0.00047191004587 25.85601087726776 -161.08912175999191 349961.47976211924106 15.45402766443458 321.42217869232957
46920.0 -0.00052725120175 25.81076494295764 -161.03271574170537 350014.09670576173812 15.63577056692904 321.48337130868322
46950.0 0.00190373919716 25.76544119292481 -160.97664909709661 350037.64881010167301 15.81773046575408 321.54390019251315
46980.0 0.00224886732666 25.71894506335725 -160.91986921524281 349959.60083728283644 16.00012757632895 321.60382250496184
47010.0 0.00053328846577 25.67454300927246 -160.86546637088338 350006.30576283857226 16.18291411142899 321.66312246639291
47040.0 -0.00161495844652 25.63007415233727 -160.81139897333455 350023.28106891270727 16.36583768820697 321.72172987791009
47070.0 0.00226396044975 25.58552566471301 -160.75763246063872 350015.25460617430508 16.54923278749369 321.77973166562629
47100.0 0.00270669047241 25.54091092457045 -160.70418835571633 349978.91403887793422 16.73286806441740 321.83706343781421
47130.0 -0.00063592143689 25.49731291701618 -160.65206624810327 349992.66485003381968 16.91683546237138 321.89374701113206
47160.0 -0.00017608569744 25.45365243753182 -160.60025550077808 349978.74593791924417 17.10105016938282 321.94975739238947
47190.0 0.00096092536533 25.41100697770294 -160.54974016501680 350017.32405894901603 17.28569197708119 322.00513900287820
47220.0 0.00139057489552 25.36830013955460 -160.49952077281600 350029.53968647122383 17.47063834248299 322.05985683844409
47250.0 -0.00085124912881 25.32553891027429 -160.44960496305998 350014.09010408818722 17.65579354387155 322.11388338373513
47280.0 -0.00052222019766 25.28271523237139 -160.39997045160322 349973.95391797646880 17.84138183423248 322.16727387574144
47310.0 -0.00085728639282 25.24091434917824 -160.35160883929930 349987.32940272707492 18.02735260492021 322.22001203934451
47340.0 -0.00174274651201 25.19906872783555 -160.30354697154428 349972.52969404123724 18.21345151317917 322.27202988504018
47370.0 -0.00187858402893 25.15824353636279 -160.25673339382436 350013.50139616336673 18.40001690948553 322.32341094690298
47400.0 -0.00212510422696 25.11737175608348 -160.21020028572883 350028.24200789164752 18.58681439913286 322.37409250422530
47430.0 -0.00285560874034 25.07645128100986 -160.16393795167022 350017.94408024288714 18.77393747492930 322.42409529889642
47460.0 -0.00276907511529 25.03548857328450 -160.11795292771905 349981.48154098633677 18.96129867181908 322.47339434498315
47520.0 -0.00333053734435 24.95557468300981 -160.02870061910366 349997.23343633953482 19.33713747823923 322.56996925781607
47550.0 -0.00199027278528 24.91662824457877 -159.98542494043312 350049.52519095409662 19.52552547527733 322.61721624635027
47580.0 -0.00482978225341 24.87657452015269 -159.94145490670385 349994.65211329888552 19.71411184832347 322.66373733919761
47610.0 -0.00336374211175 24.83754967152984 -159.89868554984582 349998.52482479717582 19.90312516765280 322.70958536798179
47640.0 -0.00342713297760 24.79848539463016 -159.85616083402576 349979.04593587946147 20.09251185912044 322.75474356885252
47670.0 -0.00333456216240 24.76046467683009 -159.81484709854783 350015.80917589832097 20.28201530450782 322.79914643023596
47700.0 -0.00328727056876 24.72240232015709 -159.77376170554851 350030.86136612854898 20.47197810060842 322.84287344499558
47730.0 -0.00284655288126 24.68431178855673 -159.73292342061256 350021.36725459527224 20.66216248330555 322.88586382736344
47760.0 -0.00450779688311 24.64619057399193 -159.69232319337232 349988.44480438996106 20.85266358413595 322.92813696585182
47790.0 -0.00232332638675 24.60910868908507 -159.65289969910313 350015.01086760964245 21.04339111159295 322.96966793999809
47820.0 -0.00305886223664 24.57199289995278 -159.61369740993223 350019.90936930384487 21.23453346767144 323.01049767519805
47850.0 -0.00300050219021 24.53485145100702 -159.57472586006782 350001.62829742487520 21.42596039587060 323.05059166890516
47880.0 -0.00212711652518 24.49875059949196 -159.53691419265388 350044.02375147584826 21.61757454401572 323.08992367793081
47910.0 -0.00217038337464 24.46156053504279 -159.49839444754218 349980.13944557029754 21.80960860858877 323.12854411849111
47940.0 -0.00132617773282 24.42540365631605 -159.46101199925999 349979.54314572270960 22.00200604195602 323.16643573189850
47970.0 -0.00257387147670 24.38923477975106 -159.42386343681375 349954.43304891977459 22.19450821683486 323.20353536763378
48000.0 -0.00321985488485 24.35409285492219 -159.38783024923336 349994.89171585440636 22.38746163292964 323.23991851520981
48030.0 -0.00193593770464 24.31893458073252 -159.35201409077987 350012.67554040998220 22.58062537709763 323.27552624040823
48060.0 -0.00182827384022 24.28375708957246 -159.31640646526009 350008.83961864467710 22.77409612735772 323.31037654716067
48090.0 -0.00274794480205 24.24856670486083 -159.28101338832857 349982.39451107382774 22.96778081101063 323.34444455913524
48120.0 -0.00303068836254 24.21440344461024 -159.24671614202032 350022.99560139607638 23.16187211246913 323.37776916558465
48150.0 -0.00326110928835 24.18022479936273 -159.21262072415638 350042.27922143973410 23.35623586028993 323.41031616236035
48180.0 -0.00235753752486 24.14499300992589 -159.17784276023639 349950.95556347630918 23.55077391420564 323.44205989352372
48210.0 -0.00285057769931 24.11183107620355 -159.14503553566209 350016.33356382884085 23.74572312755146 323.47304804816241
48240.0 -0.00160992736856 24.07761082031291 -159.11153077508752 349972.93456143699586 23.94102390043150 323.50326287248049
48270.0 -0.00232533890658 24.04443002755650 -159.07911835109948 349995.69417233020067 24.13641557731329 323.53264368615351
48300.0 -0.00382458396338 24.01123070784276 -159.04688438281261 349999.55655757989734 24.33224855838611 323.56126158108310
48330.0 -0.00174375251339 23.97802639225351 -159.01484553433266 349982.06482287496328 24.52827873672616 323.58905959785363
48360.0 -0.00191883228332 23.94584762374848 -158.98386599982715 350034.53459378052503 24.72460432599478 323.61605416115981
48390.0 -0.00331645051810 23.91263149604919 -158.95220410336847 349975.73369466047734 24.92112940718951 323.64222046388556
48420.0 -0.00126278679310 23.88043549162481 -158.92158650525880 349988.58256739564240 25.11805098171700 323.66759502942745
48450.0 -0.00251953639606 23.84823422225189 -158.89114978886241 349981.41413031332195 25.31523087379900 323.69214402556736
48480.0 -0.00176085815631 23.81706015262027 -158.86176011385257 350044.98876698594540 25.51257013240793 323.71584236967902
48510.0 -0.00175985178560 23.78484896143656 -158.83167635174235 349998.58822900801897 25.71030978753471 323.73873464766552
48540.0 -0.00119738355516 23.75365537534631 -158.80261970530097 350025.33192577306181 25.90838710448045 323.76080260959384
48570.0 -0.00138051288733 23.72246764077301 -158.77374677325980 350031.07859446108341 26.10653938328975 323.78198818464887
48600.0 -0.00148817653015 23.69126991870343 -158.74503266100399 350019.16041890997440 26.30512090694994 323.80235758757692
48630.0 -0.00079389552697 23.66007577249654 -158.71649313635487 349987.28672370687127 26.50388433223574 323.82185598747026
48660.0 -0.00203052096580 23.62989563076653 -158.68896348701193 350030.15783441439271 26.70292938952775 323.84049799601252
48690.0 -0.00123159454553 23.59870600545203 -158.66076066396923 349959.71801970060915 26.90215724601756 323.85825890636232
48720.0 -0.00139761808704 23.56852399514200 -158.63355350496400 349965.66937120631337 27.10176924342924 323.87517247948500
48750.0 -0.00194197504252 23.53834411392691 -158.60650761031786 349952.97814035415649 27.30162311069426 323.89120534494481
48780.0 -0.00254368530437 23.50917777523047 -158.58046011511840 350015.93109669815749 27.50161906138488 323.90633298052848
48810.0 -0.00025557590937 23.47900185292619 -158.55372830795622 349966.76871824916452 27.70200230827279 323.92059641465391
48840.0 -0.00261814454914 23.44982893656931 -158.52797612840845 349995.54928633756936 27.90270689522563 323.93397689978320
48870.0 -0.00238571125123 23.42066816083764 -158.50238791913318 350004.85232148412615 28.10346806555184 323.94641914998778
48900.0 -0.00011973831858 23.39150329962516 -158.47694013671517 349997.79511189553887 28.30464394824061 323.95798392006901
48930.0 -0.00256884050953 23.36234792873307 -158.45164775053610 349972.24029507581145 28.50598392436713 323.96861869813102
48960.0 0.00023142707493 23.33418968217429 -158.42731867439366 350026.30865064077079 28.70758921208008 323.97833600148999
48990.0 -0.00198826011772 23.30504988016240 -158.40232538340541 349965.04936690442264 28.90935799474928 323.98711126226181
49020.0 -0.00073654207286 23.27689987025062 -158.37828195427880 349985.01582114119083 29.11149596344322 323.99497500071504
49050.0 -0.00084118689901 23.24875675898419 -158.35438148304490 349987.76940856873989 29.31385665952744 324.00189441840598
49080.0 -0.00155659858477 23.22062669686260 -158.33062920821641 349972.51561356242746 29.51633943410635 324.00784554170110
49110.0 -0.00066711386913 23.19347772077073 -158.30781103491952 350040.28913891594857 29.71919367167737 324.01286529186751
49140.0 -0.00082810629574 23.16535385477244 -158.28432416296306 349992.93063174467534 29.92235010352072 324.01693442238843
49170.0 -0.00200536590838 23.13822485873475 -158.26178470493215 350026.62550646718591 30.12554190838914 324.02000065093102
49200.0 -0.00090860280452 23.11109511614026 -158.23936852102230 350045.31690213549882 30.32913100125334 324.02211856436566
49230.0 -0.00121951994364 23.08397820236465 -158.21708987258378 350047.00844107847661 30.53286345191249 324.02323820499498
49260.0 -0.00050008351370 23.05687022302467 -158.19494190259442 350032.53834165073931 30.73684192492428 324.02336965648351
49290.0 -0.00166225022484 23.02977744240764 -158.17292990315605 350001.11944456398487 30.94096154705350 324.02248853841542
49320.0 -0.00117122197928 23.00269070144586 -158.15104091407261 349954.39979156665504 31.14543234967483 324.02062155212968
49350.0 -0.00166023792661 22.97657662827971 -158.13006418682238 349992.99448529910296 31.35010359320859 324.01773660695079
49380.0 -0.00196209905892 22.95047774401318 -158.10921836754497 350015.10613554995507 31.55487373617957 324.01381026724374
49410.0 -0.00114506077274 22.92438269118673 -158.08848826005035 350022.67677795421332 31.75999630222373 324.00887468100143
49440.0 -0.00053328842883 22.89829607600382 -158.06787731890475 350015.17014230601490 31.96539861376939 324.00291010235520
49470.0 -0.00062887798684 22.87223209824738 -158.04739984864418 349990.62331020273268 32.17081178270819 323.99586752384579
49500.0 -0.00173670910027 22.84617390698610 -158.02703459825105 349951.76858918648213 32.37660142101135 323.98779450408779
49530.0 -0.00014288115165 22.82107651488889 -158.00756167553402 350000.57804956100881 32.58251025652913 323.97864392951556
49560.0 -0.00114908566466 22.79598873181537 -157.98820316604116 350034.69813454337418 32.78864234342176 323.96842304029866
49590.0 -0.00101425429685 22.77044900597323 -157.96858339033741 350001.11853411048651 32.99488967598398 323.95710770488643
49620.0 -0.00078081484983 22.74491853183536 -157.94907314816638 349953.31959940865636 33.20146659399857 323.94472010495332
49650.0 -0.00047694097610 22.72080050345196 -157.93081560747231 350048.04542185179889 33.40821798270255 323.93122902578233
49680.0 -0.00164212606071 22.69577062857248 -157.91191836372482 350022.26040936913341 33.61504137405436 323.91661156092880
49710.0 -0.00054033184196 22.67074994833141 -157.89312616135430 349982.66967056225985 33.82219437121807 323.90089427655028
49740.0 -0.00123260054691 22.64666389909698 -157.87519235829822 350035.00688693951815 34.02960078559990 323.88405692960589
49770.0 -0.00135233916096 22.62168209662949 -157.85662834737775 349965.29402011726052 34.23698966647245 323.86605412313708
49800.0 -0.00056850564219 22.59762589050431 -157.83891144987084 349988.92800133116543 34.44473019797755 323.84692534150560
49830.0 -0.00098406805066 22.57358810956508 -157.82130474047264 349997.91770804952830 34.65256174135774 323.82662667285962
49860.0 -0.00152339381737 22.54956447554595 -157.80380196726850 349993.00944509450346 34.86058966429070 323.80516201816124
49890.0 -0.00143887271215 22.52556127508650 -157.78640816047408 349973.49798982962966 35.06870274917903 323.78250757334177
49920.0 -0.00181016190045 22.50247087977852 -157.76984760264216 350049.15821819473058 35.27711958336923 323.75868014945979
49950.0 -0.00167935572003 22.47849440462473 -157.75265302900931 350002.71114535909146 35.48568058212744 323.73364961753981
49980.0 -0.00059768551766 22.45499096409947 -157.73593337806813 349995.97157911583781 35.69428231182268 323.70739359445901
50010.0 -0.00042260596933 22.43149753394881 -157.71930650841412 349976.51736554875970 35.90318636154655 323.67993208162244
50040.0 -0.00089149730933 22.40846348437293 -157.70313955643016 349998.67974710278213 36.11231292260579 323.65124434622510
50070.0 0.00001911794115 22.38545498503853 -157.68707958075888 350006.27450588345528 36.32138899363719 323.62128901706922
50100.0 -0.00026362554548 22.36245465684758 -157.67110723083584 350001.69615347031504 36.53078716153579 323.59009623167094
50130.0 -0.00029783653585 22.33947612317260 -157.65523497817989 349983.31562166195363 36.74024340364303 323.55762572197273
50160.0 -0.00057454298007 22.31651495370144 -157.63945681624443 349951.83756600320339 36.94986430089582 323.52387744975806
50190.0 -0.00006540331181 22.29445024672876 -157.62449438762104 350017.92327002156526 37.15953534016880 323.48882804061225
50220.0 -0.00119738348129 22.27152300755650 -157.60890051813274 349960.64880376495421 37.36947925887895 323.45248789989654
50250.0 0.00020727809275 22.24948408006814 -157.59411393105316 350002.03332570847124 37.57953190722795 323.41482824827142
50280.0 -0.00078383337104 22.22746645110204 -157.57942222582417 350030.16294986940920 37.78958884050564 323.37582722542317
50310.0 -0.00069226885269 22.20545789626858 -157.56481193126783 350046.66373001784086 37.99991549722748 323.33549707171863
50340.0 -0.00002414890831 22.18303533465146 -157.54993328163604 349994.56600074097514 38.21042833132532 323.29381658180739
50370.0 -0.00036726473958 22.16149625018648 -157.53585819647287 350041.77604703325778 38.42085231196408 323.25074892532427
50430.0 0.00046285429759 22.11760602228661 -157.50724887834394 349987.46278869919479 38.84231041228459 323.16047509722318
50520.0 -0.00077075291551 22.05360045351188 -157.46637240714608 350042.04472413659096 39.47515341804974 323.01443942604084
50550.0 -0.00030689224720 22.03174597064391 -157.45244907518355 349959.54105459991843 39.68630309333471 322.96287350396790
50580.0 0.00020425942381 22.01074683992395 -157.43930433362300 349979.76563728693873 39.89744879184381 322.90983274671692
50610.0 -0.00004829766889 21.98975822803871 -157.42623277367125 349989.06290621589869 40.10881764764569 322.85531725713514
50640.0 -0.00002515527903 21.96878891095311 -157.41324150424387 349986.53125998470932 40.32024019472276 322.79930057475258
50670.0 0.00012778810242 21.94784457661643 -157.40033462209243 349971.64072674419731 40.53161043856568 322.74176152408643
50700.0 0.00010363904637 21.92731892658898 -157.38784066306687 350004.33470511436462 40.74319795253430 322.68270000019902
50730.0 -0.00058963588156 21.90680682805929 -157.37541969485494 350026.04508012719452 40.95491487283309 322.62209428038364
50760.0 -0.00005735367571 21.88591979723399 -157.36274394379242 349976.57593235466629 41.16648324383500 322.55991440163314
50790.0 -0.00047593490086 21.86584732557575 -157.35081438846112 350034.26031874865294 41.37828243798735 322.49616255870211
50820.0 -0.00007848406282 21.84499706668554 -157.33828619382362 349962.35082554351538 41.59004073485885 322.43080918259511
50850.0 0.00015797434861 21.82496267849032 -157.32650643632732 349997.44565284810960 41.80186674257818 322.36384216093745
50880.0 -0.00040248180521 21.80494939885201 -157.31480260167581 350021.12311940919608 42.01363854375008 322.29523972123940
50910.0 0.00002213631462 21.78494653412674 -157.30316393420946 350034.60883317608386 42.22558699507004 322.22499226695516
50940.0 -0.00076572165287 21.76496295395274 -157.29159740429753 350037.04878506623209 42.43753785443366 322.15307558470982
50970.0 -0.00115512285481 21.74500427417575 -157.28010695358515 350027.95195640623569 42.64938397332297 322.07946907813562
51000.0 -0.00064598348202 21.72505776241258 -157.26868012474921 350008.73163357470185 42.86139822757258 322.00416106592610
51030.0 -0.00061881590477 21.70512829122073 -157.25732026075519 349978.96098429244012 43.07348871069998 321.92712945854998
51060.0 -0.00048499061221 21.68561288741598 -157.24636919035925 349997.62348905019462 43.28537552701492 321.84835057408844
51090.0 -0.00026765043740 21.66610648589393 -157.23547766187508 350006.62971188873053 43.49744041669066 321.76781075153929
51120.0 -0.00034311553580 21.64662273771230 -157.22465671852964 350004.67807951476425 43.70940829264367 321.68548646455469
51150.0 -0.00038638268073 21.62715675716080 -157.21390105427287 349992.34499662462622 43.92138838248800 321.60135865603741
51180.0 0.00072245495115 21.60809005368257 -157.20354240574963 350029.99917506054044 44.13325515836662 321.51540663010582
51210.0 0.00001609912447 21.58865950825407 -157.19291516648445 349997.10481869708747 44.34524289490444 321.42760911654648
51240.0 0.00024752642100 21.56925121167665 -157.18235415094640 349953.62705257907510 44.55717248149607 321.33794475906461
51270.0 -0.00032500411310 21.55023972072564 -157.17218779213997 349960.48293203581125 44.76893553255776 321.24639361896732
51300.0 -0.00034009716233 21.53123901444351 -157.16207769925569 349957.92815124429762 44.98080784940591 321.15293015755861
51330.0 -0.00023545189298 21.51261890046079 -157.15235023254880 350007.21925320476294 45.19269332422340 321.05753205636120
51360.0 -0.00016501746627 21.49402422430258 -157.14269162451760 350045.74774840474129 45.40431019038323 320.96018301742322
51390.0 -0.00036827096256 21.47507610229218 -157.13276410624439 350013.34586936607957 45.61604202243722 320.86085057030226
51420.0 -0.00032198544416 21.45615307584401 -157.12290137286294 349970.46683906856924 45.82761040829411 320.75951841914957
51450.0 -0.00019822238140 21.43796320043701 -157.11373791195305 350042.15119543392211 46.03912489464329 320.65615923730445
51480.0 -0.00015898027612 21.41908267382656 -157.10399739568467 349979.16971365641803 46.25045623034883 320.55075380307449
51510.0 -0.00012376321050 21.40092217977955 -157.09494731283874 350031.89759032521397 46.46184169989668 320.44326678317748
51540.0 0.00001308045553 21.38242757144529 -157.08563728533056 350012.39254447538406 46.67309723609144 320.33368049526746
51570.0 -0.00036122725397 21.36395875368887 -157.07639001111812 349982.62842816114426 46.88411311553208 320.22197581164704
51600.0 0.00004326670173 21.34584846718005 -157.06750968212387 350006.81499169673771 47.09516756865678 320.10811057908001
51630.0 -0.00006037234465 21.32775155720515 -157.05868216459552 350021.88103071227670 47.30616011052140 319.99206249532779
51660.0 0.00026060717201 21.30968181766931 -157.04991795456561 350026.67957195919007 47.51680719738859 319.87382406887241
51690.0 -0.00026563813917 21.29162094068340 -157.04120119558110 350022.88166506495327 47.72749355336283 319.75334045163231
51720.0 -0.00010464526935 21.27358261114975 -157.03254227006596 350009.35630796756595 47.93793751013711 319.63060411921549
51750.0 -0.00016300502031 21.25556172204613 -157.02393618012468 349986.61154475156218 48.14824855037967 319.50557792003679
51780.0 -0.00005031026258 21.23756480252831 -157.01538739340052 349954.15483247023076 48.35829357892858 319.37824469035360
51810.0 -0.00007546554161 21.22024175264520 -157.00750751072974 350040.87679677642882 48.56831235062798 319.24855216375090
51840.0 0.00004527944316 21.20227480464674 -156.99905850907737 349990.60472812596709 48.77811576262404 319.11648744790307
51870.0 -0.00025155131292 21.18466128751384 -156.99097635956261 349994.74406683631241 48.98759263264035 318.98203251232320
51900.0 -0.00011671964964 21.16705720868198 -156.98293878440532 349990.53124978858978 49.19702297260046 318.84512528377974
51930.0 -0.00026765043740 21.14978941420002 -156.97525712020291 350042.06120768841356 49.40630172657558 318.70574390439452
51960.0 0.00004628537066 21.13190644969566 -156.96701756290906 349954.86886944063008 49.61514370222807 318.56389155281107
51990.0 -0.00007747754437 21.11467233025986 -156.95943527947955 349988.64703076053411 49.82393389702322 318.41948672712709
52020.0 -0.00014589982059 21.09745726748487 -156.95190441094218 350013.40601315535605 50.03238749410535 318.27253270576074
52050.0 -0.00011470735142 21.08025604096107 -156.94442010239919 350029.61968497466296 50.24061342647695 318.12298072817862
52080.0 -0.00026463206393 21.06307522695235 -156.93698678538490 350036.82272526714951 50.44847462927606 317.97081656512086
52110.0 -0.00003421084264 21.04590321623678 -156.92959464989119 350035.97996189538389 50.65621262236697 317.81596761307156
52140.0 -0.00033305374921 21.02874930596061 -156.92225025896417 350026.41269957460463 50.86363320622864 317.65842732656427
52170.0 -0.00024350138135 21.01161887557665 -156.91495705561073 350007.76393770612776 51.07062359795507 317.49817929112123
52200.0 -0.00041053144131 20.99449838488896 -156.90770381554728 349981.12645430862904 51.27746475304482 317.33513760423892
52230.0 -0.00002213661009 20.97769196830014 -156.90079521481513 350011.90083647891879 51.48404683504368 317.16928158963833
52260.0 -0.00000503081943 20.96090975601948 -156.89393849732048 350033.60198536422104 51.69008318286513 317.00062758092270
52290.0 0.00014891819406 20.94383892516542 -156.88681865204958 349981.67011218983680 51.89595795109274 316.82906236486770
52320.0 -0.00022136506673 20.92708405084243 -156.88004625931492 349987.01148471608758 52.10138334046520 316.65460274737177
52350.0 -0.00008049650878 20.91034322896891 -156.87331589475451 349984.18941449094564 52.30646712427863 316.47718639013061
52380.0 -0.00011068245950 20.89391032624161 -156.86693012826080 350039.13562749978155 52.51106814613176 316.29680333883942
52410.0 -0.00015495538420 20.87691186515515 -156.85998476373427 349953.65017085243016 52.71542877912632 316.11335669784785
52440.0 -0.00022639618163 20.86050142139436 -156.85367781480448 349992.80756319500506 52.91934970162210 315.92684848378553
52470.0 -0.00010062022970 20.84410985998939 -156.84741627131643 350023.54143724218011 53.12271637257685 315.73726481722798
52500.0 -0.00001408682625 20.82772344477308 -156.84118914486908 350046.86905957572162 53.32580961739389 315.54449144314236
52530.0 0.00031594795855 20.81107213338453 -156.83470464342179 349995.49185536336154 53.52851460358686 315.34851012059539
52560.0 -0.00012879417767 20.79472262754322 -156.82856328151351 350002.31033876724541 53.73054346098284 315.14935371056163
52590.0 0.00033104130325 20.77837853277377 -156.82245469418717 350001.81892963498831 53.93227808819688 314.94687143191425
52620.0 0.00008753992190 20.76205358290420 -156.81638851710602 349993.11281946022063 54.13342796148930 314.74109733623254
52650.0 -0.00014891834179 20.74600808678018 -156.81065296871785 350044.02155068144202 54.33409893936931 314.53195347606203
52680.0 0.00010464541709 20.72971493169750 -156.80466610824081 350019.41528298053890 54.53414567599041 314.31943624786339
52710.0 0.00003722951158 20.71343022324269 -156.79871186265638 349987.44356266036630 54.73381023525710 314.10342001816559
52740.0 -0.00008250895474 20.69742190634433 -156.79308785833194 350015.25951665267348 54.93288821619230 313.88391857125498
52770.0 0.00000905600682 20.68143197331358 -156.78750506737330 350035.03194529376924 55.13126316292005 313.66092215650860
52800.0 -0.00021432135814 20.66519301328546 -156.78166260607568 349979.73942075669765 55.32921441266778 313.43428311351693
52830.0 0.00020425942381 20.64921989239053 -156.77614458609409 349984.88914204388857 55.52662193994348 313.20398773965348
52860.0 -0.00019922860438 20.63327023305817 -156.77066970227025 349981.79285169392824 55.72319705373599 312.97009007447139
52890.0 0.00020224712558 20.61757137430412 -156.76551215613972 350039.97315643168986 55.91931762613619 312.73239521114709
52920.0 0.00019017274529 20.60139876285036 -156.75981597233488 349953.73283129557967 56.11469081532518 312.49095959708939
52950.0 -0.00004427307244 20.58572637340323 -156.75472943027552 349996.81297894474119 56.30941965257134 312.24568783772156
52980.0 0.00017206087939 20.57006876562799 -156.74967992693004 350032.25505123659968 56.50335457020297 311.99658591053827
53010.0 0.00010867030901 20.55417756577441 -156.74437169903877 349992.14345915615559 56.69673586852404 311.74349471155040
53040.0 -0.00025456998186 20.53853721414774 -156.73938445211687 350013.21805898565799 56.88935423812098 311.48644448278685
53070.0 -0.00012376306277 20.52268316367865 -156.73414910407638 349957.70269957277924 57.08109119153198 311.22543230265103
53100.0 -0.00032802263431 20.50706611958363 -156.72922626652638 349964.17755361646414 57.27222289189020 310.96027177750489
53130.0 -0.00008552747594 20.49145794392750 -156.72433348317841 349963.53900764975697 57.46262399472562 310.69095720847542
53160.0 0.00041858107741 20.47587216728909 -156.71947986170386 349955.02858037780970 57.65200558814686 310.41757030015913
53190.0 -0.00009860793147 20.46051095596665 -156.71493481567225 350009.07396963890642 57.84073933548922 310.13986506531205
53220.0 -0.00005534122975 20.44494350138667 -156.71014033759647 349986.41959074698389 58.02853072772794 309.85792754695683
53250.0 -0.00000804978384 20.42960374046405 -156.70565826274262 350026.09558241534978 58.21547890871476 309.57164372128517
53280.0 -0.00027469385052 20.41406412098632 -156.70092756484723 349988.87953852489591 58.40143020173167 309.28103414837341
53310.0 0.00012175091228 20.39874153419509 -156.69650334938493 350014.55426428467035 58.58662137304947 308.98590167075184
53340.0 0.00005031011485 20.38342981949980 -156.69210957848279 350033.11798736918718 58.77083860972635 308.68629986266404
53370.0 0.00002314283307 20.36792848398882 -156.68746881889246 349974.47180373501033 58.95396139581297 308.38223707596359
53400.0 -0.00007747783984 20.35284033447672 -156.68341224876542 350048.96610372979194 59.13626068571178 308.07348310426698
53430.0 -0.00028173726364 20.33735341945079 -156.67882198796897 349976.75078287441283 59.31760586243620 307.76004582207690
53460.0 -0.00009055859084 20.32228846859725 -156.67482646428994 350037.05528740864247 59.49770874336687 307.44204366028606
53490.0 0.00006942820373 20.30682962736356 -156.67029423151536 349950.64923002105206 59.67693216238264 307.11917282436440
53520.0 -0.00012074454156 20.29177724583120 -156.66635033707141 349997.44669368118048 59.85498099698032 306.79155900840811
53550.0 -0.00024652049349 20.27672980799691 -156.66243196516061 350037.54741301573813 60.03194935074819 306.45906977046616
53580.0 -0.00025859398737 20.26150671216577 -156.65826600482347 350000.16985677182674 60.20767983841182 306.12174785751779
53610.0 -0.00018011095870 20.24628810071227 -156.65412153675146 349956.27108687069267 60.38240362432023 305.77935438685836
53640.0 0.00006842183302 20.23126618689601 -156.65028152808003 349975.98435561917722 60.55590320971943 305.43197622212415
53670.0 0.00025758850307 20.21625858888529 -156.64647160454027 349988.63137436844409 60.72805632038070 305.07964002164584
53700.0 -0.00019721615842 20.20125091068457 -156.64268136531206 349994.95429896004498 60.89912634977821 304.72206781511153
53730.0 0.00023545204071 20.18624887802379 -156.63891430056754 349994.68737402837723 61.06897780747789 304.35928967725312
53760.0 0.00018212296146 20.17126592617044 -156.63517916329835 349987.20391544792801 61.23732476123241 303.99147325084397
53790.0 -0.00003421099038 20.15628302360343 -156.63146241790622 349973.45179522875696 61.40451819180362 303.61825147138171
53820.0 -0.00029381179167 20.14131399711735 -156.62777307785680 349952.78972254972905 61.57026406895331 303.23980348554625
53850.0 0.00019721630615 20.12651696026657 -156.62438047933898 349996.66732402425259 61.73465034449074 302.85598104351749
53880.0 0.00021532772885 20.11172979785444 -156.62101444061079 350033.77610532846302 61.89751684887116 302.46686022658776
53910.0 0.00026865651264 20.09678122449579 -156.61739287519316 349993.43427769932896 62.05908687789422 302.07215876933492
53940.0 -0.00000905571135 20.08200091562886 -156.61406840183790 350017.71892549935728 62.21914075952742 301.67201079537517
53970.0 0.00018614755790 20.06723283278074 -156.61077073079659 350035.19947385136038 62.37755524336503 301.26647178609574
54030.0 -0.00007445872769 20.03755298220416 -156.60396052876396 349979.72759134229273 62.68998681563492 300.43841036765434
54060.0 -0.00010464541709 20.02279519971814 -156.60072126614122 349978.15737987589091 62.84388198137314 300.01586350568698
54090.0 0.00011370098070 20.00819702973704 -156.59778100802654 350041.36596729140729 62.99593816587615 299.58786739160615
54120.0 -0.00000402459645 19.99331214792435 -156.59431451482129 349955.08812965080142 63.14648951057376 299.15398227482888
54150.0 0.00005936612167 19.97871862346884 -156.59141247936901 350005.69529638253152 63.29524639760997 298.71446719964541
54180.0 0.00010967638425 19.96399156637535 -156.58825979015796 349978.14819799922407 63.44228902694230 298.26916373555923
54210.0 0.00019117822960 19.94940937546469 -156.58540021169719 350015.89777637459338 63.58745644771392 297.81820231411677
54240.0 -0.00017910414478 19.93469317787986 -156.58228589424542 349975.64956932142377 63.73096047816425 297.36125521515919
54270.0 -0.00014187463320 19.92011361892043 -156.57946123165456 350000.97247520927340 63.87258235960049 296.89852969005756
54300.0 0.00003219854442 19.90554418550528 -156.57666002736775 350019.72895283531398 64.01219966689607 296.43012979915181
54330.0 0.00023746419120 19.89097016513737 -156.57387201698307 350032.52401827648282 64.15005154547627 295.95567653077558
54360.0 0.00006741590551 19.87639751750736 -156.57110077998595 350039.13198864553124 64.28599715267410 295.47529257101519
54390.0 -0.00027469399825 19.86183959149496 -156.56835480581304 350039.05372411943972 64.41976462301972 294.98930746372491
54420.0 0.00005232241307 19.84727719012536 -156.56562086921377 350033.04965648520738 64.55166940195124 294.49721690219303
54450.0 0.00045983548091 19.83272419992971 -156.56290781311222 350020.60386380180717 64.68143037422017 293.99937577701473
54480.0 -0.00016703005996 19.81817478331859 -156.56021133239645 350001.95630966313183 64.80912063473664 293.49562695868576
54510.0 0.00055743778035 19.80363612505069 -156.55753578643657 349976.85912896040827 64.93458174966182 292.98617049644434
54570.0 0.00004226047875 19.77466188025739 -156.55249234083945 349981.01757896505296 65.17918150510259 291.94937601906906
54600.0 0.00012476928575 19.76022817846427 -156.55012788733890 350010.12897259742022 65.29812567228596 291.42226604548046
54630.0 0.00041355040572 19.74570894927099 -156.54751928054324 349960.17548970226198 65.41467225522005 290.88957829122756
54660.0 0.00006439679336 19.73136909170727 -156.54544959997318 350049.78122145775706 65.52904389228271 290.35088966361178
54690.0 0.00027368792301 19.71684720079912 -156.54286535904987 349987.86769414599985 65.64110275603691 289.80640450946197
54720.0 0.00007848361961 19.70242805272565 -156.54056730928460 349992.22302434500307 65.75059322215375 289.25657449118813
54750.0 0.00020727838822 19.68800188456400 -156.53827820664293 349990.77154312282801 65.85780701862930 288.70083101055599
54780.0 0.00024953886696 19.67358261522829 -156.53600684202772 349983.06065274681896 65.96247967783103 288.13966001995925
54810.0 0.00006640953479 19.65916434280058 -156.53374892625268 349969.30054841842502 66.06467763226622 287.57292002596830
54840.0 0.00010464482615 19.64482817081886 -156.53177112137445 350022.25820616446435 66.16425116729405 287.00090934127138
54870.0 -0.00007144050196 19.63041030665594 -156.52953941233798 349996.43760297074914 66.26138524931055 286.42323550374590
54900.0 0.00035720280526 19.61599782823203 -156.52732286243108 349964.46681252494454 66.35587933748147 285.84031699719782
54930.0 0.00001106830504 19.60166122190524 -156.52538575096750 349999.30299240257591 66.44762477437614 285.25240685562972
54960.0 0.00003320491513 19.58731442878815 -156.52345586185729 350028.39375562034547 66.53682821004737 284.65905005179690
54990.0 -0.00002716787272 19.57290379298352 -156.52127611236730 349978.39483153074980 66.62336028482325 284.06054314552796
55020.0 0.00004326684946 19.55856511032217 -156.51937668426490 349995.21442472096533 66.70698819241298 283.45746460313194
55050.0 0.00016300516804 19.54421637496547 -156.51748342945424 350006.30606138519943 66.78798013610360 282.84919507035039
55080.0 -0.00007043413124 19.52987153969384 -156.51560511711568 350011.27306393254548 66.86609538105854 282.23635472184651
55110.0 -0.00002515513129 19.51552464262591 -156.51373745816721 350010.29857555311173 66.94139673944483 281.61882555183035
55140.0 0.00037531422795 19.50118304868593 -156.51188489430919 350003.18868554942310 67.01374931490550 280.99700703862948
55170.0 -0.00010967608878 19.48683323229398 -156.51003819072488 349990.32756665628403 67.08332482981565 280.37048611375616
55200.0 -0.00008653369892 19.47252600043224 -156.50846270741738 350044.78847949765623 67.14994286344856 279.73980226958673
55230.0 0.00018514148266 19.45818313894102 -156.50664346696988 350019.76556376926601 67.21351001797859 279.10529281580705
55260.0 0.00014690589583 19.44383250488376 -156.50482924957527 349989.00102644227445 67.27421672885069 278.46647507126079
55290.0 -0.00007546509841 19.42948044224516 -156.50302382575850 349952.33388312533498 67.33194910964761 277.82374248726984
55320.0 -0.00025155131292 19.41516909586287 -156.50149316593647 349982.88424060400575 67.38650583087731 277.17779902766722
55350.0 0.00001408653078 19.40084449759871 -156.49996597100258 350007.74808254837990 67.43813046252927 276.52797815489572
55380.0 0.00002515542676 19.38649738564036 -156.49819384878015 349953.10393542982638 67.48661514192432 275.87503010671054
55410.0 -0.00014589952512 19.37219149367442 -156.49694398072862 350039.54727366380394 67.53202200362776 275.21885845888767
55440.0 -0.00019319126650 19.35784694340684 -156.49519275666086 349972.95844852551818 67.57423831267411 274.55995733742520
55470.0 0.00010766364282 19.34352603816322 -156.49395790335433 350047.68187658209354 67.61342290929240 273.89789051372810
55500.0 0.00010062052517 19.32917486867867 -156.49222009172431 349969.39697237219661 67.64942389999979 273.23330757857366
55530.0 0.00004527929542 19.31485173118524 -156.49100712551260 350032.13589646294713 67.68216922246552 272.56661668336380
55560.0 0.00043266790366 19.30050558704772 -156.48954034707057 350015.62709238752723 67.71183304307317 271.89730278667304
55590.0 -0.00005332878379 19.28615482247145 -156.48807971124702 349993.27000148314983 67.73832385117962 271.22584094582419
55620.0 0.00008351517772 19.27181318315165 -156.48688852335701 350038.37624048627913 67.76147972620700 270.55303543204980
55650.0 0.00014187492867 19.25745726288205 -156.48544332837542 350004.20874244906008 67.78151853873050 269.87816826467520
55680.0 -0.00000201303690 19.24310448496518 -156.48400823079905 349964.05634112656116 67.79827338335818 269.20209069771670
55710.0 0.00037128963150 19.22874078253478 -156.48283319986169 349991.65307287406176 67.81180800577076 268.52471114128610
55740.0 0.00034412205425 19.21437681887651 -156.48166851964623 350013.25167609099299 67.82202941724033 267.84662885621549
55770.0 -0.00000503126263 19.19999972684745 -156.48050542900276 350029.10661097243428 67.82907330856669 267.16742132639018
55800.0 0.00019017304076 19.18561371918279 -156.47934631178336 350039.13708958309144 67.83289213279744 266.48748712896418
55830.0 0.00036927689007 19.17122391204208 -156.47819414257441 350043.25273150205612 67.83343448195930 265.80727536551149
55860.0 0.00045681695971 19.15683526059843 -156.47705179285313 350041.37407809682190 67.83065647087597 265.12723324776749
55890.0 0.00047492897335 19.14243231176672 -156.47590880613183 350033.77987788338214 67.82471308772983 264.44679444020892
55920.0 -0.00009458348276 19.12802167643373 -156.47476913183854 350020.35371994227171 67.81554297785267 263.76648175947258
55950.0 0.00052222041926 19.11361652743813 -156.47364101148921 350000.88232691027224 67.80303307684537 263.08715498751917
55980.0 -0.00030991135935 19.09919732312204 -156.47251130931787 349975.69552133791149 67.78737066051714 262.40802798453137
56010.0 -0.00002515483582 19.08474158804484 -156.47164066656998 350018.16110033355653 67.76843922984341 261.73000486175914
56040.0 -0.00001811171817 19.07031344704092 -156.47052085858201 349981.19023370277137 67.74630442415688 261.05296801758118
56070.0 0.00013281877412 19.05584535075773 -156.46966039589839 350011.83805607631803 67.72091001500166 260.37753779949992
56100.0 0.00049807136321 19.04140614108973 -156.46854762758477 349963.13802991528064 67.69237570689802 259.70324372305106
56130.0 0.00022941499830 19.02691246061571 -156.46768723176581 349982.17421339079738 67.66068176635019 259.03047576275924
56160.0 0.00043870494607 19.01241186479321 -156.46683098291459 349995.29651085566729 67.62580444174536 258.35968622848367
56190.0 0.00039040772039 18.99790929097435 -156.46598175542624 350002.44491830002517 67.58772850368447 257.69130876586047
56220.0 0.00018212266599 18.98338914025381 -156.46512895873741 350003.82896757218987 67.54658639169752 257.02470842706805
56250.0 0.00023042077808 18.96885816332414 -156.46427664863390 349999.35701897740364 67.50234784449654 256.36040226338116
56280.0 0.00037128992697 18.95432950682980 -156.46343308938594 349988.87154352385551 67.45494871246031 255.69923879388773
56310.0 0.00044776080516 18.93971836463702 -156.46283441417992 350046.08535941876471 67.40454163439423 255.04035680563305
56340.0 0.00011671979738 18.92523445773956 -156.46174141714457 349950.41909657418728 67.35106017490266 254.38464669097016
56370.0 0.00040348817592 18.91060508572563 -156.46114668335460 349995.79375092405826 67.29456871206364 253.73193570516776
56400.0 0.00047794660814 18.89596912877828 -156.46055667973337 350035.17654392216355 67.23504584126303 253.08281091497648
56430.0 0.00003722980705 18.88139041409430 -156.45971418517746 349995.31168711464852 67.17259164045866 252.43674025150631
56460.0 0.00000603733788 18.86672238740069 -156.45911845465190 350022.95800737850368 67.10721040707477 251.79406076973177
56490.0 0.00037128963150 18.85212669393654 -156.45827613468438 349971.30501551739872 67.03890333809323 251.15518419317311
56520.0 0.00060573530150 18.83744334719991 -156.45768423783113 349987.05108093563467 66.96769339906763 250.52033339459220
56550.0 0.00067214454083 18.82273985909321 -156.45708628911561 349996.93361768033355 66.89366721287908 249.88899683792727
56580.0 0.00081703828617 18.80803526885256 -156.45649449628482 350000.79040727019310 66.81677193146621 249.26227631088017
56610.0 0.00008150273176 18.79330990745488 -156.45589548685368 349998.78342315461487 66.73712474282155 248.63925111587179
56640.0 0.00055542444798 18.77857795314479 -156.45529826585999 349990.79937291797251 66.65470000340967 248.02075645259399
56670.0 0.00045279236326 18.76383318173045 -156.45469834174031 349976.88621059246361 66.56955642725296 247.40656036779276
56700.0 0.00047794719908 18.74908413995939 -156.45410101021574 349956.98697808850557 66.48169920249137 246.79719033200377
56730.0 -0.00002414905605 18.73421267612362 -156.45374338710215 350004.29882317688316 66.39120672851806 246.19206330914773
56760.0 0.00068623166254 18.71932215280678 -156.45338110438783 350045.61319488286972 66.29809942312266 245.59144839921834
56790.0 0.00042059381884 18.70452925430978 -156.45277202335404 350007.85106322169304 66.20239632941508 244.99570229350695
56820.0 0.00049505225107 18.68973053504969 -156.45216301618825 349964.11856134608388 66.10413050586000 244.40498241256478
56850.0 0.00029481816238 18.67479717007739 -156.45179070503366 349987.44401600863785 66.00336755950644 243.81873082826377
56880.0 0.00104947151021 18.65985929590691 -156.45142192388934 350004.69439215119928 65.90010077351774 243.23796927804489
56910.0 -0.00005031055805 18.64489718514910 -156.45104312920418 350015.95228601805866 65.79440918440426 242.66174007145423
56940.0 0.00006540345955 18.62992506896104 -156.45066344285686 350021.15723457466811 65.68630139813854 242.09080424109231
56970.0 0.00068924988828 18.61493667726023 -156.45027829282878 350020.33047112263739 65.57582623634008 241.52487888972348
57000.0 0.00042763723197 18.59994062383086 -156.44989306983578 350013.44573717936873 65.46300959400098 240.96442401898241
57030.0 0.00067415728226 18.58492411718064 -156.44949881565978 350000.53565696440637 65.34790551846055 240.40882364557922
57060.0 0.00088042870882 18.56989076381863 -156.44909755496073 349981.58416692819446 65.23054466930697 239.85827941327420
57090.0 0.00123260113785 18.55470666996380 -156.44893580982077 350029.20904093794525 65.11095908404153 239.31309271762376
57120.0 0.00085527387300 18.53965017866654 -156.44852815009173 349998.09938129410148 64.98918674059217 238.77336139948463
57150.0 0.00109273806420 18.52457243688885 -156.44810934814012 349960.94241546001285 64.86526999168188 238.23850129573862
57180.0 0.00073452918370 18.50934429130162 -156.44793416006934 349990.20963957626373 64.73924045713430 237.70944545065697
57210.0 0.00076471557763 18.49408849800234 -156.44774606455167 350013.32036876212806 64.61113833777708 237.18522797702403
57240.0 0.00077276536147 18.47881934399952 -156.44755432371997 350030.26711585652083 64.48099985114172 236.66653412317612
57270.0 0.00106154589050 18.46353051586826 -156.44735427069804 350041.04433474410325 64.34886102022514 236.15304775554080
57300.0 0.00083615607958 18.44823069729878 -156.44715140505056 350045.65690787602216 64.21476309375839 235.64516731738235
57330.0 0.00098004286327 18.43290712222690 -156.44693665989340 350044.08551362901926 64.07873483816596 235.14226698630631
57360.0 0.00111890015715 18.41756324782494 -156.44671197370155 350036.32550262659788 63.94081230046876 234.64449234296947
57390.0 0.00087841626286 18.40220504153684 -156.44648101004267 350022.38373073469847 63.80103654472170 234.15209918728840
57420.0 0.00171759145459 18.38683428556658 -156.44624459378153 350002.26393932290375 63.65944656712578 233.66513995818258
57450.0 0.00130806594079 18.37143895010868 -156.44599409842345 349975.92693490255624 63.51606101722405 233.18302658529942
57480.0 0.00160389047388 18.35586145328493 -156.44598185525436 350015.36376665625721 63.37094274284988 232.70660764624515
57510.0 0.00131510905844 18.34025298757142 -156.44595368360933 350048.44554434251040 63.22409452803434 232.23493576943326
57540.0 0.00150628876539 18.32481028509777 -156.44567991620806 350003.40683156065643 63.07557451726892 231.76862824192602
57570.0 0.00150628787898 18.30935027644407 -156.44539541454952 349952.15289521869272 62.92540469287307 231.30735480424619
57630.0 0.00292805598235 18.27801060886597 -156.44527882402051 349974.29056213516742 62.62027863702473 230.40036477913011
57660.0 0.00164413821120 18.26211292756941 -156.44544017331543 350047.37501507159323 62.46537201276192 229.95425696430854
57690.0 0.00136944465615 18.24657926190855 -156.44511227753469 349970.98063793312758 62.30894240304229 229.51298410719670
57720.0 0.00168036179527 18.23063527318707 -156.44525040651342 350031.21170051302761 62.15103766670858 229.07676548124078
57750.0 0.00157269770924 18.21487230373107 -156.44514220337425 350013.62262929044664 61.99169519063108 228.64562140310522
57810.0 0.00300352093302 18.18306947637790 -156.44511916380296 350030.45834726188332 61.66875053146816 227.79737200896645
57840.0 0.00212510393149 18.16724887617141 -156.44497656185897 349993.70278555527329 61.50525426529575 227.38076407174310
57870.0 0.00199932886597 18.15140024527792 -156.44481489990710 349950.48790674656630 61.34039848633174 226.96847807226004
57900.0 0.00156162969967 18.13532173684539 -156.44487955348114 349971.91223095171154 61.17426187281562 226.56106378453197
57930.0 0.00229213399145 18.11921759199290 -156.44492930474934 349986.77914290968329 61.00684985133021 226.15819420013185
57960.0 0.00203353970861 18.10309664915384 -156.44496994130606 349995.16469020023942 60.83822464576917 225.76017338118194
57990.0 0.00227502849626 18.08694619545067 -156.44499206124527 349996.93752714339644 60.66836385728451 225.36641826437739
58020.0 0.00222773690262 18.07076939624933 -156.44499743652122 349992.11533390916884 60.49730535901135 224.97700136068059
58050.0 0.00248935044534 18.05457259299972 -156.44499010831865 349980.75549850240350 60.32510188833531 224.59211832004613
58080.0 0.00241790950018 18.03835747027074 -156.44497083933445 349962.87190031819046 60.15178787310838 224.21177191613168
58110.0 0.00230018392302 18.02187613283213 -156.44516421123583 350008.75357435457408 59.97733504980424 223.83542139743338
58140.0 0.00305081267440 18.00537809221525 -156.44534925726913 350048.01741571817547 59.80185594854095 223.46376470703163
58170.0 0.00268254126863 17.98908481776106 -156.44527831695081 350010.14512060210109 59.62528270249878 223.09595318824418
58200.0 0.00300653960196 17.97277493560259 -156.44519486622491 349965.74011148139834 59.44770753147177 222.73249111997555
58230.0 0.00291296248992 17.95619499865488 -156.44532616801445 349984.81244611833245 59.26912325557095 222.37306459836535
58260.0 0.00250343712385 17.93959536333163 -156.44544520811004 349997.20299735665321 59.08959823938444 222.01795101809580
58290.0 0.00295220444746 17.92296334960548 -156.44554239295670 350002.72980527672917 58.90909085233874 221.66660283398937
58320.0 0.00252456721549 17.90630197730447 -156.44561940611791 350001.41878796368837 58.72763756880853 221.31907518550682
58350.0 0.00292604324092 17.88961777961392 -156.44568049534661 349993.35266914684325 58.54529477237804 220.97555064831204
58380.0 0.00288177031621 17.87291239463578 -156.44572638959059 349978.54930888116360 58.36209382419134 220.63602425952462
58410.0 0.00323394156337 17.85591017207018 -156.44597821721689 350026.37997290119529 58.17798905390406 220.29998923959144
58440.0 0.00326915862899 17.83915486776376 -156.44598849830336 349997.91172975488007 57.99310930608786 219.96809009484898
58470.0 0.00318463781923 17.82236559904016 -156.44597283168110 349962.47439836896956 57.80736101721735 219.63953327020897
58500.0 0.00351769156844 17.80528502802115 -156.44617069206430 349989.57756317686290 57.62084752844009 219.31478526530367
58530.0 0.00305986794255 17.78817306630951 -156.44634683339800 350009.62965820915997 57.43355053883739 218.99355016256987
58560.0 0.00284755932584 17.77103871507745 -156.44650738240685 350022.77423702832311 57.24554338153551 218.67608512683785
58590.0 0.00310011656627 17.75386932830185 -156.44664252558897 350028.77894949913025 57.05676802991039 218.36188079742391
58620.0 0.00361931802112 17.73666778142079 -156.44675385589724 350027.67701419908553 56.86725904238340 218.05098090501266
58650.0 0.00321079902577 17.71944080395859 -156.44684584625637 350019.57830812036991 56.67707606699054 217.74355961179100
58680.0 0.00370887024124 17.70218998941140 -156.44691919083712 350004.50452397856861 56.48624745929786 217.43960903606930
58710.0 0.00369981438216 17.68490331385874 -156.44696442517426 349982.21322022471577 56.29471274797083 217.13865784483519
58740.0 0.00392922938047 17.66760010112840 -156.44699545524011 349953.06849965360016 56.10261424945602 216.84130448675921
58770.0 0.00383766427118 17.64996377651014 -156.44722284978121 349985.05953909456730 55.90983658512290 216.54681006047477
58800.0 0.00380546616996 17.63230002869376 -156.44743020149923 350009.86333475075662 55.71649232417428 216.25560918524147
58830.0 0.00341002733468 17.61490427446114 -156.44738676822806 349959.14418699126691 55.52255359594557 215.96742571501898
58860.0 0.00405299229550 17.59687983784220 -156.44777486314257 350037.64913831185549 55.32809788001050 215.68250093007865
58890.0 0.00430957428011 17.57942720197915 -156.44768387704875 349972.54897486232221 55.13305343234887 215.40036323234906
58920.0 0.00425725201477 17.56132518799366 -156.44801431749880 350036.00794300623238 54.93745266286204 215.12104863541708
58950.0 0.00399362617383 17.54381544236258 -156.44787344670718 349956.46601995453238 54.74135829046350 214.84472565080620
58980.0 0.00373704404148 17.52565400441613 -156.44815781360401 350005.21825821604580 54.54479589617616 214.57138610265241
59010.0 0.00444038105147 17.50744893480467 -156.44840932833296 350046.22812887653708 54.34769262305919 214.30059310497481
59040.0 0.00452288985848 17.48954040588134 -156.44841970997135 350012.49694481305778 54.15020192878986 214.03290503921275
59070.0 0.00403588694804 17.47159287106608 -156.44839632787489 349971.19072799570858 53.95219012559317 213.76763470991440
59100.0 0.00465268996365 17.45329488793433 -156.44857169289932 349989.85961350426078 53.75377748070300 213.50518936266073
59130.0 0.00461344830158 17.43496070835284 -156.44871761586143 350000.89405397232622 53.55492801451534 213.24531249493921
59160.0 0.00469796970228 17.41659950684906 -156.44884064173880 350004.50935031287372 53.35572273355110 212.98823240721876
59190.0 0.00454804484203 17.39819871351667 -156.44893043197192 350000.37271966133267 53.15607857686628 212.73351309011304
59220.0 0.00425825809002 17.37976091672391 -156.44898838805099 349988.52924924902618 52.95602571607375 212.48118502553774
59250.0 0.00484386907966 17.36129324960269 -156.44901949571602 349969.14903639536351 52.75562982203068 212.23141262935187
59280.0 0.00451383385166 17.34245512789459 -156.44924358417791 350008.78347189724445 52.55491398370930 211.98418868450477
59310.0 0.00468187013460 17.32357135079267 -156.44943052932993 350040.33455877378583 52.35379509872708 211.73910841417182
59340.0 0.00521817738010 17.30500873282397 -156.44937673434632 349998.03007180523127 52.15243581947963 211.49669504767675
59370.0 0.00474727344641 17.28605499707574 -156.44950273790823 350013.98704567179084 51.95068722129487 211.25630890981068
59400.0 0.00504712242822 17.26706966756947 -156.44960086820780 350022.19548081699759 51.74867599561900 211.01833338900855
59430.0 0.00500184357601 17.24840143277836 -156.44944831847823 349956.52759296819568 51.54635935800243 210.78253046306560
59460.0 0.00512963093975 17.22899378773347 -156.44970280025231 350015.01227284129709 51.34382133947053 210.54911743464112
59490.0 0.00530873567547 17.20989997336153 -156.44970274305535 349999.49066996853799 51.14096964835731 210.31769087675090
59520.0 0.00486600583748 17.19076717853707 -156.44966642053711 349975.93773732427508 50.93783219340276 210.08827699546211
59550.0 0.00509944498903 17.17123704175149 -156.44981422619782 350009.99021588079631 50.73447749686757 209.86103696481820
59580.0 0.00520710892733 17.15167153587624 -156.44993067717019 350035.99753250554204 50.53092642941494 209.63596498189673
59610.0 0.00541136864660 17.13242956434420 -156.44979123265901 349988.38510080333799 50.32708749195279 209.41268545883878
59640.0 0.00554720608966 17.11279144071232 -156.44983989908334 349998.23786160908639 50.12313088243145 209.19169058123717
59670.0 0.00543853607612 17.09310524163246 -156.44984488995519 349999.58865321055055 49.91889508533869 208.97238357331580
59700.0 0.00562870867368 17.07338584009512 -156.44981769140077 349992.89301704335958 49.71451213310314 208.75512680178161
59730.0 0.00561059725098 17.05324542538715 -156.44996442309474 350042.59256231877953 49.50993356516979 208.53969908295238
59760.0 0.00554217512249 17.03345321186018 -156.44986725646424 350019.50448417477310 49.30524600656739 208.32630813992856
59790.0 0.00528760528837 17.01361807380304 -156.44972789208592 349987.99679391365498 49.10034971684955 208.11457985874156
59820.0 0.00579372628768 16.99335341270934 -156.44975819674372 350012.40536006074399 48.89527034358207 207.90453687979274
59850.0 0.00610363749929 16.97305057657688 -156.44975206529389 350028.42370259948075 48.69007915401062 207.69633761113479
59880.0 0.00572731675289 16.95310500493027 -156.44950039079347 349972.06673721596599 48.48479504163334 207.48997769474957
59910.0 0.00584806129445 16.93232273690228 -156.44962133107441 350034.95001321192831 48.27931968505544 207.28510767831975
59940.0 0.00581787504826 16.91230439877078 -156.44929313542013 349961.93770256638527 48.07382941626510 207.08219220203267
59970.0 0.00602112869229 16.89143850999466 -156.44933338852505 350007.56167079042643 47.86815238735131 206.88067279853789
60000.0 0.00574442224808 16.87053312030914 -156.44933576584117 350044.56632073782384 47.66242503694721 206.68089317201725
60030.0 0.00593358862266 16.84998825347370 -156.44908695640254 350009.34118262026459 47.45659419006169 206.48264719153431
60060.0 0.00589032192093 16.82941176692909 -156.44880235810834 349965.83784990198910 47.25074868378231 206.28613407881448
60090.0 0.00624148738831 16.80837955631285 -156.44867647779660 349976.64608305972070 47.04478283707628 206.09100582067964
60120.0 0.00590642134087 16.78730043733078 -156.44850341057614 349978.47244767099619 46.83872004685733 205.89728189435826
60150.0 0.00602414721350 16.76618219173589 -156.44828909488433 349971.59225006401539 46.63263420569100 205.70511823093756
60180.0 0.00605533953493 16.74502622579721 -156.44803401808292 349956.04292604234070 46.42654243246068 205.51451174511942
60210.0 0.00623947494235 16.72339895360833 -156.44793062591552 349993.85306191165000 46.22034091493882 205.32513617863356
60240.0 0.00623545005043 16.70173667877530 -156.44779049289571 350022.97847603447735 46.01421090267479 205.13743165064139
60270.0 0.00646084000908 16.68044566700226 -156.44739264525032 349980.34627567045391 45.80797213562951 204.95087368407525
60300.0 0.00677075107295 16.65869030200929 -156.44715493232545 349991.15747359953821 45.60176464459504 204.76578933565207
60330.0 0.00669931042326 16.63688804652281 -156.44686769376042 349992.73981441650540 45.39553135340311 204.58198577887094
60360.0 0.00618312748962 16.61461452300499 -156.44673925539436 350047.28070478700101 45.18936296615664 204.39965460557752
60390.0 0.00668824226595 16.59315917765158 -156.44615584759580 349968.80185683444142 44.98314913272691 204.21847091017386
60420.0 0.00689652658168 16.57078338478973 -156.44591984706730 350004.32656564190984 44.77691101207206 204.03845124147620
60450.0 0.00690155754885 16.54836305100392 -156.44563623664854 350030.54255689494312 44.57072498948460 203.85974926143717
60480.0 0.00669729797730 16.52589956287134 -156.44530544672673 350047.48899529315531 44.36460657548151 203.68236290653576
60510.0 0.00673150926315 16.50382709851823 -156.44471826700894 349993.52940470166504 44.15844759030055 203.50598640114208
60540.0 0.00713700929409 16.48127556826345 -156.44428748357598 349991.83361559268087 43.95243314773674 203.33103798742607
60570.0 0.00695186795917 16.45821738207915 -156.44399189042070 350041.04097377136350 43.74637620758998 203.15702324130353
60600.0 0.00661982028520 16.43556714193151 -156.44345109136273 350020.05315592419356 43.54041967995395 202.98425432673304
60630.0 0.00674458971868 16.41286966403611 -156.44285510086792 349989.49380527529866 43.33450327383489 202.81255009951207
60660.0 0.00649404477648 16.38967649176470 -156.44240633871212 350010.13796109426767 43.12871924622129 202.64209526296520
60690.0 0.00715310871403 16.36642864902751 -156.44189686418568 350020.74240698292851 42.92295364911135 202.47258531249503
60720.0 0.00763809932624 16.34359091319032 -156.44113438999918 349961.30357714556158 42.71722541673680 202.30403401457582
60750.0 0.00651316271762 16.31978290097278 -156.44070488981106 350012.35677290149033 42.51161328479389 202.13659294300749
60780.0 0.00735636221033 16.29639458601721 -156.44002950545158 349993.76830346882343 42.30613129075692 201.97026079166065
60810.0 0.00727485933084 16.27295118509612 -156.43928921596628 349965.00109927169979 42.10066783539512 201.80474983040523
60840.0 0.00767130424137 16.24900015941208 -156.43869208832481 349986.43968503363431 41.89541098172159 201.64045875426334
60870.0 0.00721247468797 16.22498874632278 -156.43802618862651 349997.30940400250256 41.69016829851695 201.47691966632553
60900.0 0.00692168171297 16.20093219315432 -156.43730497785054 349998.32627936918288 41.48508494881494 201.31443138629930
60930.0 0.00761797560532 16.17682383201131 -156.43652115215085 349989.13503778912127 41.28009800679240 201.15282299150249
60960.0 0.00720442519960 16.15267344035773 -156.43568311118247 349970.19923606980592 41.07530099572057 200.99227295099283
60990.0 0.00685225350924 16.12798481603486 -156.43496500403819 349999.57058952655643 40.87057727341166 200.83249475613286
61020.0 0.00693878720816 16.10323904985149 -156.43417916275405 350018.30207967106253 40.66594356350442 200.67349949145876
61050.0 0.00781720361876 16.07893317231537 -156.43314732395609 349968.41129573434591 40.46148080381777 200.51543682219966
61080.0 0.00702934565127 16.05360286817049 -156.43242614395737 350025.10387116763741 40.25720166912379 200.35830595312996
61110.0 0.00748415016502 16.02919504475652 -156.43126265459796 349954.49198880977929 40.05299194260494 200.20183504062257
61140.0 0.00796511588530 16.00376161830123 -156.43041271044791 349990.21065927017480 39.84904183964096 200.04640529694353
61170.0 0.00766526705123 15.97826389081833 -156.42948572910862 350014.68476327694952 39.64515472377898 199.89157222742207
61230.0 0.01670400305958 15.92711617893271 -156.42743646415667 350031.94100731518120 39.23795710738568 199.58442026297416
61260.0 0.00786550158312 15.90146112936082 -156.42630698046142 350024.39026497304440 39.03459607574176 199.43194570267585
61290.0 0.00791078087854 15.87576092614406 -156.42511517322779 350006.50931954570115 38.83147889871813 199.28035041715438
61320.0 0.00833942403801 15.85000338530444 -156.42384769469973 349977.59507578797638 38.62848677528375 199.12936510963220
61350.0 0.00817440671948 15.82367899039070 -156.42268294481937 349994.52448477782309 38.42563419169097 198.97899836406469
61380.0 0.00816836908613 15.79730316092107 -156.42144917109601 350000.61741562560201 38.22300417544103 198.82939763935545
61410.0 0.00841488928416 15.77087721705322 -156.42014662795540 349995.92241083271801 38.02060807373255 198.68056259162626
61440.0 0.00870266403341 15.74438932771061 -156.41876201876872 349979.72847670502961 37.81832953440268 198.53223659431936
61470.0 0.00851752210755 15.71733945070222 -156.41748946844228 350009.34359003882855 37.61636038392767 198.38478382908605
61500.0 0.00822672928029 15.69022275911398 -156.41613035337591 350027.04298085905612 37.41450051492300 198.23778234963061
61530.0 0.00846016857958 15.66305471737987 -156.41469949637408 350033.69612501468509 37.21289810667328 198.09150727562681
61560.0 0.00895220245717 15.63582865403637 -156.41318875180698 350028.87760358862579 37.01148623770393 197.94580517481435
61590.0 0.00828207036230 15.60855458729226 -156.41160744095458 350013.15451380144805 36.81036023727783 197.80084323002407
61620.0 0.00910615220933 15.58122041462345 -156.40994161714755 349985.76851025968790 36.60940008044960 197.65636600577665
61650.0 0.00900553138870 15.55329463925866 -156.40836137750011 350001.99639361910522 36.40861808214772 197.51237953874835
61680.0 0.00942411276158 15.52531493373982 -156.40670351911754 350006.80282977502793 36.20809915331354 197.36902979963608
61710.0 0.00852557189139 15.49728260396275 -156.40496822544205 350000.23925885558128 36.00785345268187 197.22631653538181
61740.0 0.00915948069765 15.46918586665445 -156.40314155364894 349981.53824144322425 35.80776332265020 197.08399529645598
61770.0 0.00952070839483 15.44050320838784 -156.40141020239608 350006.49746866244823 35.60802138338321 196.94241640904659
61800.0 0.00934663477401 15.41175149702872 -156.39958264801055 350018.89354579523206 35.40842529115715 196.80117592622091
61920.0 0.00878416646970 15.29618224434994 -156.39142275505736 349950.22223853692412 34.61268790640411 196.24151038188177
61950.0 0.01059030392143 15.26604653349130 -156.38949188352416 350010.88221503887326 34.41445179287512 196.10289916467153
61980.0 0.00929028732128 15.23695417536432 -156.38714177397873 349951.75102250464261 34.21642384305890 195.96464464095124
62010.0 0.00987187371447 15.20668612078337 -156.38501501952842 349986.96609994955361 34.01861415579010 195.82675053334043
62040.0 0.01013248088648 15.17635979670854 -156.38279840923030 350009.89934534020722 33.82110938338410 195.68936070519632
62070.0 0.00910413932017 15.14597651915146 -156.38049204307393 350020.60654397401959 33.62391847803751 195.55247507335721
62100.0 0.00999060595781 15.11552457267294 -156.37808111109814 350018.24973393883556 33.42692277546923 195.41586178445249
62130.0 0.01025221905732 15.08502408587037 -156.37558716187272 350004.17067895177752 33.23031525025634 195.27985660367423
62160.0 0.01005198422997 15.05445463136623 -156.37298528146485 349976.92274976056069 33.03389181873921 195.14407437809257
62190.0 0.00998255632170 15.02269116411001 -156.37059936541749 350042.14390185475349 32.83780181659201 195.00877061192026
62220.0 0.01123829970168 14.99200446326653 -156.36780366188128 349989.82135899458081 32.64197583418957 194.87380560070588
62250.0 0.01065268826884 14.96011938686163 -156.36522139926450 350029.49782085977495 32.44651005102610 194.73933701390533
62280.0 0.01020291516545 14.92931742936816 -156.36222819254795 349952.09120993874967 32.25128339713845 194.60513430424908
62310.0 0.01104712073341 14.89729852333828 -156.35942897115038 349965.18514825403690 32.05630385617784 194.47119874901728
62340.0 0.01106321985788 14.86522087047075 -156.35652986605513 349965.48807718791068 31.86165964046078 194.33767320942161
62370.0 0.01180278045195 14.83308577449981 -156.35353089751354 349953.05947663169354 31.66735864238555 194.20455739716991
62400.0 0.01150494376836 14.79971324181761 -156.35071019270484 350029.29348232690245 31.47328187434340 194.07162872282458
62430.0 0.01098171742159 14.76745625936429 -156.34750102450849 349990.72718934249133 31.27962203411609 193.93921208964736
62460.0 0.01049873925535 14.73395390089134 -156.34446250387003 350040.06000076420605 31.08617430674344 193.80693604610488
62490.0 0.01063256440018 14.70157022447967 -156.34103068987741 349974.82702730689198 30.89308800366840 193.67504864149205
62520.0 0.01059332244264 14.66794263388138 -156.33777320848296 349997.42989027313888 30.70029299821466 193.54341514551930
62550.0 0.01148985071913 14.63425761462316 -156.33441145251237 350006.98324584867805 30.50788559417616 193.41218965069763
62580.0 0.01064866367239 14.60050338752730 -156.33092916316210 350002.54348057694733 30.31574497333005 193.28115104660509
62610.0 0.01160556429353 14.56668112935965 -156.32732594642118 349984.14790031593293 30.12387703421203 193.15029821542319
62640.0 0.01076538346976 14.53280058813591 -156.32361218980856 349952.50691608432680 29.93237140941451 193.01977323369695
62670.0 0.01113466050757 14.49766043948845 -156.32006312390300 350007.01931877806783 29.74123497855644 192.88957551657836
62700.0 0.01141237302703 14.46244427209485 -156.31638282087647 350046.73494086880237 29.55034878108209 192.75949066853565
62730.0 0.01219218158002 14.42838239125036 -156.31232411101431 349974.53398019354790 29.35990484264861 192.62983387804502
62760.0 0.01094650028211 14.39303809909050 -156.30840344670588 349986.43723946623504 29.16969816320965 192.50024580143625
62790.0 0.01219721254718 14.35763361781175 -156.30436608727967 349984.66172342002392 28.97987774097851 192.37096783076214
62820.0 0.01212879086190 14.32216236485197 -156.30020168251758 349968.62922025471926 28.79037295557232 192.24186957796758
62850.0 0.01239945959890 14.28541019937326 -156.29618446246238 350036.52672232501209 28.60128007653969 192.11310194938460
62880.0 0.01182592306341 14.24981115005002 -156.29177025497407 349992.27733223512769 28.41247886919134 191.98445223239682
62910.0 0.01235317444984 14.21291338054385 -156.28748108976350 350030.33229866996408 28.22397318108876 191.85591695883164
62940.0 0.01358879359182 14.17718702233766 -156.28280984283538 349957.70633263513446 28.03585392938815 191.72763763974010
62970.0 0.01235719926789 14.14016607221498 -156.27827026815413 349967.58244331367314 27.84812702341078 191.59961332036843
63000.0 0.01268421560535 14.10307094186980 -156.27358694085461 349962.21823677420616 27.66067383278565 191.47163685886221
63030.0 0.01261981851652 14.06467589450662 -156.26903425580181 350038.71501552127302 27.47368536258120 191.34401476341600
63060.0 0.01249001811587 14.02744925190951 -156.26408223543908 350004.11904526408762 27.28695690541744 191.21639838775218
63090.0 0.01315511953904 13.99016445413633 -156.25900181555352 349955.49859548825771 27.10063688883515 191.08902319166182
63120.0 0.01289350614406 13.95155840017498 -156.25402435656349 349986.68360351584852 26.91465439449688 190.96176257505752
63150.0 0.01383028274881 13.91289133868182 -156.24891545659958 350003.46186549495906 26.72910551303482 190.83476462172388
63180.0 0.01339560247306 13.87415177358206 -156.24365709197278 350004.76851577498019 26.54387087921035 190.70782410446287
63210.0 0.01310279668277 13.83534067393519 -156.23824827649526 349990.62552225310355 26.35895232762817 190.58093524370145
63240.0 0.01231191997247 13.79646831083057 -156.23270111288582 349961.89478699211031 26.17444192829659 190.45423920396908
63270.0 0.01314807590432 13.75626239665612 -156.22724605929506 350011.48841366916895 25.99034465924281 190.32773460180502
63300.0 0.01308770378127 13.71597844304422 -156.22162932645881 350044.83817160502076 25.80654248336857 190.20122072049122
63330.0 0.01441186906813 13.67691713074800 -156.21565159693836 349971.54713520407677 25.62322507725075 190.07499632296228
63360.0 0.01453663835388 13.63650103012389 -156.20973606884974 349974.42924076225609 25.44018844563699 189.94872220818084
63390.0 0.01546838384373 13.59602317103579 -156.20367506107780 349962.38779209461063 25.25758021540267 189.82262856389454
63420.0 0.01440080083696 13.55418688370642 -156.19767568263626 350026.01256035547704 25.07532934267465 189.69659209019062
63450.0 0.01401039341204 13.51358003586135 -156.19131120882992 349983.44521487038583 24.89353160679289 189.57075838685248
63480.0 0.01460002929360 13.47160766766131 -156.18499783442823 350015.73958635982126 24.71206875892172 189.44492890894182
63510.0 0.01401039326431 13.42956086017475 -156.17851539883517 350031.66043163742870 24.53094066227399 189.31909559827926
63540.0 0.01426999428720 13.38745015736826 -156.17187698603743 350032.15465839393437 24.35024041182690 189.19339949024558
63570.0 0.01596846765290 13.34527690664198 -156.16508218419449 350017.29919676762074 24.16997209058408 189.06783872537440
63600.0 0.01584973533570 13.30302989092278 -156.15811156375713 349985.93987142667174 23.99001848374657 188.94221827978640
63630.0 0.01611839214381 13.25941688536247 -156.15119503378224 350029.06267424579710 23.81056766661365 188.81683001815591
63660.0 0.01575716466824 13.21703991426407 -156.14389377833913 349966.21809365600348 23.63141672566347 188.69134306955777
63690.0 0.01685493384734 13.17328674324836 -156.13663049365101 349976.72679746802896 23.45271228100226 188.56598295217782
63720.0 0.01576722667643 13.12946362506807 -156.12919108034936 349970.84027903247625 23.27438331579644 188.44062923543203
63750.0 0.01678047475031 13.08425640279921 -156.12178125165957 350037.40316717699170 23.09652517657075 188.31542535048288
63780.0 0.01789031845743 13.04030093872028 -156.11399535882731 349999.29300707019866 22.91902094453319 188.19017872577129
63810.0 0.01766090382846 12.99494491378785 -156.10621214742648 350031.82901334948838 22.74186855634755 188.06487905102034
63840.0 0.01730269487410 12.95085831549383 -156.09807046676846 349961.34593044221401 22.56516200755894 187.93966744711778
63870.0 0.01828978174143 12.90537724216323 -156.08993997201230 349962.01642997656018 22.38890452025611 187.81454154033815
63900.0 0.01826965757731 12.85848166146300 -156.08179228222511 350031.70533344708383 22.21297990186919 187.68931135045901
63930.0 0.01798087682667 12.81286927835342 -156.07329757747527 349999.61493010260165 22.03757438399501 187.56426261274868
64020.0 0.01967331300223 12.67292749192855 -156.04700065437919 349973.52686409838498 21.51362883362148 187.18881014609354
64080.0 0.01965620765478 12.57705722929019 -156.02880172304231 350015.23431103955954 21.16650888445973 186.93863143199167
64110.0 0.01903236070897 12.52969411855796 -156.01931271690762 349967.73582153674215 20.99350231885484 186.81340308654200
64140.0 0.01969746198441 12.48090976393623 -156.00979209799755 349988.06266690883785 20.82095815338400 186.68821931903838
66570.0 0.01930101736011 7.31541817423885 -154.41158104250303 349964.08919975813478 8.37900626732373 176.19695408627891
66630.0 0.01934830898608 7.15620954692909 -154.34371872486582 350025.48490155488253 8.11300351624372 175.92324804304423
66660.0 0.01845077443120 7.07815640755555 -154.30924971498501 349969.17431836854666 7.98074401837533 175.78597046712980
66690.0 0.01766291621441 6.99708044564224 -154.27417844998308 350033.16093691065907 7.84910702587862 175.64861068393495
66720.0 0.01787723779645 6.91907833856916 -154.23887732188854 349951.12871613912284 7.71791429925425 175.51088018732634
66750.0 0.01921347755825 6.83804949790716 -154.20293937516573 349988.26987721677870 7.58729405428060 175.37298162740908
66780.0 0.01708334234335 6.75704713102141 -154.16656166034517 350012.16534099821001 7.45718134243543 175.23480781556296
66810.0 0.01764178591271 6.67608210446382 -154.12977336490306 350024.91399067733437 7.32766178388786 175.09649377486545
66840.0 0.01728860808363 6.59514792721568 -154.09253833180696 350024.61422648839653 7.19863908787222 174.95788159633634
66900.0 0.01671205282784 6.43338708982307 -154.01673584048305 349986.60855213180184 6.94212570599952 174.67981762602389
66990.0 0.01747777455631 6.18801002617025 -153.89950294247723 349975.68005879130214 6.56150634834995 174.26110027743434
67020.0 0.01926278158862 6.10425861193009 -153.85931860166392 350034.79982962459326 6.43566663760458 174.12096538196150
67080.0 0.01717289455193 5.93999806222847 -153.77791703863591 349993.33922763541341 6.18566756333090 173.84004786662763
67110.0 0.01950829551288 5.85641732266284 -153.73639709275298 350022.46150697302073 6.06152847671363 173.69929354226483
67140.0 0.01957772364274 5.77289342088998 -153.69440357900788 350040.61653907224536 5.93789724311128 173.55823115841335
67170.0 0.01699278392102 5.68942763074529 -153.65192680977981 350047.55582203995436 5.81475427550342 173.41682569005098
67200.0 0.01494817610127 5.60603151930977 -153.60900340725186 350045.80417190585285 5.69219552749254 173.27523211440590
67230.0 0.01618480158627 5.52270762441910 -153.56563050131351 350035.51287712436169 5.57021663905145 173.13344108079860
67260.0 0.01503169109432 5.43945045472440 -153.52176735431036 350014.57788400445133 5.44872095706407 172.99129074464506
67290.0 0.01482340671396 5.35627656860595 -153.47747584560639 349987.01546297315508 5.32786336343048 172.84903443461485
67320.0 0.01124031201837 5.27162802443674 -153.43249681346163 350012.52985983993858 5.20747230047074 172.70638610936774
67350.0 0.01685191526150 5.18706337995225 -153.38705951895591 350030.59775140602142 5.08767115233246 172.56354758233905
67380.0 0.01390172327847 5.10412759285504 -153.34133089590924 349976.37627838179469 4.96839694502374 172.42041207332963
