# sod		dsTEC/dt [TECU/s]		lat		lon		h_ipp		ele		azi
33180.0 0.01181485601412 6.93679873441680 -157.20085879190560 349980.52301781810820 7.35807210662374 188.90055704631052
33840.0 0.01672915981596 9.09211136569547 -156.46993743479030 350000.36880244314671 11.28931197519285 186.66751473548183
33870.0 0.01004695163772 9.18114512728638 -156.44238137376638 349984.73720176704228 11.47382940233310 186.57029679412065
33900.0 -0.00145094664923 9.26861252870044 -156.41537636584624 350002.84958611428738 11.65872858844281 186.47355182248756
33930.0 -0.00162200248752 9.35599173734655 -156.38871482798959 349990.40268757194281 11.84423080879287 186.37706136948972
33960.0 -0.00444239216782 9.44182003860127 -156.36256225197249 350014.94272836484015 12.03026318549456 186.28089387300420
33990.0 -0.01226764837738 9.52754162438241 -156.33678114517065 350005.41888305917382 12.21669146788068 186.18517709083494
34020.0 -0.01379707775981 9.61316058314713 -156.31135573066422 349962.97121377754956 12.40358853913706 186.08983724214400
34050.0 -0.01952338858519 9.69722823288759 -156.28642598068481 349957.64708899613470 12.59097915940956 185.99484747008611
36810.0 -0.01944591044988 14.84147227468075 -155.14263313240778 350011.88429080042988 31.76861721873792 178.48309823774844
36840.0 -0.01840650146494 14.87740251766723 -155.13775266855296 349996.69497892074287 31.99625368647136 178.41087800201228
36870.0 -0.01849806642650 14.91325076175541 -155.13296960529505 349962.98431551549584 32.22424212996541 178.33876794355541
36900.0 -0.01699781529446 14.94784703178700 -155.12824526135196 350013.60892330668867 32.45260883729439 178.26673516407533
36930.0 -0.01573502864909 14.98237327689464 -155.12360715328850 350047.12078728619963 32.68141012171945 178.19471578173807
36960.0 -0.01557805963705 15.01797769770165 -155.11910847404354 349958.64316684938967 32.91044470224143 178.12290888204487
36990.0 -0.01495421143550 15.05234732695483 -155.11465288756969 349956.51454448793083 33.13996950263361 178.05104538667734
37020.0 -0.01597148853787 15.08548738252288 -155.11024190110970 350041.30441326089203 33.36990285168237 177.97920176323234
37050.0 -0.01367935188719 15.11970029165936 -155.10596780424603 350003.87395293358713 33.60008209949898 177.90753861805166
37080.0 -0.01435853925020 15.15325879133251 -155.10176101584887 350001.19251036457717 33.83059918810312 177.83595505413712
37110.0 -0.01392486615770 15.18674144928804 -155.09763935457522 349981.34751023724675 34.06147751002512 177.76442014890500
37140.0 -0.01212275345015 15.21958689230893 -155.09356909321053 349998.11568535491824 34.29284670852293 177.69279228611413
37170.0 -0.01298305799485 15.25235051818352 -155.08959007536166 349997.29371065739542 34.52445554357134 177.62132490866705
37200.0 -0.01299412748177 15.28503818585059 -155.08569432428311 349979.55541237071157 34.75639782924107 177.54991385497300
37230.0 -0.01394499002636 15.31708739436905 -155.08185398313546 349998.54212442692369 34.98869976181266 177.47852460508500
37260.0 -0.01188830748469 15.34906909385399 -155.07808780616207 350001.59270044043660 35.22141843150779 177.40708979113316
37290.0 -0.01150494347289 15.38040891927737 -155.07438354857899 350041.19643692858517 35.45435009182276 177.33581582631430
37320.0 -0.01041119992439 15.41280277338522 -155.07080024844728 349957.61796058341861 35.68775463863450 177.26442195731880
37350.0 -0.01161260800213 15.44401029908084 -155.06723682105559 349966.01050102151930 35.92154963346335 177.19298661210976
37380.0 -0.01122219998627 15.47513842454825 -155.06375682840689 349957.66937341634184 36.15556970287490 177.12167714593116
37410.0 -0.01160656977784 15.50509055939751 -155.06029525693052 350042.41457023750991 36.38990857634277 177.05038689917401
37440.0 -0.00851852921694 15.53607668141684 -155.05696323364606 350002.43471648916602 36.62458922976008 176.97908348650256
37470.0 -0.00993928947224 15.56645151192529 -155.05366471672005 350002.34378795325756 36.85974234915506 176.90761864728356
37500.0 -0.00933154202025 15.59674818979180 -155.05044538339834 349985.97517064865679 37.09511473527237 176.83625492153217
37530.0 -0.00938788814336 15.62642979087153 -155.04726674641378 350009.30070707481354 37.33080039785758 176.76488365848809
37560.0 -0.00872077841081 15.65604451306288 -155.04415607759216 350017.53412698954344 37.56682537838207 176.69346832282065
37590.0 -0.00780512761338 15.68559570368803 -155.04110864797852 350011.04776679724455 37.80324745965100 176.62193739400615
37620.0 -0.00804259328194 15.71506865794889 -155.03813776127146 349988.61464194208384 38.03986061234116 176.55050572961304
37650.0 -0.00828508903124 15.74448073782859 -155.03522472340327 349951.84689272195101 38.27692740845597 176.47887884090028
37680.0 -0.00796914062949 15.77276155306777 -155.03230681118345 350012.84347608219832 38.51436469549940 176.40713735919644
37710.0 -0.00649706314994 15.80150169708721 -155.02949440554499 350002.32040884718299 38.75200451756896 176.33545633127582
37740.0 -0.00714707226256 15.83017291063156 -155.02674697847121 349976.98050906416029 38.98994227376393 176.26372231841543
37770.0 -0.00815830641313 15.85825065695384 -155.02402679579109 349993.83641298394650 39.22820045515984 176.19190105445273
37800.0 -0.00666006920440 15.88627317873015 -155.02135885408927 349997.18425260670483 39.46691060176984 176.11983636503916
37830.0 -0.00698607894954 15.91422262867600 -155.01875922252205 349985.58343437127769 39.70581783160238 176.04780135106205
37860.0 -0.00657152276405 15.94210485825735 -155.01622091789730 349959.60567495133728 39.94501619931365 175.97568191736087
37890.0 -0.00638034305710 15.96888775837771 -155.01366639644519 350034.61908906139433 40.18453151889893 175.90343900652852
37920.0 -0.00682911111938 15.99664581398584 -155.01124037500753 349980.95124430581927 40.42442216444573 175.83099610888178
37950.0 -0.00570115451221 16.02330230862162 -155.00880427578142 350028.23703230079263 40.66448003868539 175.75857780193428
37980.0 -0.00653429354794 16.05041787772281 -155.00645457664592 350004.61554779019207 40.90497003775874 175.68587337244105
38010.0 -0.00529867241153 16.07747191902495 -155.00415792884399 349967.42663453705609 41.14580835647723 175.61296588790657
38040.0 -0.00627871793403 16.10394703514390 -155.00188432760433 349974.29716670978814 41.38682462597088 175.54003916094331
38070.0 -0.00527854854287 16.13035921967828 -154.99966595413551 349967.63393044285476 41.62811576946644 175.46697170830888
38100.0 -0.00526043859752 16.15620858234087 -154.99745968468471 350006.46311584115028 41.86970371569783 175.39372683474656
38130.0 -0.00518296046222 16.18200894903353 -154.99529670055682 350032.98315722215921 42.11172063528267 175.32013888511042
38160.0 -0.00514371850468 16.20823898883819 -154.99323425266334 349986.63499850407243 42.35391028182936 175.24649320033024
38190.0 -0.00616803488360 16.23341565138444 -154.99113981941056 350045.67288262210786 42.59636657982950 175.17266904775687
38220.0 -0.00456414352330 16.25952078409892 -154.98918002050348 349972.92313730251044 42.83911503103789 175.09862418236693
38250.0 -0.00439610856997 16.28458648281070 -154.98717985804549 350006.76361082959920 43.08221447668467 175.02427603883643
38280.0 -0.00514874858543 16.30958632895859 -154.98523634596046 350027.31729102227837 43.32545500410212 174.94986037589740
38310.0 -0.00407009646107 16.33453768416356 -154.98333262254735 350035.95063808374107 43.56910341319541 174.87504720404056
38340.0 -0.00437196040034 16.35943449102361 -154.98147319737055 350032.26104028616101 43.81307531397636 174.79992223086464
38370.0 -0.00488713474724 16.38426485842520 -154.97966774960688 350015.43126894254237 44.05719812802507 174.72467925753449
38400.0 -0.00400268321479 16.40903491824728 -154.97790967712515 349985.98020740319043 44.30157012122563 174.64918715594371
38430.0 -0.00338185471633 16.43327034511859 -154.97615100091917 350004.88915315270424 44.54621256868859 174.57340606838144
38460.0 -0.00430655516797 16.45745956964571 -154.97442844926235 350012.32019335217774 44.79125800579216 174.49715888868650
38490.0 -0.00408116594799 16.48158515525084 -154.97275656181611 350007.07577873393893 45.03644918842876 174.42074513196138
38520.0 -0.00399463224907 16.50565292835476 -154.97112914179135 349989.63598072063178 45.28187970411500 174.34403590856829
38550.0 -0.00368774059281 16.52919835797298 -154.96949634000998 350021.69425736274570 45.52757463976442 174.26698489478559
38580.0 -0.00381150232596 16.55269557520388 -154.96790100883413 350042.35209608636796 45.77359315034812 174.18950208257408
38610.0 -0.00354787692822 16.57659127465126 -154.96640329719949 349988.77941070776433 46.01972380407149 174.11183608727205
38640.0 -0.00391413677444 16.59951977787074 -154.96484144098477 350047.90117804240435 46.26623479623395 174.03363384304842
38670.0 -0.00431963621444 16.62285815051975 -154.96336541197823 350033.68187944311649 46.51304122709676 173.95498383459554
38700.0 -0.00411940212576 16.64613354444593 -154.96193598994196 350007.26419530343264 46.75996855022572 173.87609123871744
38730.0 -0.00315143305184 16.66935217317874 -154.96054683464573 349969.12950194906443 47.00711614579565 173.79681322054893
38760.0 -0.00334361735668 16.69161726952346 -154.95909509143013 350044.88449299894273 47.25450452465607 173.71710575598786
38790.0 -0.00330437539914 16.71473764012799 -154.95777404546646 349984.50119487568736 47.50226626418937 173.63677776467756
38820.0 -0.00340197858498 16.73690538829468 -154.95639471595030 350038.19642081949860 47.75014354582088 173.55614516694004
38850.0 -0.00308904752255 16.75990717101760 -154.95515564110093 349954.43226821068674 47.99822937071864 173.47506893869772
38880.0 -0.00345329580922 16.78197325541157 -154.95384891517742 349985.99013720359653 48.24654828365160 173.39349745613129
38910.0 -0.00356598805545 16.80399522277988 -154.95257325467938 350006.99001588206738 48.49515955833507 173.31133142786311
38940.0 -0.00335669840315 16.82595886699102 -154.95133981119193 350016.57702740933746 48.74385059105082 173.22883424076599
38970.0 -0.00229716554955 16.84788152163880 -154.95013314438435 350015.89711217395961 48.99289035152569 173.14562493367481
39000.0 -0.00364548129595 16.86975731877668 -154.94895740156932 350004.62097810674459 49.24219350813821 173.06179477625642
39030.0 -0.00320073635277 16.89157446751192 -154.94782161062327 349982.06662140972912 49.49158383201152 172.97756187756593
39060.0 -0.00305584378930 16.91291512358679 -154.94666547084614 350013.07167227752507 49.74116152562976 172.89276898394041
39090.0 -0.00311520843362 16.93420946280435 -154.94554081536521 350033.67681911401451 49.99094619573921 172.80736649738679
39120.0 -0.00276303895929 16.95588497519713 -154.94449481717047 349979.71451368089765 50.24107006240182 172.72114606185744
39150.0 -0.00274693820973 16.97666727830621 -154.94337617074140 350044.34624600224197 50.49127522169297 172.63444257074713
39180.0 -0.00222170015568 16.99823351587027 -154.94239949598565 349968.79082878958434 50.74165377996033 172.54710422996601
39210.0 -0.00224182402433 17.01892375757931 -154.94134137660711 350012.98853526171297 50.99222957459220 172.45907240173645
39240.0 -0.00272580737942 17.03957481488080 -154.94030853746304 350047.44275335222483 51.24306174549905 172.37023600863023
39270.0 -0.00206875780837 17.06057900118508 -154.93936828237443 350005.87287283129990 51.49393692206792 172.28087537845238
39300.0 -0.00379037149565 17.08154211432780 -154.93844986233665 349954.51542409602553 51.74512407661185 172.19057542063356
39330.0 -0.00175381518639 17.10205704015078 -154.93750008530947 349958.89149399194866 51.99653752131737 172.09942995366839
39360.0 -0.00230219681219 17.12251846017486 -154.93658425694454 349952.87612796667963 52.24799967858674 172.00767172951345
39390.0 -0.00206976122439 17.14253656852763 -154.93563866331607 350002.99998304340988 52.49961119280182 171.91512542309150
39420.0 -0.00227704404466 17.16251372163776 -154.93471894434688 350043.54549552034587 52.75139058122167 171.82173383803229
39450.0 -0.00284353207016 17.18284930574422 -154.93387612240753 350008.58059458434582 53.00346920068253 171.72726691744853
39480.0 -0.00174274688135 17.20313024028793 -154.93306522244731 349963.34504025056958 53.25558962660526 171.63208145837933
39510.0 -0.00260808150680 17.22259062023429 -154.93216285713717 350041.65600881539285 53.50784267666821 171.53600929029722
39540.0 -0.00248733829485 17.24277777839442 -154.93140474599141 349976.88241045270115 53.76021302283174 171.43904169163363
39570.0 -0.00177393905505 17.26216177449200 -154.93054705075670 350036.70435090642422 54.01282797389480 171.34094626802403
39600.0 -0.00235753833741 17.28226392994345 -154.92983212393841 349953.01499352511019 54.26559208605821 171.24183744366820
39630.0 -0.00246620746454 17.30155680374959 -154.92902806690307 349993.72689098864794 54.51835016059394 171.14192064381257
39660.0 -0.00168539261470 17.32081908421068 -154.92823980980015 350025.72837700787932 54.77137237151719 171.04073308863457
39690.0 -0.00163608813189 17.34004507932131 -154.92747121077804 350048.75549194309860 55.02457270390723 170.93837058669780
39720.0 -0.00307496187818 17.35959057763817 -154.92679183052246 349994.49932195898145 55.27777265769463 170.83508373933080
39750.0 -0.00141472439478 17.37872439419198 -154.92607414357667 349998.69284655991942 55.53107266984751 170.73067184758332
39780.0 -0.00122253772617 17.39781768456634 -154.92537747133653 349993.81487810239196 55.78448981616236 170.62506588972593
39810.0 -0.00241790994338 17.41651924879438 -154.92463282569020 350048.48947263229638 56.03815374079333 170.51800512489959
39840.0 -0.00180110574589 17.43553412191643 -154.92397604124125 350025.71295347996056 56.29180825916533 170.40987403757831
39870.0 -0.00163105805114 17.45450581262211 -154.92334043671073 349993.84504910372198 56.54554222265519 170.30048065743659
39900.0 -0.00180311848732 17.47343320212341 -154.92272623995322 349952.87173153087497 56.79933930998976 170.18980776829287
39930.0 -0.00152540744521 17.49162659504742 -154.92200070604565 350040.68613074440509 57.05332506863689 170.07758977829468
39960.0 -0.00167734283086 17.51048055926233 -154.92141938197449 349982.34668091218919 57.30740147642552 169.96394527807320
39990.0 -0.00232131490107 17.52893853481915 -154.92080039168462 349983.64467494189739 57.56141802172839 169.84909142059999
40020.0 -0.00221465378785 17.54736669692004 -154.92019285017071 349976.67452734708786 57.81563971718865 169.73250616158543
40050.0 -0.00190273441460 17.56542124418949 -154.91953653181335 350030.48313628975302 58.06998023772753 169.61428538791722
40080.0 -0.00195203771553 17.58376954762439 -154.91896739538822 350006.15814193990082 58.32426067596221 169.49469952194727
40110.0 -0.00197819862659 17.60207723789790 -154.91841618511302 349973.17468777112663 58.57858040126845 169.37351364171789
40140.0 -0.00211403562644 17.62001524791563 -154.91781684263964 350001.28644517250359 58.83295457793872 169.25064121177010
40170.0 -0.00225389692727 17.63792741121706 -154.91722670837959 350021.47343395091593 59.08751004255147 169.12578013941408
40200.0 -0.00159483461480 17.65579715804135 -154.91665774242674 350033.04766376037151 59.34199273788707 168.99934678478814
40230.0 -0.00298138417520 17.67363017506054 -154.91610507508344 350036.29023985937238 59.59648866164417 168.87111620950859
40260.0 -0.00118430391217 17.69142537362339 -154.91556895971519 350031.18866001628339 59.85098012810764 168.74105733336046
40290.0 -0.00192185013972 17.70919088839713 -154.91504274163987 350018.11280048824847 60.10558971872664 168.60885932467437
40320.0 -0.00191682005897 17.72692037682533 -154.91453063749501 349996.82625121809542 60.36021922406466 168.47464119974055
40350.0 -0.00203857023257 17.74460406018258 -154.91403939406422 349966.96500427741557 60.61471841320952 168.33863406655786
40380.0 -0.00150628699257 17.76195089309950 -154.91348899717246 349999.94856429751962 60.86934739182044 168.20023561100172
40410.0 -0.00226496877796 17.77926908418753 -154.91294921185380 350025.13446168322116 61.12401940960744 168.05953776558655
40440.0 -0.00149823839061 17.79684977383910 -154.91249521355800 349971.16060405503958 61.37855569713960 167.91683199439180
40470.0 -0.00156665978042 17.81409120445349 -154.91198770373140 349980.06173687614501 61.63305327523963 167.77183556675584
40500.0 -0.00183129332170 17.83129991696961 -154.91149223855271 349981.09607728663832 61.88752463340123 167.62443506053091
40530.0 -0.00197819862659 17.84818972466931 -154.91093443228527 350045.89499347098172 62.14209219652725 167.47427072426925
40560.0 -0.00132517217465 17.86562774085476 -154.91052907321219 349959.99511052109301 62.39650502139649 167.32179470858478
40590.0 -0.00145698250976 17.88244709551778 -154.91000012597129 350009.03407525271177 62.65084490936370 167.16673467421313
40620.0 -0.00239577333329 17.89952195780256 -154.90955170298392 349978.78276140894741 62.90509213265214 167.00903632526996
40650.0 -0.00163407657234 17.91628527292326 -154.90904078759698 350012.72384136728942 63.15936450195424 166.84832489449238
40680.0 -0.00147710756030 17.93330040163042 -154.90860847520750 349967.26278108451515 63.41356342725041 166.68471388261412
40710.0 -0.00200234797811 17.94999354299752 -154.90812395629266 349985.70390599500388 63.66753923859424 166.51844622486922
40740.0 -0.00171155470765 17.96666534151110 -154.90764275552584 349996.92715930566192 63.92154400921373 166.34880926570193
40770.0 -0.00140264912808 17.98331030722122 -154.90716841172215 350000.75944952294230 64.17549015255588 166.17588278041532
40800.0 -0.00127787925139 17.99991681774897 -154.90670890112204 349996.83039167895913 64.42919952142873 165.99997833553232
40830.0 -0.00118027842931 18.01649148435533 -154.90625891425572 349985.39615363534540 64.68276477108753 165.82074360661795
40860.0 -0.00145597791187 18.03303529713806 -154.90581724929388 349966.51646947395056 64.93619439634922 165.63802221405589
40890.0 -0.00068120010444 18.04929546862878 -154.90530713188502 350013.11561484634876 65.18960391536493 165.45137070857373
40920.0 -0.00163508471588 18.06578070064405 -154.90488025124813 349979.53309966344386 65.44274650189250 165.26127922977679
40950.0 -0.00168539025094 18.08197723802682 -154.90439128810854 350011.34351095557213 65.69569759091878 165.06740428262665
40980.0 -0.00146503465736 18.09839776265179 -154.90398172764350 349962.96695229411125 65.94843412253643 164.86965152436804
41010.0 -0.00138252525942 18.11454227878195 -154.90350365079306 349980.45913443248719 66.20106625749933 164.66755191453348
41040.0 -0.00068723832873 18.13066004207879 -154.90303178308756 349990.80823657009751 66.45349433836540 164.46120093548066
41070.0 -0.00176588927121 18.14674137907146 -154.90257261749522 349993.74849360063672 66.70556922234958 164.25084613097178
41100.0 -0.00116518464140 18.16280347182856 -154.90211334966759 349989.81876944284886 66.95753013368306 164.03561710803689
41130.0 -0.00078785767202 18.17884088483666 -154.90165744472284 349978.87389171868563 67.20928757585159 163.81556497730833
41160.0 -0.00131611542916 18.19484201168416 -154.90121276800852 349960.60199287068099 67.46066420007011 163.59101517125342
41190.0 -0.00096394477294 18.21058065498567 -154.90070177621610 350008.85501087270677 67.71174490822519 163.36150925979570
41220.0 -0.00142679847959 18.22652633449329 -154.90026776011175 349976.51529801078141 67.96253176814143 163.12681928776112
41250.0 -0.00108066250203 18.24222445517544 -154.89975954895010 350011.18628218956292 68.21312923696406 162.88637466516101
41280.0 -0.00122656320903 18.25811607099423 -154.89933344775568 349964.90189745463431 68.46329535901005 162.64070059660600
41310.0 -0.00119637799698 18.27375523657245 -154.89883942537438 349985.56917596794665 68.71309543472844 162.38934163031678
41340.0 -0.00083917489626 18.28936808248847 -154.89835050345968 349999.36364687886089 68.96250049915719 162.13213219844005
41370.0 -0.00186952831759 18.30496271617565 -154.89786048855689 350006.51474197302014 69.21160813908969 161.86845762481960
41400.0 -0.00092470163352 18.32053298157404 -154.89737333548601 350006.88026749715209 69.46031579784437 161.59836960841352
41430.0 -0.00159382765315 18.33606924653192 -154.89689544970585 350000.24259345512837 69.70847394537552 161.32210200628518
41460.0 -0.00091464147201 18.35158866092161 -154.89641424000251 349987.04876560717821 69.95630101257393 161.03854881235947
41490.0 -0.00108468798489 18.36708583988687 -154.89593311239580 349967.18027046602219 70.20370301232850 160.74769945667830
41520.0 -0.00110883970017 18.38234770891499 -154.89538536506626 350014.99106504116207 70.45050261559487 160.44987510492425
41550.0 -0.00117625058269 18.39778679806291 -154.89491460710806 349981.53046899847686 70.69677086335219 160.14444774982098
41580.0 -0.00091061598916 18.41300396475274 -154.89437058080941 350016.13909011147916 70.94249862247484 159.83106555546323
41610.0 -0.00123561877264 18.42840181076327 -154.89389662081791 349969.55543041322380 71.18777184453253 159.50895578716387
41640.0 -0.00095187068813 18.44357571727960 -154.89335365440678 349991.06410427112132 71.43235319648433 159.17866349378414
41670.0 -0.00160288321676 18.45872693967810 -154.89281226197900 350006.03647063486278 71.67629080014666 158.83954917264995
41700.0 -0.00045681666424 18.47385443886803 -154.89227276763165 350014.46989640779793 71.91954440849081 158.49131768460435
41730.0 -0.00170149218238 18.48896630621047 -154.89172907045284 350016.54965773038566 72.16218997032112 158.13311945458784
41760.0 -0.00099513694665 18.50405643594731 -154.89118507046092 350012.16327709518373 72.40411750928220 157.76491096254804
41790.0 -0.00128794177666 18.51911523357720 -154.89064711108855 350001.13998969737440 72.64517390979827 157.38687184365713
41820.0 -0.00072849184582 18.53415981495453 -154.89010275888893 349983.83659212291241 72.88554270187257 156.99752949047252
41850.0 -0.00187053527924 18.54918484212749 -154.88955537415723 349960.16016338113695 73.12511933834804 156.59674777602891
41880.0 -0.00067415610038 18.56401178102571 -154.88893583118082 350005.43383954372257 73.36372313354018 156.18480205841215
41910.0 -0.00078182181149 18.57882010518603 -154.88831545817928 350044.42206183727831 73.60139946977749 155.76078404910393
41940.0 -0.00112091142123 18.59377190463544 -154.88777047780346 350001.49834732711315 73.83811811266619 155.32412404067654
41970.0 -0.00153647456838 18.60870844491755 -154.88721788371566 349952.34244951233268 74.07393220638519 154.87371841795536
42000.0 -0.00063189680351 18.62345846552375 -154.88659074532188 349972.48744869511575 74.30860582494530 154.41009402345176
42030.0 -0.00040147513902 18.63818859457150 -154.88596211196179 349986.38708000909537 74.54215587220170 153.93230312651107
42060.0 -0.00145799065330 18.65289779471992 -154.88533232283737 349994.04124612081796 74.77451917638430 153.43981798254117
42090.0 -0.00089149790027 18.66759413787307 -154.88469534287702 349995.59161784872413 75.00573227698568 152.93140454957395
42120.0 -0.00061076479132 18.68227156547255 -154.88405503163656 349990.95445889513940 75.23566700529737 152.40683292708604
42150.0 -0.00071038071859 18.69692051760963 -154.88341769434285 349980.00487485248595 75.46415785911339 151.86615514362038
42180.0 -0.00136340835242 18.71155807279626 -154.88277100292586 349963.01062231697142 75.69132678705836 151.30732270456650
42210.0 -0.00128391629380 18.72604384303563 -154.88203917196563 350016.11969709210098 75.91704468794197 150.72996890434928
42240.0 -0.00030186039363 18.74063933724531 -154.88138793358212 349986.81259584799409 76.14111775717009 150.13425484578133
42270.0 -0.00108871464963 18.75508405962998 -154.88065373055565 350027.68840593099594 76.36354194219946 149.51882183106031
42300.0 -0.00085527328206 18.76964037875345 -154.87999441758151 349986.17332575377077 76.58424498025909 148.88274223867904
42330.0 -0.00027972496542 18.78406080320883 -154.87924462826098 350015.08816848509014 76.80321872294583 148.22439498252800
42360.0 -0.00093778386188 18.79845887095037 -154.87849452705410 350037.92277189623564 77.02021823765203 147.54424401611163
42390.0 -0.00059466640552 18.81295765099885 -154.87782035207758 349978.22164123784751 77.23520075325877 146.84086793071739
42420.0 -0.00085024320130 18.82731786839511 -154.87706189591725 349989.01128166262060 77.44805547812047 146.11338197687436
42450.0 -0.00164615065716 18.84166814407284 -154.87629333636983 349993.90396228805184 77.65874440481275 145.35998667015633
42480.0 -0.00019218548672 18.85600246285227 -154.87551850646577 349992.84388449229300 77.86709763643861 144.58018429368542
42510.0 -0.00091967037089 18.87031380477767 -154.87474194310147 349985.77533935289830 78.07293713203117 143.77360111721808
42540.0 -0.00103236616276 18.88451451978826 -154.87387097375330 350049.63289055787027 78.27625861617580 142.93754245034302
42570.0 -0.00092872711638 18.89889642972988 -154.87316197138003 349953.94614335615188 78.47678848449426 142.07267836913650
42600.0 -0.00081100124376 18.91305968440103 -154.87228338134989 350005.97016981802881 78.67443872686825 141.17715267571984
42630.0 -0.00071843050243 18.92730578594076 -154.87147939196848 349975.27706229407340 78.86906452642754 140.24969284264188
42660.0 -0.00111386741716 18.94145117680351 -154.87057982569632 350015.69658556487411 79.06055707434597 139.28816792114227
42690.0 -0.00058259113882 18.95566609856358 -154.86975982957122 349973.27809766400605 79.24864609602450 138.29314763865969
42720.0 -0.00053027168045 18.96977584260522 -154.86885026146621 350001.99564170185477 79.43319170633644 137.26284714686523
42750.0 -0.00031695299965 18.98387084851999 -154.86793389184649 350024.91318973246962 79.61400402517214 136.19622214603132
42780.0 -0.00096897603558 18.99795914512451 -154.86700473648008 350042.08968560304493 79.79092782817645 135.09112441708254
42810.0 -0.00116015456065 19.01211168647639 -154.86615019619592 349976.37009437382221 79.96372536132155 133.94715026671602
42840.0 -0.00071742235890 19.02616467872770 -154.86520790473941 349981.94250806421041 80.13215602302198 132.76414798270969
42870.0 -0.00060171159146 19.04021345171493 -154.86424999260626 349981.80638136528432 80.29605635580612 131.53910419451159
42900.0 -0.00119235251412 19.05424045417582 -154.86328839851672 349975.88549624290317 80.45513275115131 130.27342861816601
42930.0 -0.00101928511628 19.06818724864144 -154.86223339927906 350041.47560837771744 80.60917254883661 128.96543661303181
42960.0 -0.00047392201169 19.08218815818161 -154.86125292825295 350024.11823675502092 80.75793078915501 127.61435650558319
42990.0 -0.00079389589631 19.09618308427763 -154.86025662414033 350001.06735394988209 80.90116133303972 126.21851716237840
43020.0 -0.00101827933651 19.11015649772150 -154.85925503170247 349972.28221471235156 81.03858017524522 124.77981192717120
43050.0 -0.00035217065621 19.12406002972176 -154.85815850608080 350015.15047066379339 81.16993270392148 123.29739833015181
43080.0 -0.00160590291984 19.13800286207044 -154.85713832280197 349974.98941130191088 81.29495239023866 121.77157978559208
43110.0 -0.00002817365250 19.15188857659792 -154.85601708528930 350006.56008590292186 81.41336123819734 120.20155182228440
43140.0 -0.00127284917064 19.16580983883445 -154.85497054350174 349955.07078563421965 81.52488777187061 118.58889947148728
43170.0 -0.00038940223608 19.17966683484914 -154.85383082835642 349975.35718573816121 81.62928042198784 116.93573834147656
43200.0 -0.00114807811207 19.19352275642774 -154.85267279394640 349990.03074800223112 81.72623556100383 115.24104467833747
43230.0 -0.00038537793510 19.20736035499466 -154.85150838318796 349999.09037775918841 81.81554861313808 113.50924803922491
43260.0 -0.00099111028191 19.22118636390124 -154.85033242139497 350002.54832063429058 81.89695612802294 111.74139161054784
43290.0 -0.00026563813917 19.23500156911684 -154.84914399607325 350000.41136210970581 81.97022199055277 109.93982092825580
43320.0 -0.00092772133661 19.24881403433094 -154.84793704553289 349992.67325396183878 82.03507872675212 108.10609470910696
43350.0 -0.00049505166013 19.26260833875895 -154.84672211498562 349979.36095379758626 82.09141563246411 106.24587315750861
43380.0 -0.00028777474926 19.27638971798572 -154.84549515036804 349960.47702056262642 82.13903121896497 104.36186631950066
43410.0 -0.00055441866820 19.29013826596518 -154.84416769793322 350013.60408251918852 82.17778560299749 102.45809050599438
43440.0 -0.00088143537500 19.30390254072348 -154.84291116177931 349983.59365605283529 82.20748682957485 100.53741869668212
43470.0 0.00008351399584 19.31764183738496 -154.84155137054807 350025.61709986068308 82.22808453645393 98.60513250701761
43500.0 -0.00125071256055 19.33137814229478 -154.84027153914931 349984.53614090383053 82.23958749574776 96.66680646164053
43530.0 0.00005433692732 19.34510373793749 -154.83888111170748 350015.48314383812249 82.24180391954781 94.72470407583072
43560.0 -0.00040650640166 19.35881411394466 -154.83748165860013 350040.94558865483850 82.23492374778053 92.78611057502094
43590.0 -0.00065302881570 19.37251767978893 -154.83615854696163 349983.28444597218186 82.21891009684778 90.85459187429534
43620.0 -0.00120945667970 19.38620930216819 -154.83472990214980 349997.72839093767107 82.19382031134511 88.93456286574694
43650.0 -0.00084118763769 19.39990138252928 -154.83327996916842 350006.62030741665512 82.15963974925621 87.02931790027235
43680.0 -0.00054938858745 19.41357860568669 -154.83181932443779 350010.05423956364393 82.11669998385497 85.14511820319311
43710.0 -0.00009055799990 19.42724614435432 -154.83034391604977 350008.00618794746697 82.06508880174739 83.28512841869683
43740.0 -0.00104142054449 19.44090292164966 -154.82885415781942 350000.48961712233722 82.00500325915301 81.45305899072750
43770.0 -0.00062585976110 19.45455688308331 -154.82734398881905 349987.44880951941013 81.93651877357702 79.65121240616374
43800.0 -0.00028777474926 19.46822081239144 -154.82572438173381 350046.54471981525421 81.85994303273003 77.88323798088427
43830.0 -0.00048700305817 19.48185323321433 -154.82418545248879 350022.60514373611659 81.77563140840623 76.15243056430791
43860.0 -0.00041958744813 19.49548543876441 -154.82262313604789 349993.12047224305570 81.68356902058139 74.45926474777399
43890.0 -0.00071440620145 19.50909986252679 -154.82104972381950 349958.25025846064091 81.58431884019832 72.80738349033925
43920.0 -0.00004628477973 19.52273358822574 -154.81936563213958 349995.53091587871313 81.47802937219103 71.19745276806987
43950.0 -0.00149220134820 19.53636290660095 -154.81766353267417 350027.35100794117898 81.36495888833714 69.63048196412983
43980.0 0.00003219795348 19.54995991804956 -154.81603220575929 349976.05299674253911 81.24522707161339 68.10656324306365
44010.0 -0.00077880092653 19.56357828841895 -154.81429278679033 349996.95313741173595 81.11939495029858 66.62748095891432
44040.0 -0.00046989771071 19.57719011723329 -154.81253579051608 350012.41898472607136 80.98763870064917 65.19295118945864
44070.0 -0.00038034667247 19.59079431003061 -154.81076164415975 350022.46622274257243 80.85024850256426 63.80298025495517
44100.0 -0.00088847819719 19.60439877639327 -154.80896421843639 350026.99967659544200 80.70732659792266 62.45674194093388
44130.0 -0.00053127509646 19.61799766118741 -154.80714739409535 350026.08821098227054 80.55924468097271 61.15421759042959
44160.0 -0.00088546203974 19.63158394133239 -154.80531593003244 350019.82596418913454 80.40639753276236 59.89520389632863
44190.0 -0.00056246727016 19.64517311163263 -154.80345813394001 350008.00875713024288 80.24870273751337 58.67801052133773
44220.0 -0.00079590745586 19.65874760049153 -154.80158648389192 349990.87506884243339 80.08676035923789 57.50277817366205
44250.0 -0.00065101489239 19.67237587268358 -154.79959727542376 350045.76501163654029 79.92064820121942 56.36812063607758
44280.0 -0.00040348788045 19.68593840975672 -154.79768576818120 350017.78831256832927 79.75056556849904 55.27296364085495
44310.0 -0.00046889074906 19.69950180148654 -154.79574788971735 349984.27406061626971 79.57654346093963 54.21588045448676
44340.0 -0.00019017274529 19.71312095394769 -154.79369494790652 350022.81636787578464 79.39910424089854 53.19640816154846
44370.0 -0.00045883058755 19.72666372937068 -154.79172132931311 349978.59106623847038 79.21832451007288 52.21314502319210
44400.0 -0.00065906231247 19.74027185106035 -154.78962821421226 350006.31958481762558 79.03440532339366 51.26494485808212
44430.0 -0.00065202067217 19.75380470837082 -154.78760946647350 349951.21740875020623 78.84733862641437 50.35036387803660
44460.0 -0.00063290376517 19.76741060113496 -154.78546812228575 349967.97800578922033 78.65741138684251 49.46844123365803
44490.0 -0.00051316515111 19.78100684729357 -154.78330926038461 349979.41261843312532 78.46493154443844 48.61820451871286
44520.0 -0.00009156377968 19.79460892456258 -154.78112097590909 349985.24098787549883 78.26969263150944 47.79807745977084
44550.0 -0.00074861571448 19.80819925939771 -154.77891596878868 349985.78171432949603 78.07222474710413 47.00739485116638
44580.0 0.00016300487257 19.82178481955746 -154.77668866764111 349980.90812215115875 77.87249760185482 46.24486122007301
44610.0 -0.00002515394941 19.83536621704684 -154.77443822736768 349970.60703623574227 77.67061663679686 45.50938832297506
44640.0 -0.00066107741766 19.84895131266190 -154.77215835283272 349954.71709999814630 77.46651455983915 44.79979652142068
44670.0 0.00015797360994 19.86262602733753 -154.76975581892637 350010.56855693738908 77.26063976596396 44.11535582815708
44700.0 -0.00085829298514 19.87619629666873 -154.76743423353540 349983.96069576777518 77.05297910135829 43.45498599027098
44730.0 -0.00024450730886 19.88986559823653 -154.76498543958115 350028.94463527295738 76.84365292904300 42.81775333585860
44760.0 -0.00052221953285 19.90343157485040 -154.76261264186442 349991.39281363319606 76.63256981509309 42.20264895501118
44790.0 -0.00024450849074 19.91710417330429 -154.76010938128508 350025.30225212778896 76.41994655482544 41.60888244945340
44820.0 -0.00022538921998 19.93065505396036 -154.75769195702142 349977.03005056083202 76.20602427798006 41.03567911312511
44850.0 -0.00063592228637 19.94432653813328 -154.75513593082599 349999.93942686636001 75.99051993522392 40.48208439775065
44880.0 0.00004829752115 19.95798900561491 -154.75256017282135 350017.55040368903428 75.77390948409784 39.94747836658185
44910.0 -0.00089552101937 19.97164942933834 -154.74995897379122 350029.69938313961029 75.55609740108598 39.43105181668952
44940.0 -0.00002817365250 19.98518249731420 -154.74743979236075 349959.70269950758666 75.33713245724111 38.93208950913584
44970.0 -0.00061378449440 19.99897362271557 -154.74467133174150 350037.35578053072095 75.11689176243283 38.44987973510464
45000.0 -0.00017105583829 20.01249892620183 -154.74209878154230 349956.45416178274900 74.89577545913214 37.98384151991996
45030.0 -0.00040147513902 20.02628330129397 -154.73928182303044 350023.25633984897286 74.67372157270489 37.53332373989850
45060.0 -0.00033909079162 20.03993146937225 -154.73654880288260 350008.07251790259033 74.45080545013431 37.09773015897733
45090.0 -0.00050410958750 20.05358258624303 -154.73378399915876 349987.26324653904885 74.22689189634697 36.67647994741022
45120.0 -0.00039141261375 20.06737320451959 -154.73088012877091 350037.34673804510385 74.00215811744624 36.26904337301863
45150.0 -0.00030488009671 20.08101436560278 -154.72806437937274 350005.71412927284837 73.77680821016232 35.87489844374467
45180.0 -0.00008150243629 20.09466110001361 -154.72521351331858 349968.35693093761802 73.55052126502838 35.49355235981096
45210.0 -0.00064698940953 20.10844634442906 -154.72222789743063 350001.97507969569415 73.32374173764086 35.12451924367960
45240.0 -0.00068824410850 20.12223201430336 -154.71921351456979 350030.04641214571893 73.09634094858777 34.76734723638056
45270.0 -0.00019419822815 20.13586269861474 -154.71628351716967 349976.44708138331771 72.86833870730055 34.42160383084283
45300.0 -0.00016602221190 20.14965525178763 -154.71320394672287 349993.19563159625977 72.63958492801504 34.08690035456411
45330.0 -0.00032098084627 20.16344168635029 -154.71009943632060 350004.56656014081091 72.41045142714314 33.76279916523048
45360.0 0.00013785092316 20.17722681591093 -154.70696576719021 350010.41068887058645 72.18085245620304 33.44893335860797
45390.0 -0.00066912601962 20.19100945966724 -154.70380344125340 350010.75843187700957 71.95084017372081 33.14493506540822
45420.0 -0.00055643259151 20.20479734116097 -154.70060587895497 350005.35731195472181 71.72025820720154 32.85049484678432
45450.0 -0.00003320491513 20.21858470661400 -154.69737719302705 349994.37724963761866 71.48926224118124 32.56525927393413
45480.0 -0.00019319008462 20.23236451756442 -154.69412256857137 349978.04075094033033 71.25803640679813 32.28887343044349
45510.0 -0.00076572224381 20.24632957666490 -154.69071072710102 350031.44760374538600 71.02624219943471 32.02112159490481
45540.0 -0.00017407317762 20.26011017998109 -154.68739173567866 350003.87823958881199 70.79430562088962 31.76161350153165
45570.0 0.00017910562213 20.27388804611266 -154.68404163317635 349970.77349705714732 70.56208145347227 31.51011198620109
45600.0 -0.00062887828231 20.28784901908229 -154.68053929297682 350007.52348448336124 70.32957495443074 31.26635578065907
45630.0 -0.00017910562213 20.30182067570748 -154.67699714896236 350038.29854851961136 70.09662324705022 31.03014765659136
45660.0 -0.00051115240968 20.31559767463641 -154.67354813198449 349988.32356815412641 69.86358049186239 30.80114279586034
45690.0 -0.00041757352482 20.32956345015682 -154.66994550476156 350008.04641505237669 69.63034968633559 30.57914130964201
45720.0 -0.00010162866870 20.34352876042832 -154.66631070805241 350022.15598221868277 69.39697081191750 30.36391106842126
45750.0 -0.00027871682188 20.35730270040532 -154.66276040474904 349955.29672587569803 69.16327747396318 30.15530100344923
45780.0 -0.00019117970695 20.37147523196572 -154.65892856764583 350032.84941538237035 68.92941298758106 29.95306347893425
45810.0 0.00035921466028 20.38523981504877 -154.65531542966301 349954.97056623268872 68.69555011762928 29.75694325618059
45840.0 -0.00015897938971 20.39942175503477 -154.65141040458766 350020.86897540651262 68.46134259022233 29.56688448013198
45870.0 -0.00086030454469 20.41339211620355 -154.64760154436360 350006.46232433058321 68.22720467014899 29.38255607650127
45900.0 0.00006037160597 20.42736166445152 -154.64375794401531 349986.38829396665096 67.99298273609830 29.20384564836168
45930.0 -0.00020224683011 20.44154499688390 -154.63975148064202 350035.22726065944880 67.75867460562016 29.03059190701873
45960.0 -0.00038235705014 20.45552388919410 -154.63582927619163 350003.36471931077540 67.52411165108613 28.86270853645600
45990.0 -0.00076874076502 20.46949540539971 -154.63187634256346 349966.05976156238467 67.28963586176449 28.69990787283150
46020.0 0.00005332878379 20.48368613604287 -154.62775898059598 349997.48365333769470 67.05514511365591 28.54208687465196
46050.0 -0.00046587222785 20.49787805197177 -154.62360571569889 350023.14623315446079 66.82067268936510 28.38909312542622
46080.0 0.00010665638570 20.51207874243242 -154.61940961923625 350042.71180464513600 66.58604764917274 28.24086760450489
46110.0 -0.00119738141300 20.52605288119202 -154.61530640500169 349982.28219781350344 66.35140557142968 28.09722585430542
46140.0 0.00036122503795 20.54025009523124 -154.61103940996097 349990.47230811510235 66.11691220945842 27.95797210195110
46170.0 0.00073050576913 20.55445860320901 -154.60672583085369 349992.39885793160647 65.88221833089520 27.82314329006612
46200.0 -0.00032802248657 20.56866088906905 -154.60238008651609 349988.81283490825444 65.64772997310865 27.69244518359805
46230.0 -0.00066409593887 20.58286389816534 -154.59799574347014 349979.39700847212225 65.41328916981578 27.56583871130447
46260.0 0.00053429361767 20.59731025627892 -154.59343696838511 350037.80884431768209 65.17888988505908 27.44322168597547
46290.0 -0.00052825657526 20.61152539662220 -154.58896605584206 350016.22154240123928 64.94436125823148 27.32457284594705
46320.0 0.00001509496978 20.62573466358631 -154.58446064438874 349989.05548471305519 64.71003602989350 27.20964073829622
46350.0 -0.00139057622514 20.63994261739960 -154.57991628529010 349956.08900114800781 64.47581004163800 27.09837939128293
46380.0 0.00004729174138 20.65440031123509 -154.57519555122585 349990.69425237737596 64.24171269531783 26.99068421563626
46410.0 -0.00035418339764 20.66886793804867 -154.57042781576686 350018.98406490124762 64.00757128043358 26.88655064482445
46440.0 -0.00053731450263 20.68308252350989 -154.56575701288671 349968.06666357163340 63.77351608074667 26.78583307059381
46470.0 0.00028173770685 20.69754910163303 -154.56091049083150 349984.64384092390537 63.53970813847923 26.68837231372769
46500.0 -0.00053932606218 20.71202807136832 -154.55601304612864 349994.71534619946033 63.30579769527841 26.59426009479623
46530.0 -0.00079892715894 20.72650194736427 -154.55107956609808 349999.12595811299980 63.07218448886800 26.50322625347099
46560.0 0.00020728045651 20.74097764563866 -154.54610338249194 349997.51653473731130 62.83870831521931 26.41527582085080
46590.0 -0.00091564725179 20.75545543833466 -154.54108368456190 349989.85387665312737 62.60536116837827 26.33034248404158
46620.0 0.00026664510083 20.76994271919598 -154.53601325822407 349975.73391975648701 62.37197177949946 26.24844393134549
46650.0 -0.00011772705450 20.78469965569833 -154.53075923409739 350028.33522621728480 62.13886529083369 26.16935290748257
46680.0 -0.00052825775714 20.79918421322958 -154.52560644269431 350002.38681823201478 61.90593712379481 26.09305784778218
46710.0 0.00069428115091 20.81366712158625 -154.52041120799285 349970.50117201916873 61.67321431843602 26.01948376535190
46740.0 -0.00019520282605 20.82843754064388 -154.51501861281039 350004.41744853928685 61.44052385340500 25.94865901106442
46770.0 -0.00009055918178 20.84321291034881 -154.50957908964773 350032.05041857436299 61.20799207511965 25.88046283942477
46800.0 -0.00049304010058 20.85769976212824 -154.50424774067292 349981.80691856518388 60.97577480569058 25.81475833270605
46830.0 0.00001308104647 20.87248363906590 -154.49871244414496 349996.85070782061666 60.74352663271219 25.75167245931334
46860.0 -0.00024853279172 20.88726308051176 -154.49313701058057 350006.06268397253007 60.51164030654859 25.69095056685022
46890.0 -0.00014187404226 20.90204496433095 -154.48751451563541 350009.04045010730624 60.27995452882067 25.63262486436888
46920.0 -0.00061881693892 20.91682949433744 -154.48184414927650 350005.74864548724145 60.04846035732685 25.57665145539199
46950.0 0.00005433692732 20.93162395824016 -154.47611847393443 349995.74001721106470 59.81698709695127 25.52307180866114
46980.0 -0.00028173770685 20.94641419499367 -154.47035006081114 349979.80559455696493 59.58585328541123 25.47167580465317
47010.0 -0.00013986248271 20.96150763370139 -154.46437887144003 350028.87794315908104 59.35495479982168 25.42247307659468
47040.0 -0.00070535063784 20.97629912718553 -154.45851539247360 350000.49469395168126 59.12431717675247 25.37540756471573
47070.0 -0.00005534034334 20.99109675523020 -154.45259756309352 349965.50550469942391 58.89376788147793 25.33052790314251
47100.0 0.00001207408482 21.00620494708251 -154.44647195814520 349995.09030290413648 58.66343011912102 25.28772994162690
47130.0 0.00052423227428 21.02131123652658 -154.44030091023879 350018.55819505918771 58.43345881746762 25.24689363582742
47160.0 -0.00074157289229 21.03611595358628 -154.43422934772934 349964.31390554923564 58.20350640499896 25.20816344922180
47190.0 0.00058560966003 21.05154571428790 -154.42779343938352 350045.34195336047560 57.97396295516027 25.17129823286456
47220.0 -0.00060875323177 21.06634409400612 -154.42162758893360 349978.83500842843205 57.74466672311196 25.13634731182810
47250.0 0.00038738949465 21.08178363967766 -154.41508563927260 350046.65981311444193 57.51560842132104 25.10328118521320
47280.0 -0.00004125351709 21.09658998062211 -154.40880902826552 349966.88078198675066 57.28661847472233 25.07215605714136
47310.0 -0.00005534270710 21.11203974044206 -154.40215778228318 350021.34696147684008 57.05800945371043 25.04277460907559
47340.0 -0.00050813270660 21.12716576645162 -154.39561822440456 349999.19835824798793 56.82967818135182 25.01515976237932
47370.0 0.00068623254895 21.14229048363315 -154.38902732725373 349970.68573754467070 56.60164919837158 24.98926793766884
47400.0 -0.00025557797766 21.15775393569948 -154.38220965668739 350005.01510465983301 56.37375090633891 24.96516044585801
47430.0 0.00046788615116 21.17322217938514 -154.37533563496680 350032.56842131074518 56.14610386153058 24.94274467151518
47460.0 -0.00050511536727 21.18835092393181 -154.36858112355330 349984.31411906518042 55.91886077138782 24.92191148420665
47490.0 -0.00052020679142 21.20382731486987 -154.36159240128404 349998.28200184274465 55.69167588430242 24.90281741541623
47520.0 0.00001106712316 21.21929900754074 -154.35455463000295 350006.02405519131571 55.46493523778453 24.88523080959344
47550.0 0.00028173888873 21.23477277408506 -154.34746030597455 350007.04670119471848 55.23847702277592 24.86921196716916
47580.0 0.00006137738575 21.25024867437510 -154.34030862319261 350001.31188800930977 55.01229195681889 24.85474085798095
47610.0 0.00065805889646 21.26573375460675 -154.33309163734720 349988.28300900664181 54.78621189606856 24.84188289251852
47640.0 -0.00013986248271 21.28156452844315 -154.32564702500909 350037.64616929925978 54.56054387834158 24.83045075261715
47670.0 -0.00013583699985 21.29704652150901 -154.31832017339613 350011.47371792607009 54.33518595311591 24.82047578580725
47700.0 -0.00023545292712 21.31252653059925 -154.31093715801478 349978.70023292396218 54.11016197886642 24.81192287632277
47730.0 -0.00036525170269 21.32836851880332 -154.30331101239315 350007.13046107720584 53.88530155276821 24.80486132132688
47760.0 -0.00011973979593 21.34421434569074 -154.29562341154772 350028.51628549490124 53.66072290320883 24.79920682679080
47790.0 -0.00014489256346 21.35969589138028 -154.28806187019919 349975.23802349716425 53.43657681645280 24.79485813925151
47820.0 0.00009558808065 21.37554793207824 -154.28024931701125 349982.49580971803516 53.21251957489216 24.79197903996709
47850.0 0.00022036032110 21.39139427365114 -154.27238290922739 349983.31307240761817 52.98893348958476 24.79034547733507
47880.0 -0.00031091713912 21.40760901441861 -154.26427059845295 350044.86836737953126 52.76565692140868 24.79002489075598
47910.0 -0.00017608710093 21.42308995172743 -154.25646424240767 349963.96190869156271 52.54268080732029 24.79100360924706
47940.0 -0.00026865547850 21.43931774446676 -154.24821652593280 350010.63085780292749 52.31983861416752 24.79335279572377
47970.0 0.00052322649450 21.45517024099044 -154.24009721377291 349983.13308823481202 52.09743216204901 24.79689322377585
48000.0 -0.00020627231297 21.47139661283866 -154.23172725096643 350015.90503315813839 51.87536088873829 24.80166160780743
48030.0 0.00003521647468 21.48724608344169 -154.22348359543082 349974.50114754773676 51.65364817204811 24.80762871674850
48060.0 0.00014992500798 21.50347906014633 -154.21497933435927 349992.57198617234826 51.43212495631297 24.81486888209945
48090.0 0.00019419822815 21.51971428776620 -154.20640826061509 350003.32104252930731 51.21090736196788 24.82330401491285
48120.0 0.00016501761400 21.53594474798725 -154.19777720473701 350007.28134020138532 50.99014445766580 24.83283872865392
48150.0 0.00002314238986 21.55218499370191 -154.18906926081101 350003.20608012098819 50.76949467843815 24.84364105020383
48180.0 0.00019822252913 21.56841789987789 -154.18030242917553 349992.46919443178922 50.54933683317223 24.85549317823078
48210.0 0.00007848391508 21.58465008789488 -154.17146853019895 349974.47841474320740 50.32950960089066 24.86846724723593
48240.0 0.00018916578364 21.60127327146355 -154.16236888512486 350015.31244344357401 50.11000427260197 24.88255392672755
48270.0 0.00017407435950 21.61790634890986 -154.15319047136526 350047.94823613110930 49.89065602873335 24.89782793635581
48300.0 0.00058259113882 21.63414003668036 -154.14414782481515 350007.65455495472997 49.67176171269155 24.91411677197064
48330.0 0.00058863054499 21.65037000416626 -154.13503783252716 349960.17348868399858 49.45322224308868 24.93146055117670
48360.0 0.00045279118138 21.66739402187105 -154.12545597290188 350036.72071607783437 49.23506065211235 24.94983422436520
48390.0 0.00058460624401 21.68362430030432 -154.11620170477340 349974.10154170542955 49.01710931855942 24.96931527047990
48420.0 0.00034613361380 21.70065767873395 -154.10646725148544 350034.72802223544568 48.79948241402860 24.98983036139029
48450.0 0.00007949087674 21.71687708573349 -154.09707772653294 349957.76080841384828 48.58232743445695 25.01128859690335
48480.0 0.00026563695729 21.73391462832988 -154.08719260747125 350002.70351913012564 48.36530503033953 25.03386036602220
48510.0 -0.00002716669084 21.75094631210062 -154.07724087973872 350040.47948044911027 48.14879067919872 25.05733309222203
48540.0 0.00034009775327 21.76756757048671 -154.06742402397597 350005.72207199130207 47.93262347487094 25.08178202484459
48570.0 -0.00007949087674 21.78418552491701 -154.05753368937573 349963.39709580969065 47.71679514839948 25.10720083237928
48600.0 0.00065906349435 21.80122158158695 -154.04734842707776 349977.25769463088363 47.50114265056389 25.13366637768442
48630.0 0.00064799637119 21.81825131425894 -154.03709310627534 349983.78320480789989 47.28595804259525 25.16101184872161
48660.0 0.00022941470283 21.83527842576758 -154.02676230765445 349982.56975687574595 47.07114377426685 25.18927948561876
48690.0 0.00062485279945 21.85230134930381 -154.01635688453104 349973.71189513057470 46.85672262578181 25.21844726558359
48720.0 0.00046285370665 21.86932677135313 -154.00586766992564 349956.49828807730228 46.64252845939135 25.24859459563704
48750.0 0.00045379932492 21.88677315113425 -153.99508119352024 349995.10908959899098 46.42867361774016 25.27965188954913
48780.0 0.00023746330479 21.90421317789918 -153.98422132562845 350026.17181325331330 46.21530413277658 25.31153175039034
48810.0 0.00061479145606 21.92123342777760 -153.97349123780913 349984.79674333706498 46.00208289827045 25.34440575369313
48840.0 -0.00112594386574 21.93867032180599 -153.96246862421052 349999.59064546506852 45.78938219775348 25.37806573232102
48870.0 0.00067013298128 21.95610450162685 -153.95136482389725 350006.28591461945325 45.57704160388592 25.41258901885108
48900.0 -0.00004125469897 21.97353568694186 -153.94017904377341 350004.84445456322283 45.36505334360474 25.44797136935882
48930.0 0.00022539040186 21.99097027418638 -153.92890204182180 349994.53236923087388 45.15325616566875 25.48429087370464
48960.0 -0.00004125469897 22.00883142662648 -153.91732088551484 350039.32245037332177 44.94193751340305 25.52138560470655
48990.0 0.00013281847865 22.02581378558330 -153.90611494643341 349950.73813020810485 44.73100139179606 25.55929907966997
49020.0 0.00005131722424 22.04366440368877 -153.89436912515410 349979.31278323289007 44.52047039640176 25.59801150050114
49050.0 0.00047090349049 22.06151715181417 -153.88253049378258 349998.91585627477616 44.31017989692835 25.63760341104662
49080.0 0.00058360046424 22.07936655734044 -153.87060481153617 350010.05192287825048 44.10024050240291 25.67800822454686
49110.0 -0.00020325497365 22.09720568191500 -153.85859989204801 350013.40352122206241 43.89079686568802 25.71914132341970
49140.0 0.00019017274529 22.11504837409739 -153.84649641095828 350007.38174762483686 43.68151412946942 25.76117474915362
49170.0 0.00060976137530 22.13287796212085 -153.83431495654304 349993.74137456715107 43.47276149873258 25.80390406990056
49200.0 0.00065604497315 22.15070070467532 -153.82204611028760 349971.72267846390605 43.26437906770468 25.84740802564136
49230.0 -0.00019218548672 22.16896765492081 -153.80944828154310 350002.61760992184281 43.05635959547716 25.89168382845582
49260.0 0.00007647235553 22.18723684981794 -153.79674981686526 350024.00602827128023 42.84854363793173 25.93681020104620
49290.0 0.00071037953671 22.20504070735528 -153.78421038695743 349976.25028237607330 42.64121416429116 25.98262944665215
49320.0 0.00047995905410 22.22374653507237 -153.77109316733245 350041.96012194920331 42.43427674170768 26.02918579758619
49350.0 -0.00045078080371 22.24153087996980 -153.75837670383902 349977.46254104468971 42.22775383137002 26.07646111023935
49380.0 0.00061982271869 22.26022819540531 -153.74506766458080 350025.10861782543361 42.02148231801677 26.12453655346451
49410.0 0.00096998181535 22.27845955986730 -153.73191173713400 350003.29009877610952 41.81557115559858 26.17334798295185
49440.0 -0.00056146149039 22.29667592928905 -153.71867057677474 349973.46321564260870 41.61016368763614 26.22281300993188
49470.0 0.00041858048647 22.31535494171666 -153.70507152034730 349994.01481245085597 41.40492729584123 26.27310371857929
49500.0 0.00058259350258 22.33401913917262 -153.69138562523432 350006.43037126678973 41.20022820809585 26.32401883755227
49530.0 0.00075968283764 22.35267460215580 -153.67760298517717 350009.88791969325393 40.99590706845420 26.37563807336674
49560.0 0.00064095236712 22.37132085385024 -153.66372282702091 350004.35279990825802 40.79195719130610 26.42795964842265
49590.0 0.00013885788481 22.38996385914141 -153.64973510325859 349988.98034938331693 40.58822093595582 26.48106253646200
49620.0 0.00095589144347 22.40859094272575 -153.63565649674555 349965.25712821166962 40.38497692776474 26.53479272544461
49650.0 0.00026966480391 22.42767840402727 -153.62121957963188 349991.86150220315903 40.18213229173318 26.58919478779783
49680.0 -0.00011470735142 22.44675435195864 -153.60668378055416 350009.43966093286872 39.97970939290374 26.64425182047819
49710.0 0.00063592110449 22.46534885229621 -153.59230311521159 349958.25026239361614 39.77754662776329 26.70004529058764
49740.0 0.00069327537114 22.48488452798589 -153.57729043897444 350015.44413879420608 39.57575136221224 26.75651306679307
49770.0 0.00005332878379 22.50392653625826 -153.56244779996535 350005.25251155160367 39.37446568974844 26.81357455811321
49800.0 0.00009458230088 22.52296407304580 -153.54748945659151 349984.68315387796611 39.17335921008943 26.87140166451878
49830.0 0.00027570066444 22.54246261113786 -153.53216742318477 350014.00783004332334 38.97279526646224 26.92979577335162
49860.0 -0.00019117852507 22.56194916393122 -153.51673883493643 350033.79777362104505 38.77261507040276 26.98883727457850
49890.0 0.00080496420135 22.58142313809769 -153.50120292660836 350044.02072823420167 38.57281250598997 27.04852508095399
49920.0 0.00108166946369 22.60089023900533 -153.48554919446238 350043.77232530992478 38.37323172329087 27.10893817724680
49950.0 0.00075364697711 22.62033804718606 -153.46979504185788 350034.64411244075745 38.17414712450556 27.16992577094337
49980.0 0.00063290140141 22.63976955804586 -153.45393422487493 350016.11527406703681 37.97546738008938 27.23153252560004
50010.0 0.00057957616326 22.65918298097968 -153.43796788171630 349988.32558173313737 37.77721478942090 27.29374247174163
50040.0 0.00072044206198 22.67858415786350 -153.42188507909606 349950.32599701359868 37.57922924959486 27.35663717231033
50070.0 0.00128593021711 22.69895269824318 -153.40512554607682 350016.66218156460673 37.38161659582687 27.42015617028895
50100.0 -0.00046184910875 22.71831462338888 -153.38882884489112 349960.04097300674766 37.18451772502786 27.48422032522383
50130.0 0.00122455046760 22.73865510754184 -153.37183563849652 350005.99063237942755 36.98760442527956 27.54900125687636
50160.0 0.00042663027031 22.75897327449256 -153.35473663703274 350042.79691469110548 36.79123724323050 27.61430256447887
50190.0 0.00070434485806 22.77827969563390 -153.33810080439858 349956.86038224771619 36.59525796554614 27.68020514675718
50220.0 0.00001006134339 22.79856135094890 -153.32077079767922 349973.75667188689113 36.39966105486508 27.74670837307577
50250.0 0.00115512329801 22.81883107631062 -153.30331229045919 349979.55787430424243 36.20429243285681 27.81389109490425
50280.0 0.00010766334735 22.83907674286195 -153.28574346267706 349975.96586405858397 36.00942239243378 27.88160533568002
50310.0 0.00111185585761 22.85930112427797 -153.26805782682567 349962.42800338566303 35.81496113151949 27.94989568658928
50340.0 0.00000402548286 22.88000599365245 -153.24995829137978 349994.61861991975456 35.62093090818088 28.01874687978767
50370.0 0.00135535738670 22.90069563771408 -153.23172833282064 350015.67969220411032 35.42717310111036 28.08824045709002
50400.0 0.00086936129018 22.92085879819579 -153.21367654096574 349971.08448417764157 35.23379207238666 28.15831735891347
50430.0 0.00055240710865 22.94200669291972 -153.19490736854513 350027.36094936728477 35.04092756670193 28.22889961138085
50460.0 0.00108971806565 22.96212546137653 -153.17660751511059 349961.89103033300489 34.84825352453511 28.30015854529746
50490.0 0.00083917489626 22.98323028523508 -153.15758506860575 349996.88485655654222 34.65612777587408 28.37189957153431
50520.0 -0.00011370157164 23.00431230970607 -153.13843526616938 350021.23333722818643 34.46439269057043 28.44420399309163
50550.0 0.00081905102760 23.02537070340976 -153.11915738336668 350034.91181701235473 34.27304331180176 28.51707146402215
50580.0 0.00191078301656 23.04641058022240 -153.09973991957912 350036.88809932488948 34.08192730884959 28.59058062320209
50610.0 0.00095690195076 23.06742013375554 -153.08020190448423 350028.98126465268433 33.89131097390378 28.66458595517834
50640.0 0.00104443906570 23.08840190377984 -153.06053659347981 350010.60551825165749 33.70110601033654 28.73913187388245
50670.0 0.00063290258329 23.10935396445889 -153.04074531847067 349981.92965411581099 33.51133465505104 28.81420363437040
50700.0 0.00048398453696 23.13131541100740 -153.02017794566885 350049.05241967178881 33.32183974686261 28.88988269690174
50730.0 0.00065403341360 23.15221543451850 -153.00011439358673 349998.00085221324116 33.13272422153827 28.96611117387819
50760.0 0.00060070344793 23.17411714139919 -152.97928500703455 350043.82580832205713 32.94412671658991 29.04281201708135
50790.0 0.00003119335558 23.19495856127451 -152.95895186137048 349970.82205127831548 32.75572328302128 29.12015631825701
50820.0 0.00060774745199 23.21680229413455 -152.93784749010419 349994.30617143586278 32.56786911597155 29.19795093339257
50850.0 -0.00033406071086 23.23861554948305 -152.91660488868740 350006.62739763874561 32.38040716494142 29.27627751988848
50880.0 0.00088143655688 23.26039737547752 -152.89522336834474 350007.76624945551157 32.19333305481516 29.35513588612573
50910.0 -0.00000905674549 23.28215254959451 -152.87369088424452 349996.62157755158842 32.00649617460243 29.43460442356560
50940.0 -0.00015898057159 23.30386963177406 -152.85202738297173 349975.13612773921341 31.82015892038847 29.51453976239413
50970.0 0.00078987159533 23.32660222034301 -152.82955534023063 350046.98208167590201 31.63423447599866 29.59498607485959
51000.0 0.00039644505827 23.34824753176332 -152.80761356262258 350003.43777735251933 31.44874507385332 29.67592899876365
51030.0 0.00101224111222 23.37038739212808 -152.78518363385643 349999.77955500036478 31.26353498694801 29.75744989236524
51060.0 0.00164614947528 23.39249101776959 -152.76260842797620 349984.63536443747580 31.07870577057106 29.83949184959584
51090.0 -0.00007143991102 23.41508112448652 -152.73955600621414 350010.58432411588728 30.89439499574874 29.92197854221519
51120.0 0.00044775991875 23.43764144372378 -152.71633913619559 350023.33611298631877 30.71028077767527 30.00508091145450
51150.0 -0.00051115122780 23.46015720807767 -152.69298583984101 350025.63430249132216 30.52671575544671 30.08860692278733
51180.0 0.00153144448762 23.48263322423853 -152.66948321930923 350016.28769663441926 30.34354345278467 30.17263857250813
51210.0 0.00097601767588 23.50506841970429 -152.64583063372874 349995.28288668207824 30.16076007401984 30.25717572423203
51240.0 -0.00160590291984 23.52746720503315 -152.62201546034876 349961.44574292283505 29.97821669719986 30.34229651739034
51270.0 0.00133523351804 23.55088671255620 -152.59735083687647 350017.93883071187884 29.79617192350311 30.42785944506669
51300.0 0.00000201155955 23.57319420159651 -152.57324127457886 349961.60783376730978 29.61454038974225 30.51390840154023
51330.0 -0.00002112728467 23.59652541356528 -152.54826893313580 349994.51593927573413 29.43334433815164 30.60042929531078
51360.0 0.00026060569466 23.61981665756381 -152.52312830536647 350014.33111983817071 29.25242944705874 30.68750338925286
51390.0 0.00067315150248 23.64306286732717 -152.49782740993879 350021.88309567235410 29.07189593410802 30.77507459647927
51420.0 0.00094482668406 23.66625769081197 -152.47237756889533 350018.32858961448073 28.89188034261644 30.86306712956230
51450.0 0.00046587104597 23.68941164967886 -152.44675116568487 350001.02189603913575 28.71206280175952 30.95165189296132
51480.0 0.00021734179990 23.71251051944757 -152.42097785750130 349972.91183749306947 28.53279347229343 31.04063765175020
51510.0 -0.00002213661009 23.73663839225142 -152.39430543839481 350031.26475676149130 28.35391644310743 31.13010675048441
51540.0 0.00038940105420 23.75963612396767 -152.36820658443048 349978.66338725574315 28.17542849392188 31.22005903116152
51570.0 0.00008552673727 23.78366825006026 -152.34118696275854 350010.63420712202787 27.99718235869415 31.31057239714288
51600.0 0.00052322767638 23.80764449819316 -152.31400713634815 350030.84403296839446 27.81943294202032 31.40150694929535
51630.0 0.00087137166785 23.83156653891576 -152.28665948434937 350038.59878910612315 27.64209630456504 31.49290628702464
51660.0 0.00065202067217 23.85543219955204 -152.25914572008662 350034.12183828186244 27.46519471032314 31.58475649860110
51690.0 0.00038537675322 23.87924553700338 -152.23145185146311 350016.08467790577561 27.28857521211587 31.67713877632921
51720.0 0.00120241503939 23.90300160801032 -152.20358636353745 349985.37634299509227 27.11233673018477 31.76999771230681
51750.0 0.00112191720100 23.92778356764266 -152.17479109797799 350039.27139026019722 26.93661481734838 31.86325790172027
51780.0 -0.00110581881520 23.95142366046848 -152.14657324330321 349982.55677744466811 26.76109156310817 31.95709034192422
51810.0 0.00163709509355 23.97608794805363 -152.11741982493052 350010.15039538219571 26.58611472688934 32.05130431002653
51840.0 -0.00107563360316 24.00069109526031 -152.08808659318746 350024.64709735848010 26.41152895078311 32.14598252541290
51870.0 0.00173972954202 24.02523171782633 -152.05857300628105 350026.04852833412588 26.23733158413943 32.24112474805444
51900.0 0.00027771222399 24.04971331530002 -152.02886513190506 350013.02041136845946 26.06337698184164 32.33680867490391
51930.0 0.00071138649837 24.07412578021007 -151.99898612603258 349987.92467276100069 25.88991644774616 32.43289578319798
51960.0 0.00081401858309 24.09956675661031 -151.96812956364647 350043.88329541962594 25.71686743581979 32.52942937399073
51990.0 0.00023947722810 24.12384237022799 -151.93789025023537 349993.11907766945660 25.54425224218706 32.62639564012332
52020.0 0.00121147060301 24.14914958779989 -151.90665235050926 350021.61855647619814 25.37191926080676 32.72387574078389
52050.0 0.00103135920110 24.17438726714496 -151.87522331935261 350036.47797238547355 25.19996615349437 32.82181482408597
52080.0 -0.00150930669566 24.19954940210210 -151.84361592335534 350039.03656574618071 25.02852751794057 32.92013772682289
52110.0 0.00158678601284 24.22464485669441 -151.81179927383403 350026.24926962982863 24.85728734771665 33.01901567811429
52140.0 0.00094884980316 24.24966070326461 -151.77980669398153 350001.52078793291003 24.68659107718946 33.11825819934471
52170.0 -0.00020124105034 24.27460047728536 -151.74762291779967 349963.37358202133328 24.51628388695768 33.21794842325760
52200.0 -0.00003018521205 24.30056516576183 -151.71441590334129 350003.22715702001005 24.34636368932280 33.31808597930758
52230.0 0.00109273776873 24.32645659376983 -151.68099424283554 350027.64407739602029 24.17668642346190 33.41874839669400
52260.0 -0.00163508353400 24.35226517623673 -151.64738232423872 350039.14477756805718 24.00749988583289 33.51979831840129
52290.0 0.00128894873831 24.37799188293975 -151.61357187621545 350036.95374106615782 23.83872289213028 33.62127875277617
52320.0 0.00185443571156 24.40363438183027 -151.57956497233781 350021.33975813258439 23.67037777956325 33.72317593407760
52350.0 0.00002112964843 24.42919569848521 -151.54534609078024 349990.78676437586546 23.50231424869716 33.82557103362965
52380.0 -0.00052221953285 24.45577701931372 -151.51006783117191 350035.92258862219751 23.33462873944963 33.92840964733915
52410.0 0.00100016702740 24.48116134352552 -151.47545337580553 349978.67152858152986 23.16745492896864 34.03161672630210
52440.0 0.00036424592291 24.50756873761409 -151.43975192834915 349994.68742873240262 23.00047865603312 34.13536387511640
52470.0 -0.00024048300788 24.53388117922687 -151.40385578125654 349998.02027953043580 22.83404310577797 34.23946060931018
52500.0 -0.00052222071473 24.56010162618881 -151.36774875138696 349987.08347101509571 22.66799398047388 34.34399052148825
52530.0 0.00034412205425 24.58622838582528 -151.33143047630770 349961.89834620058537 22.50232974742630 34.44895307126153
52560.0 -0.00047291623192 24.61337206742726 -151.29400291349768 350008.78596674650908 22.33690789250123 34.55442566411859
52590.0 0.00041757470670 24.64041612749356 -151.25636582322977 350042.01399108208716 22.17197279576493 34.66027191654422
52620.0 -0.00116216612020 24.66625240699318 -151.21940189765067 349973.50713458843529 22.00744460237708 34.76653455586393
52650.0 0.00060171159146 24.69309566449382 -151.18133513015167 349978.36210298724473 21.84334569817550 34.87319980403040
52680.0 0.00130605290389 24.71983982807286 -151.14303612996821 349967.41365677863359 21.67952705456753 34.98034889467264
52710.0 -0.00037632118961 24.74758961901426 -151.10361058430047 350028.14269169792533 21.51608392456943 35.08792777517127
52740.0 0.00028375044828 24.77412114618517 -151.06487742909732 349989.03343310672790 21.35314909826667 35.19586139530818
52770.0 0.00023847026645 24.80165978366457 -151.02498880397729 350019.07457679882646 21.19041019888905 35.30432188027520
52800.0 0.00080093871849 24.82797547088062 -150.98580432415048 349950.27641089260578 21.02820823750586 35.41311850572153
52830.0 -0.00029783727453 24.85528960009910 -150.94547606413005 349952.28232784196734 20.86638941910645 35.52233537595276
52860.0 0.00076069216306 24.88360038098043 -150.90399052641376 350024.27618659287691 20.70495275754398 35.63197174802145
52890.0 -0.00171658597028 24.91069036681650 -150.86317994063313 349994.42816695384681 20.54375724690573 35.74210495078002
52920.0 0.00004729055950 24.93877040745463 -150.82121421077835 350035.26213836576790 20.38304393938100 35.85259939856049
52950.0 -0.00076370832050 24.96562162500396 -150.77995055727249 349976.81852869968861 20.22273427685148 35.96349755322246
52980.0 0.00123964425550 24.99346038886245 -150.73751642387955 349987.95373335294425 20.06285070042811 36.07478557791467
53010.0 0.00079993293872 25.02117890752148 -150.69482986086663 349982.53234151937068 19.90324541531692 36.18654482161224
53040.0 -0.00116115915854 25.04988171500932 -150.65094839441184 350045.02285450696945 19.74401252152144 36.29872149673611
53070.0 0.00174978852165 25.07734560099556 -150.60778944253414 350010.22084504924715 19.58528395435441 36.41124044621968
53100.0 0.00157370496637 25.10468514160889 -150.56436754508007 349957.94038327503949 19.42674905896926 36.52427446015164
53130.0 -0.00196209905892 25.13299843765357 -150.51975604196892 349974.88083987962455 19.26874674717858 36.63763235491187
53160.0 0.00222471749500 25.16117838087267 -150.47489445948707 349976.18911490496248 19.11112370606246 36.75139880153645
53190.0 -0.00062384583779 25.18922290559575 -150.42978268736036 349961.91216057632118 18.95387948697253 36.86557282691011
53220.0 0.00280932255713 25.21824016310554 -150.38342332494921 350012.00079065747559 18.79687455261084 36.98023173188322
53250.0 0.00097199337490 25.24711477406337 -150.33681642900751 350047.31177588272840 18.64034671416468 37.09524056759151
53280.0 -0.00093677690022 25.27474010495675 -150.29094212968354 349985.78617358021438 18.48421867695018 37.21064154842392
53310.0 0.00198222410945 25.30332651725469 -150.24382885422096 349990.32967307604849 18.32851294315158 37.32642073800431
53340.0 -0.00193493118619 25.33176824386176 -150.19644330703738 349977.68560539465398 18.17308291394619 37.44265965481421
53370.0 0.00026463235940 25.36116584628780 -150.14779369703803 350029.46394987497479 18.01802156863424 37.55930469866786
53400.0 0.00077779632863 25.38930451486413 -150.09989848493220 349986.48464836739004 17.86346001937764 37.67628050865457
53430.0 0.00261311276943 25.41839710009197 -150.05070758180813 350005.16893707308918 17.70908926947504 37.79376068144008
53460.0 0.00082709962956 25.44732994979081 -150.00126693723462 350009.69989155512303 17.55524620551465 37.91155336856171
53490.0 0.00047593475312 25.47610387185891 -149.95155727097622 349998.11022057570517 17.40177797461401 38.02974386447995
53520.0 0.00207982493154 25.50581814405543 -149.90055229260130 350049.53776569105685 17.24868465593410 38.14833094230485
53550.0 -0.00059466640552 25.53426923157929 -149.85028214500142 350003.74023867771029 17.09582814126949 38.26739192323551
53580.0 0.00116417767975 25.56365284861732 -149.79871998257525 350021.88886246085167 16.94344308498511 38.38679234814191
53610.0 -0.00025959991488 25.59286656910355 -149.74688244875827 350023.94011820666492 16.79145342260114 38.50657420299895
53640.0 -0.00092570859518 25.62190772002693 -149.69477269741364 350010.28123439941555 16.63988172223218 38.62672341596832
53670.0 -0.00056246845204 25.65077638939320 -149.64237152729532 349978.93563992716372 16.48858254281072 38.74732172903150
53700.0 0.00123964425550 25.68056528376561 -149.58863679277761 350008.83183551859111 16.33764777399196 38.86831565931158
53730.0 0.00227603590112 25.71017160312339 -149.53463125348514 350023.82602798752487 16.18720773557891 38.98962955273424
53760.0 0.00165017495814 25.73959766811969 -149.48031352421793 350019.58861482422799 16.03695502391645 39.11143795055072
53790.0 -0.00059164906620 25.76883600212139 -149.42572918931538 350000.99776226002723 15.88722457414971 39.23354814657888
53820.0 -0.00019922830891 25.79788652634443 -149.37085781759828 349965.93846679665148 15.73786396987197 39.35604611608714
53850.0 0.00204762697806 25.82783842686244 -149.31462172604017 349990.87708696909249 15.58887380824454 39.47893035769232
53880.0 -0.00095790654866 25.85759727699482 -149.25807056655472 349996.99469276890159 15.44011737011620 39.60227826051548
53910.0 0.00166023748341 25.88715750645165 -149.20123672839006 349987.78021312225610 15.29182623525422 39.72595572066275
53940.0 0.00093073985781 25.91651766103946 -149.14411013403048 349962.20988181047142 15.14392553604513 39.85000451516433
53970.0 0.00015394812708 25.94676200583225 -149.08559734806434 349996.16800512094051 14.99643791081232 39.97441040458644
54000.0 0.00190373901249 25.97680022945347 -149.02676577062604 350011.64219307526946 14.84922040706145 40.09925468727810
54030.0 0.00391816225730 26.00662871508240 -148.96762811685520 350010.02999741211534 14.70236107915728 40.22448539231595
54060.0 -0.00011370275352 26.03624357180670 -148.90820363579323 349993.43010491598397 14.55599089032579 40.35002575232723
54090.0 0.00077981025194 26.06564528569285 -148.84844841900701 349957.19459341652691 14.40980396393972 40.47605138647009
54120.0 0.00231628245656 26.09590850406638 -148.78729026841665 349980.90546066127717 14.26413335692715 40.60236855019778
54150.0 0.00000402311910 26.12594891591793 -148.72581883704044 349987.50661593582481 14.11882706483568 40.72906395658867
54180.0 0.00158577905119 26.15576386150289 -148.66403466936475 349977.09532616287470 13.97388619270203 40.85613581145307
54210.0 0.00043870790077 26.18642776076342 -148.60078263385910 350021.27770609688014 13.82917537016729 40.98366161787789
54240.0 0.00108669954444 26.21578253809658 -148.53836296366711 349976.17335371859372 13.68492318283410 41.11150750438641
54270.0 -0.00073453007011 26.24597676605050 -148.47448975993109 349987.87510758824646 13.54105592664466 41.23971505835139
54300.0 0.00004528018183 26.27593153054727 -148.41030232097452 349983.15229523181915 13.39759631404361 41.36826984372338
54330.0 -0.00237162516366 26.30564487799848 -148.34577932411676 349959.74587027356029 13.25440110316967 41.49725420721828
54360.0 0.00392419929971 26.33618172301492 -148.27977535966207 349991.84067243989557 13.11156009263675 41.62661471672627
54390.0 -0.00025960227864 26.36646729823427 -148.21346070139015 350008.61510187853128 12.96920210776531 41.75627489051649
54420.0 0.00122757017069 26.39649994621134 -148.14678874927114 350005.08113018795848 12.82702273217382 41.88641155360374
54450.0 0.00015696664828 26.42627571826335 -148.07981155566597 349986.87131120823324 12.68535321724511 42.01682975418398
54480.0 -0.00084923505777 26.45685359162157 -148.01132730200905 350023.38576794136316 12.54404194483310 42.14761699927755
54510.0 0.00220258088491 26.48716589059488 -147.94250603462305 350042.50270800478756 12.40309051771899 42.27877118537333
54540.0 0.00244910211708 26.51720980313093 -147.87332695012822 350041.99662340618670 12.26236487417397 42.41036997342410
54570.0 0.00251048068471 26.54698221475567 -147.80382664638418 350025.84008366242051 12.12209068375722 42.54227961288210
54600.0 0.00249438229891 26.57648036868096 -147.73399434504336 349992.88702645525336 11.98219537305424 42.67454151998403
54630.0 0.00324299683151 26.60675321343387 -147.66263126713571 350014.52400636393577 11.84270173193687 42.80714103587241
54660.0 0.00176387652978 26.63674193098534 -147.59090849345833 350017.07376619800925 11.70346755928941 42.94016088506425
54690.0 0.00178400158032 26.66644361424746 -147.51884115156611 350002.18553712312132 11.56458165072894 43.07354758022223
54720.0 0.00142881003914 26.69585573814805 -147.44645128845312 349972.26105539128184 11.42617212801483 43.20722411744911
54750.0 0.00098708716281 26.72601786973452 -147.37246664369150 349992.09646339807659 11.28793596782710 43.34136864954105
54780.0 0.00430454360842 26.75588048974511 -147.29815594969426 349997.22891043126583 11.15020268826784 43.47578485987373
54810.0 0.00015193774941 26.78544003105715 -147.22349497574024 349985.03239781223238 11.01282103103541 43.61056110405377
54840.0 0.00539526745384 26.81469347340336 -147.14848498812000 349955.64519198704511 10.87579308653332 43.74569495422907
54870.0 0.00090457894675 26.84570633981689 -147.07061927235947 350045.60178899951279 10.73898606156045 43.88126427070117
54900.0 0.00424819512155 26.87433356642170 -146.99489682218720 349980.96975204721093 10.60262278611049 44.01713532280097
54930.0 0.00338588019918 26.90470595117486 -146.91632686333398 350038.02887462638319 10.46663178464955 44.15334937328696
54960.0 0.00035921347840 26.93372333311013 -146.83865661757829 350009.46228419058025 10.33103592766199 44.28989151655504
54990.0 0.00650410833589 26.96241372672542 -146.76061515162354 349961.97388394456357 10.19569401549961 44.42684490210631
55020.0 0.00423008281244 26.99179774883751 -146.68095174150585 349965.95249728858471 10.06069386765077 44.56415594075493
55050.0 0.00048096601576 27.02084591845830 -146.60094733380811 349955.02557937707752 9.92616293125135 44.70174704143852
55080.0 0.00224886802840 27.05056957395134 -146.51927272344980 349991.76150077488273 9.79179950809251 44.83979780048210
55110.0 0.00561965207592 27.07994642059696 -146.43725450099220 350014.02968697156757 9.65793145510344 44.97811038984071
55140.0 0.00382961581695 27.10795856501152 -146.35615378067854 349950.99852764979005 9.52440784664643 45.11677406645214
55170.0 0.00277008178147 27.13764003973815 -146.27209549679179 350005.02274754829705 9.39113926857947 45.25584146081771
55200.0 0.00455005669705 27.16695861475327 -146.18767024858153 350042.72083164658397 9.25826792026909 45.39522579789259
55230.0 -0.00119235251412 27.19490566668392 -146.10417520020056 349996.02246814966202 9.12576234978957 45.53494472267889
55260.0 0.00957604932911 27.22349088688791 -146.01901812401834 350000.80328269209713 8.99364553558642 45.67498306685601
55290.0 -0.00869662669553 27.25170089692300 -145.93347094600165 349986.60390952322632 8.86177712803389 45.81542442085323
55320.0 0.01032567200524 27.28053049175504 -145.84623496117723 350022.44132982473820 8.73024407536903 45.95621507041992
55350.0 0.00458829287482 27.30798277581028 -145.75996303144831 349976.63847684208304 8.59917328957917 46.09727680640820
55380.0 -0.00848532311993 27.33702985238171 -145.67063679939025 350044.09889735281467 8.46826408437443 46.23879071317267
55410.0 0.01373972467504 27.36370548013350 -145.58361373154844 349963.97736657597125 8.33784300442802 46.38055738837301
55440.0 0.00650511175190 27.39196129932232 -145.49355327247724 350000.49512615334243 8.20775930894835 46.52266700900567
55470.0 0.00672748481443 27.41980979714741 -145.40309203553130 350018.14671043399721 8.07792495862522 46.66517197121419
55500.0 0.00727888496143 27.44725076767673 -145.31225871817554 350020.03373120725155 7.94848023357582 46.80798560557653
55530.0 0.00083816675272 27.47428013588847 -145.22104923342735 350005.63415381032974 7.81939431240502 46.95112535481745
55560.0 0.00878215461468 27.50089516166788 -145.12947000722011 349975.58379491511732 7.69069028399413 47.09457577074652
55590.0 0.00717927139792 27.52805862782062 -145.03613519009477 349992.96005327813327 7.56222861683841 47.23842091945910
55620.0 0.00573838372832 27.55479311862368 -144.94241396940174 349993.51457844022661 7.43409540906977 47.38260693053427
55650.0 0.01196779836142 27.58206244603988 -144.84696362177846 350045.95255237724632 7.30641706009735 47.52705493097264
55680.0 0.00713801551707 27.60792396426420 -144.75246123652656 350012.08955262601376 7.17889384108763 47.67194757861238
55710.0 0.00331544370418 27.63335073491480 -144.65760906675203 349965.18960979767144 7.05185104128833 47.81708379227771
55740.0 0.00563877134668 27.65928862545567 -144.56099445113625 349967.46640592534095 6.92513808305497 47.96255470921636
55770.0 0.01434847790681 27.68477082057614 -144.46397658601592 349951.41326243244112 6.79866827055788 48.10841250370373
55800.0 0.00949656081613 27.71074543669070 -144.36519165505408 349985.53403830900788 6.67258000653588 48.25457057270865
55830.0 0.00717222503010 27.73625414963094 -144.26602038665803 350003.84993052762002 6.54684308303612 48.40104615800718
55860.0 0.01584369895810 27.76129430476431 -144.16647000502277 350007.04533423110843 6.42148070167622 48.54782351578360
56160.0 0.01462317160960 27.99677798705810 -143.13111978500817 349996.78237106837332 5.18527783993217 50.03386690926958
56190.0 0.01403554920814 28.01905800339043 -143.02300304984169 350019.07463465444744 5.06340966633793 50.18426229610182
56220.0 0.01451349552081 28.04080152144630 -142.91449742351369 350025.95177494082600 4.94185465472833 50.33498121593107
56250.0 0.01446217829657 28.06201140847966 -142.80563411414332 350020.73557974398136 4.82073824716009 50.48594334532722
56280.0 0.01269025316483 28.08266850661484 -142.69634931872031 349996.02599304169416 4.69976246526466 50.63733472387311
56310.0 0.01606908699619 28.10278621326513 -142.58671890414499 349960.17383014596999 4.57925025846629 50.78895063087610
56340.0 0.01642528431714 28.12411337981493 -142.47375282764983 350037.08565460518003 4.45905130889064 50.94088423638186
56370.0 0.01544524234028 28.14311283416524 -142.36334461657299 349969.44040764030069 4.33908151584271 51.09318730135899
56400.0 0.01555189872598 28.16330096589054 -142.24960029737045 350015.91399613022804 4.21947564988743 51.24577325743470
56430.0 0.01802615715623 28.18291215181736 -142.13547619640482 350048.34290299285203 4.10020468019350 51.39865894788978
56490.0 0.01464430125803 28.21952550338374 -141.90759000382843 350006.40500733628869 3.86260046749977 51.70536607647288
56520.0 0.01457084978746 28.23738059357106 -141.79232425811114 349994.47295058798045 3.74421362897255 51.85921869908476
56550.0 0.01971758681334 28.25550129720311 -141.67520376751881 350035.09438692219555 3.62625652362171 52.01330475979530
56580.0 0.01601576057616 28.27215829215440 -141.55918088959098 349993.50047325901687 3.50843196522820 52.16781209548144
56610.0 0.01975481366570 28.28906686336829 -141.44130783218722 350005.37406151369214 3.39106181978237 52.32253404036971
56790.0 0.01809356922063 28.37995445599422 -140.72175631182299 349975.94897172134370 2.69307967919544 53.25739508640423
56850.0 0.01529833821727 28.40679084437212 -140.47595688940763 349987.81829665508121 2.46288749558396 53.57140755957007
56940.0 0.01983833120717 28.44330137451140 -140.10226650400509 350002.47324029635638 2.11978553085720 54.04470898680479
56970.0 0.01881803912923 28.45491783884457 -139.97542946546614 350044.16939135640860 2.00597582179904 54.20309516132081
57210.0 0.00360523119487 28.52294317162977 -138.94877461612657 349958.60180719476193 1.10656785222682 55.48042809780476
57270.0 0.00933757906266 28.53510536487840 -138.68408786211211 350010.77193264942616 0.88462281051055 55.80265655319329
57330.0 0.01384738684052 28.54433082444266 -138.41816859266021 350019.89675706345588 0.66385535460471 56.12600707272972
