# sod		dsTEC/dt [TECU/s]		lat		lon		h_ipp		ele		azi
7290.0 -0.01316317057863 24.26080819580968 -169.96069034685223 349956.56452859845012 4.60561246590152 292.10666407203445
7320.0 -0.01523192602324 24.28580017764030 -169.87382206709233 350041.70670054201037 4.69814481489057 292.29367416918922
7350.0 -0.01042930986974 24.30936006812613 -169.78372939086611 349991.58826327044517 4.79083123649806 292.48056671028638
7380.0 -0.01247794380945 24.33284395163519 -169.69528832602856 349995.88215240184218 4.88370084487016 292.66736216573543
7410.0 -0.01320241135429 24.35581891354795 -169.60685173738949 349994.49923006631434 4.97687276962198 292.85415176070990
7440.0 -0.00517893497936 24.37872494754924 -169.52008660941698 350044.89818214066327 5.07012063706377 293.04075529274536
7470.0 -0.01133489459626 24.40016013603226 -169.43012887972026 349959.77376571390778 5.16353709127738 293.22724316281551
7590.0 -0.01210363536127 24.48457783095370 -169.08356967654231 350042.27698754239827 5.53926141267806 293.97228407288731
7650.0 -0.01553479219665 24.52371068536509 -168.91058477357547 350028.59414875973016 5.72817287041575 294.34407938279185
7710.0 -0.01093543219866 24.56082548601755 -168.73779603028981 349982.17040169984102 5.91797338045237 294.71551573214794
7740.0 -0.01470266248633 24.57914185828060 -168.65309015289856 350008.32261841651052 6.01312534039981 294.90102923266028
7770.0 -0.00851249099265 24.59696149786584 -168.56844612124385 350025.32812001742423 6.10846196952625 295.08641650441899
7800.0 -0.01350326478626 24.61375398075664 -168.48227827105254 349969.90735705755651 6.20401195841971 295.27169787789364
7830.0 -0.01384638342450 24.63113096849261 -168.39932963300231 350034.86087491270155 6.29982655757691 295.45691149839405
7860.0 -0.01224249206421 24.64692654155178 -168.31330442250970 349961.20882857684046 6.39576807619433 295.64194656204353
7890.0 -0.01290960416052 24.66333521394928 -168.23048260283460 350009.31630905251950 6.49202867701460 295.82695234613379
7920.0 -0.01138520604072 24.67925235151169 -168.14774926235754 350046.37755098473281 6.58839953192125 296.01176191791910
7950.0 -0.01001676642567 24.69412809314963 -168.06352384093711 350009.86921191122383 6.68495743629254 296.19643359227001
7980.0 -0.00932047371521 24.70851691439610 -167.97937845029702 349964.47967636585236 6.78173084993144 296.38098759648591
8010.0 -0.01295287396468 24.72300397138862 -167.89685446751412 349977.24431160092354 6.87884006623145 296.56551668779662
8040.0 -0.00892704599626 24.73700329232628 -167.81443295788768 349978.69274698477238 6.97605710945464 296.74983870146735
8070.0 -0.01538788689175 24.75052674330482 -167.73209858890962 349970.86451573017985 7.07347451352292 296.93402447006014
8100.0 -0.00901156931751 24.76357856794575 -167.64984897244219 349954.33518095966429 7.17112088541739 297.11809439694269
8130.0 -0.01619486265265 24.77675546552521 -167.56922653566136 349994.88442192785442 7.26904801361191 297.30208723220306
8160.0 -0.01379506620026 24.78946273172037 -167.48870653291431 350024.82625021971762 7.36711696980051 297.48589103199703
8190.0 -0.01342075775208 24.80112304391753 -167.40671049449776 349983.50486849248409 7.46552207802033 297.66965721764541
8220.0 -0.01425490138571 24.81290888992980 -167.32637294639767 349995.87361752614379 7.56405202842532 297.85321660730710
8250.0 -0.01575213281466 24.82423509603307 -167.24613533561342 349998.80451572500169 7.66278491664167 298.03662877252498
8280.0 -0.01516451041321 24.83510575177276 -167.16599529055685 349992.84571735281497 7.76174887064012 298.21991381978512
8310.0 -0.01454468887640 24.84553446585643 -167.08593210728910 349980.52384156268090 7.86106480453003 298.40316530243604
8340.0 -0.01560824603097 24.85612211557562 -167.00752043523983 350022.15614727605134 7.96050385748465 298.58620004126425
8370.0 -0.01285527196071 24.86563693034337 -166.92768951087655 349989.14452390186489 8.06015853142179 298.76908910098228
8400.0 -0.01815595474992 24.87533503575266 -166.84948556869213 350012.74520894791931 8.16005734816974 298.95185296120394
8430.0 -0.01408887681005 24.88396118312810 -166.76985967965336 349963.08925422281027 8.26025264695743 299.13453099303882
8520.0 -0.01465033948232 24.90909899592653 -166.53622459166311 349954.10822253488004 8.56215194165527 299.68166082768590
8550.0 -0.01351030879033 24.91725781901093 -166.46008799125772 349997.87152642849833 8.66321365461785 299.86372185112322
8580.0 -0.01649873815147 24.92499251154628 -166.38406314514344 350032.78130398038775 8.76452153487242 300.04564691563138
8610.0 -0.01385946328909 24.93165005546319 -166.30663525928441 349995.06059973221272 8.86619714345039 300.22753039747761
8640.0 -0.01748179864954 24.93853656189148 -166.23084395705118 350012.21641665603966 8.96801067986942 300.40918806843769
8670.0 -0.01630755844452 24.94500107240787 -166.15517634534345 350019.99904467072338 9.07005462933718 300.59069124109408
8700.0 -0.01717792669636 24.95036855332050 -166.07814670961088 349952.41811451222748 9.17235742729045 300.77206047586009
8730.0 -0.01839543197802 24.95668138188345 -166.00419725167208 350009.95883641112596 9.27497197688425 300.95333578351494
8760.0 -0.01635988026666 24.96189186933366 -165.92890863467417 349990.22715731896460 9.37775674109993 301.13440285450366
8790.0 -0.01785610827960 24.96669737576675 -165.85372877859990 349963.60605461057276 9.48091054290872 301.31541756324140
8820.0 -0.01555693117049 24.97177706856125 -165.78017005184742 349992.67966494057328 9.58421689739016 301.49620607123967
8850.0 -0.01647559457973 24.97645155384286 -165.70674409390648 350012.27678549010307 9.68775657679180 301.67683054912050
8880.0 -0.01424383308066 24.98072444293525 -165.63344844267698 350022.87239318992943 9.79155703644061 301.85731086816543
8910.0 -0.01525607419288 24.98460691856399 -165.56026272628682 350026.76222926378250 9.89574051052018 302.03774226002304
8940.0 -0.01440985647444 24.98808148083828 -165.48723345397858 350019.40528459008783 10.00007620580642 302.21793940274210
8970.0 -0.00956397524429 24.99115710454080 -165.41434578832741 350002.53715813346207 10.10465660588571 302.39797387648906
9000.0 -0.01615260217391 24.99383740709105 -165.34159709911370 349976.63591552153230 10.20951005865237 302.57786632820500
9060.0 -0.00949454807470 24.99947966584635 -165.19939787723683 350033.55135651584715 10.42005365757301 302.93723163297409
9120.0 -0.01678550593908 25.00285336056963 -165.05632121144333 349986.83981110714376 10.63171606992914 303.29602768587478
9150.0 -0.01545731642510 25.00432862336774 -164.98573111674725 349982.29663839191198 10.73787784190154 303.47513678982955
9180.0 -0.01379405923861 25.00617210511300 -164.91670818595836 350036.99271105974913 10.84431448917107 303.65409421184455
9210.0 -0.01357068157818 25.00690431985504 -164.84638683458232 350016.46309001557529 10.95114894504529 303.83299607753054
9240.0 -0.01653194188472 25.00725296506197 -164.77623720776845 349984.64195712096989 11.05814937217322 304.01165591542963
9270.0 -0.01506992574857 25.00798494860119 -164.70765307800411 350011.95209495350718 11.16540826735640 304.19014559739520
9300.0 -0.01513935646379 25.00835279706914 -164.63921509081783 350030.32655987888575 11.27295388992231 304.36848586398628
9330.0 -0.01566358755619 25.00836148701962 -164.57091582497347 350040.66825099103153 11.38084031253263 304.54671807318545
9360.0 -0.01563943820468 25.00800282246952 -164.50278407582485 350040.32028015889227 11.48892321449080 304.72472538953934
9390.0 -0.01565352739468 25.00729161370461 -164.43478515959336 350032.85406912956387 11.59740615769630 304.90266842932385
9420.0 -0.01628441369090 25.00621488905488 -164.36696183707306 350014.25414487998933 11.70606720080733 305.08036841219837
9450.0 -0.01414925077978 25.00477965359302 -164.29930123457672 349985.95233722031116 11.81498989979325 305.25789025216943
9480.0 -0.01601072813165 25.00377495544527 -164.23317987849433 350018.09864996466786 11.92420102545455 305.43525360129149
9510.0 -0.01536373872212 25.00243145779715 -164.16719035497530 350043.31646481435746 12.03382423617484 305.61255552476894
9540.0 -0.01446117369868 24.99994305662126 -164.10000637544712 349987.45457498636097 12.14362660093880 305.78960833380387
9570.0 -0.01489182826997 24.99789987978929 -164.03435874476307 349991.98453679215163 12.25370064415540 305.96648422073559
9600.0 -0.01518262035856 24.99551549587321 -163.96886991286502 349987.44363832008094 12.36407453550811 306.14320402823097
9630.0 -0.01478718462570 24.99359880724208 -163.90488992859113 350045.16331754624844 12.47480295389717 306.31980982849126
9660.0 -0.01492503318510 24.98973002358570 -163.83837435716032 349951.19384518824518 12.58574012298172 306.49618344331674
9690.0 -0.01705416259945 24.98714675772307 -163.77471025125865 349991.12701814249158 12.69709206494466 306.67248799835858
9720.0 -0.01176957583229 24.98422931344444 -163.71122443940163 350020.17882286850363 12.80863400584626 306.84854210309959
9750.0 -0.01613851652954 24.98098397560338 -163.64790396448478 350039.72905011475086 12.92045093545821 307.02441211096630
9780.0 -0.01563440694204 24.97659155989898 -163.58341066674936 349978.93212836701423 13.03256927744212 307.20011757323618
9810.0 -0.01412912572925 24.97270071298506 -163.52040057038346 349982.06836537178606 13.14511344066570 307.37575654778527
9840.0 -0.01578131342881 24.96931122475722 -163.45890334697901 350045.68077609129250 13.25784935308738 307.55114004766705
9870.0 -0.01693241242585 24.96477485322348 -163.39624691803181 350028.32192626502365 13.37086958057552 307.72634061963777
9900.0 -0.01422672655133 24.95992014862096 -163.33375960425701 350001.77076722588390 13.48420220197056 307.90137921850550
9930.0 -0.01832198050745 24.95475129002279 -163.27143390820191 349966.85198218654841 13.59790251718539 308.07629866303421
9960.0 -0.01615964617797 24.95010532210842 -163.21060603743464 349993.30508471466601 13.71182325285417 308.25097936696142
9990.0 -0.01058929740298 24.94515772900398 -163.14992428800346 350012.55710268020630 13.82617295174278 308.42558707629075
10020.0 -0.01470568100754 24.93989941451717 -163.08942964423483 350020.91339563019574 13.94072393899472 308.59993767770686
10050.0 -0.01320241135429 24.93433602424224 -163.02910913381527 350019.70177898276597 14.05556266665806 308.77409901773626
10080.0 -0.01347106919655 24.92847029363775 -162.96896019090471 350009.27537446655333 14.17071520786118 308.94809055462292
10110.0 -0.01369343634968 24.92230912094737 -162.90896352733742 349991.52080480847508 14.28630674646070 309.12201140004993
10140.0 -0.01459902343996 24.91670581339597 -162.85044237772954 350035.87717960402369 14.40210202466285 309.29567117423846
10170.0 -0.01433841656342 24.90994534043378 -162.79081522571209 349997.55881875287741 14.51819366283283 309.46914281776742
10200.0 -0.01497534462957 24.90375735693980 -162.73263758928940 350023.45846743416041 14.63460964775315 309.64244740947612
10230.0 -0.01485962913462 24.89641245037460 -162.67335270479188 349967.50474180839956 14.75140591501885 309.81562855132387
10260.0 -0.01365319097612 24.88964563168808 -162.61552722327005 349974.57272851094604 14.86843365408177 309.98856517364209
10290.0 -0.01567767438244 24.88259850211420 -162.55785540890159 349974.28861877415329 14.98590398801863 310.16142576972891
10320.0 -0.01523393758279 24.87526377765451 -162.50037731883387 349963.11025700718164 15.10358627398224 310.33402337404931
10350.0 -0.01292671068985 24.86852967583610 -162.44432910400008 350016.70545061677694 15.22156845492765 310.50642738730073
10380.0 -0.01357470706104 24.86063526991330 -162.38720530260119 349986.79757173452526 15.33987624977235 310.67865718389243
10410.0 -0.01446217947845 24.85335576993753 -162.33148048847411 350024.14527030196041 15.45863564104083 310.85081299957329
10440.0 -0.01217105215319 24.84490930770415 -162.27471093011221 349975.87517648097128 15.57761014305345 311.02270295175674
10470.0 -0.01267113389407 24.83708164840970 -162.21935779135168 349992.98843506351113 15.69689244290051 311.19440042035933
10500.0 -0.01234512533081 24.82898626590125 -162.16417836987296 350001.08648233022541 15.81651043379560 311.36592662203861
10530.0 -0.01224047932278 24.82062648354142 -162.10916511679457 350000.92492901347578 15.93652070168531 311.53732598359250
10560.0 -0.01345798578631 24.81199906847846 -162.05434391461716 349990.27859786059707 16.05677285997601 311.70847586554726
10590.0 -0.01424785856352 24.80401797135385 -162.00089327685757 350048.01083987858146 16.17748067076586 311.87954765310604
10620.0 -0.01384034520021 24.79486884165385 -161.94642473342989 350019.20115907676518 16.29841045778716 312.05035138064920
10650.0 -0.01591916198822 24.78545909117506 -161.89214151549317 349980.74846989288926 16.41965168349232 312.22095807242999
10680.0 -0.01572295338239 24.77670478453363 -161.83923818177297 350009.37827983126044 16.54122970844631 312.39138702973014
10710.0 -0.01302833935856 24.76770246915416 -161.78648945803863 350030.75711808726192 16.66327133648473 312.56173969270793
10740.0 -0.01272446385974 24.75844709321686 -161.73393450653921 350041.50911157112569 16.78553881485766 312.73182254947079
10770.0 -0.01374073163670 24.74894283411808 -161.68155998864310 350042.88197966013104 16.90812490854736 312.90170947140774
10800.0 -0.01389970984453 24.73919198242592 -161.62936292796479 350035.20567558426410 17.03105741537000 313.07142182896280
10830.0 -0.01452154530465 24.72919750911949 -161.57733572038026 350019.21128578763455 17.15439414086079 313.24100538833238
10860.0 -0.01074022700886 24.71895718428797 -161.52550364478827 349992.75507172103971 17.27798197873682 313.41033490743973
10890.0 -0.01224551176729 24.70847778668898 -161.47383428346632 349958.72378107439727 17.40203793856135 313.57958529435189
10920.0 -0.01467750617316 24.69868897523333 -161.42352440749298 349991.85289792064577 17.52632524720360 313.74856341514413
10950.0 -0.01125440030350 24.68866563231522 -161.37339283028845 350015.73676811903715 17.65093491499087 313.91734199641382
10980.0 -0.01344188621864 24.67747155771215 -161.32228803970239 349952.26700117811561 17.77589193956825 314.08594027879616
11010.0 -0.01242260228423 24.66792573834241 -161.27363861611866 350038.24303935654461 17.90132396721177 314.25446099818487
11040.0 -0.01324266145537 24.65626703675701 -161.22289643215126 349956.48455724027008 18.02699194228921 314.42270886901673
11070.0 -0.01334126569347 24.64626579843733 -161.17461503092733 350022.95752361975610 18.15298871755729 314.59075831354136
11100.0 -0.01502263400719 24.63509559293212 -161.12537379203778 350001.57698938809335 18.27934199316661 314.75863087439558
11130.0 -0.01513835068402 24.62370183134643 -161.07630442632288 349971.83195072878152 18.40610969868783 314.92637277592053
11160.0 -0.01361394783670 24.61303492281953 -161.02855100786581 350011.31495107430965 18.53313818526378 315.09385793046476
11190.0 -0.01409089073336 24.60215284917973 -160.98095229349906 350043.57435121387243 18.66064666267233 315.26126402152636
11220.0 -0.01471574353281 24.59009730298925 -160.93243553784475 349985.45315521117300 18.78839519977959 315.42839455609550
11250.0 -0.01455776637723 24.57878089308920 -160.88521262957465 349997.96879645716399 18.91647638250859 315.59532405234290
11280.0 -0.01492201584578 24.56725183396446 -160.83816622590905 350001.54893583524972 19.04491484065778 315.76207170484253
11310.0 -0.01530739023524 24.55551343052713 -160.79127849007679 349997.73964585643262 19.17383908231872 315.92874164879822
11340.0 -0.01468857684196 24.54356375788332 -160.74458605708497 349983.49320480134338 19.30300871670705 316.09513666099087
11370.0 -0.01573502746721 24.53237144727784 -160.69916153576051 350041.03654813114554 19.43251669283379 316.26133178200780
11400.0 -0.01501156688402 24.52000888363423 -160.65282638333809 350008.65296665485948 19.56239061051436 316.42734874796690
11430.0 -0.01338554127740 24.50744204912049 -160.60666338139157 349967.90012848749757 19.69268909148991 316.59323476915233
11460.0 -0.01458594121161 24.49564200211588 -160.56176668641697 349998.60097919683903 19.82325680432038 316.75886185168548
11490.0 -0.01421968491103 24.48364505255219 -160.51702474612844 350022.06564969290048 19.95431576323986 316.92441113197219
11520.0 -0.01450745966028 24.47047517842662 -160.47141309435594 349953.11383471451700 20.08562282071040 317.08968254216757
11550.0 -0.01376688900213 24.45905960797339 -160.42810093073729 350039.44918488804251 20.21727216528554 317.25475249326882
11580.0 -0.01377997359424 24.44549704430917 -160.38285311729916 349952.05790590401739 20.34928805318694 317.41964015045301
11610.0 -0.01356263297622 24.43369996085100 -160.33986504300970 350022.55394893325865 20.48179987176520 317.58445116560375
11640.0 -0.01420760846245 24.42073277284255 -160.29601990882193 350000.10277847759426 20.61456586677031 317.74898619244664
11670.0 -0.01355760289547 24.40757616770643 -160.25235606687392 349968.40594211220741 20.74767909030861 317.91332096636813
11700.0 -0.01126848476599 24.39521676589563 -160.20990143450143 350011.28203498013318 20.88116703843426 318.07747744134048
11730.0 -0.00864631643295 24.38267463599470 -160.16760778924439 350046.27158465981483 21.01508903779460 318.24150388221983
11760.0 -0.00239879185450 24.36896230659536 -160.12447707225164 349987.52376680169255 21.14928804278412 318.40527024644086
11790.0 0.00200234797811 24.35605688512606 -160.08252563850547 350005.33543382585049 21.28398892205183 318.56896136150618
11820.0 -0.00757370253288 24.34297211696046 -160.04076274476995 350013.08605374954641 21.41894525649020 318.73237334126856
11850.0 -0.00902163184278 24.32970999093596 -159.99917583464816 350011.82676394656301 21.55425286315760 318.89558460429419
11880.0 -0.01048062709397 24.31627206981744 -159.95776242327727 350001.78281265217811 21.68993561829166 319.05861430561197
11910.0 -0.01196477984022 24.30266015131312 -159.91650549445208 349984.35161315184087 21.82612380369692 319.22156974664802
11940.0 -0.01099580498652 24.28987149299413 -159.87643033385544 350042.17507300805300 21.96257427751279 319.38424924899920
11970.0 -0.01200401943400 24.27591618941736 -159.83553768860128 350005.70640879776329 22.09938019998508 319.54672932943458
12000.0 -0.01186415931505 24.26179092958190 -159.79482068719506 349960.35932819545269 22.23656895920817 319.70903218780745
12030.0 -0.01263893594059 24.24849759619586 -159.75524819383239 349992.82931832130998 22.37420059834864 319.87120722125320
12060.0 -0.01261579473261 24.23503963511761 -159.71585624243551 350015.73318774811924 22.51211632869482 320.03312217841562
12090.0 -0.01279188065166 24.22141849323958 -159.67661494877962 350031.48163863364607 22.65054391953396 320.19496584698618
12120.0 -0.01249303523359 24.20763560634335 -159.63755853142553 350037.35294360108674 22.78923362883181 320.35653024819430
12150.0 -0.01370551279826 24.19369242046556 -159.59867457886233 350034.35714143607765 22.92828292661052 320.51789593835701
12180.0 -0.01316518213818 24.17959033404441 -159.55996065071352 350022.70309243164957 23.06771530184429 320.67908208451428
12210.0 -0.01384638106074 24.16533044989217 -159.52140015112892 350003.71899777278304 23.20766194309580 320.84019778775075
12240.0 -0.01399630725060 24.15091469324169 -159.48302605286548 349974.79981927946210 23.34787830174460 321.00103880268040
12270.0 -0.01522085771820 24.13735363251585 -159.44576297959588 350024.89842274319381 23.48845764899181 321.16168252529866
12300.0 -0.01561428307338 24.12263102840707 -159.40773036040778 349978.47760137077421 23.62942725988653 321.32215143362470
12330.0 -0.01504175327795 24.10876753737041 -159.37078863665144 350012.38235088530928 23.77084790458210 321.48249614539014
12360.0 -0.01525003715047 24.09475588136058 -159.33402295387967 350036.92236163746566 23.91255902496884 321.64258202048723
12390.0 -0.01568673230982 24.07958334478367 -159.29648767567602 349965.41179539170116 24.05479133282525 321.80260211093980
12420.0 -0.01591916198822 24.06527768885017 -159.26005386266991 349972.98343850113451 24.19729171639966 321.96234403665846
12450.0 -0.01874458647679 24.05082770415920 -159.22378787556721 349971.86389275267720 24.34015932101359 322.12189063926860
12480.0 -0.01289048725352 24.03623463061890 -159.18768732602567 349962.24678759556264 24.48341724036862 322.28126112361110
12510.0 -0.01622504904658 24.02251516825736 -159.15263256172744 350035.37327617965639 24.62719757896915 322.44056656029778
12540.0 -0.01479020314691 24.00764056034834 -159.11685738574826 350009.06380976922810 24.77125436744629 322.59959987324874
12570.0 -0.01440885069466 23.99262708122575 -159.08125191877966 349973.94002429768443 24.91568098836589 322.75843944841182
12600.0 -0.01448733224599 23.97849458255162 -159.04669953447959 350020.59929165709764 25.06046740500958 322.91707667496257
12630.0 -0.01397719034360 23.96320729464962 -159.01141655158690 349969.03206982836127 25.20574163231252 323.07561961104091
12660.0 -0.01467750735504 23.94880460353416 -158.97717308064361 350000.03469545766711 25.35141359614207 323.23399225380723
12690.0 -0.01373267948910 23.93427039486973 -158.94310052492062 350021.88125210627913 25.49738228880626 323.39210904991666
12720.0 -0.01254133748227 23.91960376997954 -158.90917041037932 350036.76118965260684 25.64388154700590 323.55016801081479
12750.0 -0.01258761753447 23.90480851748912 -158.87541494735800 350042.20472840219736 25.79065467136900 323.70795165353752
12780.0 -0.01233003154290 23.88988500813180 -158.84182209256898 350039.13843783549964 25.93780256120280 323.86554543331175
12810.0 -0.01257655277507 23.87483432189070 -158.80838951456860 350027.74086874350905 26.08534791304105 324.02296867210845
12840.0 -0.01202112596333 23.85965623022179 -158.77510151549322 350009.20434479974210 26.23342383229908 324.18033481923948
12870.0 -0.01266308647399 23.84435484264820 -158.74198865635191 349981.20134843885899 26.38178275068616 324.33743331897722
12900.0 -0.01308770282099 23.82995387029662 -158.70987203255319 350037.84301553573459 26.53051821337714 324.49434382827445
12930.0 -0.01256145898717 23.81440831119438 -158.67708416552634 349992.71149168908596 26.67961983341448 324.65105757678134
12960.0 -0.01279087487188 23.79976492394244 -158.64526924415333 350033.75020356848836 26.82921678634612 324.80768516846132
12990.0 -0.01335535251972 23.78397831609401 -158.61278923097393 349972.77163812704384 26.97921826812596 324.96414933690522
13020.0 -0.01325171465522 23.76909956387588 -158.58129619270287 349996.67207914683968 27.12952184076763 325.12036249630887
13050.0 -0.01366929054380 23.75410258086405 -158.54994018380370 350013.73995011113584 27.28036449990905 325.27652808993622
13080.0 -0.01300922008779 23.73899226130875 -158.51875238416312 350021.63135747238994 27.43148591793773 325.43242305813538
13110.0 -0.01416836768679 23.72376844833956 -158.48772097095519 350021.23068688530475 27.58298876730932 325.58813570056680
13140.0 -0.01366727780237 23.70843206878293 -158.45684367711095 350012.70253047719598 27.73489533593133 325.74368550111217
13170.0 -0.01427401829271 23.69298226180912 -158.42610527760232 349997.17275605164468 27.88733973188256 325.89918855561410
13200.0 -0.01349219884498 23.67742413676504 -158.39553512945329 349972.44955924246460 28.04007278457686 326.05443042028560
13230.0 -0.01429615490280 23.66278301083247 -158.36590063982379 350035.46278239414096 28.19318819590251 326.20949219959499
13260.0 -0.01360992353572 23.64700939774687 -158.33564238194015 349994.06794978212565 28.34667521864830 326.36436495778207
13290.0 -0.01448431727042 23.63215325076681 -158.30629690882378 350041.89215626288205 28.50066419480286 326.51916212543074
13320.0 -0.01376185892137 23.61616636148167 -158.27633367651794 349985.03996852133423 28.65506358407400 326.67380503053403
13350.0 -0.01429011904227 23.60110264226522 -158.24729642356374 350016.22768274974078 28.80976950371044 326.82820386072780
13380.0 -0.01236826653879 23.58593354484903 -158.21838991957983 350040.75585261546075 28.96502213239763 326.98256803377012
13410.0 -0.01305248752819 23.56963991621797 -158.18889556080057 349958.66470535937697 29.12055748314245 327.13666837356851
13440.0 -0.01214187153904 23.55427141024143 -158.16030417989319 349966.00458405818790 29.27648001594553 327.29059629117518
13470.0 -0.01245077593673 23.53880358880801 -158.13185993362069 349965.45720574166626 29.43281159700607 327.44437148579215
13500.0 -0.01171725401015 23.52323499834314 -158.10354806895538 349958.08493263274431 29.58968733220096 327.59811300825459
13530.0 -0.01178265451500 23.50859586790368 -158.07612618158581 350040.63285940419883 29.74685645523479 327.75160206361966
13560.0 -0.01140834843058 23.49283689623329 -158.04812038291735 350016.49215605948120 29.90441281400678 327.90492140751098
13590.0 -0.01150091917191 23.47698398228848 -158.02026633519577 349984.08909383695573 30.06234529069289 328.05806193496801
13620.0 -0.01073821544931 23.46205886200390 -157.99326476094257 350044.05204401910305 30.22078539298505 328.21114022709770
13650.0 -0.01033171022953 23.44601770777848 -157.96569139811115 349996.65530490130186 30.37964084130247 328.36407604747245
13680.0 -0.01074827797458 23.43091000680348 -157.93898293998083 350040.55164332315326 30.53880629727400 328.51677713759926
13710.0 -0.01032969630622 23.41468641133748 -157.91169774027517 349977.57112996745855 30.69852513513327 328.66945951509143
13740.0 -0.00972396159566 23.39939829315859 -157.88527081253434 350006.18949248176068 30.85852968843020 328.82188727165118
13770.0 -0.01095354450777 23.38402203944824 -157.85898549769752 350027.05574255436659 31.01892621352887 328.97415523977401
13800.0 -0.00988897802778 23.36855829117032 -157.83283967565015 350040.30951603502035 31.17973613996607 329.12628339815387
13830.0 -0.01061244097472 23.35300503828969 -157.80681905673589 350046.95275599509478 31.34109555900905 329.27839410938162
13860.0 -0.01017373425583 23.33736912232648 -157.78095072837831 350045.04665166884661 31.50275212624086 329.43026370138352
13890.0 -0.01077041576654 23.32164954711655 -157.75522479439329 350035.28314907848835 31.66479981956968 329.58197681715262
13920.0 -0.01040616747987 23.30584771471513 -157.72964259504749 350017.55504573136568 31.82722713969931 329.73352418198670
13950.0 -0.01047962131420 23.28996157232570 -157.70419035307160 349992.81965657696128 31.99016675176676 329.88502590287032
13980.0 -0.00990105447636 23.27399441085364 -157.67887803423000 349960.35781326796860 32.15352563722727 330.03640000127876
14010.0 -0.01122521850747 23.25896600665167 -157.65436977215975 350022.51824201177806 32.31719699575019 330.18755152443043
14040.0 -0.00980445707029 23.24283859270284 -157.62932954468482 349975.04520169924945 32.48142739586898 330.33870381309475
14070.0 -0.01062350927977 23.22765124112026 -157.60508669935493 350022.52272947598249 32.64594548463307 330.48961352296612
14100.0 -0.00975515258748 23.21137263759197 -157.58033846052351 349958.59037913847715 32.81085931684866 330.64037926967461
14130.0 -0.00979338994712 23.19603147078746 -157.55636501985583 349991.05098631046712 32.97618986810777 330.79102138902874
14160.0 -0.00961026238777 23.18061071833632 -157.53250907783595 350017.14887484349310 33.14207419400989 330.94166597006944
14190.0 -0.00987690394296 23.16511796676243 -157.50879665178752 350035.06359037291259 33.30825840232514 331.09208386533413
14220.0 -0.00897937018216 23.14955184677580 -157.48521820694262 350045.44342774059623 33.47483657867087 331.24236188053351
14250.0 -0.00929129428293 23.13391372669890 -157.46177500995205 350048.18686564825475 33.64179683101372 331.39249057583959
14280.0 -0.00874492421669 23.11820104861706 -157.43845370629526 350044.19703252892941 33.80927296464779 331.54259402111245
14310.0 -0.00909307057192 23.10241732696590 -157.41526385137195 350032.79852170497179 33.97717122650729 331.69258829752005
14340.0 -0.00841891447154 23.08656657191575 -157.39221628354917 350013.23391270078719 34.14538335308130 331.84237547725184
14370.0 -0.00887573231766 23.07064295410502 -157.36928623092885 349987.18120991811156 34.31415908957386 331.99218706446925
14400.0 -0.00861311151782 23.05465510685911 -157.34650103597605 349952.75614959653467 34.48322340489691 332.14177147252104
14430.0 -0.00800838258703 23.03960383809118 -157.32443740311976 350017.69562921114266 34.65268614627744 332.29123152435170
14460.0 -0.00936776427471 23.02348288968958 -157.30191357642278 349968.37550173327327 34.82256781569289 332.44058800803242
14490.0 -0.00849739838663 23.00829366478927 -157.28008674958338 350019.97953561786562 34.99300640165715 332.58997122356692
14520.0 -0.00849337408565 22.99204243385735 -157.25782051653957 349955.95051812101156 35.16374650894317 332.73914586602314
14550.0 -0.00947241028273 22.97672714459079 -157.23625789730795 349992.29897321388125 35.33488230164156 332.88820122727799
14580.0 -0.00865738473799 22.96134869319684 -157.21482169841116 350021.36599966883659 35.50640148282115 333.03712771431731
14610.0 -0.00930336600399 22.94590404779962 -157.19349898487513 350044.00237580854446 35.67843897039424 333.18605387206111
14640.0 -0.00933355594356 22.92940286800938 -157.17174334023974 349950.62464241869748 35.85090028559740 333.33489362035317
14670.0 -0.00815327633237 22.91383887703764 -157.15068093104207 349958.14071577508003 36.02367570664924 333.48354573873019
14700.0 -0.00818849398893 22.89821002493769 -157.12972757710207 349959.46422617416829 36.19701811862337 333.63225087626654
14730.0 -0.00914237387285 22.88252569440445 -157.10890974725731 349952.81647654902190 36.37064883855930 333.78074827717319
14760.0 -0.00780613575692 22.86777193522235 -157.08875432195234 350048.94850843958557 36.54467949046392 333.92914547240468
14790.0 -0.00840180912409 22.85197071717953 -157.06817989262771 350028.12613393180072 36.71913007995734 334.07746381993866
14820.0 -0.00763105561765 22.83610853635413 -157.04771551551445 350000.96624773461372 36.89413948546141 334.22583840114459
14850.0 -0.00806774959511 22.82019434005018 -157.02738518309908 349965.86974995676428 37.06945086999078 334.37402697358294
14880.0 -0.00803051919712 22.80520857665611 -157.00769962870910 350034.57378774788231 37.24515843857204 334.52212169799759
14910.0 -0.00764212392269 22.78918622478745 -156.98761632333120 349984.92516137193888 37.42124947666568 334.67011285153950
14940.0 -0.00812107719702 22.77408705756892 -156.96815747723778 350040.34226248133928 37.59785997470065 334.81813405827279
14970.0 -0.00704444017784 22.75795497726369 -156.94830602177876 349977.05875709932297 37.77489474240074 334.96609683123972
15000.0 -0.00851852685318 22.74275128572586 -156.92908903580411 350018.12988653965294 37.95224261167518 335.11389629772259
15030.0 -0.00723561870291 22.72700220312442 -156.90972374206029 349997.04863587301224 38.13015954758177 335.26178340514514
15060.0 -0.00754854621970 22.71120663566327 -156.89048889747775 349968.13960104063153 38.30836326300984 335.40948715999269
15090.0 -0.00780311723571 22.69584719772997 -156.87161843681056 349988.61398772150278 38.48696713135904 335.55712039640906
15120.0 -0.00795002135873 22.68043699911376 -156.85286183272697 350002.29226571414620 38.66599063598519 335.70470519003754
15150.0 -0.00729095904625 22.66497221746308 -156.83420656459603 350009.95709162577987 38.84557348792192 335.85238207970974
15180.0 -0.00798423441739 22.64946234815525 -156.81567569443504 350010.11307886242867 39.02545748899853 335.99990099096311
15210.0 -0.00740465943602 22.63390512713894 -156.79726069583822 350003.28975263144821 39.20573683794576 336.14735741039777
15240.0 -0.00754452310061 22.61830187953959 -156.77896264128393 349989.40182517841458 39.38639838885539 336.29474152515826
15270.0 -0.00743887131280 22.60264878612528 -156.76076937902235 349969.20127257145941 39.56757915017864 336.44219275728545
15300.0 -0.00704846329694 22.58742885969737 -156.74291846054652 349999.65714162122458 39.74918324002710 336.58961994105124
15330.0 -0.00646989527722 22.57216600526999 -156.72518620742781 350022.88967333827168 39.93109806418581 336.73691414435422
15360.0 -0.00652121250146 22.55637515234258 -156.70732510486474 349982.50881569273770 40.11358258069293 336.88433797871511
15390.0 -0.00644775984902 22.54102190875770 -156.68981177623368 349992.39876648504287 40.29635097096678 337.03160897561116
15420.0 -0.00666207958207 22.52562519623316 -156.67240910630852 349995.51806825958192 40.47951831644669 337.17884598613097
15450.0 -0.00653932481057 22.51018517323798 -156.65511536386762 349991.95699667651206 40.66310354820234 337.32607199134014
15480.0 -0.00690055103040 22.49469765607970 -156.63791843701171 349982.44851823151112 40.84724713605951 337.47343379658270
15510.0 -0.00626966237042 22.47964442489423 -156.62105468844243 350024.08501981291920 41.03168962327459 337.62067246563140
15540.0 -0.00734026234718 22.46407839520933 -156.60408539031252 350000.52123596053571 41.21652514381522 337.76788736264569
15570.0 -0.00665302401845 22.44847369683685 -156.58722787698383 349970.02783875912428 41.40174010534311 337.91506864901896
15600.0 -0.00707965665253 22.43329465489276 -156.57067827282978 349992.20890172757208 41.58747246210280 338.06236240766799
15630.0 -0.00649404462874 22.41807482963426 -156.55423258158578 350007.92155084107071 41.77362566737720 338.20967449503632
15660.0 -0.00734126812696 22.40281917129462 -156.53790023586799 350016.57251343317330 41.96008573085639 338.35689145936027
15690.0 -0.00706858834748 22.38751886902708 -156.52165920256505 350019.48756955098361 42.14711448335056 338.50428920627530
15720.0 -0.00732416396138 22.37218531582861 -156.50553352080053 350015.18503480963409 42.33442267747468 338.65157235395401
15750.0 -0.00690960659401 22.35681501410320 -156.48951328617272 350004.25114915147424 42.52212704415629 338.79886663459428
15780.0 -0.00723461174126 22.34140805820861 -156.47359684195885 349986.76824654731899 42.71024592739911 338.94619617716819
15810.0 -0.00703940773333 22.32595992799453 -156.45777247222196 349963.42133529949933 42.89892046181396 339.09371503129910
15840.0 -0.00805869284961 22.31094036722633 -156.44225282925601 349992.90031144116074 43.08789006072553 339.24115420964154
15870.0 -0.00714606530091 22.29588497912376 -156.42683457038655 350015.94575235527009 43.27724872090972 339.38861762749013
15900.0 -0.00695287521629 22.28033824820766 -156.41133140632380 349972.22150757163763 43.46698238678812 339.53609552104325
15930.0 -0.00721851099170 22.26566599735690 -156.39629378016932 350043.16833313927054 43.65722986541883 339.68374168190303
15960.0 -0.00735636309674 22.25004796341342 -156.38098440715314 349986.99152473174036 43.84789397911922 339.83145866246213
15990.0 -0.00690960541213 22.23530896786208 -156.36614937138248 350044.98873170185834 44.03885938288916 339.97912797209233
16020.0 -0.00647090223888 22.21962495350294 -156.35103837495313 349976.01134946662933 44.23039062031796 340.12704077518686
16050.0 -0.00739057379165 22.20481743948473 -156.33639555693313 350021.60216870158911 44.42219515324432 340.27488709670769
16080.0 -0.00630487766322 22.18952736362206 -156.32167362624207 349999.91370778344572 44.61439128242748 340.42280060815659
16110.0 -0.00601710291396 22.17420650955399 -156.30705020666920 349971.82084638532251 44.80699672391773 340.57080690455558
16140.0 -0.00612678136651 22.15929655685214 -156.29268520574922 349999.29780721198767 45.00015315886597 340.71906847583028
16170.0 -0.00587824621103 22.14435925112072 -156.27842391499939 350020.06860761065036 45.19359902916585 340.86730490417682
16200.0 -0.00589233540104 22.12939162326203 -156.26425873793744 350034.55829080939293 45.38742810544347 341.01562549034207
16230.0 -0.00488210584837 22.11439493796358 -156.25019062288851 350042.69606512039900 45.58162584962781 341.16402070028772
16260.0 -0.00561361503351 22.09936433841839 -156.23620852950808 350045.09700620826334 45.77633180219448 341.31265332133154
16290.0 -0.00570216147386 22.08430435751589 -156.22231993602693 350041.31304580811411 45.97144819706973 341.46142225280835
16320.0 -0.00490826675943 22.06922033887290 -156.20853366260570 350030.82605063449591 46.16685838885757 341.61020338215445
16350.0 -0.00510447654714 22.05410226669270 -156.19482891334235 350014.79946891404688 46.36282942519513 341.75930552666154
16380.0 -0.00522521975908 22.03896267015967 -156.18122826486064 349991.93676034267992 46.55906565722189 341.90840214655759
16410.0 -0.00464665292124 22.02379742753115 -156.16772227264340 349962.75714307837188 46.75568684971699 342.05763616555299
16440.0 -0.00471205578985 22.00903906913423 -156.15446121726143 349989.98651259392500 46.95271004177303 342.20703506939657
16470.0 -0.00484588241203 21.99424699671773 -156.14127852997746 350011.82179630454630 47.15027731280212 342.35677127110046
16500.0 -0.00442428104059 21.97900290194519 -156.12804596363353 349964.22443790640682 47.34812632707619 342.50655131763801
16530.0 -0.00455408217991 21.96459244208958 -156.11520013477411 350036.34622744005173 47.54635051911271 342.65649094443376
16560.0 -0.00482676550503 21.94930144011840 -156.10215382990197 349976.18272747471929 47.74493484512458 342.80658108411552
16590.0 -0.00438604486283 21.93483420507581 -156.08947691469379 350036.76435024570674 47.94401942736830 342.95699512392963
16620.0 -0.00391011129158 21.91949195405433 -156.07660355376223 349964.69901625625789 48.14350596289461 343.10762794703260
16650.0 -0.00430253086699 21.90497757425609 -156.06410780370362 350012.99929137621075 48.34327657525784 343.25834917052089
16680.0 -0.00452188304456 21.89000974810064 -156.05154813390479 349992.43492965307087 48.54360054652629 343.40948821879243
16710.0 -0.00422505391356 21.87502509861671 -156.03908688019999 349965.23705426696688 48.74417934779210 343.56069966298907
16740.0 -0.00486198197971 21.86043659367087 -156.02684783949610 349995.84361736942083 48.94513406847823 343.71213733201273
16770.0 -0.00287573120552 21.84582362555625 -156.01469288436780 350020.61902128439397 49.14648101130481 343.86383118097092
16800.0 -0.00337984197490 21.83118076438250 -156.00261142574101 350040.11203784402460 49.34836246723065 344.01596541222796
16830.0 -0.00355290819086 21.81610706776383 -155.99049494008912 349988.95578861143440 49.55051555834333 344.16823166563370
16860.0 -0.00403588812992 21.80142600950147 -155.97859324436712 349996.05333997216076 49.75303324632849 344.32075345458838
16890.0 -0.00388596194007 21.78672463420035 -155.96677787513627 349997.13632755447179 49.95589995240308 344.47352254100252
16920.0 -0.00275800651477 21.77199752287972 -155.95503846447630 349992.73472288250923 50.15925618744075 344.62672494369582
16950.0 -0.00335468566172 21.75765549709169 -155.94350223055741 350047.30298345349729 50.36300317253779 344.78025117197922
16980.0 -0.00326110914062 21.74289045171915 -155.93193506903125 350030.84429784677923 50.56702188649628 344.93396386378078
17010.0 -0.00297534831467 21.72809901487958 -155.92043942583248 350009.07830230519176 50.77158349927412 345.08821674929845
17040.0 -0.00300553352672 21.71329470201587 -155.90903655034984 349980.88505634479225 50.97638689318386 345.24264275820889
17070.0 -0.00350159214850 21.69887217656535 -155.89783062325193 350012.05301858484745 51.18155429974842 345.39740874232854
17100.0 -0.00326513344160 21.68442856389761 -155.88670358099236 350037.54878076259047 51.38710121040224 345.55254793014933
17130.0 -0.00303571873876 21.66956226111235 -155.87553550738778 349992.29655674286187 51.59316989213372 345.70825870543700
17160.0 -0.00359718259291 21.65507881260017 -155.86456579015245 350006.38683254085481 51.79949720886847 345.86421561414465
17190.0 -0.00303270021756 21.64057708956136 -155.85367622672911 350014.69331205822527 52.00617547748414 346.02055170262332
17220.0 -0.00332852475066 21.62566761651588 -155.84276321646109 349951.21075405739248 52.21318854498770 346.17726012020483
17250.0 -0.00222874179598 21.61151684659469 -155.83213007878953 350014.27197426930070 52.42067706362495 346.33454213875797
17280.0 -0.00328525967402 21.59695750917932 -155.82147011491372 350005.68082207720727 52.62854184841395 346.49228357989648
17310.0 -0.00334965439909 21.58238613885323 -155.81089580511446 349990.97278457134962 52.83666283811505 346.65033935165451
17340.0 -0.00305986927216 21.56817476111777 -155.80048565279387 350037.51019447483122 53.04531264466275 346.80909219904396
17370.0 -0.00321583014067 21.55356834524398 -155.79006338918541 350011.51633648667485 53.25418792592060 346.96815013994035
17400.0 -0.00318564256486 21.53894732520338 -155.77971952954937 349979.72314236685634 53.46341181532750 347.12769581627873
17430.0 -0.00295421748436 21.52468970105047 -155.76954533075499 350008.96743836533278 53.67299889594276 347.28776687396766
17460.0 -0.00330236383959 21.51040776750883 -155.75943496362225 350033.16268486715853 53.88309110975155 347.44857900632292
17490.0 -0.00307395609841 21.49573931881236 -155.74931686663732 349984.41481843404472 54.09342540408084 347.60978711494784
17520.0 -0.00294415377721 21.48143150797689 -155.73936458393283 349996.95838967058808 54.30409323081827 347.77153612518242
17550.0 -0.00258594489671 21.46710924708226 -155.72948807819495 350003.83374597318470 54.51507780711417 347.93382144207936
17580.0 -0.00341707237289 21.45276662553011 -155.71967760168695 350005.48929468169808 54.72651960676273 348.09686304648176
17610.0 -0.00365855997866 21.43840858429860 -155.70993959071652 350001.60266503877938 54.93831911487930 348.26054187483027
17640.0 -0.00257689051497 21.42404108721402 -155.70028183439544 349991.79490707255900 55.15035535404777 348.42470435921780
17670.0 -0.00238067954539 21.41001526499064 -155.69076512477685 350044.64298616815358 55.36290180042516 348.58976837194359
17700.0 -0.00291497434494 21.39561725903053 -155.68124915289036 350023.86950589902699 55.57565334020899 348.75531312776712
17730.0 -0.00272681434107 21.38120693293186 -155.67180632843574 349997.46878548618406 55.78873368936711 348.92154075816671
17760.0 -0.00265939873103 21.36678410029706 -155.66243543260671 349965.48360904771835 56.00215639178221 349.08849499614774
17790.0 -0.00208485737605 21.35269808553491 -155.65319981350507 349996.51283045392483 56.21606267315779 349.25641303192492
17820.0 -0.00301961917109 21.33860208807172 -155.64404033670058 350021.81622158084065 56.43018997327744 349.42492716746750
17850.0 -0.00202347762654 21.32414086213366 -155.63488090160283 349973.26976151205599 56.64462859065433 349.59419742661925
17880.0 -0.00267046585420 21.31002057606696 -155.62586352057380 349987.51070052757859 56.85936102915483 349.76422284142285
17910.0 -0.00166426296627 21.29588163911181 -155.61690734812328 349996.66058359667659 57.07452716253052 349.93524677016075
17940.0 -0.00267449251894 21.28172906814643 -155.60801859960699 350000.42588362004608 57.29002722326778 350.10714532205657
17970.0 -0.00192185132160 21.26756895593167 -155.59920484504107 349998.46049686800689 57.50573945874942 350.27975581321687
18000.0 -0.00192386169927 21.25338874201659 -155.59044783157188 349991.54949545953423 57.72193942590683 350.45354346123236
18030.0 -0.00220157628702 21.23920339189095 -155.58176739143192 349978.81892645545304 57.93831685885206 350.62804590292330
18060.0 -0.00177393905505 21.22534478174046 -155.57321397412221 350029.79341745004058 58.15499758995124 350.80349389065447
18090.0 -0.00154854983508 21.21113581498043 -155.56466691667075 350006.28615584690124 58.37199393892031 350.97993974918023
18120.0 -0.00224081706268 21.19690964618907 -155.55617741529701 349977.73876945581287 58.58944589593341 351.15764792522236
18150.0 -0.00165721896220 21.18301029147062 -155.54781636917900 350012.92278350330889 58.80709187962836 351.33622475047594
18180.0 -0.00173872258037 21.16909850307539 -155.53952023543891 350042.81259576790035 59.02502064605538 351.51584989906473
18210.0 -0.00222572445666 21.15484841357332 -155.53123831639900 349997.66642630286515 59.24321385394743 351.69652823713557
18240.0 -0.00097702345566 21.14090992842864 -155.52306591222575 350017.14186127576977 59.46181020868141 351.87853298923795
18270.0 -0.00195203653365 21.12663609634604 -155.51490749055168 349961.47753620985895 59.68070975507912 352.06173601278363
18300.0 -0.00137548243723 21.11268099520315 -155.50686898972037 349970.06522487010807 59.89979011559311 352.24596518510884
18330.0 -0.00128794295854 21.09870677553323 -155.49888276487141 349973.81248572189361 60.11932396562969 352.43173592166625
18360.0 -0.00154955443297 21.08472857107383 -155.49096780635773 349971.93329512141645 60.33900445437001 352.61855515674199
18390.0 -0.00131108416652 21.07074071249835 -155.48311591645310 349964.75078514404595 60.55895500054102 352.80668134395910
18420.0 -0.00095488920933 21.05674295783406 -155.47532601337690 349952.29650418926030 60.77918642572534 352.99617927517284
18450.0 -0.00091464029013 21.04303887205256 -155.46762895786614 350005.42864780873060 60.99983677385411 353.18734882307956
18480.0 -0.00119335829390 21.02901916868959 -155.45995940619571 349982.57805553823709 61.22064601489866 353.37976664020886
18510.0 -0.00121348334444 21.01529779763987 -155.45238989502695 350025.09340246301144 61.44170081750156 353.57363870633850
18540.0 -0.00055341052467 21.00126239874019 -155.44484564389703 349991.60797341540456 61.66298177736209 353.76897935833506
18570.0 -0.00071440620145 20.98721434163788 -155.43735619670667 349953.06780964508653 61.88462564061211 353.96610100337398
18600.0 -0.00094583364572 20.97345791474423 -155.42996024483608 349980.24124659411609 62.10653228921808 354.16487284477768
18630.0 -0.00075163423568 20.95969592883534 -155.42262928718009 350002.03557569347322 62.32857885981761 354.36511374964988
18660.0 -0.00093375719714 20.94591512985902 -155.41534614740260 350019.08563014026731 62.55103573069277 354.56740897282754
18690.0 -0.00146704621691 20.93213099992861 -155.40812933436658 350030.68585933372378 62.77359636218171 354.77122034972950
18720.0 -0.00031292988055 20.91804744737899 -155.40094340176819 349965.74070001672953 62.99638286790244 354.97684861918481
18750.0 -0.00078685189224 20.90453482453236 -155.39386961961679 350038.43386149499565 63.21940414329146 355.18437724185600
18780.0 -0.00123763269595 20.89043015748922 -155.38679219059270 349963.34030879288912 63.44279527717823 355.39415352402233
18810.0 -0.00060473011267 20.87689392341280 -155.37982812592875 350025.99431478604674 63.66629844825918 355.60572067764036
18840.0 -0.00066308779533 20.86306496399151 -155.37289754972380 350011.87487240042537 63.88999743965924 355.81932109585080
18870.0 -0.00104947151021 20.84923019726699 -155.36602596504173 349992.51789833046496 64.11387140739146 356.03498474431115
18900.0 -0.00028475622805 20.83565952804693 -155.35922413747670 350040.15395387634635 64.33805399431157 356.25307709742214
18930.0 -0.00035720191885 20.82180270324366 -155.35245746973300 350010.78883719444275 64.56244484370818 356.47346831191220
18960.0 -0.00018715304221 20.80794506090510 -155.34575370215995 349976.02038593683392 64.78692068504579 356.69597031673203
18990.0 -0.00041153766429 20.79434268292739 -155.33911162576123 350008.61514817457646 65.01174762550650 356.92126082494292
19020.0 0.00039845543594 20.78073708250101 -155.33253114344109 350035.92131147626787 65.23662043350313 357.14874979345802
19050.0 -0.00061277753275 20.76685714623444 -155.32599139023296 349985.81945062987506 65.46165863724023 357.37879630206294
19080.0 -0.00000301852120 20.75323497581965 -155.31951871681855 350002.99775195680559 65.68686850032233 357.61151277946544
19110.0 -0.00027771340587 20.73959640274504 -155.31309031678202 350015.43197586107999 65.91238065631075 357.84731233617293
19140.0 0.00018011140191 20.72595476552970 -155.30672107125059 350022.62420896533877 66.13794020746053 358.08570170853517
19170.0 0.00009961356351 20.71205029624778 -155.30039751577215 349952.02894203178585 66.36362681892173 358.32697571338201
19200.0 -0.00041053188452 20.69865108311174 -155.29414442677603 350021.75906801596284 66.58941752746745 358.57119070463870
19230.0 0.00044474257942 20.68498339470311 -155.28792933023917 350013.92424796242267 66.81544113452318 358.81878679949534
19260.0 0.00014489492722 20.67130813231394 -155.28176568386522 350001.05552835483104 67.04159673849000 359.06964270543307
19290.0 -0.00037732696938 20.65763185515765 -155.27566029833866 349982.93498638551682 67.26776056429985 359.32356898205427
19320.0 0.00053530057932 20.64418432642519 -155.26959869472347 350033.17553152516484 67.49419151906687 359.58137008840527
19350.0 -0.00003421069491 20.63049187737754 -155.26359347320604 350005.06788995210081 67.72058681399272 359.84239772318978
19380.0 0.00054838162580 20.61679434029574 -155.25764003899027 349971.88033151067793 67.94706137875482 0.10709488965189
19410.0 0.00014690530489 20.60332790952411 -155.25173581879949 350006.98777636978775 68.17361761196867 0.37562077561923
19440.0 0.00040348788045 20.58984432386893 -155.24587182619757 350037.41622302308679 68.40037933460218 0.64848367804036
19470.0 -0.00008351517772 20.57612548001434 -155.24006649811764 349989.22697628382593 68.62709524377814 0.92515345616711
19500.0 0.00067013179940 20.56263279197995 -155.23430771524980 350009.50841469224542 68.85383886326973 1.20600388501058
19530.0 -0.00020828387252 20.54913343864650 -155.22859906907934 350024.79708693642169 69.08058382639251 1.49113715134219
19560.0 0.00064598362976 20.53539615928874 -155.22293978418688 349961.57752036582679 69.30745129516426 1.78110310940635
19590.0 0.00006137856763 20.52209901726079 -155.21731277885834 350040.88906195480376 69.53433899505259 2.07580464824701
19620.0 0.00002918061415 20.50835661562599 -155.21175682162863 349967.46841723937541 69.76112210217627 2.37506391922858
19650.0 0.00049303891870 20.49503686922729 -155.20621924700276 350037.09895543754101 69.98804773300179 2.67986648754842
19680.0 -0.00019218548672 20.48128393120759 -155.20075843135581 349953.66347588039935 70.21481668313076 2.98950235668912
19710.0 0.00116418122539 20.46795370559526 -155.19532118896231 350013.28931864444166 70.44153591726197 3.30454116243580
19740.0 0.00037531186419 20.45440286465230 -155.18994256738878 349993.93215886969119 70.66820167968115 3.62522082647252
19770.0 0.00089552338313 20.44083868219841 -155.18460252840879 349969.80210460070521 70.89492702643224 3.95219405853671
19800.0 0.00047090349049 20.42747915066040 -155.17929871008809 350014.83278583828360 71.12146458059036 4.28490050383890
19830.0 0.00072346176507 20.41390879592907 -155.17405762608749 349980.62694653868675 71.34787816726397 4.62383891619946
19860.0 -0.00025155131292 20.40053500535338 -155.16884623201466 350015.80998980067670 71.57413546569688 4.96919362247748
19890.0 0.00062787250253 20.38694950432482 -155.16369242630540 349971.77979481685907 71.80034517964611 5.32168398062401
19920.0 0.00008351399584 20.37355373652677 -155.15856328032339 349997.31575958244503 72.02640163945549 5.68126904554848
19950.0 0.00089652679915 20.36015514825369 -155.15348382272984 350017.83684802055359 72.25217732924480 6.04781107249077
19980.0 -0.00000301733932 20.34673916263235 -155.14843837237328 350033.68741799332201 72.47789989196339 6.42256691489657
20010.0 0.00085728602349 20.33332249972456 -155.14344379561535 350044.48104769829661 72.70327441602478 6.80477050723878
20040.0 0.00056045689249 20.31971450102195 -155.13851746276995 349975.57674699928612 72.92839386226561 7.19519258296127
20070.0 0.00066308897721 20.30628549650330 -155.13361002617279 349976.52142938412726 73.15324379491278 7.59420917437134
20100.0 0.00025859295323 20.29302058128000 -155.12871056036485 350047.64617625996470 73.37791937944776 8.00270335594718
20130.0 0.00036827140577 20.27957318692286 -155.12388531093390 350038.88230208028108 73.60217634133414 8.42010794881190
20160.0 0.00063592110449 20.26612043848574 -155.11910351371489 350025.18490164633840 73.82606207855200 8.84712946091917
20190.0 0.00106959537887 20.25266356693163 -155.11436590246328 350006.53293328359723 74.04953297742678 9.28410356390128
20220.0 0.00099513694665 20.23919529502347 -155.10966461770639 349983.06988213211298 74.27267634829104 9.73202460230261
20250.0 0.00065403223172 20.22572104314485 -155.10500466514472 349954.68824226409197 74.49537830199984 10.19097248626609
20280.0 0.00090357198509 20.21241098264877 -155.10035966152938 349996.51452101208270 74.71750428931398 10.66090972206434
20310.0 0.00131410505149 20.19908171602721 -155.09574504609083 350033.67633539158851 74.93924863622507 11.14351910724406
20340.0 0.00056347423182 20.18559215574029 -155.09121203597971 349990.51164005976170 75.16031971194928 11.63800575667022
20370.0 0.00119637681510 20.17225427639634 -155.08668493629989 350017.80206120107323 75.38078481494213 12.14547426477790
20400.0 0.00143786560276 20.15890709762803 -155.08219672643935 350040.24827887769789 75.60060932817211 12.66654947678890
20430.0 0.00102834186178 20.14539311889538 -155.07777724763005 349982.46079703327268 75.81985669765129 13.20249708359798
20460.0 0.00139862482710 20.13202923715600 -155.07336566485844 349995.17291736043990 76.03828161716392 13.75280055944681
20490.0 0.00085024201942 20.11865824918199 -155.06899374674794 350003.00160498823971 76.25590141739727 14.31852286341979
20520.0 0.00107764516271 20.10528139022120 -155.06466222976672 350005.92884759604931 76.47264948582993 14.90027949857418
20550.0 0.00119839073841 20.09189125581635 -155.06036343021722 350004.05982934962958 76.68857396831520 15.49952437068077
20580.0 0.00166728030559 20.07849330211178 -155.05610223465783 349997.31100899912417 76.90354127412908 16.11658022554522
20610.0 0.00168740535613 20.06509447253836 -155.05188490481697 349985.58880424965173 77.11739889589904 16.75162433678877
20640.0 0.00175783948737 20.05181121881261 -155.04765246185133 350044.91224911250174 77.33028109893795 17.40702487338131
20670.0 0.00141271283523 20.03839495895228 -155.04350799234197 350023.45664464123547 77.54189341527103 18.08201997087355
20700.0 0.00219151257987 20.02497299446904 -155.03940132044946 349997.09055765531957 77.75225360042525 18.77827072752390
20730.0 0.00180110574589 20.01166860142409 -155.03528523559916 350041.75791416876018 77.96128614281754 19.49683652537705
20760.0 0.00193191266499 19.99822460613794 -155.03124436289997 350005.69201951567084 78.16899445591388 20.23961133210668
20790.0 0.00179003862273 19.98478123518671 -155.02724598201101 349964.63682572916150 78.37511961128237 21.00622536435775
20820.0 0.00208083071131 19.97144952703157 -155.02323634354650 349994.69797216169536 78.57962015070854 21.79832724463966
20850.0 0.00203454593159 19.95810987661505 -155.01926354942188 350019.87964846193790 78.78238057539333 22.61700276875885
20880.0 0.00162200248752 19.94475476131156 -155.01532007565370 350040.24850764591247 78.98337333567540 23.46443055487994
20910.0 0.00231427089701 19.93128235329009 -155.01146226907281 349979.58451384957880 79.18241887226820 24.34133400985861
20940.0 0.00181016249139 19.91791703874565 -155.00759397492928 349990.11181798763573 79.37932121551452 25.24823741845053
20970.0 0.00205366283859 19.90453338520264 -155.00375108486449 349995.82769127190113 79.57410173833711 26.18852309242174
21000.0 0.00178299461867 19.89114890535418 -154.99994955264668 349996.58637287002057 79.76644550403739 27.16147505429464
21030.0 0.00234445729093 19.87775648904276 -154.99618229291318 349992.44256569352001 79.95627255425786 28.16953429392559
21060.0 0.00195002261034 19.86435588077849 -154.99244864255843 349983.39376869983971 80.14342384464540 29.21432882702876
21090.0 0.00277913852697 19.85103052187137 -154.98868485250435 350045.82409165892750 80.32778720769001 30.29855774694990
21120.0 0.00176085800858 19.83760987741501 -154.98501555473993 350026.97937562782317 80.50906218930173 31.42191904274608
21150.0 0.00186650979638 19.82418317933127 -154.98138058307146 350003.20120257139206 80.68709359391912 32.58669756409035
21180.0 0.00209793724065 19.81075169140497 -154.97778066261108 349974.48047224897891 80.86166810723564 33.79437968944804
21210.0 0.00212812245269 19.79738773907686 -154.97414890101646 350017.29465292394161 81.03261664797739 35.04781487226943
21240.0 0.00164715643694 19.78393421049864 -154.97060819027669 349978.74014265183359 81.19966778313935 36.34784154111156
21270.0 0.00214422320225 19.77055535183210 -154.96704484952758 350011.70210919622332 81.36254024774625 37.69491549986256
21300.0 0.00198926574976 19.75708391263066 -154.96356549825518 349963.26744459103793 81.52105696931402 39.09312088694679
21330.0 0.00222270475357 19.74368372775390 -154.96006309817872 349986.37781292758882 81.67486228560756 40.54097520375650
21360.0 0.00282441752692 19.73027311718408 -154.95659165852413 350004.55889775976539 81.82371104495746 42.04096613407922
21390.0 0.00243400832918 19.71685183758996 -154.95315056202659 350017.80399311985821 81.96730974165754 43.59427388699740
21420.0 0.00212107963051 19.70341229928558 -154.94973260579161 350026.11480569839478 82.10536642464977 45.20320586808757
21450.0 0.00234345032928 19.68991091437634 -154.94641551344660 349952.85662486031651 82.23753093969289 46.86590563684684
21480.0 0.00277108874313 19.67651650585718 -154.94299871205988 350027.84687136113644 82.36349264719529 48.58353283217155
21510.0 0.00206875544461 19.66305704539300 -154.93967906980467 350021.26394075714052 82.48292244249313 50.35586299666116
21540.0 0.00281938626428 19.64958257813178 -154.93638393704560 350009.70465036481619 82.59548087249561 52.18399849085399
21570.0 0.00234143758785 19.63609867299790 -154.93311788808165 349993.15899663046002 82.70082604991562 54.06607785203850
21600.0 0.00285862822182 19.62261270568576 -154.92988707225203 349971.63166191428900 82.79863923994860 55.99933591670125
21630.0 0.00202951466895 19.60914945189404 -154.92660716215866 350021.77095212694257 82.88854764098581 57.98511966062397
21660.0 0.00283045456933 19.59564228204753 -154.92343222759766 349990.24477263353765 82.97028159656593 60.01742991017873
21690.0 0.00302364347206 19.58212760316824 -154.92028647555685 349953.70830454863608 83.04351333403818 62.09473003415427
21720.0 0.00203555289324 19.56863776783151 -154.91709778157593 349988.86046862881631 83.10795027310984 64.21348080464358
21750.0 0.00295119778127 19.55512691664073 -154.91392927883984 350018.97286864090711 83.16326954906260 66.37104536278804
21780.0 0.00244306389279 19.54160930880307 -154.91079307093247 350044.08019679971039 83.20931791153227 68.55984115707834
21810.0 0.00289585743793 19.52805632133304 -154.90775830534750 349987.43810275010765 83.24586069176350 70.77553371332438
21840.0 0.00217742693550 19.51452030362173 -154.90467940254302 350002.48476228956133 83.27273729708139 73.01219052362406
21870.0 0.00223779972336 19.50096650046008 -154.90162203809416 350012.45426359493285 83.28973534504860 75.26527398028233
21900.0 0.00209491871944 19.48740051244620 -154.89859070789169 350017.36003160756081 83.29680711333076 77.52734698528729
21930.0 0.00191581191543 19.47382962982111 -154.89559132349930 350017.23486265633255 83.29398720413040 79.79056594353456
21960.0 0.00239074325254 19.46023773658376 -154.89260960342293 350011.97289292048663 83.28107708281541 82.05136778160210
21990.0 0.00280831677736 19.44664306317495 -154.88966087676442 350001.67633840162307 83.25833870939093 84.29995708330020
22020.0 0.00169243543689 19.43303808111641 -154.88673826955838 349986.29031266178936 83.22576308145352 86.53144139805626
22050.0 0.00228509146474 19.41942406404790 -154.88376281696648 350042.52113254088908 83.18346961224202 88.73985995593148
22080.0 0.00211705414765 19.40578749163329 -154.88088377369670 350016.85467538237572 83.13149611281683 90.92080655579313
22110.0 0.00206775202860 19.39214701704498 -154.87803520038858 349986.11500565148890 83.07025839616568 93.06680876454580
22140.0 0.00138755652205 19.37849812245414 -154.87521284517496 349950.25885847583413 82.99991818811107 95.17399174182772
22170.0 0.00264531072291 19.36483222034731 -154.87233668577306 349985.98047261219472 82.92075493100189 97.23812152710222
22200.0 0.00208384923252 19.35114561776773 -154.86947925094074 350016.48544017132372 82.83290441159045 99.25678281905461
22230.0 0.00166526992792 19.33745954991042 -154.86672685304111 349965.13995571527630 82.73675705776280 101.22625629997445
22260.0 0.00200133983458 19.32375303779850 -154.86392213934064 349985.36174621153623 82.63276193886733 103.14334606015073
22290.0 0.00215629610519 19.31002249674394 -154.86113228188071 350000.28347705956548 82.52092273367965 105.00822583118608
22320.0 0.00199631093570 19.29628638143450 -154.85837247122771 350010.09176763892174 82.40191983224486 106.81753937090366
22350.0 0.00222572445666 19.28253703397461 -154.85563588049391 350014.69237316213548 82.27592945945786 108.57143770377968
22380.0 0.00190072049129 19.26877427820369 -154.85292199496740 350014.07029246911407 82.14326981510226 110.26962266713399
22410.0 0.00125775538273 19.25499031444571 -154.85022392966800 350008.11247660964727 82.00409275102878 111.91283069097746
22440.0 0.00210397428305 19.24119955295672 -154.84755337623454 349996.98569502308965 81.85901169079833 113.50017390266893
22470.0 0.00228207176165 19.22739746297019 -154.84490616651297 349980.62263866513968 81.70823618735842 115.03279243464047
22500.0 0.00186248549540 19.21354405408086 -154.84219629913500 350035.55952692683786 81.55208967569042 116.51155562224346
22530.0 0.00185242297013 19.19971113113744 -154.83958973058643 350008.59147043619305 81.39067843882282 117.93815834277768
22560.0 0.00160992722082 19.18586590396058 -154.83700459697002 349976.33137664198875 81.22439672751813 119.31347950385405
22590.0 0.00168941691568 19.17196590768483 -154.83435843546744 350015.34249235782772 81.05367194988024 120.63852940549542
22620.0 0.00217642115573 19.15803878421417 -154.83172444707148 350048.84861051011831 80.87837691076251 121.91577143132626
22650.0 0.00265436865028 19.14415887475828 -154.82920697794660 350000.70949300006032 80.69916941897606 123.14578470203287
22680.0 0.00224081706268 19.13020994157306 -154.82662120295083 350023.64311635587364 80.51609528202489 124.33063983432449
22710.0 0.00193895666905 19.11630603250294 -154.82414563842340 349964.83342010155320 80.32936068096578 125.47199789633814
22740.0 0.00275196947236 19.10231935491218 -154.82159348978897 349976.87431298755109 80.13898029628592 126.57180483855490
22770.0 0.00240281615548 19.08832291611983 -154.81906603998752 349983.61095500364900 79.94547652889304 127.63113930013540
22800.0 0.00219151494363 19.07431217846271 -154.81655919239637 349984.95196278113872 79.74891989991065 128.65182385841635
22830.0 0.00207881796988 19.06028850132637 -154.81407369173769 349980.90825885161757 79.54950741492750 129.63542503862419
22860.0 0.00253966129886 19.04624382678052 -154.81160259157218 349971.31266904342920 79.34720414270882 130.58372377757019
22890.0 0.00264229338358 19.03218385924743 -154.80915019737725 349956.25310249626637 79.14228906614183 131.49805523352003
22920.0 0.00187153987714 19.01803462370243 -154.80662878632381 350012.00068208109587 78.93507692908591 132.37972343998257
22950.0 0.00380445950378 19.00393953023026 -154.80421090490933 349985.89612850453705 78.72529889190203 133.23050313050121
22980.0 0.00291598130659 18.98975156477710 -154.80172412219517 350030.54001431446522 78.51352220889315 134.05137386021056
23010.0 0.00340399014453 18.97563449059513 -154.79934998071607 349993.59319935925305 78.29967182343712 134.84381152635098
23040.0 0.00245815886258 18.96150379757167 -154.79699407089845 349951.13867987785488 78.08384982245569 135.60907201099502
23070.0 0.00303873607809 18.94725567700532 -154.79455393203111 349978.93182405363768 77.86596615276905 136.34844618366120
23100.0 0.00288579491266 18.93299481377761 -154.79213580084101 350001.24472178332508 77.64645862201542 137.06289504534988
23130.0 0.00271373329460 18.91871666828484 -154.78973563917322 350017.96184447128326 77.42530541704926 137.75358057416494
23160.0 0.00254368796360 18.90442262748376 -154.78735420035440 350029.09817107301205 77.20262019937546 138.42154164009739
23190.0 0.00274693702785 18.89021196450471 -154.78508195243100 349958.67019057925791 76.97828500340776 139.06783128534664
23220.0 0.00238772473133 18.87576821046413 -154.78263103094679 350034.11240259278566 76.75250723101318 139.69334655426854
23250.0 0.00242797128677 18.86153435895194 -154.78039752259721 349952.58971179276705 76.52553466879004 140.29895877107751
23280.0 0.00218547671934 18.84704659144267 -154.77797549437761 350016.48528143018484 76.29702627944951 140.88559448443550
23310.0 0.00295723482368 18.83266348954793 -154.77567449954560 349999.21015820093453 76.06749484218670 141.45400379487617
23340.0 0.00196008631749 18.81826388254018 -154.77338954123050 349976.22994013782591 75.83680427588273 142.00499353461194
23370.0 0.00285158421776 18.80372303438733 -154.77102040700208 350023.00742831174284 75.60500378397924 142.53930079845767
23400.0 0.00287975787026 18.78927941826521 -154.76875953809883 349988.29108655918390 75.37195274791094 143.05761924469110
23430.0 0.00164514487739 18.77469545592013 -154.76641829852250 350023.36169680580497 75.13804243451223 143.56061721352106
23460.0 0.00214220927894 18.76022453658489 -154.76419339708298 349977.27224191743881 74.90320735354742 144.04893059606513
23490.0 0.00260003408672 18.74560440357098 -154.76188412068115 350000.74494076613337 74.66752053430683 144.52316676680258
23520.0 0.00309508456496 18.73095726371946 -154.75958412586317 350018.14909908454865 74.43082562917294 144.98387257205576
23550.0 0.00269662912903 18.71628889246912 -154.75729764902053 350029.62211589328945 74.19329420080675 145.43160325105342
23580.0 0.00388596075819 18.70160700787763 -154.75503045218315 350035.36814428679645 73.95514077394020 145.86690958872205
23610.0 0.00337682345369 18.68689446476541 -154.75276854542383 350034.86290623620152 73.71599252167050 146.29020544231207
23640.0 0.00253362307457 18.67217059940353 -154.75052690962903 350028.65588300395757 73.47633329867038 146.70204977033896
23670.0 0.00210397428305 18.65742728430113 -154.74829871576256 350016.48691302258521 73.23599897171236 147.10284931950986
23700.0 0.00324702113249 18.64266447451526 -154.74608355330025 349998.33298438973725 72.99501403658847 147.49302591269620
23730.0 0.00298037839542 18.62787416706978 -154.74387471459974 349973.91952647734433 72.75321540681460 147.87292609547330
23760.0 0.00324199105174 18.61290907446491 -154.74157891288169 350018.40397875662893 72.51096880849731 148.24302839492813
23790.0 0.00309005566609 18.59808569742670 -154.73940086510888 349982.11698427703232 72.26818918600597 148.60366917399259
23820.0 0.00355793945349 18.58307873045616 -154.73713197144787 350014.45993936154991 72.02493009138382 148.95520763282138
23850.0 0.00296126030654 18.56821239299580 -154.73497537605775 349965.89538313820958 71.78101809185218 149.29790849574971
23880.0 0.00353781440295 18.55315430251080 -154.73272457895234 349985.69469995424151 71.53660632518445 149.63213016110427
23910.0 0.00335166832240 18.53807993453373 -154.73049054531802 349999.51124649308622 71.29189224612205 149.95824035978291
23940.0 0.00324299801339 18.52297195865913 -154.72825923290844 350006.72909116186202 71.04648966192767 150.27637470746373
23970.0 0.00348549258082 18.50784992715519 -154.72604566723021 350007.99485939927399 70.80086591634368 150.58697846712082
24000.0 0.00351970445761 18.49270560639734 -154.72384297395524 350003.00264983810484 70.55484385703404 150.89024011219547
24030.0 0.00380345254212 18.47753899263458 -154.72165076415172 349991.72758026141673 70.30843622043088 151.18640792015196
24060.0 0.00391212403301 18.46215155248944 -154.71935455684721 350047.86334972362965 70.06147019367890 151.47563971676678
24090.0 0.00371893276651 18.44693614289854 -154.71718077139377 350023.81630625668913 69.81429586958102 151.75830464508638
24120.0 0.00399362646930 18.43170059718102 -154.71501799938923 349993.48818905651569 69.56681953518292 152.03457617377160
24150.0 0.00455911344255 18.41624737843507 -154.71275832347163 350030.68959425296634 69.31908493919579 152.30467688021579
24180.0 0.00318363100531 18.40096337045672 -154.71061189359591 349987.44571187533438 69.07091118761394 152.56871818671175
24210.0 0.00409827129545 18.38545354693103 -154.70836523673731 350011.42298615444452 68.82244104896836 152.82694847037854
24240.0 0.00365755301701 18.37012598671738 -154.70623742752102 349955.33953504543751 68.57371733256092 153.07956459276014
24270.0 0.00411135352380 18.35457247216087 -154.70401234430156 349966.47921277116984 68.32483871812174 153.32678330711545
24300.0 0.00427737573570 18.33899370025587 -154.70179573603477 349971.04310198314488 68.07572089131435 153.56872761484522
24330.0 0.00386080562689 18.32338971136691 -154.69958723379105 349969.00485780369490 67.82637125709678 153.80555630072013
24360.0 0.00437095343868 18.30775243264618 -154.69738010594077 349960.00624787528068 67.57661333672030 154.03733077433603
24390.0 0.00383363893605 18.29187496274853 -154.69507450914662 350017.72641114611179 67.32678714702041 154.26436028301487
24420.0 0.00354184106769 18.27619331830777 -154.69288826343302 349995.65203780122101 67.07679562868178 154.48673452093237
24450.0 0.00383665863914 18.26026286299549 -154.69059983717565 350039.94724622648209 66.82667768204074 154.70460455582395
24480.0 0.00369981467763 18.24452703023777 -154.68842514012269 350004.27853353973478 66.57624956072679 154.91800276110715
24510.0 0.00328928279312 18.22876721807893 -154.68625707548657 349961.88344695419073 66.32564801747148 155.12711853156989
24540.0 0.00391313099467 18.21274923019898 -154.68398404868617 349985.45682715252042 66.07491168367402 155.33208755607657
24570.0 0.00287271386619 18.19670722789964 -154.68172065892352 350002.30590586364269 65.82413386591304 155.53306986124301
24600.0 0.00404292977023 18.18063717240390 -154.67946332311217 350012.22554286289960 65.57322692821795 155.73012718950773
24630.0 0.00306691091246 18.16453915124220 -154.67721168954407 350015.18839419726282 65.32219547447356 155.92336455837770
24660.0 0.00345631314855 18.14840506261395 -154.67495898518465 350010.79476145748049 65.07086182858808 156.11278631599765
24690.0 0.00413852021464 18.13224973271394 -154.67271640542765 349999.68201710470021 64.81955804047996 156.29866273040119
24720.0 0.00342713253440 18.11606867255261 -154.67048000529397 349981.61900412291288 64.56818585007095 156.48103342453970
24750.0 0.00311722353881 18.09986344430149 -154.66825058097388 349956.64924444910139 64.31678128081440 156.66000566704204
24780.0 0.00390910314805 18.08336750772691 -154.66590661400409 349996.22518176492304 64.06515966359063 156.83556457714093
24810.0 0.00405399807527 18.06683934733536 -154.66356629892852 350028.50790784414858 63.81345344794947 157.00786229334423
24840.0 0.00305785653073 18.05055072867173 -154.66135052851780 349982.17780909501016 63.56184121732196 157.17707403131755
24870.0 0.00349253658488 18.03395920558075 -154.65901512280243 349999.79205711092800 63.30993066225747 157.34306217217815
24900.0 0.00396142851582 18.01734587836705 -154.65669022750549 350010.51684924960136 63.05816608855768 157.50614098047376
24930.0 0.00471205460797 18.00070221910309 -154.65436870546873 350013.90663660783321 62.80636000508817 157.66627857418590
24960.0 0.00382257299477 17.98402836619064 -154.65205021791439 350009.93370521813631 62.55451540957544 157.82354402257897
24990.0 0.00348649717871 17.96731619001552 -154.64972792381118 349998.15187920071185 62.30245481732420 157.97790457580865
25020.0 0.00429548922669 17.95058057842416 -154.64741307059236 349979.27452265657485 62.05050295438831 158.12960147136098
25050.0 0.00342713253440 17.93353401480538 -154.64498499493166 350023.97088046278805 61.79856149563172 158.27864129154287
25080.0 0.00481167053524 17.91674144855604 -154.64267766361010 349990.32932365592569 61.54666449391144 158.42510134581030
25110.0 0.00440516413359 17.89962557801475 -154.64025032308962 350019.61307020951062 61.29462751038711 158.56893576354327
25140.0 0.00399966351171 17.88247543098470 -154.63782390933133 350041.16604074835777 61.04257937028412 158.71027015316113
25170.0 0.00483984300586 17.86558668388705 -154.63551689101561 349984.56084365304559 60.79055437389755 158.84917609364413
25200.0 0.00391011129158 17.84837785218389 -154.63309675254561 349991.03129033744335 60.53863327987121 158.98574882855655
25230.0 0.00426228431155 17.83113659881383 -154.63067761594181 349989.76511267013848 60.28673674936579 159.11999432017254
25260.0 0.00490725979778 17.81386287572690 -154.62825894231912 349980.71817366592586 60.03486163268354 159.25195762581541
25290.0 0.00447660404461 17.79654853183447 -154.62583380752864 349963.40052973851562 59.78283137781514 159.38158579479781
25320.0 0.00501894862799 17.77890083733649 -154.62329474322945 350008.48919232096523 59.53096470997363 159.50910110731522
25350.0 0.00492335936546 17.76121759014330 -154.62075609426122 350045.57244204450399 59.27916396588564 159.63449183553050
25380.0 0.00445245705685 17.74381354665698 -154.61833792665411 350005.05257007759064 59.02746208572954 159.75781782810432
25410.0 0.00371993736441 17.72637253401214 -154.61591421986225 349956.29991778731346 58.77567541900603 159.87901619387856
25440.0 0.00507630171276 17.70858205636895 -154.61336954869205 349969.02319615799934 58.52393007142337 159.99819625207499
25470.0 0.00505919754719 17.69075690451032 -154.61082399498699 349973.62629546783864 58.27225929427087 160.11541412276318
25500.0 0.00386986355427 17.67290117861880 -154.60828031271944 349970.30997270159423 58.02074700061128 160.23075318831440
25530.0 0.00496662562398 17.65501074242945 -154.60573471049219 349958.79372343048453 57.76930234734436 160.34419760217349
25560.0 0.00471004423030 17.63675656999550 -154.60306629595038 350007.95923762023449 57.51792753445187 160.45578258998191
25590.0 0.00362032380089 17.61845440277169 -154.60038817564083 350048.10829136520624 57.26644735955285 160.56544265730975
25620.0 0.00405802355813 17.60045387499074 -154.59783279433415 350011.44306841772050 57.01517496972025 160.67338557665835
25650.0 0.00355391515251 17.58242130231844 -154.59527554171339 349966.56865747645497 56.76401372470342 160.77958798085396
25680.0 0.00494750871697 17.56401841958920 -154.59259580542289 349981.94448422733694 56.51299580951518 160.88409789795921
25710.0 0.00476236605243 17.54557131827328 -154.58990723633093 349988.34347784612328 56.26193870956899 160.98684180749891
25740.0 0.00445346047286 17.52708607047807 -154.58721414425270 349986.09269235376269 56.01096614544370 161.08791735698907
25770.0 0.00497065110684 17.50856441684370 -154.58451738070485 349975.25630268361419 55.76011062674766 161.18737009165937
25800.0 0.00437397195989 17.48965990435711 -154.58169739892801 350023.91856222786009 55.50945398399504 161.28527242203202
25830.0 0.00542143072867 17.47106688022852 -154.57899472768270 349995.90877865906805 55.25890524931912 161.38159889764813
25860.0 0.00465369692531 17.45243771862036 -154.57628695948819 349959.19981652963907 55.00846669131613 161.47637567746582
25890.0 0.00526546749640 17.43340573993974 -154.57344397249244 349980.66787502355874 54.75796471322931 161.56952947324859
25920.0 0.00504309797951 17.41433923629480 -154.57059986870109 349993.51543729286641 54.50770715741291 161.66125652951132
25950.0 0.00531779168229 17.39523383260460 -154.56775055644306 349997.41191379074007 54.25759862392197 161.75152601556107
25980.0 0.00493845197148 17.37609129552160 -154.56489689278226 349992.42884799838066 54.00767076421796 161.84037773928492
26010.0 0.00533992947426 17.35690304785581 -154.56203135309630 349977.94174320809543 53.75774241914457 161.92773154795515
26040.0 0.00478248992109 17.33767521138515 -154.55915830117567 349954.30864307191223 53.50793513722631 162.01367643690870
26070.0 0.00520610285208 17.31803541117664 -154.55615435537877 349988.22347193676978 53.25828087800414 162.09825052330018
26100.0 0.00540432419933 17.29835677488749 -154.55314612560838 350013.01964532118291 53.00885958681350 162.18151818320803
26130.0 0.00545262290237 17.27901446547807 -154.55025428649688 349962.02526187803596 52.75958036674602 162.26344754427208
26160.0 0.00492134780591 17.25887083613366 -154.54710451899285 350034.21990946400911 52.51044571188422 162.34405852188362
26190.0 0.00497568118759 17.23944021684831 -154.54418862258959 349963.91901273187250 52.26128379538754 162.42327303572307
26220.0 0.00527452542377 17.21920489859435 -154.54101837005109 350016.60844904929399 52.01239733796971 162.50127789744442
26250.0 0.00544558008018 17.19931403984761 -154.53796489962812 349993.79546408634633 51.76369231402501 162.57803748300421
26280.0 0.00658259106909 17.17938496018773 -154.53490398628725 349961.60720806103200 51.51519998297999 162.65358574601404
26310.0 0.00570215911010 17.15901428777773 -154.53170195752435 349984.82347755040973 51.26674068639402 162.72783844231535
26340.0 0.00539325825805 17.13859785012673 -154.52848877149017 349998.07933361455798 51.01843394074908 162.80087796000095
26370.0 0.00582491860912 17.11813750366139 -154.52526530747392 350001.45490382704884 50.77031127898386 162.87273707437691
26400.0 0.00562669607998 17.09763744300501 -154.52203438459293 349995.20820262096822 50.52245089291114 162.94347410731069
26430.0 0.00619620853609 17.07709346345907 -154.51879187764158 349978.97427180968225 50.27476209100372 163.01305283569795
26460.0 0.00651115115807 17.05650600548425 -154.51553748874485 349952.72994522098452 50.02724769135244 163.08148880114103
26490.0 0.00675163180219 17.03504695711858 -154.51200920087268 350044.89060389529914 49.77973774627986 163.14870105330556
26520.0 0.00679087494161 17.01436628683619 -154.50872756716547 349998.04788100067526 49.53252998268557 163.21486851299724
26550.0 0.00645580963285 16.99322985543611 -154.50530656286588 350005.46723676566035 49.28553183355871 163.27995250004457
26580.0 0.00699714725459 16.97204950313513 -154.50187434024255 350002.68892144691199 49.03877425931172 163.34398271086656
26610.0 0.00687740745865 16.95081658830477 -154.49842296613488 349988.97828231286258 48.79207920281178 163.40687244226163
26640.0 0.00743987827446 16.92953735224852 -154.49495694866695 349964.75816045980901 48.54556424402742 163.46869890718227
26670.0 0.00696293655968 16.90778877533912 -154.49134860451605 349993.73250636458397 48.29926057067226 163.52949095893632
26700.0 0.00798523901529 16.88599506190543 -154.48772892337709 350012.25127459131181 48.05324471284139 163.58930224082363
26730.0 0.00748414913087 16.86415199771413 -154.48409363205653 350019.91754863224924 47.80742628163772 163.64809354939356
26760.0 0.00695388099606 16.84226010305011 -154.48044243226957 350016.70952593628317 47.56180848110215 163.70587731942885
26790.0 0.00750729388449 16.82031116583909 -154.47676760706898 350001.88916321005672 47.31622331855245 163.76257097052286
26820.0 0.00785543905785 16.79832047068603 -154.47308136737456 349976.64017033483833 47.07096362086555 163.81834671517652
26850.0 0.00808384798091 16.77584407953662 -154.46924942777463 350003.20389498677105 46.82593833298063 163.87316396216735
26880.0 0.00826295360304 16.75331874599295 -154.46540217873365 350018.70599463116378 46.58117817928800 163.92704925613543
26910.0 0.00764212392269 16.73118033689206 -154.46166181778196 349960.02878214139491 46.33650677664782 163.97991448765450
26940.0 0.00882240117012 16.70810156747637 -154.45764178457176 350014.59884474147111 46.09203983646073 164.03183272971759
26970.0 0.00845614368766 16.68541801892342 -154.45373415174350 349995.54767701495439 45.84780825640057 164.08282990395193
27000.0 0.00864430487340 16.66268943170348 -154.44981143042264 349965.50036931224167 45.60388697175576 164.13295595789677
27030.0 0.00905282283461 16.63945738732719 -154.44573786450513 349985.68984927237034 45.36018596988632 164.18216962544975
27060.0 0.00890390478828 16.61617186052140 -154.44164400356738 349994.10370748955756 45.11670888036689 164.23048111164994
27090.0 0.00821566067978 16.59282463961766 -154.43752188073861 349989.94687914475799 44.87328971968861 164.27780700566191
27120.0 0.00926211366878 16.56943109721295 -154.43338400026875 349974.49448987562209 44.63021648733164 164.32431375147132
27150.0 0.00916451048294 16.54552331319318 -154.42909361271302 350008.29750738106668 44.38739967419853 164.36995960823424
27180.0 0.00972597551897 16.52156229245997 -154.42478344587630 350030.14110460970551 44.14486981243097 164.41476875188459
27210.0 0.00972496737543 16.49800776948377 -154.42057776885349 349978.52005003020167 43.90245224775567 164.45865234263971
27240.0 0.01076639028368 16.47346086017857 -154.41608303389970 350035.87275916617364 43.66026087344560 164.50168008425987
27270.0 0.00993928829036 16.44980201686679 -154.41183166789077 349960.06246236152947 43.41832633578274 164.54387567347624
27300.0 0.01021700287811 16.42514777661725 -154.40729413941003 349992.97725845966488 43.17672202662369 164.58528608302078
27330.0 0.01049773244143 16.40043546918824 -154.40273180887459 350013.19964883383363 42.93535836786592 164.62586860328699
27360.0 0.01130068508323 16.37566578326204 -154.39814436933824 350020.71420176886022 42.69423943952177 164.66563182842449
27390.0 0.01199094075128 16.35083050676451 -154.39352356687226 350014.66626117285341 42.45320130743995 164.70449202780947
27420.0 0.01165486848087 16.32594510721920 -154.38888224825277 349996.42831735219806 42.21252720344760 164.74261064683009
27450.0 0.01292671068985 16.30100542220492 -154.38421578712160 349965.53408385068178 41.97212918572964 164.77994530309255
27480.0 0.01283715728785 16.27503493014910 -154.37925513109280 350040.28133448865265 41.73203762565775 164.81651837092943
27510.0 0.01342176589562 16.24997758067283 -154.37453098902571 349983.05136242602021 41.49207964072856 164.85224070661329
27540.0 0.01336944052784 16.22387803427235 -154.36950763296747 350030.37039383407682 41.25236734536244 164.88717923457028
27570.0 0.01334529235821 16.19821321121959 -154.36459181984117 350005.63377712294459 41.01293116262355 164.92135594218655
27600.0 0.01364111570942 16.17249589440947 -154.35965128775243 349968.10235233977437 40.77384298227960 164.95481536937569
27630.0 0.01376890410731 16.14622116682491 -154.35454486362812 349975.47564000077546 40.53501370897217 164.98751378170431
27660.0 0.01392587311936 16.11988594926893 -154.34940802927497 349969.18845677189529 40.29644788863864 165.01945860707275
27690.0 0.01391580941221 16.09297689202062 -154.34409533726634 350006.16352970711887 40.05798366620967 165.05056611253934
27720.0 0.01466945757120 16.06601023841939 -154.33875634845614 350029.67693512607366 39.81989955902548 165.08099339245851
27750.0 0.01481938021542 16.03949148021230 -154.33352367885686 349981.75134540162981 39.58210920483021 165.11069776067887
27780.0 0.01450242957953 16.01189407796901 -154.32798606909071 350034.96337441261858 39.34464283798204 165.13970020950856
27810.0 0.01606103721235 15.98525204627116 -154.32268455107069 349958.76628808025271 39.10732938161613 165.16791154984290
27840.0 0.01547945303519 15.95752033687890 -154.31707275524269 349982.56719460804015 38.87027920423611 165.19539639042000
27870.0 0.01578030646716 15.92972478506498 -154.31142704003796 349991.90783545747399 38.63352252662821 165.22217539297475
27900.0 0.01605198401250 15.90186984230292 -154.30575047334492 349987.16530210617930 38.39712977180710 165.24829108178378
27930.0 0.01618681286882 15.87395126219596 -154.30003796107064 349967.80138247646391 38.16101236799700 165.27369897910739
27960.0 0.01612040422043 15.84492009410196 -154.29401036466624 350046.21675099711865 37.92517533629250 165.29840567153374
27990.0 0.01724031222565 15.81686342909855 -154.28821577774025 349996.25082298461348 37.68945892361631 165.32232761118198
28020.0 0.01633472395348 15.78769303426694 -154.28210966590589 350043.92988098878413 37.45413698160263 165.34561809717832
28050.0 0.01682072241376 15.75951740120810 -154.27624643906796 349965.02192907035351 37.21912473411293 165.36823436187188
28080.0 0.01799093949967 15.73021770877745 -154.27006652608057 349982.64599869307131 36.98445229672416 165.39019633213471
28110.0 0.01876471152732 15.70084363343459 -154.26384029966417 349984.06830033659935 36.74995042611526 165.41141491831087
28140.0 0.01813985636412 15.67140182671268 -154.25757288641816 349969.91251206398010 36.51572777322813 165.43195278631234
28170.0 0.01950628205586 15.64135477218512 -154.25112376354406 349995.23759977612644 36.28181437312735 165.45182956372591
28200.0 0.01955156460145 15.61124260985302 -154.24463697518939 350005.17268876451999 36.04827921343639 165.47108608726313
28230.0 0.01973267823749 15.58106110180415 -154.23810714529679 349999.13823982607573 35.81503428166361 165.48967732239817
28260.0 0.01947005980140 15.55080495712536 -154.23152778929517 349976.41970640607178 35.58197350732466 165.50754827296572
31230.0 0.01768102814033 10.68484675818507 -152.80809423937569 349956.46853926312178 14.17766109338005 164.39809415992653
31260.0 0.01993895055046 10.60669666845352 -152.78063359854258 349988.08091579191387 13.97993728327394 164.35990529253462
31290.0 0.01885124286248 10.52842661782612 -152.75295635363514 349984.58091229200363 13.78263380540011 164.32120825666266
31320.0 0.01753512979709 10.44862456914784 -152.72467882040161 350018.75343139935285 13.58578059527979 164.28202077904271
31350.0 0.01991681512225 10.36869327343039 -152.69616317398086 350015.51125748176128 13.38922873798481 164.24225249809376
31440.0 0.01485761993883 10.12391894729313 -152.60807660527865 350006.58300514891744 12.80207171380187 164.11987498766709
31470.0 0.01727250781536 10.04066473599565 -152.57785614220103 350003.19859749637544 12.60720657767635 164.07806965643687
31500.0 0.01453663791068 9.95585466532641 -152.54698775760843 350032.49493218958378 12.41265477164241 164.03568784240420
31530.0 0.01293878595655 9.87235546881126 -152.51627296394568 349955.44649499095976 12.21855614878368 163.99281429093020
31560.0 0.01351835857417 9.78587634494326 -152.48452072598090 349982.78953291848302 12.02488489945092 163.94943282251580
31590.0 0.00725674835135 9.69927807507246 -152.45252008614077 349973.95015791524202 11.83167096657274 163.90556137170353
31620.0 0.01019285352660 9.61111555776832 -152.41984947817306 349996.06176839862019 11.63876717347779 163.86110898118420
31650.0 0.00603119092209 9.52282966520545 -152.38691484089142 349980.69985495973378 11.44626365071491 163.81613032269459
31680.0 0.00644272740450 9.43298469816468 -152.35331511784577 349997.61643164791167 11.25418932013437 163.77064266608372
31710.0 0.00458628131527 9.34302276860842 -152.31945477784788 349978.31563503295183 11.06259782075307 163.72467871742569
31740.0 0.00576152730006 9.25149636339703 -152.28491483876579 349990.13582089915872 10.87140893855839 163.67818838169447
31770.0 0.00171557782675 9.15984121286098 -152.25008372335216 349962.58856436517090 10.68054229192934 163.63112104068264
31800.0 -0.00099312302334 9.06662264420058 -152.21456952183499 349966.52235206868500 10.49013508481599 163.58356122335707
31830.0 -0.00015395049084 8.97183550536290 -152.17836156565582 350000.95073949079961 10.30016229067230 163.53549285616793
31860.0 -0.00445044195166 8.87692947089341 -152.14186855389690 349998.17418990377337 10.11065385958810 163.48693412299698
31890.0 -0.00676572099220 8.78044324336421 -152.10465337575479 350023.11069644708186 9.92146435876656 163.43779338253145
31920.0 -0.00452590734554 8.68383450698435 -152.06713603946702 350009.60239794943482 9.73268260178294 163.38812539960767
31950.0 -0.00676169432746 8.58710759933877 -152.02931802397333 349958.36054693441838 9.54433744474150 163.33794764133521
31980.0 -0.00741572892294 8.48735423841652 -151.99036896066065 350004.45576850324869 9.35648146916667 163.28729269093765
32010.0 -0.00743585397348 8.38747833512118 -151.95110335494303 350011.81889136508107 9.16903517413363 163.23610987126011
32040.0 -0.00871775516209 8.28747592141619 -151.91150599358602 349979.02029866259545 8.98192004774441 163.18434868239518
32070.0 -0.01093140789768 8.18443561843845 -151.87074945779065 350041.63460184354335 8.79527067480463 163.13209354183289
