# sod		dsTEC/dt [TECU/s]		lat		lon		h_ipp		ele		azi
1290.0 -0.00513063745820 27.89850439690433 -165.25810765819068 350039.57245757337660 7.29149037576974 314.25443370011055
1320.0 -0.00531175463988 27.85830442309356 -165.15502098193093 350010.99437270592898 7.43905312877533 314.38522436329674
1350.0 -0.00588026131622 27.81768419042887 -165.05246749571546 349956.40635046456009 7.58686497871183 314.51556094681587
1380.0 -0.00810598340911 27.77862990020171 -164.95302046680584 350007.68532728217542 7.73503088241205 314.64549645195581
1410.0 -0.00939694607074 27.73917518972118 -164.85406930145794 350035.36921760998666 7.88354462381501 314.77502646927513
1440.0 -0.00556028506784 27.69832917798790 -164.75430632915035 349976.82539142109454 8.03252974687537 314.90421309959368
1470.0 -0.00658057832766 27.65908233134700 -164.65760708336802 350025.31187172234058 8.18189532659095 315.03300831958626
1500.0 -0.01192050780192 27.61945276159420 -164.56140738971976 350048.70740580093116 8.33154623330920 315.16136226491886
1530.0 -0.01058527310200 27.57844213344114 -164.46439852116555 349985.84335197694600 8.48169803116303 315.28938380889406
1560.0 -0.00373603811397 27.53906272363271 -164.37043598760070 350028.25856601074338 8.63211267133576 315.41695019328631
1590.0 0.00331041480531 27.49831076905480 -164.27569287812548 349980.93742163758725 8.78287504214882 315.54410357778266
1620.0 -0.00615897931998 27.45921227492042 -164.18394613314200 350041.95662480872124 8.93401672690445 315.67085879440720
1650.0 -0.00601005890990 27.41773729199023 -164.09014013389131 349950.22629140689969 9.08567525503666 315.79728424490929
1680.0 -0.01160254665874 27.37793322738888 -163.99933361576817 349964.58242627326399 9.23758612151902 315.92324453959390
1710.0 -0.00590239674442 27.33778479456556 -163.90899746020133 349955.03630448505282 9.38985495415648 316.04879205901420
1740.0 -0.00236357537982 27.29831423665574 -163.82036880735600 349987.96260798629373 9.54247435074581 316.17392185424012
1770.0 0.00612376284530 27.25851087761428 -163.73218105489397 349999.42753022816032 9.69557223320143 316.29869711722569
1800.0 -0.00701022830106 27.21837908444239 -163.64445075876964 349987.41433674003929 9.84905386493634 316.42306872982186
1830.0 -0.01447022926229 27.17894791608080 -163.55842206408849 350016.23462891951203 10.00277827542708 316.54696468019245
1860.0 -0.00568203642332 27.13817324229261 -163.47160547147575 349956.73417069111019 10.15701031790303 316.67051670883376
1890.0 -0.00326513462348 27.09913751780707 -163.38766223822509 350009.11054215673357 10.31166404161070 316.79368025102156
1920.0 -0.00637531297634 27.05979756943345 -163.30417716356249 350035.95533856935799 10.46658270366859 316.91637566310726
1950.0 -0.00375817472405 27.01912497435471 -163.21993557817666 349970.94147300161421 10.62185335160655 317.03864534769519
1980.0 -0.01252523555083 26.98021793826894 -163.13853437969976 350018.18919012974948 10.77750742053399 317.16050374702564
2010.0 -0.00811101467175 26.94101908242632 -163.05754073323732 350044.75086188316345 10.93368423505386 317.28201882802892
2040.0 -0.00665403098011 26.90153485660428 -162.97699725189256 350045.56501357816160 11.09011615006725 317.40305616315925
2070.0 -0.01041119992439 26.86176789005929 -162.89688710957802 350022.49642441608012 11.24690958086407 317.52366749427250
2160.0 0.00091866577299 26.74289061690133 -162.66145180688906 349951.76534979138523 11.71970601827553 317.88305494361589
2190.0 -0.00754351732083 26.70412169527954 -162.58538473110684 349971.74948421027511 11.87796870727976 318.00196112200234
2220.0 -0.01757436939087 26.66509220853353 -162.50970880495797 349970.76866810582578 12.03674460368198 318.12050964471075
2250.0 -0.01534160093015 26.62685428341794 -162.43558889714683 350017.02326401788741 12.19594678981036 318.23865625321457
2280.0 -0.00648197054392 26.58836907813817 -162.36188754876366 350038.20742485672235 12.35541519367382 318.35632109411870
2310.0 -0.00883950888133 26.54858848020044 -162.28744950552630 349965.49598977342248 12.51523907538214 318.47354681392602
2340.0 -0.01525607537476 26.51066619487324 -162.21569547471947 350010.19155305158347 12.67544971473504 318.59034745535649
2370.0 -0.01449739595314 26.47250528021925 -162.14431179148909 350034.41425832640380 12.83618827304782 318.70679057610420
2400.0 -0.01240348537723 26.43411357012834 -162.07333764241463 350033.51070151850581 12.99718389561468 318.82274259259475
2430.0 -0.01091128166527 26.39549263019860 -162.00275729188922 350009.20133624691516 13.15854380267490 318.93825462518907
2460.0 -0.01044742336072 26.35664597323518 -161.93257195480325 349961.23615548759699 13.32025809495708 319.05332058893441
2490.0 -0.00630890314608 26.31968953973799 -161.86498807414182 350034.99899130500853 13.48246402583318 319.16800578690874
2520.0 -0.00682508563652 26.28145903432237 -161.79666695107036 350014.51871363539249 13.64505875027622 319.28225885367772
2550.0 -0.01743048378906 26.24301695111934 -161.72874601264311 349968.79929688572884 13.80789844101173 319.39600890398765
2580.0 -0.00426026920636 26.20542194624203 -161.66228590956706 349974.44785311724991 13.97125618143161 319.50938674298129
2610.0 -0.01238436610647 26.16762010812063 -161.59619063915559 349958.09329405799508 14.13504405722362 319.62234835706568
2640.0 -0.01582458205110 26.13068061697777 -161.53157141361493 349989.87590279057622 14.29909858821530 319.73481360734178
2670.0 -0.01029749717086 26.09354394102802 -161.46731674703042 349998.85572918783873 14.46351130069044 319.84682538327195
2700.0 -0.00733120678357 26.05621247229087 -161.40342220283580 349985.43789433687925 14.62831331071786 319.95839731389026
2760.0 0.00082206836693 25.98203988125340 -161.27776265833546 349967.19036452658474 14.95924020396366 320.18029028728205
2820.0 -0.00664497305273 25.90926744908325 -161.15567206558975 350004.66891135368496 15.29151282267455 320.40030594697981
2850.0 -0.00787958959124 25.87314543712528 -161.09566070125473 350028.97732604108751 15.45832378534550 320.50968756378609
2880.0 -0.01674525820176 25.83578041444872 -161.03493744924293 349956.61962155625224 15.62552482775257 320.61862126381993
2910.0 -0.00547878263156 25.80038558675268 -160.97667592031601 350009.76333251036704 15.79297063965619 320.72703659853846
2940.0 -0.01006405816705 25.76482042244004 -160.91872767642084 350043.33413819596171 15.96093857518332 320.83506400945220
2970.0 -0.01776454449992 25.72801909543259 -160.86006585130650 349980.37736804410815 16.12933969203445 320.94265966079035
3000.0 -0.00185846001254 25.69320065578675 -160.80382497521657 350045.13171358220279 16.29800702047301 321.04974304456061
3030.0 -0.01973871646178 25.65715349648698 -160.74687879292441 350012.19581378903240 16.46703440643444 321.15635728891061
3060.0 -0.00258695304024 25.62095028628827 -160.69026111623327 349957.50885237473994 16.63645279188070 321.26251558917335
3090.0 -0.01635686174545 25.58673510809158 -160.63599355946749 350036.26735501643270 16.80640713238674 321.36828474798591
3120.0 -0.00569411169002 25.55130147406337 -160.58103658621206 350015.45733346976340 16.97661994018522 321.47353248592003
3150.0 -0.01084889731786 25.51572138216262 -160.52640079686819 349972.90417339652777 17.14720009232997 321.57830871456059
3180.0 -0.01328592653201 25.48107149435796 -160.47309344498623 349985.82418985571712 17.31813504279519 321.68260609793685
3210.0 -0.00816837012028 25.44627739288595 -160.42008152416400 349979.24717911053449 17.48957184462276 321.78649207001325
3240.0 -0.01598758455991 25.41134468399039 -160.36737795257457 349951.59020135924220 17.66139912689718 321.88991280633911
3270.0 -0.01104611406722 25.37735447598984 -160.31599214005163 349979.12384216953069 17.83347005835780 321.99279820260983
3300.0 -0.01129364226105 25.34322742269167 -160.26488915457975 349987.81988754309714 18.00606636773685 322.09527840087401
3330.0 -0.01266610263144 25.30896850801160 -160.21407923498640 349976.40588942542672 18.17909805144393 322.19730966930399
3360.0 -0.01319637431188 25.27565994834849 -160.16456089345954 350021.73021720163524 18.35239456621710 322.29881103890403
3390.0 -0.01194566056945 25.24115204727298 -160.11435927104634 349967.04249250143766 18.52605213072847 322.39982586705077
3420.0 -0.01485460023574 25.20759597294558 -160.06542487018228 349971.22757125180215 18.70010150058496 322.50036688808052
3450.0 -0.01633673787679 25.17391494436146 -160.01676149628673 349956.96423996333033 18.87468958648567 322.60050054729470
3480.0 -0.00947241146461 25.14119464968367 -159.96936194750162 350000.90876912418753 19.04953547454264 322.70009501142346
3510.0 -0.01529833467163 25.10835925332275 -159.92224286148920 350024.71993482299149 19.22474889007978 322.79919959136549
3540.0 -0.01514036106169 25.07541008162598 -159.87540017223137 350028.76234476547688 19.40036279485496 322.89782789607330
3570.0 -0.00541639946603 25.04234752433284 -159.82882676227479 350013.74367879610509 19.57643910840923 322.99600677845967
3600.0 -0.01984637980913 25.00918075614967 -159.78254608137777 349976.91040476318449 19.75275712903766 323.09363289973504
3630.0 -0.01311185335439 24.97697743157149 -159.73746678068488 350003.47467833012342 19.92960404249686 323.19083687594474
3660.0 -0.01315713117246 24.94466801773827 -159.69264989346220 350011.07395636662841 20.10688629531175 323.28757367454870
3690.0 -0.00812912698086 24.91226026194916 -159.64811326608501 349997.59828943479806 20.28443115672050 323.38376242919435
3720.0 -0.01324165449371 24.88082680821148 -159.60477309529048 350046.85393236577511 20.46233717276958 323.47944674135812
3750.0 -0.00728290808053 24.84822160824940 -159.56076691403493 349994.15839306265116 20.64063487274709 323.57463887116762
3780.0 -0.01153714260825 24.81658864558484 -159.51792914212007 350006.80622582603246 20.81947300659164 323.66940494452859
3810.0 -0.01435250338967 24.78486582082740 -159.47536151948967 349998.78919824492186 20.99856747152080 323.76361341676994
3840.0 -0.01091631529166 24.75305170313388 -159.43305204397635 349971.36659758444875 21.17802874067814 323.85731302128733
3870.0 -0.01038302627189 24.72221895439585 -159.39190290676208 350009.05732247605920 21.35788987266335 323.95051701496737
3900.0 -0.00983061798136 24.69129504114108 -159.35099283985491 350028.96878126543015 21.53821390764372 324.04325216996881
3930.0 -0.01153009860418 24.66028954707089 -159.31034389049196 350028.54055383056402 21.71877680129087 324.13541491842972
3960.0 -0.01254837794069 24.62919475942570 -159.26992650774025 350010.99388134013861 21.89986872880051 324.22713506143737
3990.0 -0.00677678811536 24.59801579392032 -159.22974954564381 349975.24424071237445 22.08139767199394 324.31836884955806
4020.0 -0.01267918485979 24.56782968689405 -159.19071517743291 350005.03806618694216 22.26318607578158 324.40903409444729
4050.0 -0.00825792234040 24.53756491781431 -159.15191936158604 350016.36099239159375 22.44533485907147 324.49917461855301
4080.0 -0.01447123386019 24.50722242100393 -159.11335863981617 350009.51304418127984 22.62787430895391 324.58880216740681
4110.0 -0.00907898492755 24.47679889947020 -159.07501808161052 349986.06920692324638 22.81095504287195 324.67798253727688
4140.0 -0.01204326375530 24.44737250296253 -159.03779361872625 350029.91433492209762 22.99428970774782 324.76658434514593
4170.0 -0.01173335121407 24.41680825516690 -158.99993235117128 349968.54003495443612 23.17798952967179 324.85465572676134
4200.0 -0.00994230799345 24.38723848166216 -158.96316408150636 349976.58289457857609 23.36208765404955 324.94220954194719
4230.0 -0.01196276709879 24.35759659718338 -158.92661357856650 349967.67809330206364 23.54664825927047 325.02927244451553
4260.0 -0.01018279100133 24.32895554722711 -158.89115412818802 350027.72006257437170 23.73144388204268 325.11574052378796
4290.0 -0.01226764719550 24.29917990970418 -158.85504868803963 349983.48594221938401 23.91676905071874 325.20174345117118
4320.0 -0.01129766656202 24.27039981531520 -158.82000660584194 350010.85234510432929 24.10253069122562 325.28723734575681
4350.0 -0.00798423323551 24.24156066641329 -158.78519143095747 350019.68583121802658 24.28854762485884 325.37213926429911
4380.0 -0.01106321941468 24.21266055211643 -158.75059309207066 350011.02120866253972 24.47492318776537 325.45649321555186
4410.0 -0.00908803930929 24.18370017727326 -158.71620833821800 349985.13722974807024 24.66168740643123 325.54031037797489
4440.0 -0.01148582656589 24.15573292363158 -158.68285165319526 350033.72892635874450 24.84899279175121 325.62365619324419
4470.0 -0.00951366498171 24.12665579372304 -158.64888741267265 349973.78630194533616 25.03654867829138 325.70639930837314
4500.0 -0.01063759610602 24.09857976541774 -158.61595827878509 349987.17376483697444 25.22446704759317 325.78858722667343
4530.0 -0.01176856887063 24.07044811521707 -158.58323220417074 349983.97022403497249 25.41278111954411 325.87023235291002
4560.0 -0.01047358427179 24.04226010166765 -158.55070301825381 349964.77409353945404 25.60155622629057 325.95136117107563
4590.0 -0.00719335704229 24.01507765517490 -158.51919933337086 350019.23155526164919 25.79056140757082 326.03186930718755
4620.0 -0.01266610381332 23.98678689826327 -158.48707275203827 349966.75779892504215 25.98009562861374 326.11188630469292
4650.0 -0.01092235233407 23.95949494188372 -158.45594524389745 349990.48803642671555 26.17006472457753 326.19136805584549
4680.0 -0.01205131353914 23.93215880624005 -158.42502303952648 349996.82145190797746 26.36028381176741 326.27023075411250
4710.0 -0.01057420243320 23.90477613738281 -158.39429650488185 349986.73777243774384 26.55085868616798 326.34851854390462
4740.0 -0.00953077151104 23.87734742579422 -158.36376259397255 349960.49597619473934 26.74181909253742 326.42624196862874
4770.0 -0.01482843696091 23.85091224824912 -158.33419394596439 350013.32904545962811 26.93331945818249 326.50346607042769
4800.0 -0.01046251596675 23.82339432811028 -158.30403880367805 349955.17377551458776 27.12506574279566 326.58005939030210
4830.0 -0.01069595615244 23.79687728977047 -158.27485539934642 349975.09346055239439 27.31717068265923 326.65606874488924
4860.0 -0.01213583449663 23.77031750719252 -158.24585447866963 349979.51458814833313 27.50966755691590 326.73150600883878
4890.0 -0.01183195899781 23.74371392728669 -158.21703015544287 349969.00283389724791 27.70262286464587 326.80639742641853
4920.0 -0.01176454456965 23.71811381917562 -158.18916814475563 350037.02385112084448 27.89580206920331 326.88063803275332
4950.0 -0.01204426953507 23.69143211476143 -158.16070526228415 349995.48248726595193 28.08950865267563 326.95435721600575
4980.0 -0.00996545156519 23.66574570304228 -158.13317947860608 350034.92449173890054 28.28364732281464 327.02751053295157
5010.0 -0.01187321487866 23.63899482573846 -158.10508206773758 349961.64952739048749 28.47802940721006 327.10001319535968
5040.0 -0.01101693227119 23.61324223624523 -158.07791962236371 349969.33404661901295 28.67276320197114 327.17190941080355
5070.0 -0.01166996345065 23.58745467466960 -158.05092953713910 349962.01289011165500 28.86787814568591 327.24320899939727
5100.0 -0.01140029746486 23.56265441618476 -158.02484422342258 350038.52905377093703 29.06353060129711 327.31397653177402
5130.0 -0.01079054081708 23.53679891349498 -157.99819259974481 350001.61691675800830 29.25942309078000 327.38408030269511
5160.0 -0.01074727101292 23.51193740285136 -157.97245176525786 350047.67329483199865 29.45566910064288 327.45356636204684
5190.0 -0.01094247383897 23.48602108792825 -157.94613938643693 349980.83374892361462 29.65230195060861 327.52244595689126
5220.0 -0.00964749042201 23.46109404484583 -157.92072184953963 349998.44015421345830 29.84938931700058 327.59074499719588
5250.0 -0.01217205793296 23.43614355919076 -157.89547891999842 350000.33272901270539 30.04669300539820 327.65835779161347
5280.0 -0.01023913830632 23.41115866439788 -157.87038677880170 349988.97631015256047 30.24452109081660 327.72541350597271
5310.0 -0.01108636180454 23.38614454961861 -157.84545230851018 349963.57750900648534 30.44277711400510 327.79186723552061
5340.0 -0.01054603114446 23.36212293343033 -157.82140569810974 350022.88701957836747 30.64126852800007 327.85763308055783
5370.0 -0.00987489356529 23.33706356218899 -157.79680181947001 349967.58019333612174 30.84010616602759 327.92275520935652
5400.0 -0.01209357283600 23.31298987081213 -157.77306722165679 349998.76277046278119 31.03931913237378 327.98724260398558
5430.0 -0.01165688004042 23.28888408097035 -157.74947352835133 350017.36698764190078 31.23906573995932 328.05115925490384
5460.0 -0.01251718576699 23.26475965189388 -157.72604222929391 350021.07881461456418 31.43904501008202 328.11437306650021
5490.0 -0.01023008392459 23.24061322933676 -157.70276443090523 350010.77693761978298 31.63937117015218 328.17692920722345
5520.0 -0.01137111685071 23.21644471901370 -157.67963721359192 349986.71039204765111 31.84007755781015 328.23883816943965
5550.0 -0.01162870756980 23.19275185178631 -157.65700118246201 350000.71159129124135 32.04123303298945 328.30012540086477
5580.0 -0.00905382979626 23.16904437422479 -157.63452359488500 349999.99842975195497 32.24259566032158 328.36068433930586
5610.0 -0.00855273872997 23.14580786742399 -157.61252435828683 350038.54578005708754 32.44447817807467 328.42064380615295
5640.0 -0.01009223300143 23.12155605870564 -157.58998224560071 349960.61243636999279 32.64678291748785 328.47995828671333
5670.0 -0.00897031343666 23.09828468956217 -157.56827737720158 349971.79107398260385 32.84931336832381 328.53854062639778
5700.0 -0.01006305356915 23.07499596927843 -157.54671610518392 349969.57484195381403 33.05218293392213 328.59643481083384
5730.0 -0.01037195796685 23.05168988846739 -157.52529592725440 349954.17030735220760 33.25542035128952 328.65364883392715
5760.0 -0.00917759389317 23.02934420439809 -157.50467372003405 350031.74270837195218 33.45918589225138 328.71024594779368
5790.0 -0.00955592427857 23.00600394509540 -157.48352988358917 349990.40107512474060 33.66317501341737 328.76609351818081
5820.0 -0.01014455364168 22.98362960037138 -157.46318930806234 350041.38619963265955 33.86750266834181 328.82123567107982
5850.0 -0.00978634712494 22.96026144431020 -157.44232257346553 349973.82640216220170 34.07220218468748 328.87568197725795
5880.0 -0.00985778703596 22.93785248342386 -157.42224457318596 349999.98310163430870 34.27734360768240 328.92945724913892
5910.0 -0.00760388774492 22.91543544344791 -157.40230954152966 350012.46076241042465 34.48268117555088 328.98245389902831
5940.0 -0.00956699494737 22.89299819207173 -157.38249587104843 350013.41624754294753 34.68853235261846 329.03480020587557
5970.0 -0.00948549014733 22.87054591790391 -157.36280972972762 350002.16878453828394 34.89479821439429 329.08644986699426
6000.0 -0.00950863371907 22.84808808087177 -157.34326375991174 349977.38663570024073 35.10127819543944 329.13731431297185
6030.0 -0.00930135562632 22.82658249451808 -157.32448866937480 350047.95572673063725 35.30808829659755 329.18743714712843
6060.0 -0.00833036921307 22.80410338236445 -157.30520112485280 349998.20428067725152 35.51525684886311 329.23682517775688
6090.0 -0.00903873482648 22.78256555418976 -157.28666482386831 350045.72390758059919 35.72294608457783 329.28554069267955
6120.0 -0.00939191480810 22.76006747962520 -157.26763089851539 349971.29943703301251 35.93084783067018 329.33345036671750
6150.0 -0.00764514362577 22.73851570285382 -157.24935321947240 349993.58660538215190 36.13907774475316 329.38059705934745
6180.0 -0.00873486287330 22.71695333778137 -157.23119667596839 350004.02458736021072 36.34766911052823 329.42698919926710
6210.0 -0.00858292512389 22.69537837091963 -157.21315632932112 350003.06232519354671 36.55669315369389 329.47265072878383
6240.0 -0.00930336718587 22.67380232225958 -157.19524734683409 349989.14053379651159 36.76590019761777 329.51747286759280
6270.0 -0.00805265580720 22.65221258012647 -157.17744908106377 349964.27616026997566 36.97561248587624 329.56158304941073
6300.0 -0.00894415370748 22.63155221971445 -157.16037800718411 350038.97854234091938 37.18572978714887 329.60493396557257
6330.0 -0.00915847462241 22.60995239592932 -157.14282191939591 349990.05781758390367 37.39604738473596 329.64743545112617
6360.0 -0.00823075328580 22.58928199862906 -157.12599114227285 350040.87141911499202 37.60668389701034 329.68913044964501
6390.0 -0.00863524812791 22.56767337621457 -157.10867140470583 349968.30849645007402 37.81766720274761 329.73002432206619
6420.0 -0.00849035438256 22.54698232378660 -157.09205828996556 349997.30747870542109 38.02916148701356 329.77017807281771
6450.0 -0.00765621193082 22.52629065174430 -157.07556570322924 350014.20330813713372 38.24085488019378 329.80945752898072
6480.0 -0.00912527088916 22.50559432839363 -157.05918608663055 350019.70207765605301 38.45286371276752 329.84790397336292
6510.0 -0.00942511854135 22.48489284034320 -157.04291696599964 350014.00685396604240 38.66522118218217 329.88552439872461
6540.0 -0.00762602435501 22.46418399625650 -157.02675359207979 349997.54067884106189 38.87799968133213 329.92234155735116
6570.0 -0.00830923720088 22.44347949654053 -157.01071045923447 349968.85144770145416 39.09094552616960 329.95824529345055
6600.0 -0.00871071352178 22.42367547492019 -156.99534839899093 350044.30201753508300 39.30438578050924 329.99336174738028
6630.0 -0.00925909514758 22.40295578078694 -156.97950886611420 349994.68305361550301 39.51821884784616 330.02764233158018
6660.0 -0.00781821102362 22.38314553120382 -156.96436178055336 350048.11707733199000 39.73223575876398 330.06099507787241
6690.0 -0.00780311605383 22.36243108867836 -156.94874712988820 349975.35398426372558 39.94655775921853 330.09346188437479
6720.0 -0.00874190569548 22.34261537321144 -156.93380946058500 350007.16658144257963 40.16121221978540 330.12504631462213
6750.0 -0.00825590841709 22.32278892254088 -156.91896410133180 350029.32923557888716 40.37636525835468 330.15580764154805
6780.0 -0.00758074771882 22.30296605480640 -156.90422860627092 350040.12150297779590 40.59170123839024 330.18561068181947
6810.0 -0.00934864618582 22.28314257056201 -156.88959578867801 350040.19904796686023 40.80733711992411 330.21449471238401
6840.0 -0.00794499127797 22.26331785366397 -156.87506329859332 350029.75115085206926 41.02330596109211 330.24246489481243
6870.0 -0.00767231031662 22.24348954399523 -156.86062656651239 350009.17578991129994 41.23968129718396 330.26954235297291
6900.0 -0.00858393208555 22.22366950057452 -156.84629947650384 349977.12146187573671 41.45620533814476 330.29561535170444
6930.0 -0.00798725175672 22.20428170775446 -156.83233769350451 349994.39033741224557 41.67320999235779 330.32080808651460
6960.0 -0.00807781330226 22.18489067584173 -156.81846914745535 350001.72358183655888 41.89059223036573 330.34507034188130
6990.0 -0.00778802226593 22.16550633060266 -156.80470506583970 349998.03206407465041 42.10813872070187 330.36830810228241
7020.0 -0.00847727333609 22.14612410141720 -156.79103811835378 349983.97511694394052 42.32597333314054 330.39056168258634
7050.0 -0.00834948730196 22.12717443984485 -156.77773547423160 350019.39114544726908 42.54412286089046 330.41183237600626
7080.0 -0.00699915881413 22.10821664862701 -156.76451579454124 350045.76533538382500 42.76275531838117 330.43217709529335
7110.0 -0.00776991232058 22.08883770406295 -156.75112943960565 350001.49345571827143 42.98155122583805 330.45145947549958
7140.0 -0.00750829966427 22.06988993401790 -156.73810373278150 350007.04206414427608 43.20062811348826 330.46971619229475
7170.0 -0.00751634708435 22.05094344822026 -156.72516868454071 350002.73793173301965 43.42001883200258 330.48695003865618
7200.0 -0.00755559258753 22.03241809719038 -156.71258230976517 350049.44129755068570 43.63979801847130 330.50317990488833
7230.0 -0.00738051008450 22.01347941231028 -156.69983179383948 350025.08010792452842 43.85970366933413 330.51829224332022
7260.0 -0.00687137159812 21.99453764440133 -156.68716268718089 349991.62297582253814 44.08007253867843 330.53240836614015
7290.0 -0.00806271715059 21.97601514518303 -156.67483854443162 350009.53053422737867 44.30080008324529 330.54547597319765
7320.0 -0.00756464578738 21.95750133262658 -156.66260910443103 350017.14114219229668 44.52166848869344 330.55739870676888
7350.0 -0.00730404009273 21.93857778428065 -156.65021138625463 349953.80093479063362 44.74280422538502 330.56821454488579
7380.0 -0.00724970671104 21.92048487502519 -156.63841124466862 350003.46905434504151 44.96423342172671 330.57792186420772
7410.0 -0.00837765859069 21.90238509018392 -156.62668521288973 350044.70260716509074 45.18612592948394 330.58657433295053
7440.0 -0.00708367977163 21.88347656308336 -156.61454522071375 349952.54222482535988 45.40815833996479 330.59403421979204
7470.0 -0.00752842353293 21.86539135986605 -156.60299553414796 349974.20492378901690 45.63044867163988 330.60033476839078
7500.0 -0.00741975322392 21.84730860231224 -156.59152736973596 349986.68185443617404 45.85302947839067 330.60547566395553
7530.0 -0.00662485036596 21.82922561900354 -156.58013649015700 349990.32256507873535 46.07597643601947 330.60947272039181
7560.0 -0.00664095111551 21.81115453149682 -156.56883572154948 349983.95970130246133 46.29902320598177 330.61221030162557
7590.0 -0.00761294567230 21.79308115689640 -156.55760757514642 349969.11976689565927 46.52251135830919 330.61380548983789
7620.0 -0.00576756316059 21.77540785804176 -156.54670152165150 350008.00249410513788 46.74633473434639 330.61420328816456
7650.0 -0.00652423220455 21.75774391347126 -156.53588097775727 350037.30314645543694 46.97027089938413 330.61330462912622
7680.0 -0.00583497877063 21.73969089077278 -156.52489691368280 349994.63839967362583 47.19444887331666 330.61114409069313
7710.0 -0.00614288093418 21.72203695632679 -156.51423316471084 350005.91242382209748 47.41889400580937 330.60771623857437
7740.0 -0.00566593803753 21.70437992925908 -156.50363759552152 350009.04703188594431 47.64377789479308 330.60307024609654
7770.0 -0.00522220123788 21.68673453374457 -156.49312559320708 350002.67796515580267 47.86877310120878 330.59706680744131
7800.0 -0.00691665177995 21.66909618323195 -156.48269091907301 349987.32565288804471 48.09399801760807 330.58973456618583
7830.0 -0.00547777803366 21.65184783193866 -156.47256776606545 350026.85367052257061 48.31948478144376 330.58106907018959
7860.0 -0.00590843260495 21.63421712564671 -156.46227842075683 349994.31300770584494 48.54531001106206 330.57108187075789
7890.0 -0.00516786785620 21.61660207098227 -156.45207262572177 349952.18660405278206 48.77120289053484 330.55965490332204
7920.0 -0.00640449240861 21.59936612656477 -156.44216624775308 349966.04715967830271 48.99750973015793 330.54689908448000
7950.0 -0.00525641311467 21.58213259419187 -156.43232891846580 349971.60785163938999 49.22412262488826 330.53275588192213
7980.0 -0.00550393894473 21.56491180578117 -156.42257077695149 349967.98764065559953 49.45081435651159 330.51712304342868
8010.0 -0.00576152848194 21.54769854889174 -156.41288515405668 349955.73211641982198 49.67771640213379 330.50003023358960
8040.0 -0.00608150000280 21.53086219956853 -156.40349860788012 349999.69105757772923 49.90485318011542 330.48146695248761
8070.0 -0.00612175010387 21.51402173367156 -156.39417228196842 350036.09911701641977 50.13239789603579 330.46147609673926
8100.0 -0.00575146595667 21.49682606315147 -156.38469503126979 349998.67504262272269 50.36001895420130 330.43991653737436
8130.0 -0.00569813599100 21.47964046055961 -156.37528905179599 349952.63468642253429 50.58783495981022 330.41681065944556
8160.0 -0.00499983172099 21.46318766311132 -156.36639988172021 350028.73020038660616 50.81587746886901 330.39214841947773
8190.0 -0.00436089091341 21.44601338467900 -156.35712639592722 349966.32660762686282 51.04422389681797 330.36593541731628
8220.0 -0.00523125798337 21.42957313346371 -156.34837330580743 350025.92881909385324 51.27259877528138 330.33805072044032
8250.0 -0.00483179322202 21.41277284523454 -156.33945639729458 350012.50936658494174 51.50135301209260 330.30859628518544
8280.0 -0.00482978284435 21.39597745496448 -156.33060281457091 349991.12289389781654 51.73037677888785 330.27750886795570
8310.0 -0.00407009764295 21.37954886851852 -156.32204073104313 350026.95824703946710 51.95943787180303 330.24468239486345
8340.0 -0.00538118299135 21.36277671847798 -156.31332591086689 349988.65261704474688 52.18867007061090 330.21013944103873
8370.0 -0.00489015445033 21.34636115020930 -156.30489245561202 350008.45916724670678 52.41809665122064 330.17386265513886
8400.0 -0.00494448901389 21.32959843343957 -156.29629871506287 349954.58347839955240 52.64789221745414 330.13588609330424
8430.0 -0.00490826557755 21.31319581004129 -156.28799034367250 349958.56636929791421 52.87772085100912 330.09606648406680
8460.0 -0.00463659157785 21.29680127902327 -156.27974538816716 349954.56779565289617 53.10770113668777 330.05441757242033
8490.0 -0.00493543463216 21.28075254396577 -156.27177410431912 350009.53855084534734 53.33786381494814 330.01092164058707
8520.0 -0.00473519817971 21.26436705753947 -156.26364743256576 349990.25014304183424 53.56828687735738 329.96557590188405
8550.0 -0.00419486751964 21.24833247729775 -156.25580010285279 350029.55864646472037 53.79868997712427 329.91825596032663
8580.0 -0.00507127045013 21.23196288342796 -156.24779522207228 349994.63127423357219 54.02942837401631 329.86905074635695
8610.0 -0.00459634265866 21.21559997314493 -156.23984819948109 349952.06500038970262 54.26039006891235 329.81789062165046
8640.0 -0.00488914867055 21.19990994571271 -156.23238273795840 350036.07506126724184 54.49133760865184 329.76466480527500
8670.0 -0.00461143526468 21.18357163673563 -156.22456224119435 349977.45769174303859 54.72240682511545 329.70938561796061
8700.0 -0.00452590852742 21.16789117378353 -156.21721160720250 350046.50696048233658 54.95361955016732 329.65202627742224
8730.0 -0.00403991243090 21.15156328232369 -156.20950057232380 349973.08191073127091 55.18515146621228 329.59260826882138
8760.0 -0.00472614261610 21.13589205642298 -156.20226138881824 350027.35761381406337 55.41666210319159 329.53098573770768
8790.0 -0.00454502661630 21.11990914760680 -156.19487612975945 350006.11720146797597 55.64826968119583 329.46716032674124
8820.0 -0.00464765870102 21.10393470347886 -156.18754717228470 349977.35194669943303 55.88000378329097 329.40110361632264
8850.0 -0.00462451749303 21.08827780689724 -156.18047109904097 350009.70593699999154 56.11194263774752 329.33280087595335
8880.0 -0.00412443220651 21.07263430726325 -156.17345689621203 350034.20091168582439 56.34380071253445 329.26212340439673
8910.0 -0.00362535506353 21.05668122730657 -156.16629084287862 349983.32278452534229 56.57593721254131 329.18914113549602
8940.0 -0.00429045796405 21.04104135261517 -156.15937498631243 349993.87782823294401 56.80823760814634 329.11377557926994
8970.0 -0.00314137052657 21.02541542928462 -156.15251925949147 349996.66241350118071 57.04045883661671 329.03590997943593
9000.0 -0.00356095797470 21.00979771107849 -156.14571749925992 349992.11622853204608 57.27273837868299 328.95554174375189
9030.0 -0.00316048979733 20.99448603558167 -156.13916314514256 350049.44391133636236 57.50509617703331 328.87263087937032
9060.0 -0.00336172730203 20.97887363261707 -156.13245809259683 350031.05690956115723 57.73770849842366 328.78718080789440
9090.0 -0.00390810091391 20.96327638608305 -156.12581132330510 350004.98493314720690 57.97022998968645 328.69904245037065
9120.0 -0.00328525731026 20.94768938804787 -156.11921754045895 349971.59711647871882 58.20277798473937 328.60820025116277
9150.0 -0.00369478341500 20.93240081445115 -156.11286630081167 350000.59701059758663 58.43538039507943 328.51461062838217
9180.0 -0.00361730527969 20.91711353108519 -156.10656096008182 350022.86522369179875 58.66811515583154 328.41824164514640
9210.0 -0.00274593242995 20.90155565564439 -156.10012289746032 349967.79494707658887 58.90069111348761 328.31895907012790
9240.0 -0.00375314464330 20.88656527874438 -156.09410581530383 350045.89816781226546 59.13347075078354 328.21680497981242
9270.0 -0.00316954417906 20.87101412473886 -156.08775745299002 349977.32437209598720 59.36633646688568 328.11168839198854
9300.0 -0.00304175578117 20.85603699067060 -156.08183981455909 350041.44256872590631 59.59903907282538 328.00348472144549
9330.0 -0.00384571420275 20.84051346083395 -156.07559736843339 349958.19321919325739 59.83171704759307 327.89216952913853
9360.0 -0.00307798039939 20.82554785481373 -156.06977495243029 350008.57130655739456 60.06438776695354 327.77768400642276
9390.0 -0.00334764165766 20.81030743844935 -156.06380685647252 349982.20174700301141 60.29722730293059 327.66000533386489
9420.0 -0.00238470502825 20.79535028933667 -156.05807567825147 350019.11059786844999 60.52988492173968 327.53898025500092
9450.0 -0.00419889300250 20.78013327436990 -156.05220824081729 349978.50230044871569 60.76247626059453 327.41456843523849
9480.0 -0.00362132958067 20.76518864542620 -156.04656936809053 350001.82250668946654 60.99502676346749 327.28670448916279
9510.0 -0.00350763155467 20.75024518859598 -156.04097188954916 350018.67091213073581 61.22761323008717 327.15533140933934
9540.0 -0.00376018510172 20.73531565433545 -156.03542640944738 350028.33987019769847 61.45993823766691 327.02030764116694
9570.0 -0.00343820202132 20.72038430478473 -156.02991848557201 350031.76207538973540 61.69236644954810 326.88163412543537
9600.0 -0.00378634719467 20.70545629790039 -156.02445206824444 350028.66319690085948 61.92477635456142 326.73920195090170
9630.0 -0.00394029886739 20.69054255741466 -156.01903606278867 350018.45958932396024 62.15691186515350 326.59287599193090
9660.0 -0.00335166714052 20.67563703138127 -156.01366455879784 350001.52382156718522 62.38891139751587 326.44259956048029
9690.0 -0.00369780075432 20.66073901275122 -156.00833633147641 349977.92358999233693 62.62078869779308 326.28828666517461
9720.0 -0.00349958058895 20.64608434036685 -156.00321995764369 350019.77367013785988 62.85271839014792 326.12987597707348
9750.0 -0.00307697461961 20.63119877609007 -155.99797567205326 349983.02680133376271 63.08434358876411 325.96720869784849
9780.0 -0.00297031468828 20.61656176102405 -155.99294929188872 350011.43697353173047 63.31577694203133 325.80020837596521
9810.0 -0.00293308665404 20.60169267321057 -155.98779001878322 349961.43725952506065 63.54704016140361 325.62877790222933
9840.0 -0.00203957601234 20.58729613840438 -155.98301489943157 350049.15439968928695 63.77820754567985 325.45282340453997
9870.0 -0.00325205357700 20.57244595001036 -155.97794173686214 349985.85020099580288 64.00897440592763 325.27219347575073
9900.0 -0.00181620071568 20.55782671012248 -155.97307473729819 349988.59002122189850 64.23970576341910 325.08682790594764
9930.0 -0.00201643362248 20.54321006391718 -155.96824497847047 349985.05237057060003 64.47027485830101 324.89659179420568
9960.0 -0.00217943849505 20.52883049450199 -155.96363107128275 350047.16477509215474 64.70041750872308 324.70133565102316
9990.0 -0.00143686100486 20.51401145533427 -155.95871757509394 349957.89706566929817 64.93027031469356 324.50095494233790
10020.0 -0.00331947036892 20.49964096819226 -155.95418143787282 350007.32024698238820 65.15984168339649 324.29532408177147
10050.0 -0.00203555052948 20.48504854675690 -155.94950815178311 349978.17918490432203 65.38930273534031 324.08432484895195
10080.0 -0.00334361735668 20.47068363139998 -155.94504612875247 350015.13424941338599 65.61828920765230 323.86779125254651
10110.0 -0.00232735312536 20.45611204076110 -155.94045573177314 349972.89740058407187 65.84690865484676 323.64559388837870
10140.0 -0.00246620746454 20.44175664127975 -155.93606895348492 349997.28284993115813 66.07517699937324 323.41758930210540
10170.0 -0.00335066136074 20.42740065081575 -155.93171531299086 350015.64601717051119 66.30316378702392 323.18362927436107
10200.0 -0.00213214675367 20.41305699404014 -155.92740493675808 350027.41195376217365 66.53055548968807 322.94354946209990
10230.0 -0.00266241725224 20.39870954563825 -155.92312403888513 350033.33828043937683 66.75771442263034 322.69719847594479
10260.0 -0.00287673934905 20.38436346424242 -155.91887637040298 350033.20264757983387 66.98450640051644 322.44440395438238
10290.0 -0.00215629728707 20.37002989171184 -155.91467051567903 350026.52946690097451 67.21065725194033 322.18499733030598
10320.0 -0.00289686203583 20.35570249469336 -155.91050076251182 350013.62479081097990 67.43629883152472 321.91880331234597
10350.0 -0.00198624959231 20.34138055343506 -155.90636600741590 349994.54013201687485 67.66143140788142 321.64563895377205
10380.0 -0.00294415377721 20.32705626085631 -155.90225942531046 349969.62614055909216 67.88621917681026 321.36530222133888
10410.0 -0.00169847366117 20.31292973619666 -155.89835273874488 350012.00480801425874 68.11028853493431 321.07761916712479
10440.0 -0.00168036135207 20.29880580974243 -155.89448019326773 350048.31739375926554 68.33373846470626 320.78238335079169
10470.0 -0.00200939198218 20.28450370222430 -155.89048173126693 350004.71631097048521 68.55657571398899 320.47938454458603
10500.0 -0.00223477883839 20.27020470629652 -155.88651386574242 349955.12063083983958 68.77886132918165 320.16839549123534
10530.0 -0.00166627452582 20.25627051721916 -155.88290132109856 350047.15394383575767 69.00027044409570 319.84923707678939
10560.0 -0.00188562788526 20.24198222393974 -155.87899974595425 349985.37772762589157 69.22115748606984 319.52162302368976
10590.0 -0.00203052044873 20.22786799165256 -155.87528502051791 349991.79194748308510 69.44137728785657 319.18532921802483
10620.0 -0.00143887374629 20.21376473230618 -155.87160819849612 349991.90754115674645 69.66064268154845 318.84016485634942
10650.0 -0.00127787806951 20.19966598079567 -155.86796364632818 349985.99728900101036 69.87907588282820 318.48585252379058
10680.0 -0.00243099098985 20.18557101707553 -155.86435031502961 349974.10494683217257 70.09666443173909 318.12212925712220
10710.0 -0.00112091142123 20.17163036781226 -155.86091539197264 350031.03849403560162 70.31355990364349 317.74867270459032
10740.0 -0.00153748271191 20.15753985088202 -155.85736216597559 350007.30882773548365 70.52937627886419 317.36530615518592
10770.0 -0.00206271840220 20.14345543076299 -155.85384056508349 349977.55607435014099 70.74419824836033 316.97171553466410
10800.0 -0.00198021136802 20.12952630848449 -155.85050135698486 350016.54284498561174 70.95801786562807 316.56759978366733
10830.0 -0.00140164216642 20.11559319650820 -155.84718803123900 350049.83693409524858 71.17087947501348 316.15262352236311
10860.0 -0.00149220134820 20.10152400265845 -155.84375915334405 350002.16112058702856 71.38244712893579 315.72659837961100
10890.0 -0.00109877599302 20.08759504389318 -155.84050417652887 350023.70527095347643 71.59305667080733 315.28904620371895
10920.0 -0.00134026478067 20.07352418071428 -155.83712511193312 349964.56603995896876 71.80254631746598 314.83968099595040
10950.0 -0.00119738377676 20.05960468763163 -155.83393079920671 349974.23026627209038 72.01061137292749 314.37829863816398
10980.0 -0.00112392994243 20.04568766321350 -155.83076515182628 349978.04006399586797 72.21735647600899 313.90448538768959
11010.0 -0.00063592228637 20.03177239105125 -155.82762717104234 349976.03165431320667 72.42274919812766 313.41787970255479
11040.0 -0.00127989199282 20.01785091632982 -155.82451030040284 349968.47083952091634 72.62691932741133 312.91800045063104
11070.0 -0.00098105012040 20.00393858356282 -155.82142590891470 349954.87451377511024 72.82946410484496 312.40469716075114
11100.0 -0.00099111028191 19.99015357235879 -155.81851642060363 350010.73651098180562 73.03044498415539 311.87752339646738
11130.0 -0.00128391747568 19.97624532964320 -155.81548631402731 349985.53521640785038 73.22983088250322 311.33607535980099
11160.0 -0.00045681784612 19.96245405407247 -155.81262549125972 350030.07322705816478 73.42764406727593 310.77988949574620
11190.0 -0.00058259232070 19.94855449145490 -155.80965143490570 349993.17310306243598 73.62352433960721 310.20881413663130
11220.0 -0.00182927939839 19.93465060076062 -155.80669735677861 349950.71268329862505 73.81777937469920 309.62212239521511
11250.0 -0.00072949880748 19.92085718275016 -155.80391111615100 349978.12252061907202 74.01022290247816 309.01948927038313
11280.0 -0.00156464703899 19.90707058510360 -155.80115566606955 349999.60631134919822 74.20052714331037 308.40075375927273
11310.0 -0.00067918854489 19.89328409305460 -155.79842548540222 350015.37000017333776 74.38876760308816 307.76535936918413
11340.0 -0.00197819862659 19.87949699771215 -155.79571962128841 350025.44250052981079 74.57488200492473 307.11286904884400
11370.0 -0.00119537103533 19.86560268605383 -155.79288920392170 349954.27605680283159 74.75896531236450 306.44264089764289
11400.0 -0.00148113422504 19.85191231350272 -155.79037266259570 350028.77633788902313 74.94059418153645 305.75465705958010
11430.0 -0.00231930097776 19.83812495038632 -155.78773843816936 350021.77892164606601 75.11979508816123 305.04836941100666
11460.0 -0.00231729060009 19.82433798601028 -155.78512762888224 350009.09670943394303 75.29650350181794 304.32332833800922
11490.0 -0.00195706661440 19.81054766656579 -155.78253701560152 349990.83224676176906 75.47070592795720 303.57899741682513
11520.0 -0.00139359356446 19.79676725069855 -155.77997609787582 349966.66081012692302 75.64201911871884 302.81541284672517
11550.0 -0.00233741328687 19.78306190303101 -155.77757160304856 350013.03871051035821 75.81070264260541 302.03161533704338
11580.0 -0.00191983858017 19.76927013439609 -155.77504721218938 349977.82068900112063 75.97653913849518 301.22738122858107
11610.0 -0.00173067279653 19.75556461189550 -155.77269004041605 350012.83541514351964 76.13917617772614 300.40278969894501
11640.0 -0.00154150346725 19.74178298872638 -155.77021656456569 349966.08294890541583 76.29864857565993 299.55725583936209
11670.0 -0.00151232639874 19.72807450630141 -155.76790302321697 349989.83540754020214 76.45485679888100 298.69043475625801
11700.0 -0.00180211152567 19.71435471960669 -155.76560425545051 350008.16972725372761 76.60784907504731 297.80166738734368
11730.0 -0.00101928629816 19.70063903913716 -155.76333127603564 350020.74682727828622 76.75718703845845 296.89137167334690
11760.0 0.00222874297786 19.68692229818968 -155.76107986189243 350027.69005975872278 76.90285509644218 295.95910623866240
11790.0 0.00384772812606 19.67320328969968 -155.75884872864822 350029.03129150252789 77.04475214493138 295.00463074491608
11820.0 0.00056246727016 19.65947819986888 -155.75663468141443 350024.85289320349693 77.18282498912852 294.02759853583780
11850.0 -0.00065302763382 19.64575791197310 -155.75444533223913 350014.93831707630306 77.31672812402368 293.02849512696730
11880.0 -0.00054033184196 19.63202691435591 -155.75226889721282 349999.60254954639822 77.44663251310484 292.00642709294510
11910.0 -0.00074962267613 19.61830286179596 -155.75011794011243 349978.50323757342994 77.57206179652879 290.96241295622758
11940.0 -0.00067818040136 19.60457881667589 -155.74798697304817 349951.78490858059376 77.69301734034187 289.89615944396337
11970.0 -0.00150930787753 19.59089674968276 -155.74600895093812 349995.94157127197832 77.80937695588877 288.80778315437971
12000.0 -0.00164111939453 19.57720023706611 -155.74404294022725 350034.69395451806486 77.92115313308420 287.69696815348806
12030.0 -0.00104242868803 19.56346773220817 -155.74196677315425 349991.24498282186687 78.02792669933160 286.56503104258786
12060.0 -0.00223981246479 19.54977086239319 -155.74004280121159 350018.71391143370420 78.12966058825427 285.41203791007467
12090.0 -0.00113600402725 19.53606860664051 -155.73813632048632 350040.62522194720805 78.22624447112736 284.23838425745816
12120.0 -0.00183531762268 19.52232861946712 -155.73611221998732 349980.46060792356730 78.31761373926783 283.04433872052971
12150.0 -0.00138856230183 19.50862411063171 -155.73424409217156 349991.15393467154354 78.40341404925456 281.83158261027842
12180.0 -0.00173369013586 19.49490669809967 -155.73238687427028 349996.41403890214860 78.48380903980510 280.59954609352258
12210.0 -0.00069126144783 19.48118158089898 -155.73054397302641 349996.15585074108094 78.55858820000037 279.34944738552480
12240.0 -0.00127788161515 19.46746054604888 -155.72872354068511 349990.20885802246630 78.62745120213505 278.08320895630402
12270.0 -0.00145497213209 19.45373654439875 -155.72692009350050 349978.68325828574598 78.69040650464726 276.80129687999670
12300.0 -0.00174878274188 19.44000891972233 -155.72513278092873 349961.59113832097501 78.74736419431481 275.50477699007797
12330.0 -0.00110179333234 19.42627805064977 -155.72348473695300 350015.72479154076427 78.79834797894843 274.19410194457777
12360.0 -0.00084320037912 19.41253945056893 -155.72172759598553 349987.52345407847315 78.84304780451612 272.87196251303885
12390.0 -0.00068220706610 19.39879935271100 -155.71998699900138 349953.73358458653092 78.88146593485196 271.53926589558051
12420.0 -0.00045882940567 19.38505654314886 -155.71839007032668 349991.08385187573731 78.91355347024704 270.19733311751446
12450.0 -0.00138453681897 19.37130140386104 -155.71680458079220 350022.92357968073338 78.93930315069731 268.84726367253546
12480.0 -0.00123763151407 19.35754496676689 -155.71523808948598 350049.12622105143964 78.95853073678460 267.49169591403268
12510.0 -0.00006641101214 19.34377997824261 -155.71355150610370 349993.13803285080940 78.97139421866996 266.13061187963621
12540.0 -0.00077880092653 19.33001008600380 -155.71201239676020 350008.21620919555426 78.97765755675158 264.76745800027351
12570.0 -0.00010967608878 19.31623387300704 -155.71048757772621 350017.71643584500998 78.97739683347339 263.40314292705085
12600.0 -0.00046889193094 19.30245070475467 -155.70897622938213 350021.64476236142218 78.97061980374646 262.03923769791572
12630.0 -0.00119235251412 19.28865236199373 -155.70747211305221 350020.07263753190637 78.95741698118029 260.67648498376820
12660.0 -0.00061479145606 19.27485434483042 -155.70598594559806 350012.85881314612925 78.93765822671115 259.31816257977971
12690.0 -0.00021935217757 19.26105148147460 -155.70451366025912 350000.05225426331162 78.91143291144701 257.96530781054236
12720.0 -0.00097601885776 19.24724257972305 -155.70305403879311 349981.66301615629345 78.87879864531838 256.61933830451380
12750.0 -0.00121247638278 19.23339212151658 -155.70172867118356 350034.43973929435015 78.83984189897056 255.28131080451976
12780.0 -0.00076572224381 19.21957392097471 -155.70029699885140 350004.83741324022412 78.79452746838973 253.95416933366022
12810.0 -0.00081804406595 19.20574196476977 -155.69887139592785 349969.70177980232984 78.74305901656385 252.63735922102512
12840.0 -0.00076974536291 19.19186130023871 -155.69757908748761 350005.69109382666647 78.68547781792745 251.33275485779149
12870.0 0.00001609956768 19.17797836269563 -155.69630378487437 350036.01641512941569 78.62180650585839 250.04291352612285
12900.0 -0.00068019668843 19.16413183184601 -155.69491670392614 349984.04060678184032 78.55219587356612 248.76815379307061
12930.0 -0.00034311509260 19.15023210036182 -155.69366386363700 350003.13594908826053 78.47675868998915 247.50944586366293
12960.0 -0.00019520282605 19.13631396631432 -155.69241547914399 350016.64282717928290 78.39564319695118 246.26681884351598
12990.0 -0.00036122740171 19.12239296129950 -155.69118222403017 350024.48792655859143 78.30890246096499 245.04285304296513
13020.0 -0.00036525288457 19.10846391609679 -155.68996006325364 350026.69360988773406 78.21668739623061 243.83772901096700
13050.0 -0.00069327537114 19.09452564751064 -155.68874779502545 350023.26158113311976 78.11913217573037 242.65197924292613
13080.0 0.00003320609701 19.08057414455297 -155.68754221305400 350014.19860996026546 78.01637759269055 241.48574033883142
13110.0 -0.00002314357174 19.06662307220072 -155.68635264524943 349999.46657368168235 77.90852988758684 240.34097704347616
13140.0 0.00058058076115 19.05265496510126 -155.68516634446189 349979.10382932703942 77.79575937245285 239.21619494308391
13170.0 -0.00008552791915 19.03860319368953 -155.68410732754859 350029.62458532024175 77.67818842471455 238.11228509150970
13200.0 -0.00012175135548 19.02462074831401 -155.68294222586795 349997.91820242349058 77.55594691050433 237.03076267912053
13230.0 -0.00018614726243 19.01063127706303 -155.68178639542828 349960.55129677802324 77.42918352859316 235.97099603726005
13260.0 -0.00047090349049 18.99655367072466 -155.68075888957230 349993.98782877996564 77.29803695759297 234.93301067167738
13290.0 -0.00072648028627 18.98245438870367 -155.67973309080804 350021.70542623661458 77.16263671515415 233.91598710117043
13320.0 -0.00027871800376 18.96834899615260 -155.67871966034721 350043.69845154043287 77.02312858418310 232.92147898810657
13350.0 -0.00070635641761 18.95432151294827 -155.67759556827514 349983.57606443949044 76.87964596885287 231.94885797127196
13380.0 -0.00093375719714 18.94019528720515 -155.67659791724702 349994.13433877006173 76.73232005822875 230.99786152582988
13410.0 -0.00098406864160 18.92605256261398 -155.67560419215931 349998.94458356592804 76.58127068274850 230.06791032838638
13440.0 -0.00106758381932 18.91190709173900 -155.67462376331821 349998.02793037053198 76.42665867882930 229.16010036288503
13470.0 -0.00103035223945 18.89774127963411 -155.67364381341363 349991.34062024485320 76.26856306662943 228.27247967479306
13500.0 -0.00114204225154 18.88356039321760 -155.67266770498799 349978.88280004635453 76.10711473305960 227.40527241365064
13530.0 -0.00075666668020 18.86927018141842 -155.67182116303829 350036.88600148353726 75.94247519723379 226.55928350077815
13560.0 -0.00078785885390 18.85507328132817 -155.67086342718721 350012.89354686532170 75.77473729731454 225.73346050229654
13590.0 -0.00054033066008 18.84086553706150 -155.66991142878931 349983.13022864889354 75.60401130369179 224.92738263981366
13620.0 -0.00057152401566 18.82652347234835 -155.66907555276845 350023.63787257950753 75.43036643289304 224.13993754641626
13650.0 -0.00076874076502 18.81229008254639 -155.66813290899628 349982.26705527119339 75.25397890258199 223.37209753327687
13680.0 -0.00056246963392 18.79792705322900 -155.66731253699402 350011.12610539048910 75.07492939741512 222.62298883945996
13710.0 -0.00096696211227 18.78367215375917 -155.66638070272663 349958.14472560305148 74.89331138825875 221.89208994453867
13740.0 -0.00088042959523 18.76927660093447 -155.66556617574133 349975.26562943216413 74.70919632367318 221.17863921788285
13770.0 -0.00082307296482 18.75487514124225 -155.66476224885551 349986.56074515543878 74.52275763774571 220.48333806817092
13800.0 -0.00039946476135 18.74045005360843 -155.66395599256990 349991.90343013498932 74.33397855610190 219.80431285340515
13830.0 -0.00009558808065 18.72600662777308 -155.66315078157334 349991.31497765611857 74.14297333693287 219.14157577311823
13860.0 0.00027066821993 18.71155722365904 -155.66235500982441 349984.88246617466211 73.94990679954077 218.49565657493633
13890.0 0.00019218430484 18.69709428419636 -155.66156294641590 349972.54332187585533 73.75481109033484 217.86552210464723
13920.0 -0.00043266731272 18.68247336740738 -155.66088800637851 350029.93379143066704 73.55775954550657 217.25070435285497
13950.0 -0.00008753947870 18.66797108031211 -155.66009531389190 350005.61992014199495 73.35876291684639 216.65016809988606
13980.0 -0.00108871346775 18.65346200894907 -155.65930999666375 349975.43264257162809 73.15800752465881 216.06465211761238
14010.0 0.00010866912713 18.63878846331396 -155.65864144843644 350014.81446939986199 72.95552504783242 215.49335661750388
14040.0 -0.00049907714299 18.62409848716123 -155.65797626557278 350048.17013021465391 72.75139194316131 214.93595820749539
14070.0 0.00000201274143 18.60954194608586 -155.65719514559834 350000.01170153543353 72.54560253484885 214.39147329879742
14100.0 -0.00037330266840 18.59481129647683 -155.65652819653428 350021.21935788448900 72.33826612919265 213.85994760351645
14130.0 0.00016702917355 18.58023590344113 -155.65575648054832 349961.18265419732779 72.12952697786447 213.34165990721667
14160.0 -0.00011873047052 18.56547274349160 -155.65509204781259 349970.29027755651623 71.91928768286058 212.83503782369513
14190.0 -0.00000100696165 18.55068828778539 -155.65442560116131 349973.25613096170127 71.70764533881189 212.34008520898354
14220.0 -0.00055140014700 18.53589502419968 -155.65376566486751 349970.22713210340589 71.49476442851191 211.85724752910480
14250.0 -0.00052020679142 18.52108529875392 -155.65310639630263 349961.09978348389268 71.28062696689847 211.38567228940440
14280.0 -0.00019621096958 18.50608030720112 -155.65255832393862 350020.83094835933298 71.06527611948498 210.92498812396786
14310.0 -0.00015394930896 18.49122543974730 -155.65189229334740 349999.27871206961572 70.84867623129026 210.47435500686265
14340.0 -0.00062485161757 18.47617687308983 -155.65134140130661 350046.53343144617975 70.63102080539306 210.03440933900978
14370.0 -0.00008452213937 18.46129469742058 -155.65067979716662 350012.75779742281884 70.41230371910190 209.60451716879717
14400.0 -0.00089652798103 18.44639899752604 -155.65001901383602 349972.87271127663553 70.19257852959328 209.18444264777605
14430.0 -0.00101827933651 18.43128871255650 -155.64946264969979 350001.38142953440547 69.97179839316961 208.77340017939667
14460.0 -0.00103840320517 18.41615691976564 -155.64890419637783 350023.58283383119851 69.75006176824984 208.37146426477827
14490.0 -0.00170048640260 18.40121192127055 -155.64824086787183 349965.12317352835089 69.52750879170668 207.97890899039010
14520.0 -0.00155056021275 18.38584088404208 -155.64778810638643 350049.21276268549263 69.30398684762326 207.59445892050502
14550.0 -0.00192587680446 18.37084797811132 -155.64711146782005 349978.03614916559309 69.07958271996617 207.21815808656396
14580.0 -0.00133120803518 18.35543563837432 -155.64665656564597 350049.40015306603163 68.85446291012119 206.85042605662647
14610.0 -0.00167734283086 18.34041766291552 -155.64598144762473 349965.85165427345783 68.62857590332311 206.49058924152220
14640.0 -0.00166929422890 18.32496071558501 -155.64552041167775 350024.38240438792855 68.40194600264491 206.13838190729118
14670.0 -0.00121348216256 18.30968529130166 -155.64494103916601 350002.16783131752163 68.17450714312082 205.79314183530354
14700.0 -0.00156968066539 18.29439747713320 -155.64436292598518 349973.70870068203658 67.94645981428505 205.45544636296495
14730.0 -0.00234143758785 18.27887118967271 -155.64388964907988 350012.80601179134101 67.71777375163647 205.12480816650651
14760.0 -0.00186449705495 18.26332304794939 -155.64341358207065 350045.40710050798953 67.48848872868935 204.80107339728806
14790.0 -0.00142478692004 18.24797115216295 -155.64282092897145 349997.57255877368152 67.25853105531648 204.48362113563758
14820.0 -0.00199932709315 18.23237132076649 -155.64233041673077 350016.98871801607311 67.02799368659021 204.17255644159638
14850.0 -0.00155659843703 18.21698970099490 -155.64173482409470 349956.44547567609698 66.79701617422593 203.86815592002370
14880.0 -0.00195404927508 18.20134649679979 -155.64123422288273 349962.78897935431451 66.56540881381841 203.56937801493854
14910.0 -0.00101928629816 18.18567653062811 -155.64072513668989 349962.44686705991626 66.33325315520486 203.27630001826006
14940.0 -0.00120040111608 18.16999255949745 -155.64021645270486 349955.69108188711107 66.10071948455402 202.98932221947985
14970.0 -0.00118027842931 18.15404325068734 -155.63980777082176 350015.57520133350044 65.86773420761105 202.70790883064765
15000.0 -0.00054033184196 18.13831238960571 -155.63928663724403 349995.50265651382506 65.63431038321207 202.43187380222108
15030.0 -0.00059969885003 18.12230173630493 -155.63885764940116 350041.64656252879649 65.40036227052593 202.16068925247191
15060.0 -0.00071440383769 18.10652245667283 -155.63832119120667 350008.14866936113685 65.16609686632069 201.89488379965019
15090.0 -0.00071541079935 18.09072316538349 -155.63777859459415 349968.02817945741117 64.93146869724707 201.63407880213654
15120.0 -0.00076572342569 18.07464772193877 -155.63733492412817 349994.09668904077262 64.69650950655617 201.37817881140259
15150.0 -0.00072144902364 18.05853946352948 -155.63687841458827 350013.14219716656953 64.46112805365962 201.12668450772642
15180.0 -0.00053630635910 18.04266769592482 -155.63630920936242 349952.69838489778340 64.22541486735425 200.87971893002140
15210.0 -0.00040650640166 18.02625098026542 -155.63594459605628 350030.76428524032235 63.98947936741412 200.63745441314686
15240.0 0.00054938740557 18.01032990796811 -155.63535587378320 349956.63934530597180 63.75311990407940 200.39907018393157
15270.0 -0.00001911808888 17.99385508388252 -155.63497155029549 350020.67080809269100 63.51659252935370 200.16521319083381
15300.0 0.00027670644421 17.97762438618794 -155.63447476585372 350005.39110039174557 63.27980976772928 199.93544000616899
15330.0 0.00062988406208 17.96136886608750 -155.63396831487904 349983.18550752568990 63.04277847248687 199.70961562667367
15360.0 0.00005836004642 17.94480035759210 -155.63354788825166 350025.80862724408507 62.80540087083600 199.48730226544245
15390.0 0.00083313667197 17.92849128593581 -155.63301959056210 349989.55756642390043 62.56788900243356 199.26898768067895
15420.0 0.00052624619759 17.91187446959649 -155.63258389749510 350018.20447310153395 62.33018839138816 199.05436506275052
15450.0 0.00001710416557 17.89551891736751 -155.63203717534790 349968.04264600947499 62.09232640720364 198.84337489742563
15480.0 0.00053530057932 17.87884288994443 -155.63157617487610 349982.31781522836536 61.85420089086446 198.63559914630801
15510.0 -0.00012074321195 17.86213788322627 -155.63110316040022 349989.38153237383813 61.61590149646298 198.43116799211944
15540.0 0.00125473686153 17.84541168033405 -155.63062351650643 349989.45663907285780 61.37753791114361 198.23025693875908
15570.0 0.00047995905410 17.82864698088857 -155.63012370936866 349981.98056852351874 61.13889240405861 198.03215752012215
15600.0 0.00092168429420 17.81186344505108 -155.62961809206368 349967.55319075658917 60.90022928528161 197.83746615501704
15630.0 0.00053328901977 17.79474866698400 -155.62920023558988 350016.97399841248989 60.66145116165454 197.64580761546978
15660.0 0.00098104893852 17.77790839548800 -155.62866893391444 349987.96101313363761 60.42256103000776 197.45708239918628
15690.0 0.00131913513224 17.76072263416990 -155.62821715209284 350022.23825805447996 60.18345280683091 197.27091953747436
15720.0 0.00082106140527 17.74382421012890 -155.62765707243099 349978.50144017487764 59.94434253663140 197.08776944998081
15750.0 0.00178802588130 17.72658570171702 -155.62718321006037 349998.15131388697773 59.70516973082742 196.90737782963231
15780.0 0.00044373679965 17.70931836755701 -155.62669658541370 350010.36575739365071 59.46595905248407 196.72970924543884
15810.0 0.00214724054158 17.69201357501012 -155.62619006437336 350014.81989421229810 59.22660066591259 196.55440617467087
15840.0 0.00086734854876 17.67467766689755 -155.62566797553151 350011.70848230086267 58.98718393214398 196.38160022727260
15870.0 0.00130001704336 17.65731851728351 -155.62513586428844 350001.29236898850650 58.74781923048603 196.21146518852245
15900.0 0.00130404016246 17.63991867036466 -155.62457975338791 349982.91886989213526 58.50827699339276 196.04337854741624
15930.0 0.00182424813576 17.62216653945725 -155.62411174491649 350027.21466252021492 58.26882827956059 195.87789220296060
15960.0 0.00164514605927 17.60471423889816 -155.62353017143528 349993.88910135626793 58.02936843240967 195.71468181245143
15990.0 0.00223377424050 17.58723276190733 -155.62293190288477 349952.95730442926288 57.78989804710113 195.55367266833528
16020.0 0.00280026699352 17.56937408708767 -155.62240617686538 349973.63608842063695 57.55030523491181 195.39454400101923
16050.0 0.00223981246479 17.55148830142590 -155.62186784234169 349986.69786612782627 57.31080900560289 195.23771266470305
16080.0 0.00252255476953 17.53357039754644 -155.62131245879729 349991.92915202863514 57.07134483425539 195.08296324045924
16110.0 0.00220660636777 17.51562184551410 -155.62074062939965 349989.36429774854332 56.83193568086259 194.93027644078921
16140.0 0.00293711095502 17.49763397566689 -155.62014498756324 349978.63309701252729 56.59246624157172 194.77934047708271
16170.0 0.00174274688135 17.47961317567338 -155.61952997060382 349959.96041966788471 56.35302579851614 194.63028507111022
16200.0 0.00248834407462 17.46121197872259 -155.61899589914353 350002.46747652348131 56.11372552110985 194.48327961915714
16230.0 0.00239376059186 17.44276292723148 -155.61843307428882 350036.33281464409083 55.87432702524609 194.33776839688434
16260.0 0.00327720870830 17.42464681655073 -155.61776284192348 349993.79051968920976 55.63510675843683 194.19426441761635
16290.0 0.00274291390875 17.40613668608426 -155.61716639075735 350011.73671443387866 55.39595463461421 194.05248192540833
16320.0 0.00282642790459 17.38759043237749 -155.61654871282619 350021.44302127417177 55.15686976695763 193.91236376957644
16350.0 0.00337682345369 17.36936810246375 -155.61580938007441 349954.33729455899447 54.91773620110644 193.77362755332743
16380.0 0.00376018628360 17.35037995561972 -155.61523958291230 350015.60271032713354 54.67877495338450 193.63666036042281
16410.0 0.00347241271623 17.33172676390090 -155.61455575441227 350000.47678099572659 54.43991880797304 193.50127609815203
16440.0 0.00362837358473 17.31304146121368 -155.61385152168546 349977.17569028027356 54.20118963437822 193.36746638250631
16470.0 0.00327720870830 17.29393632911505 -155.61321093405166 350012.92504843138158 53.96246821413978 193.23495460340112
16500.0 0.00348649836059 17.27479162502883 -155.61254619992798 350040.06843882147223 53.72384377689583 193.10386684705506
16530.0 0.00338286049610 17.25599961794838 -155.61177224887811 349991.57438864093274 53.48542821334981 192.97436686040473
16560.0 0.00396344007537 17.23677675534396 -155.61105636810541 350001.47729249205440 53.24697654160702 192.84595163813194
16590.0 0.00414153873585 17.21752494924615 -155.61032310080728 350003.17669738456607 53.00876940721204 192.71910043297450
16620.0 0.00491329684019 17.19823593345424 -155.60956509140797 349996.26305377762765 52.77069260520987 192.59355726467746
16650.0 0.00356498345756 17.17851510173408 -155.60887121334727 350047.52058247290552 52.53274436228674 192.46927763631811
16680.0 0.00496058858157 17.15914031695564 -155.60805419220407 350022.72650984209031 52.29480590525284 192.34600901570371
16710.0 0.00405098073595 17.13973573040156 -155.60721655846299 349989.58055999875069 52.05709940920085 192.22411230947105
16740.0 0.00462854179401 17.11989423414019 -155.60644214059764 350014.21558663900942 51.81955591136265 192.10342396206809
16770.0 0.00511554367030 17.10001446482106 -155.60564232835591 350029.99942941032350 51.58219657160100 191.98394303289052
16800.0 0.00411537664290 17.08049493206128 -155.60472137817624 349970.35286448895931 51.34489938453171 191.86542044774515
16830.0 0.00529163077123 17.06012041728046 -155.60394740154874 350033.89840336423367 51.10775346131754 191.74797786017916
16860.0 0.00513265019963 17.04053311845554 -155.60297609463183 349956.86139077413827 50.87087127043341 191.63177295138979
16890.0 0.00552205125384 17.02007098537924 -155.60214073647370 350001.87777993269265 50.63400290940911 191.51634494530239
16920.0 0.00640247848531 16.99957411497201 -155.60128298856054 350038.02960759773850 50.39743219345284 191.40214388417334
16950.0 0.00601408557464 16.97945400982509 -155.60030923421127 349999.47108719684184 50.16104176649514 191.28893714919622
16980.0 0.00680496176786 16.95929579818433 -155.59930540478337 349951.84556526318192 49.92482936412068 191.17668953944647
17010.0 0.00753345479556 16.93866606299919 -155.59834863855917 349959.75136373937130 49.68867431501356 191.06517216209417
17040.0 0.00670534702247 16.91800079998179 -155.59736600634946 349958.62639396917075 49.45279921964335 190.95472301783050
17070.0 0.00745094421574 16.89686529220072 -155.59643697119853 350012.96873668208718 49.21713405009098 190.84519618795366
17100.0 0.00754150457940 16.87611833153347 -155.59539312649417 349993.10366857238114 48.98169949751900 190.73659587314037
17130.0 0.00791480606592 16.85488905473243 -155.59439446820713 350027.94344925135374 48.74637161275062 190.62869490192227
17160.0 0.00816635737885 16.83405107593514 -155.59327838803463 349988.67978265788406 48.51123928234244 190.52161025328076
17190.0 0.00791983614668 16.81274069415770 -155.59221796558649 350004.56859646085650 48.27641538029834 190.41549360278313
17220.0 0.00853060211988 16.79137462155838 -155.59111323948343 350010.06747921649367 48.04164638514521 190.30991844117582
17250.0 0.00872278878848 16.76997363191855 -155.58998147360171 350006.31359206326306 47.80721839899418 190.20530957952656
17280.0 0.00858695060675 16.74852930419158 -155.58881458396019 349992.79579354729503 47.57301165108248 190.10145300225344
17310.0 0.00903068622452 16.72659219794167 -155.58769282244879 350033.04608664195985 47.33902365494129 189.99832047091701
17340.0 0.00896025327516 16.70505023856423 -155.58644536979057 349999.23135743383318 47.10513253982255 189.89570209072383
17370.0 0.01008619359526 16.68347262086047 -155.58516714883561 349955.98601599596441 46.87156070439590 189.79391586531602
17400.0 0.00927922138000 16.66139774693964 -155.58393280956295 349966.08952301088721 46.63823756125845 189.69282990965596
17430.0 0.01025825521332 16.63927921711039 -155.58266246751268 349966.19496815092862 46.40518348801641 189.59245201874393
17460.0 0.01050578340715 16.61710824951686 -155.58134746029728 349955.73209923133254 46.17227323897343 189.49257269169991
17490.0 0.01006808246803 16.59442753701203 -155.58007119567532 349997.67977166641504 45.93959535687404 189.39330430353914
17520.0 0.01018279100133 16.57170464237394 -155.57876111676930 350029.57501717843115 45.70726294472783 189.29479284040193
17550.0 0.01119100899445 16.54939005737155 -155.57732253035650 349987.94876590464264 45.47501989529934 189.19663990525027
17580.0 0.01089317171992 16.52656979749515 -155.57592887467524 349998.82949660066515 45.24315384077415 189.09924853044751
17610.0 0.01154418424855 16.50370168612758 -155.57449372353247 349999.18764266371727 45.01154317171189 189.00241970500247
17640.0 0.01190541519590 16.48078582632066 -155.57301628794599 349988.98775337543339 44.78018536682160 188.90613050490941
17670.0 0.01240348183159 16.45781365325511 -155.57148782536402 349967.63597853109241 44.54895789873217 188.81018650620823
17700.0 0.01247895195299 16.43432097975782 -155.56999743605562 349997.62691195122898 44.31808243149828 188.71488826915666
17730.0 0.01216300000559 16.41077880819006 -155.56846378907969 350016.79346201941371 44.08748820210546 188.62011524257954
17760.0 0.01222941101773 16.38718891868656 -155.56688761663099 350025.20998615026474 43.85719537627990 188.52587776573876
17790.0 0.01234512651269 16.36354251068157 -155.56525982242499 350022.25085185561329 43.62707792011855 188.43198076769283
17820.0 0.01358677996398 16.33984628210661 -155.56358565001122 350008.30921609792858 43.39722391459139 188.33853225837649
17850.0 0.01352238523891 16.31610876635798 -155.56187214650811 349983.91539227031171 43.16774652247121 188.24567297640306
17880.0 0.01347810965497 16.29181719184214 -155.56017327522454 350008.29073609970510 42.93838788750161 188.15302779626174
17910.0 0.01424584464021 16.26748263680864 -155.55843490856014 350021.99302576296031 42.70943652220726 188.06098095814184
17940.0 0.01466845179143 16.24359554063046 -155.55657696855019 349964.22988812718540 42.48076943999336 187.96934568183065
17970.0 0.01538889503529 16.21865910499611 -155.55481187736655 350015.47365271579474 42.25238421764391 187.87810317480788
18000.0 0.01574609577225 16.19416175449019 -155.55291721977690 349994.57015831861645 42.02415810169883 187.78707175395945
18030.0 0.01592318865295 16.16962083803723 -155.55097864798125 349962.78160176146775 41.79631083969176 187.69653578922575
18060.0 0.01542310454831 16.14452362501984 -155.54905971472900 349979.23423889465630 41.56877325617639 187.60638595702565
18090.0 0.01652892336352 16.11937547359816 -155.54709110543172 349984.17760549765080 41.34156463805498 187.51663344249266
18120.0 0.01635183048282 16.09416756843451 -155.54506324325843 349976.92875624448061 41.11455857055480 187.42709507806623
18150.0 0.01749588665767 16.06890668391011 -155.54298159889083 349957.92051783017814 40.88784256263273 187.33787483022655
18180.0 0.01818513772783 16.04256741889309 -155.54098715180498 350045.36350971180946 40.66152968049115 187.24910868343827
18210.0 0.01897299421797 16.01719494666310 -155.53879249819349 350002.25811196584255 40.43536100765890 187.16044091280475
18240.0 0.01979506258489 15.99125971990607 -155.53661799725066 350006.57617104332894 40.20962537803467 187.07223955132511
18270.0 0.01938553884391 15.96527014365763 -155.53438733046622 349998.82096454408020 39.98419880521151 186.98432787210072
18300.0 0.01981619459708 15.93870062824222 -155.53216418456614 350037.08575936593115 39.75907906023883 186.89669035207041
21120.0 0.01873553091317 12.39805616138811 -154.96599821654144 350035.97533005569130 20.20506319604641 178.90521043522776
21150.0 0.01871138037977 12.34473114392439 -154.95380883339078 350016.77124016918242 20.01626036356777 178.81554590240773
21180.0 0.01585778578435 12.29131656654797 -154.94140591240298 349973.77568126376718 19.82774488878766 178.72550530079536
21210.0 0.01510715614656 12.23644174665440 -154.92879350473052 349992.59331798087806 19.63979267455493 178.63538513622569
21240.0 0.01458695053702 12.18148741047367 -154.91598158271438 349988.93597104307264 19.45228072239954 178.54504801118514
21270.0 0.01330202373593 12.12645501911084 -154.90296894539827 349962.87452329322696 19.26521026022873 178.45449170037185
21300.0 0.01254032815685 12.06993404024472 -154.88969874791189 349994.33294143248349 19.07846836728801 178.36358989564482
21330.0 0.01069394341101 12.01333943767980 -154.87623215221510 350003.88834590930492 18.89224994157966 178.27255100840244
21360.0 0.00792285466788 11.95666750066221 -154.86255904644301 349990.84035754948854 18.70649326277926 178.18130444950972
21390.0 0.00779607441353 11.89992128868581 -154.84868097197719 349955.50975390151143 18.52121805491339 178.08986821808156
21420.0 0.00447459130318 11.84167979817288 -154.83453076804884 349976.48369576409459 18.33630590395948 177.99811014295091
21450.0 0.00249337651914 11.78335853416477 -154.82016210899755 349974.15866629406810 18.15183474569410 177.90611156339401
21480.0 -0.00151333217851 11.72355045408166 -154.80553657743508 350029.44159342627972 17.96791089111576 177.81398472871098
21510.0 0.00424115229936 11.66506860945693 -154.79071900032022 349979.95299327373505 17.78428625779931 177.72145649414688
21540.0 -0.00200838502052 11.60510019207580 -154.77564097373823 349987.95827197842300 17.60123417241660 177.62882082346817
21570.0 -0.00414355029540 11.54505386659655 -154.76033555131730 349972.47992228996009 17.41863244576666 177.53594154078215
21600.0 -0.00413348895201 11.48350435107514 -154.74473924794404 350011.86474648118019 17.23648274432804 177.44281719831770
21630.0 -0.00487304910287 11.42186602222715 -154.72889062246048 350025.82243146281689 17.05467376914103 177.34932339665701
21660.0 -0.00918966679611 11.36015656177724 -154.71281804039066 350017.04542106017470 16.87339713242064 177.25566547505596
21690.0 -0.01034881439510 11.29837243463941 -154.69651062033620 349984.79684708360583 16.69259236116359 177.16177444229115
21720.0 -0.01062250231811 11.23508075271295 -154.67989834518133 350006.53201280813664 16.51227916828211 177.06766862847778
21750.0 -0.01203420819168 11.17170477194577 -154.66302774302031 350003.02238209266216 16.33234059217186 176.97321744584244
21780.0 -0.01262384333457 11.10825257297206 -154.64590947666923 349975.42333916667849 16.15285338429204 176.87850136631565
21810.0 -0.01520777667173 11.04329190116759 -154.62848040015382 350001.58144941553473 15.97392279161718 176.78363208755030
21840.0 -0.01544121567554 10.97824190396285 -154.61077244959921 350001.24320461228490 15.79530310468296 176.68833852549025
21870.0 -0.01662451380793 10.91312720552103 -154.59282890245353 349978.41631699912250 15.61726491381131 176.59291283925080
21900.0 -0.01874760499799 10.84648988987304 -154.57454181901704 350006.86096886824816 15.43968693500240 176.49721969872724
