# sod		dsTEC/dt [TECU/s]		lat		lon		h_ipp		ele		azi
36810.0 -0.01950728931298 14.76590980473287 -155.18233688267804 350033.14501657150686 31.86669754900705 178.42681129457981
36840.0 -0.01957772351809 14.80181703884583 -155.17747462284041 350010.67498835921288 32.09435754001041 178.35420119174745
36870.0 -0.01864396587775 14.83764305391276 -155.17270867079557 349969.81022775080055 32.32238360005922 178.28168344462048
36900.0 -0.01797685200862 14.87222534965080 -155.16799290824844 350014.17033608816564 32.55088239064695 178.20914277776311
36930.0 -0.01755625848524 14.90672828376240 -155.16337360302580 350040.48575300816447 32.77968707960812 178.13674295773583
36960.0 -0.01644440255376 14.94115135341847 -155.15884945282136 350048.80812612362206 33.00880127602805 178.06447422902824
36990.0 -0.01564346339206 14.97549725169268 -155.15441566656989 350039.51322298403829 33.23827386216794 177.99228013071564
37020.0 -0.01587086572281 15.00976620887088 -155.15007022398265 350012.71880108769983 33.46811902891957 177.92013941847898
37050.0 -0.01488478530005 15.04396347348150 -155.14580568619743 349969.04302574880421 33.69842238729203 177.84795674615839
37080.0 -0.01473586688439 15.07692810527936 -155.14159220635409 350012.17249982245266 33.92897671177388 177.77593935264468
37110.0 -0.01352238413089 15.10982068781290 -155.13746258815431 350038.54226000979543 34.15989221509285 177.70396660315529
37140.0 -0.01394901477055 15.14264052890570 -155.13341592293665 350048.17175935488194 34.39116934893113 177.63203097189032
37170.0 -0.01354854555903 15.17538606142461 -155.12945224114938 350040.99534246511757 34.62279601892414 177.56013792105063
37200.0 -0.01342075730888 15.20806405720646 -155.12556272785613 350017.75711884722114 34.85487948463305 177.48816789276930
37230.0 -0.01356363868213 15.24066206751564 -155.12175899348497 349977.33369374554604 35.08725186472485 177.41628901235060
37260.0 -0.01247693751260 15.27205831474537 -155.11798741408003 350027.21421728190035 35.31991604757782 177.34449132212350
37290.0 -0.01175045766954 15.30450221672669 -155.11434711243285 349953.25838167965412 35.55292161086054 177.27271540248833
37320.0 -0.01185208449155 15.33575559297174 -155.11073009861568 349970.83853401429951 35.78628226275072 177.20093912371357
37350.0 -0.01089417764743 15.36694502633171 -155.10718183557742 349973.09128155373037 36.02008405947615 177.12906318001609
37380.0 -0.01130470908874 15.39805546426207 -155.10371641048738 349958.68830151297152 36.25411944833252 177.05729995219835
37410.0 -0.01077443918111 15.42799325539579 -155.10026659333860 350037.71050137747079 36.48849735680242 176.98552601713590
37440.0 -0.01055307433598 15.45896315201508 -155.09694733185469 349991.87409845460206 36.72321959030189 176.91373128037748
37470.0 -0.01043333579580 15.48876676786919 -155.09364044585800 350040.19751461315900 36.95827346366470 176.84192106484014
37500.0 -0.00970283135628 15.51959934532571 -155.09045825013229 349963.53561481274664 37.19376670526335 176.76997077752802
37530.0 -0.00869360802659 15.54926860702536 -155.08728877635912 349981.45082179643214 37.42953052088111 176.69805353373863
37560.0 -0.00901156872657 15.57886624314662 -155.08419191689146 349983.88021082431078 37.66556704188351 176.62615900462563
37590.0 -0.00830521319537 15.60839510640568 -155.08116338025064 349971.15978276263922 37.90192648105230 176.55422429556410
37620.0 -0.00938889540049 15.63732009764445 -155.07816816402661 349999.39164729323238 38.13862201531595 176.48222612792074
37650.0 -0.00838269088747 15.66618623607856 -155.07523185324769 350013.49024033918977 38.37574003628474 176.41006051887223
37680.0 -0.00827402080007 15.69550981091532 -155.07240217881704 349955.86424209922552 38.61307286096375 176.33794580597925
37710.0 -0.00638034350030 15.72370438817746 -155.06956779781481 349996.30559183657169 38.85072796870863 176.26575508387276
37740.0 -0.00793895453103 15.75183611618354 -155.06679549572524 350022.48319337144494 39.08870851024987 176.19347530567825
37770.0 -0.00723259899983 15.77990353913601 -155.06408541087043 350034.34358973614872 39.32700119505033 176.12111148994231
37800.0 -0.00750930514857 15.80791345199471 -155.06142968610828 350032.52885941881686 39.56571407379164 176.04853310274683
37830.0 -0.00641857938260 15.83585377887490 -155.05883878070557 350016.08942841179669 39.80467759151057 175.97591894623031
37860.0 -0.00779607367485 15.86372408525417 -155.05631179779488 349985.06777012068778 40.04389308381275 175.90325809437908
37890.0 -0.00643669110077 15.89101161196710 -155.05380650411979 349997.45763768814504 40.28341132627060 175.83048353996620
37920.0 -0.00658762174078 15.91823680599402 -155.05135846462716 349996.04850487783551 40.52324491091276 175.75757051497396
37950.0 -0.00661478917030 15.94489380641047 -155.04892225737680 350039.38400304131210 40.76348043829113 175.68440948575565
37980.0 -0.00619318957168 15.97250165670977 -155.04662797052484 349952.21645504608750 41.00391031173518 175.61122565003473
38010.0 -0.00582089386493 15.99902672842179 -155.04431041343710 349967.70321726240218 41.24464038568642 175.53788778299179
38040.0 -0.00628777290671 16.02549123133808 -155.04204692791748 349969.80505172628909 41.48567513749042 175.46437938697619
38070.0 -0.00464363440004 16.05189374561776 -155.03983768957502 349958.47435378469527 41.72700065488693 175.39070494216307
38100.0 -0.00577863294298 16.07774117898300 -155.03763361356789 349993.26374948956072 41.96872514145695 175.31672687077611
38130.0 -0.00513768087133 16.10352607161774 -155.03548533028930 350014.70760533399880 42.21067845239733 175.24263042906924
38160.0 -0.00558946701161 16.12974330409327 -155.03343464642086 349963.52445137687027 42.45286108504878 175.16840378709861
38190.0 -0.00511353196302 16.15490999514576 -155.03134992954094 350017.96894762292504 42.69532429013127 175.09397502656827
38220.0 -0.00474727329868 16.18051236745638 -155.02935750421079 350000.17295828275383 42.93808001408181 175.01931744288194
38250.0 -0.00505517206433 16.20606047134774 -155.02740884132811 349969.91849897056818 43.18121491903735 174.94431487177974
38280.0 -0.00437296558917 16.23105397479470 -155.02547146886698 349986.22559021227062 43.42452173363218 174.86920037297676
38310.0 -0.00509038912995 16.25599009266370 -155.02358187143105 349989.97107052709907 43.66810449295338 174.79383737400346
38340.0 -0.00482877617817 16.28086879080446 -155.02173903738245 349981.21167887561023 43.91196896871221 174.71820527252765
38370.0 -0.00434982260837 16.30568868394299 -155.01994317875932 349959.90475125610828 44.15610060583845 174.64230767821113
38400.0 -0.00432164866040 16.32950324112725 -155.01809478028090 350048.08959273807704 44.40060756531924 174.56599860300037
38430.0 -0.00436089120888 16.35421204016110 -155.01638733035404 350002.34251698013395 44.64531930307427 174.48947059959005
38460.0 -0.00433070466722 16.37838472662472 -155.01468152416240 350004.93160012923181 44.89023542975307 174.41271051125656
38490.0 -0.00393526627514 16.40250099938130 -155.01301985044100 349995.39084488619119 45.13540756363551 174.33564049287631
38520.0 -0.00399060765262 16.42609406521396 -155.01135308553850 350035.24603441823274 45.38084693485959 174.25823130577282
38550.0 -0.00436290335937 16.45010597555171 -155.00977098133671 350002.21185757033527 45.62664009291277 174.18035879918716
38580.0 -0.00348750517451 16.47405313152467 -155.00823743188920 349956.63222837541252 45.87258035579980 174.10226500278790
38610.0 -0.00443836875325 16.49748195168799 -155.00669667960233 349960.97372390981764 46.11876972184237 174.02380670934883
38640.0 -0.00385275746814 16.52085731839647 -155.00519602764615 349953.68147805240005 46.36521520654775 173.94495834278499
38670.0 -0.00386785051737 16.54372274751649 -155.00368576298393 349997.01941242814064 46.61190158403627 173.86572216501875
38700.0 -0.00326714662623 16.56654499722923 -155.00220828509478 350029.53252718318254 46.85893674177510 173.78594205936929
38730.0 -0.00354787751916 16.58976274269748 -155.00082347457541 349987.84810518659651 47.10614994944500 173.70581878916593
38760.0 -0.00347442457125 16.61247261868372 -154.99942964024777 349997.11263967119157 47.35353987319409 173.62533727859568
38790.0 -0.00362233683779 16.63513042917961 -154.99807356907610 349995.11321364063770 47.60115836462027 173.54441244099741
38820.0 -0.00366862191299 16.65729362842439 -154.99670216128357 350045.07130532804877 47.84901585223642 173.46301169061914
38850.0 -0.00301458923807 16.68029633598297 -154.99546570015349 349957.94358066841960 48.09719856329139 173.38100115735168
38880.0 -0.00343920750562 16.70235796100334 -154.99416671896387 349985.80441094748676 48.34550069693062 173.29863305696659
38910.0 -0.00296729749669 16.72437062556395 -154.99290283268783 350002.81768356263638 48.59402196658260 173.21575590279636
38940.0 -0.00324601609139 16.74633458714081 -154.99167298831654 350009.04752568155527 48.84277055557947 173.13233797231160
38970.0 -0.00296025393583 16.76824852449181 -154.99047746636163 350004.45860505197197 49.09173052734118 173.04837948677530
39000.0 -0.00327620233758 16.79011919937592 -154.98930979285203 349989.51659458316863 49.34100921864921 172.96371199986615
39030.0 -0.00335468625266 16.81193515605501 -154.98817873563277 349963.55748209822923 49.59043594985970 172.87854545838726
39060.0 -0.00295824148987 16.83327293196711 -154.98702898166752 349991.06870424933732 49.84000836980564 172.79286202360177
39090.0 -0.00286063992911 16.85456374586210 -154.98591119908852 350008.15685688145459 50.08977839263074 172.70656763280607
39120.0 -0.00269562246284 16.87622599879683 -154.98487977596841 349950.11130827292800 50.33975553800835 172.61962522539133
39150.0 -0.00277813082664 16.89701100356167 -154.98376304704462 350011.63040750939399 50.59002545351009 172.53188895397835
39180.0 -0.00261110106214 16.91815920348148 -154.98273791450805 349997.61444052122533 50.84038354123458 172.44362253422307
39210.0 -0.00279423039431 16.93925870953969 -154.98174305452389 349973.25423890911043 51.09092693916230 172.35466405144095
39240.0 -0.00264732420301 16.95990202739873 -154.98072055562844 350004.02853090316057 51.34166488627203 172.26497402642238
39270.0 -0.00244608359588 16.98050082482839 -154.97972689831053 350024.80793757271022 51.59258067571157 172.17454962024226
39300.0 -0.00299949604110 17.00106185304067 -154.97875587258301 350036.01747852843255 51.84378075371286 172.08320718077110
39330.0 -0.00206271928861 17.02157379815207 -154.97781593157362 350037.05338514875621 52.09509475260665 171.99116683485983
39360.0 -0.00260808254094 17.04203625026081 -154.97690664706573 350027.94093335978687 52.34651920693425 171.89840675674770
39390.0 -0.00242897795295 17.06245240598678 -154.97602469769862 350008.90465433895588 52.59810587101635 171.80482157077341
39420.0 -0.00269260379390 17.08282264124053 -154.97516905771056 349980.00792883057147 52.84986321503126 171.71036814429360
39450.0 -0.00187355276630 17.10276241308232 -154.97427569386477 350008.06950364541262 53.10187598278296 171.61488564711797
39480.0 -0.00253060470110 17.12265339364728 -154.97341304587260 350026.21643750928342 53.35394113229396 171.51865067046967
39510.0 -0.00214724068931 17.14288628294714 -154.97263525896906 349968.03011334035546 53.60615287519934 171.42148799681257
39540.0 -0.00261110106214 17.16230749032772 -154.97176229870354 350033.93837154936045 53.85852134093071 171.32334813506012
39570.0 -0.00211604822014 17.18244933811886 -154.97103366725025 349956.46874014567584 54.11102896006263 171.22422366305710
39630.0 -0.00424618370973 17.22109694131879 -154.96939986176238 350042.16500201914459 54.61658167396227 171.02268782835293
39690.0 -0.00397551460340 17.26032106434605 -154.96798264532441 349955.70446747541428 55.12258698603485 170.81693209261036
39720.0 -0.00213516616129 17.27949591335330 -154.96724865692289 349966.01905140094459 55.37572645277329 170.71243103525481
39750.0 -0.00188864611100 17.29863003189867 -154.96653645427824 349967.22624423354864 55.62897791101959 170.60676090283025
39780.0 -0.00185141659942 17.31772380151411 -154.96584509961889 349959.38172581885010 55.88234841198239 170.49986796587692
39810.0 -0.00216132751556 17.33642414902621 -154.96510732337265 350011.01554593164474 56.13592106757163 170.39156784348643
39840.0 -0.00156867296506 17.35543740343757 -154.96445741894240 349985.19392516370863 56.38949491655250 170.28215484688272
39870.0 -0.00229112791620 17.37405523250367 -154.96376496756275 350018.84858232457191 56.64316048269454 170.17143174910740
39900.0 -0.00193090673748 17.39298714858445 -154.96315463695109 349975.15749735757709 56.89692833246162 170.05933317155564
39930.0 -0.00194398748848 17.41152835468823 -154.96250046658650 349991.26164704840630 57.15077972406026 169.94584292791632
39960.0 -0.00180513122875 17.43003865787073 -154.96185974775912 349998.99023410398513 57.40481750427443 169.83072826427596
39990.0 -0.00192688169782 17.44850701587614 -154.96124035070841 349997.86363358516246 57.65887291332915 169.71423489974600
40020.0 -0.00216132751556 17.46693300169688 -154.96064198417815 349987.90179707948118 57.91293959221480 169.59632429125932
40050.0 -0.00176387682525 17.48498287087676 -154.95999696367468 350038.61931794323027 58.16706764664039 169.47685306497004
40080.0 -0.00205165127904 17.50333373267914 -154.95943332251446 350011.54206226300448 58.42126253791511 169.35575479080521
40110.0 -0.00188462121908 17.52165121407846 -154.95888210745071 349976.13253539893776 58.67560535700359 169.23281886777292
40140.0 -0.00181016219592 17.53959340955193 -154.95828725117670 350001.57728557102382 58.92989756905163 169.10835521048577
40170.0 -0.00209391190552 17.55750036224608 -154.95770867677209 350018.69990828447044 59.18422561659811 168.98214232057680
40200.0 -0.00167834920158 17.57537284028046 -154.95714524116988 350027.56446746084839 59.43860025052566 168.85409569211865
40230.0 -0.00243501514310 17.59320959863723 -154.95659732235367 350028.14878999162465 59.69300141410044 168.72418771039821
40260.0 -0.00187657173071 17.61101730999455 -154.95605936121410 350020.76111276634037 59.94752916032444 168.59215207957703
40290.0 -0.00191078272109 17.62878504598165 -154.95553900783955 350004.97485732100904 60.20201598043985 168.45824658936635
40320.0 -0.00195706794402 17.64651236072208 -154.95503602673151 349980.80834907945246 60.45645366757616 168.32241882139650
40350.0 -0.00200637198362 17.66389271725689 -154.95448039465356 350019.04199323337525 60.71089073006973 168.18449803772819
40380.0 -0.00179104440250 17.68124180217250 -154.95393783019458 350049.35647842567414 60.96533058513212 168.04439942162861
40410.0 -0.00169042387734 17.69886930858189 -154.95347129194624 350001.13285380881280 61.21985146446059 167.90187726512144
40440.0 -0.00203454563612 17.71615098742512 -154.95295508082253 350015.48580653779209 61.47425766243531 167.75725749093337
40470.0 -0.00153244982419 17.73339951202880 -154.95245174748794 350021.93177275173366 61.72863069405583 167.61028555052312
40500.0 -0.00172161605104 17.75061576283906 -154.95196011826638 350020.53302850667387 61.98298087251943 167.46085005388898
40530.0 -0.00210397383985 17.76779850166645 -154.95148058945199 350011.27060505375266 62.23728638240587 167.30890571366677
40560.0 -0.00133221484910 17.78495436925001 -154.95100775813185 349994.41887438483536 62.49164336759976 167.15414112521464
40590.0 -0.00178802573356 17.80207254912276 -154.95054908036678 349969.60199494846165 62.74588581492570 166.99682500407749
40620.0 -0.00208384982346 17.81886755207946 -154.95003536501414 350008.51757322717458 63.00000311353431 166.83688371405162
40650.0 -0.00155458613881 17.83563329717124 -154.94953221868533 350039.86538716871291 63.25404123182577 166.67410838210370
40680.0 -0.00120040200249 17.85264959326378 -154.94910832742030 349991.77576973754913 63.50800082545724 166.50838688797785
40710.0 -0.00175582718915 17.86936005815334 -154.94862065386590 350008.16204167902470 63.76195604121475 166.33942517490485
40740.0 -0.00185242267466 17.88603432908192 -154.94814713566851 350016.81405998021364 64.01571434336259 166.16756408419397
40770.0 -0.00160590277211 17.90267783061176 -154.94768331749577 350017.94951651524752 64.26935108545847 165.99250277316889
40800.0 -0.00109374428718 17.91929155242333 -154.94722799333044 350011.62783623300493 64.52287514855004 165.81409089239901
40830.0 -0.00144893479421 17.93587426147722 -154.94678157701227 349997.83298779930919 64.77626219675935 165.63225533220185
40860.0 -0.00140063682985 17.95216987330305 -154.94626809748516 350049.36901026684791 65.02960282217745 165.44662221829515
40890.0 -0.00113399246770 17.96869586817257 -154.94583604296363 350020.88868774473667 65.28273260555888 165.25746758878213
40920.0 -0.00165017584455 17.98518626223543 -154.94541478448190 349984.86339738965034 65.53563759452300 165.06468464643868
40950.0 -0.00135435145919 18.00139016179642 -154.94493008226783 350014.30574630107731 65.78835974685465 164.86800968629561
40980.0 -0.00093375778808 18.01756778514372 -154.94445214692658 350036.58061132673174 66.04089577292592 164.66728893856188
41010.0 -0.00155961710597 18.03397306233431 -154.94404843385090 349978.79160062503070 66.29331385965585 164.46215965684667
41040.0 -0.00124668781636 18.05009349122407 -154.94358417094281 349986.64057239145041 66.54542479207356 164.25297344461578
41070.0 -0.00152641219084 18.06618579670541 -154.94312662509171 349987.33577920868993 66.79729586253610 164.03936256699646
41100.0 -0.00081502584021 18.08225107440017 -154.94267455564531 349980.93278344068676 67.04893287344476 163.82111840924128
41130.0 -0.00122555713379 18.09828809465965 -154.94222839311163 349967.41826355457306 67.30030762386846 163.59812319549516
41160.0 -0.00104544676603 18.11406894643068 -154.94171025069028 350020.57153967674822 67.55150261337606 163.36991373694644
41190.0 -0.00139560586269 18.13005482862403 -154.94127254555582 349993.06617059186101 67.80235476477509 163.13676504128071
41220.0 -0.00105349625439 18.14600790980678 -154.94084265323409 349958.39035871531814 68.05284514313513 162.89851731164219
41250.0 -0.00130102252766 18.16170562375057 -154.94034436483909 349990.51570192817599 68.30300929383408 162.65482541600790
41280.0 -0.00101123562791 18.17737992740530 -154.93984996256725 350015.80532958358526 68.55283794669178 162.40547033217209
41310.0 -0.00110481273996 18.19303609308518 -154.93935526487971 350034.41637564171106 68.80239012847638 162.14998914651491
41340.0 -0.00118229028433 18.20866192532648 -154.93886851665729 350046.04797918070108 69.05148045988176 161.88873123484188
41370.0 -0.00124165670146 18.22447700356231 -154.93845983832648 349976.64287698827684 69.30016351186065 161.62123449416532
41400.0 -0.00126077434714 18.23983893932390 -154.93790551052572 350048.88969388511032 69.54844048520818 161.34719599420777
41430.0 -0.00107160782483 18.25539016736918 -154.93742836626726 350040.14169220905751 69.79627661355870 161.06642578921938
41460.0 -0.00132517158371 18.27092264520949 -154.93694924398693 350024.78751295059919 70.04374192183408 160.77832974980083
41490.0 -0.00117725946490 18.28642590303702 -154.93647513789213 350002.59234522655606 70.29067409942593 160.48316290693933
41520.0 -0.00137648792154 18.30189935669499 -154.93600603436070 349973.56763137411326 70.53704566790762 160.18068132570050
41550.0 -0.00104142187411 18.31714906651869 -154.93546376733960 350012.53603364154696 70.78288203662444 159.87041382776155
41580.0 -0.00121448897648 18.33237840902379 -154.93492265869833 350044.96626876294613 71.02816385670451 159.55203871072061
41610.0 -0.00082609399752 18.34778428679443 -154.93445428913481 349996.11099810153246 71.27293618605336 159.22494057903882
41640.0 -0.00162703286375 18.36296854522761 -154.93391550576186 350015.40256476774812 71.51701569959140 158.88944570928697
41670.0 -0.00105349610666 18.37813055267558 -154.93337797938614 350028.16818765457720 71.76044033324423 158.54494126469649
41700.0 -0.00103135993978 18.39345472022958 -154.93291661299264 349959.34396468568593 72.00320022045149 158.19098198860272
41730.0 -0.00111286252380 18.40839074256835 -154.93230301381291 350034.25386402197182 72.24524972413273 157.82725755295280
41760.0 -0.00130907201603 18.42367141343778 -154.93183777950526 349952.45086793601513 72.48663957241746 157.45297446465023
41790.0 -0.00087036692222 18.43857156934456 -154.93122145626586 350014.63431660737842 72.72720498453816 157.06833684542315
41820.0 -0.00090457806034 18.45362236915243 -154.93068412603540 349995.03478779457510 72.96690498048525 156.67295964625637
41850.0 -0.00114606729119 18.46865002795159 -154.93014626636040 349968.99910625070333 73.20574708487281 156.26617755679729
41880.0 -0.00112393038564 18.48348905365646 -154.92952984450494 350012.09373460803181 73.44369559547161 155.84750087230839
41910.0 -0.00085829254194 18.49831617078879 -154.92890788255772 350049.02072431333363 73.68077250683059 155.41608071848174
41940.0 -0.00131108475746 18.51327948435629 -154.92836615665041 350003.90308769699186 73.91679228600995 154.97218323234335
41970.0 -0.00104343417233 18.52821798191103 -154.92782350222043 349952.38971477746964 74.15176708871762 154.51496109035580
42000.0 -0.00091162117799 18.54297899806574 -154.92720020525684 349970.33495025988668 74.38566659410928 154.04374508594711
42030.0 -0.00058762373107 18.55772121707011 -154.92657463523415 349982.05232515837997 74.61842555866824 153.55802982307702
42060.0 -0.00121046393682 18.57245107331542 -154.92594190602830 349987.65700718574226 74.85006284128190 153.05671979760481
42090.0 -0.00076069098118 18.58715829133848 -154.92530882115008 349986.99958590790629 75.08040487198525 152.53991621489297
42120.0 -0.00105953344454 18.60184222583406 -154.92467544596298 349980.08968095388263 75.30938657067421 152.00701007250399
42150.0 -0.00057253038637 18.61650636819086 -154.92403895677816 349966.99708794709295 75.53698414821486 151.45704024563730
42180.0 -0.00103337238574 18.63101415985002 -154.92331932016276 350023.91625333391130 75.76313287269721 150.88925726890884
42210.0 -0.00083816808234 18.64564721515483 -154.92267134579009 349998.63587138522416 75.98781543797929 150.30246480531616
42240.0 -0.00108368264832 18.66012326702810 -154.92194356171709 350043.41894725151360 76.21083562412744 149.69681697575820
42270.0 -0.00090357168962 18.67471166134801 -154.92129207089360 350005.82124849967659 76.43216267574932 149.07112250998406
42300.0 -0.00081804436142 18.68928012528097 -154.92063567387655 349962.11202118173242 76.65172853463233 148.42438414228880
42330.0 -0.00102632867714 18.70370516747150 -154.91989430378229 349988.74038372840732 76.86943197510024 147.75581245172310
42360.0 -0.00046184792687 18.71812122193549 -154.91914327160802 350009.44738566409796 77.08523763553798 147.06388891979023
42390.0 -0.00094583246384 18.73251810461772 -154.91838931310514 350024.12449700199068 77.29895030991716 146.34856737008158
42420.0 -0.00051215789399 18.74689513576943 -154.91763252994488 350032.78071708790958 77.51046142181826 145.60893676867809
42450.0 -0.00112292460586 18.76136642646886 -154.91695153810574 349958.82067532464862 77.71969206922311 144.84364685460955
42480.0 -0.00060875367497 18.77560033322539 -154.91610154413706 350032.20217098202556 77.92652593634142 144.05162131987683
42510.0 -0.00089250368005 18.78993384269242 -154.91532287254680 350023.04159484524280 78.13087845047134 143.23123489202416
42540.0 -0.00069830604283 18.80424484527265 -154.91454175250917 350007.88896195776761 78.33252693040276 142.38254510704959
42570.0 -0.00092268963077 18.81853773906841 -154.91375474770823 349986.80105052329600 78.53136896571836 141.50397800431301
42600.0 -0.00062284050122 18.83281418935806 -154.91296033029738 349959.80490431841463 78.72727007988448 140.59419870420160
42630.0 -0.00100721088373 18.84697978794875 -154.91207623798573 350003.81251951865852 78.92006644143160 139.65217073676075
42660.0 -0.00089149745707 18.86113984270981 -154.91117999849232 350042.05169656313956 79.10963335730084 138.67598283601970
42690.0 -0.00081200702354 18.87537157978938 -154.91036153627002 349997.46492416597903 79.29573457627815 137.66559722144387
42720.0 -0.00084018082377 18.88949672737294 -154.90945474051827 350024.00116434413940 79.47818972944792 136.61995564608497
42750.0 -0.00073050473499 18.90369054243494 -154.90862350312139 349967.68283966090530 79.65683117248615 135.53750269099825
42780.0 -0.00082106303036 18.91778724302506 -154.90770018667007 349982.61005738563836 79.83146126969311 134.41710255487979
42810.0 -0.00099413013273 18.93187638854107 -154.90676430066634 349991.79243521671742 80.00189245402829 133.25701597019895
42840.0 -0.00104745876878 18.94594662944569 -154.90582342233697 349995.17749306466430 80.16786112226569 132.05767634790229
42870.0 -0.00055441881594 18.96000221034619 -154.90487422230677 349992.80013582855463 80.32916241537811 130.81762421051647
42900.0 -0.00115210448134 18.97404488172641 -154.90391511471950 349984.67804034240544 80.48556845599954 129.53579285546894
42930.0 -0.00048297801851 18.98807337398877 -154.90294662894675 349970.81491958349943 80.63683360799722 128.21163671361066
42960.0 -0.00102129785771 19.00209397550378 -154.90196399729504 349951.24035674054176 80.78271750189153 126.84369401040301
42990.0 -0.00070132471177 19.01603845449721 -154.90088821260349 350003.23955983016640 80.92294556493631 125.43295955521259
43020.0 -0.00080194494147 19.02997009853217 -154.89980460587685 350049.56505815219134 81.05726206952282 123.97936272080793
43050.0 -0.00082609414525 19.04394484678937 -154.89879650787185 350012.87275383435190 81.18540719667313 122.48242150689660
43080.0 -0.00063692732747 19.05790457572693 -154.89777783292183 349970.48394123092294 81.30711314682263 120.94238818128865
43110.0 -0.00073654192513 19.07180780286642 -154.89665793850432 349999.82173919770867 81.42210227091822 119.35902513156377
43140.0 -0.00063692762294 19.08569574064566 -154.89553050539888 350023.51591994613409 81.53012180559189 117.73487554262998
43170.0 -0.00066912616736 19.09961326524524 -154.89447952083239 349964.13134944066405 81.63090592900156 116.07049982051423
43230.0 -0.00131007838675 19.12733263844883 -154.89216608614407 349983.36521722842008 81.80972733074032 112.62665862020940
43260.0 -0.00065403282266 19.14117558461968 -154.89099177073132 349984.56645734235644 81.88728645294958 110.85171222284502
43290.0 -0.00092168340779 19.15501388539109 -154.88980062173505 349980.15806656610221 81.95660426645188 109.04373787322831
43320.0 -0.00085728646669 19.16881134532398 -154.88851068946838 350047.68942661955953 82.01752462352829 107.20727117709957
43350.0 -0.00037933926761 19.18264600419542 -154.88738795167237 349954.57449483964592 82.06987382010820 105.34574999476698
43380.0 -0.00077779603316 19.19642208691958 -154.88607462765597 350010.97239138837904 82.11346866172630 103.46224507415353
43410.0 -0.00038537645775 19.21020979423946 -154.88483693259829 349984.25150004494935 82.14817087066866 101.56066267333394
43440.0 -0.00049404661903 19.22399082312772 -154.88358204004302 349951.94700137618929 82.17382230183085 99.64438404728239
43470.0 -0.00089149701386 19.23774233746803 -154.88222739058256 349991.68933409824967 82.19044195347567 97.71946526174082
43500.0 -0.00046989771071 19.25148585376680 -154.88085928186604 350025.90259617846459 82.19794923956655 95.78977471391495
43530.0 -0.00084420571569 19.26522929649494 -154.87956661587833 349976.98121817037463 82.19630705036521 93.85958438093165
43560.0 -0.00041757500217 19.27895645095817 -154.87816900430886 350000.13205426931381 82.18554365794689 91.93365723024144
43590.0 -0.00055643096643 19.29268239801423 -154.87675200701037 350017.72942272946239 82.16562680657339 90.01564612750383
43620.0 -0.00073352340392 19.30639465541221 -154.87541380120459 349952.21382834017277 82.13675437672313 88.11135601284371
43650.0 -0.00055139999926 19.32009479572964 -154.87397186060676 349958.82429125066847 82.09905231505851 86.22508564698980
43680.0 -0.00061881590477 19.33378660314004 -154.87251452849191 349959.93444262351841 82.05261167053763 84.36033007902169
43710.0 -0.00041153766429 19.34747010000446 -154.87104142682460 349955.54804000258446 81.99759399643756 82.52080589741998
43740.0 -0.00080194508921 19.36116449418665 -154.86945577867658 350023.24457093141973 81.93410464408689 80.70932682081352
43770.0 -0.00040348817592 19.37483343216226 -154.86795030592268 350007.87745125312358 81.86251840300767 78.93028640828933
43800.0 -0.00078483959402 19.38849198274700 -154.86642946473330 349987.04107913933694 81.78300355120065 77.18591622203411
43860.0 -0.00093979512596 19.41580945950236 -154.86324189376492 350006.52423860505223 81.60105524311209 73.80957546399507
43890.0 -0.00077980847912 19.42944281925146 -154.86167022250959 349969.27216584049165 81.49917825791181 72.18151281339728
43920.0 -0.00046889148773 19.44310375144722 -154.85998219972998 350004.08191152475774 81.39026534813063 70.59474699002990
43950.0 -0.00033003508027 19.45675684261529 -154.85827860588108 350033.45274440106004 81.27476272108213 69.05115503846029
43980.0 -0.00061579723583 19.47036408872840 -154.85665521455769 349979.83824500441551 81.15296126627644 67.55140477714170
44010.0 -0.00077075291551 19.48400041989308 -154.85491844651307 349998.33716160152107 81.02506486738361 66.09552722883977
44040.0 -0.00068321269814 19.49763155347833 -154.85316309554688 350011.37910770066082 80.89134072205165 64.68362374937094
44070.0 -0.00075163482662 19.51126248240915 -154.85138515872097 350018.90343124698848 80.75195047921916 63.31522227768426
44100.0 -0.00050209610740 19.52488246690690 -154.84959206395456 350021.04060401394963 80.60736660850571 61.99075520159266
44130.0 -0.00067616972822 19.53849512171920 -154.84778081959826 350017.75061050802469 80.45776889538260 60.70943232457562
44160.0 -0.00053026961216 19.55210250167657 -154.84594955708400 350009.00816399883479 80.30335830192401 59.47046345034649
44190.0 -0.00073553570215 19.56570328912680 -154.84409886437498 349994.83136081695557 80.14439693030477 58.27314683519736
44220.0 -0.00075767216450 19.57930353292408 -154.84222393954917 349975.13410714268684 79.98098214154804 57.11628727055893
44250.0 -0.00044474228395 19.59295632827036 -154.84023266256418 350027.46794199012220 79.81353581317525 55.99943032994298
44280.0 -0.00047895371753 19.60653807063910 -154.83832259281493 349997.00015207100660 79.64228795675805 54.92154562528015
44310.0 -0.00043669279558 19.62011223138617 -154.83639232890107 349961.11684110201895 79.46736197341956 53.88136293087059
44340.0 -0.00066510112770 19.63375000685705 -154.83434155099087 349997.16669561993331 79.28894889990164 52.87776104666028
44370.0 -0.00041958715266 19.64739074867306 -154.83226542100951 350027.67206863034517 79.10711984159587 51.90941836811363
44400.0 -0.00037229585448 19.66094695800813 -154.83027216277299 349975.50859499163926 78.92227965745781 50.97557011620631
44430.0 -0.00058862951085 19.67457307297076 -154.82815766387782 349995.23826507013291 78.73451578817850 50.07491185015173
44460.0 -0.00063290287876 19.68819713268418 -154.82602035862053 350009.50133439060301 78.54393530635146 49.20621991694647
44490.0 -0.00042361219231 19.70181780091952 -154.82386084676583 350018.31873722840101 78.35071394909849 48.36839486773329
44520.0 -0.00046084170389 19.71544105800037 -154.82167428372853 350021.57642667554319 78.15485476258995 47.56016702080713
44550.0 -0.00043669294332 19.72905731700407 -154.81946740921396 350019.44790436606854 77.95670406539502 46.78068440577049
44580.0 -0.00032500396537 19.74266560827749 -154.81724057123932 350011.95419996324927 77.75640791571031 46.02887082952757
44610.0 -0.00056045585835 19.75626947663214 -154.81499074081620 349999.02730818465352 77.55400266860251 45.30359025881957
44640.0 -0.00002414905605 19.76986881615562 -154.81271760812081 349980.66746090259403 77.34960052120447 44.60382622535712
44670.0 -0.00036022147420 19.78357068881498 -154.81031246343204 350033.78079048264772 77.14319268414040 43.92851669920935
44700.0 -0.00045782273948 19.79716312706019 -154.80799157576433 350004.52272692415863 76.93511560989616 43.27687820033131
44730.0 -0.00060875397044 19.81074879208975 -154.80564790157331 349969.87275335192680 76.72538622684803 42.64792678515838
44760.0 -0.00049706499250 19.82444038542979 -154.80317341001955 350006.67862833477557 76.51404097110336 42.04074532861316
44790.0 -0.00003823588230 19.83813160430242 -154.80067379299484 350037.99058337137103 76.30119246709333 41.45449838063629
44820.0 -0.00060774759973 19.85171229707050 -154.79825106941448 349986.85171615984291 76.08678116075158 40.88831299624707
44850.0 -0.00033707834566 19.86540230238176 -154.79569867169593 350007.14505608472973 75.87109852918529 40.34149643785101
44880.0 -0.00047694127157 19.87908731289970 -154.79312343193234 350022.03759082965553 75.65423651785321 39.81328925294773
44910.0 -0.00054335051090 19.89264650964164 -154.79063060128559 349954.75790616590530 75.43617765991689 39.30293496538000
44940.0 -0.00046989741524 19.90645279985218 -154.78789484267799 350035.35921468120068 75.21698594497163 38.80974067622743
44970.0 -0.00032701655906 19.92000810919153 -154.78534638577605 349957.06592195387930 74.99660575599505 38.33302356892349
45000.0 -0.00069327478020 19.93381608145286 -154.78255639431251 350026.59465825464576 74.77532934097957 37.87219296516691
45030.0 -0.00025356375888 19.94749025535465 -154.77985004024708 350014.08632007427514 74.55313468613976 37.42662154052513
45060.0 -0.00026463191619 19.96116274428975 -154.77711585374848 349996.07037430908531 74.33001713585541 36.99572121741973
45090.0 0.00001308089874 19.97497300975459 -154.77424313805523 350048.97340895049274 74.10605316222028 36.57893970286470
45120.0 -0.00041958744813 19.98864796485680 -154.77144910183597 350019.78512977063656 73.88114929698777 36.17574487221955
45150.0 -0.00042763708423 20.00231628178688 -154.76862980349699 349985.20322218723595 73.65556394130311 35.78563574177777
45180.0 -0.00016702991223 20.01612591025745 -154.76567277117007 350021.49456344172359 73.42935919812811 35.40811958237051
45210.0 -0.00037028326079 20.02978508357371 -154.76280011656596 349976.02673554886132 73.20248818952426 35.04273163689803
45240.0 -0.00040046965472 20.04359433356315 -154.75978523595259 350001.21877927705646 72.97498864507963 34.68902823101362
45270.0 -0.00031997285047 20.05740944530626 -154.75673682084420 350020.68112246040255 72.74678011424713 34.34659913425143
45300.0 -0.00068623151481 20.07106040705919 -154.75377745820646 349958.69440392125398 72.51812775866192 34.01501420442523
45330.0 -0.00027771266719 20.08486718342809 -154.75067483366780 349967.24837016873062 72.28899016826470 33.69389060954977
45360.0 -0.00039543809661 20.09867492818018 -154.74754120132016 349970.19460569228977 72.05933966209400 33.38286615448227
45390.0 -0.00053932576671 20.11248224974999 -154.74437721534639 349967.56718054972589 71.82923281984017 33.08158249980683
45420.0 -0.00015898042386 20.12629490565165 -154.74117785225297 349959.17216623388231 71.59855880287478 32.78973021494591
45450.0 -0.00045882955340 20.14027684565581 -154.73783221058338 350021.00492762960494 71.36755596455902 32.50694323441186
45480.0 -0.00014891804632 20.15408304469798 -154.73457591646829 350001.61959846317768 71.13627032286369 32.23290266511063
45510.0 -0.00009659578098 20.16788763525063 -154.73128843086761 349976.66496437229216 70.90463912407384 31.96733006210914
45540.0 -0.00019822223366 20.18187166070767 -154.72784988779699 350021.65345551725477 70.67268597444597 31.70994108757704
45570.0 -0.00053731346849 20.19567994090067 -154.72449466206626 349985.32063440233469 70.44031752382425 31.46049670167146
45600.0 -0.00037430785724 20.20966770247563 -154.72099051040027 350018.95711717288941 70.20778144099599 31.21867310654986
45630.0 -0.00025658242782 20.22365644164224 -154.71745434785151 350046.94598537776619 69.97502733575269 30.98423858676650
45660.0 -0.00029783653585 20.23745662102065 -154.71400583258915 349993.95394858065993 69.74201419378093 30.75697220677682
45690.0 -0.00033707834566 20.25144796375676 -154.71040218258551 350010.56759626325220 69.50878740924003 30.53663675132669
45720.0 -0.00013382529257 20.26544689331360 -154.70675970971507 350021.25667517818511 69.27522749421323 30.32305955428305
45750.0 -0.00055944993084 20.27924436348300 -154.70320938982189 349951.32364880293608 69.04155982724453 30.11596064005670
45780.0 -0.00013986233497 20.29343854479560 -154.69938000791169 350025.87520392239094 68.80782162250686 29.91512836083879
45810.0 -0.00013080662363 20.30743359382914 -154.69563994557845 350019.70033668167889 68.57394137405319 29.72039876536865
45840.0 -0.00010665771531 20.32142898453123 -154.69186506936643 350007.82222224399447 68.33993497689920 29.53158558333675
45870.0 -0.00024148923086 20.33542940034889 -154.68805101704169 349990.04442308284342 68.10570244243273 29.34855453834080
45900.0 -0.00030789847018 20.34942497607798 -154.68420546781067 349966.74042546655983 67.87147915711942 29.17104964162853
45930.0 -0.00039342594612 20.36363375245605 -154.68019797586336 350012.36515443027020 67.63721118821623 28.99893090632548
45960.0 -0.00031896692296 20.37762991130305 -154.67628098564825 349977.59759436268359 67.40284933242515 28.83206476444007
45990.0 -0.00027066895860 20.39184540738537 -154.67219892072879 350011.53494006209075 67.16843242443099 28.67028885377376
46020.0 -0.00043971146452 20.40584727552038 -154.66820419798609 349965.03580809943378 66.93383691557285 28.51351410182236
46050.0 -0.00038135156583 20.42007004053750 -154.66404503669960 349987.19763024896383 66.69927906339863 28.36151520305369
46080.0 -0.00014489330214 20.43429190380045 -154.65985112590448 350003.65470209717751 66.46479115776789 28.21414670612025
46110.0 -0.00021029690942 20.44851633989974 -154.65561902596474 350014.24637971073389 66.23029673176941 28.07131534966970
46140.0 -0.00006439723657 20.46274298240567 -154.65134852740618 350018.97280914615840 65.99580740374955 27.93289556220926
46170.0 -0.00027268125683 20.47697644543789 -154.64703516801779 350017.61360533256084 65.76121988373062 27.79881766309176
46200.0 -0.00021532772885 20.49120700500767 -154.64268671446774 350010.58117220085114 65.52676018075711 27.66886961965868
46230.0 -0.00055944993084 20.50543712068701 -154.63830056488754 349997.75477587152272 65.29237370738751 27.54296759151469
46260.0 -0.00019721601068 20.51966924130155 -154.63387409669099 349979.00863814633340 65.05800587635241 27.42103289325333
46290.0 -0.00032802278204 20.53390191108050 -154.62940803350187 349954.39241807255894 64.82369148606102 27.30295017766470
46320.0 -0.00013684381377 20.54838913706683 -154.62476010485980 349997.09460139647126 64.58930540254859 27.18868214747109
46350.0 0.00000100607524 20.56287832558911 -154.62007311911091 350033.87566929776222 64.35505693866814 27.07803914542664
46380.0 -0.00070937420014 20.57711468597011 -154.61548613740248 349991.50303078629076 64.12097559012457 26.97091736031922
46410.0 -0.00006842198075 20.59160617669327 -154.61071942032177 350016.44708062801510 63.88698201060447 26.86726800165654
46440.0 -0.00028374956187 20.60610136214811 -154.60591049762928 350035.33770313952118 63.65308544164287 26.76700383014819
46470.0 -0.00009357696431 20.62034383990526 -154.60119557248149 349974.93296549282968 63.41918112563164 26.67009571041304
46500.0 -0.00048398468470 20.63484344634663 -154.59630174187163 349981.77484115585685 63.18548738947327 26.57636115050033
46530.0 -0.00033909079162 20.64934399496381 -154.59136644927705 349982.64263974875212 62.95195056567690 26.48575121574749
46560.0 0.00014589967285 20.66384796818247 -154.58638692647480 349977.39219448622316 62.71851227384306 26.39822254562804
46590.0 -0.00046386037283 20.67835388111770 -154.58136391809259 349966.07813737727702 62.48520470323005 26.31369007584258
46620.0 -0.00004427307244 20.69314033792174 -154.57614726942657 350020.90960399992764 62.25190251332661 26.23214914693322
46650.0 -0.00046989741524 20.70765435142664 -154.57103312319936 349997.20979595929384 62.01880935962438 26.15343424242407
46680.0 -0.00015193715847 20.72216535761492 -154.56587820063933 349967.64367277547717 61.78595315633795 26.07746839531282
46710.0 -0.00023746419120 20.73695726963997 -154.56053165536176 350004.22115109302104 61.55325286297041 26.00423142623455
46740.0 -0.00044574865467 20.75175395405043 -154.55513886843767 350034.53392673190683 61.32071643426274 25.93366089385660
46770.0 0.00013885625973 20.76627458218089 -154.54984400793867 349986.30990131385624 61.08823868659874 25.86575361595758
46830.0 -0.00065503919337 20.79588568431727 -154.53882462183191 350015.67110529169440 60.62398457508485 25.73744403436968
46860.0 -0.00030286765075 20.81069407598207 -154.53324609887707 350021.06360012385994 60.39218143060913 25.67695290956109
46890.0 0.00015898027612 20.82550648097940 -154.52761893915775 350020.11368917673826 60.16054060815524 25.61886426072081
46950.0 -0.00051115181874 20.85513932259559 -154.51621989419755 349999.31301726028323 59.69781998147793 25.50966637922357
46980.0 -0.00006037234465 20.86996355357080 -154.51044318703302 349979.18825082760304 59.46664477266484 25.45851515142534
47010.0 -0.00053026975989 20.88509048319695 -154.50446468016955 350024.08868534956127 59.23574026990384 25.40952785318158
47040.0 0.00026261917476 20.89991258318793 -154.49859578441433 349991.66932966746390 59.00513322658136 25.36264813886603
47070.0 -0.00066107623578 20.91473513049823 -154.49267779117409 349952.96532565820962 58.77474159066819 25.31787751999911
47100.0 0.00048297831398 20.93018001210049 -154.48639355771840 350049.61537831183523 58.54457244750997 25.27517264550410
47130.0 0.00004427292471 20.94501139128059 -154.48037046025709 349997.83619959559292 58.31452085163156 25.23454988110400
47160.0 0.00005332893152 20.96015361920087 -154.47414113733484 350010.61492585390806 58.08479182090989 25.19586493543450
47190.0 -0.00056045600608 20.97529740322654 -154.46786161628324 350016.99351986777037 57.85533571760319 25.15910740190245
47220.0 -0.00043266819913 20.99044526820715 -154.46152879303105 350016.78564560133964 57.62608901391582 25.12427543714282
47250.0 -0.00005332863605 21.00559566697314 -154.45514347009262 350010.05885487701744 57.39708061622949 25.09131985717088
47280.0 -0.00009055859084 21.02075375979168 -154.44869993135518 349996.44992213230580 57.16818695505080 25.06027265809504
47310.0 0.00013281906959 21.03591072873044 -154.44220604751487 349976.49421038106084 56.93960184613898 25.03099986636151
47340.0 -0.00017004843343 21.05139457906325 -154.43549654990093 350020.15595405548811 56.71135168060464 25.00345627729051
47370.0 -0.00017105495188 21.06655197936274 -154.42889859803276 349987.28446589596570 56.48335390287566 24.97765509355732
47400.0 -0.00018011051550 21.08204346803717 -154.42207903587109 350017.55707492586225 56.25561541863192 24.95356328665909
47430.0 0.00038638253300 21.09720769460553 -154.41536788626991 349971.22176630329341 56.02803188843291 24.93120753814779
47460.0 -0.00075867823975 21.11270564065275 -154.40843650936745 349988.05118160415441 55.80080290281686 24.91045453088210
47490.0 0.00020627186977 21.12820510227682 -154.40145045861635 349998.24337469786406 55.57388145346053 24.89130210656331
47520.0 -0.00028878067677 21.14370861949065 -154.39440645218477 350001.59065009001642 55.34720217652082 24.87375870209453
47550.0 0.00041053144131 21.15921461277753 -154.38730532283139 349998.16701944358647 55.12079309041390 24.85778400720982
47580.0 0.00003924195754 21.17472812016568 -154.38014120214936 349987.58078603539616 54.89453200350874 24.84341819728533
47610.0 0.00025960080129 21.19024041713373 -154.37292216088622 349970.40971787832677 54.66860881194849 24.83053634419755
47640.0 -0.00014589967285 21.20610149703676 -154.36547296516724 350015.40930288005620 54.44304979536086 24.81910097692024
47670.0 -0.00024551397504 21.22161379121539 -154.35814060966104 349984.83400390669703 54.21777214188442 24.80913331752434
47700.0 -0.00033707834566 21.23748178328110 -154.35057184326882 350015.92331192549318 53.99278280843785 24.80060749311533
47730.0 0.00025456968639 21.25300018609954 -154.34311680132021 349971.35482816770673 53.76797826701367 24.79355709753528
47760.0 -0.00039141364790 21.26887379966151 -154.33542660630994 349988.47341920342296 53.54355299667751 24.78785752309155
47790.0 -0.00006640938706 21.28474835993018 -154.32767702857774 349998.70547205768526 53.31946275932207 24.78351186028772
47820.0 0.00019822223366 21.30062641570797 -154.31986459712567 350001.82081975787878 53.09564059280910 24.78053590894843
47850.0 0.00046788511702 21.31650635450550 -154.31199017880454 349997.90046285744756 52.87211381977801 24.77889572292510
47880.0 -0.00016401139102 21.33239308525847 -154.30404774231042 349986.52388051059097 52.64876178385359 24.77863684506398
47910.0 0.00035619643454 21.34827798147264 -154.29604557716402 349968.31248166505247 52.42577070396202 24.77964149890238
47940.0 -0.00012778795469 21.36453213655494 -154.28779779131298 350010.74716436862946 52.20316691085429 24.78187767898346
47970.0 -0.00019117882054 21.38079024325562 -154.27948469973342 350045.88150838483125 51.98086749809185 24.78537219516932
48000.0 0.00077779618089 21.39667475011093 -154.27129526566443 350006.60303611122072 51.75887962464113 24.79010421477366
48030.0 -0.00029079312273 21.41256241460651 -154.26303742421723 349959.93226122669876 51.53710070232911 24.79611199161173
48060.0 -0.00007144050196 21.42882532911750 -154.25452857291859 349973.39553556591272 51.31572034108188 24.80327803217664
48090.0 0.00043971131679 21.44508806507077 -154.24595540531789 349979.71458960697055 51.09469714551333 24.81160869097652
48120.0 -0.00062887783910 21.46135317298972 -154.23731424959678 349978.63559689186513 50.87396272485956 24.82112516536703
48150.0 0.00034210946056 21.47761900719832 -154.22860601093308 349970.24708627257496 50.65354383515766 24.83179816999780
48180.0 0.00077075276777 21.49389033976066 -154.21982448512517 349954.09932081680745 50.43332145213925 24.84367674526978
48210.0 -0.00041656863145 21.51054956954846 -154.21078114586192 349997.04284592531621 50.21347830181959 24.85664891986808
48240.0 0.00089552205352 21.52720809287366 -154.20167167097148 350032.71827661711723 49.99404087387451 24.87068660891361
48270.0 -0.00011168868248 21.54347419359966 -154.19269102125816 349994.89967495109886 49.77492627582703 24.88582057073117
48300.0 0.00007345294792 21.56013480074088 -154.18344155059293 350015.56566569581628 49.55614196945770 24.90203356855981
48330.0 -0.00017809836501 21.57680097640423 -154.17411601573266 350028.26838724315166 49.33758638683425 24.91936700185181
48360.0 0.00035015939213 21.59306335407150 -154.16492627503621 349968.22038207668811 49.11944446343719 24.93770932857693
48390.0 0.00015193701073 21.61012525434108 -154.15526105303525 350031.75187870953232 48.90167767682002 24.95706883152090
48420.0 0.00088646619443 21.62638251761214 -154.14593090433110 349956.89017410483211 48.68421633383581 24.97747075699289
48450.0 -0.00054033198969 21.64344787024050 -154.13611747591503 350004.86549721471965 48.46708671309714 24.99888929814320
48480.0 0.00081200717127 21.66052061941690 -154.12622278581807 350044.48949528019875 48.25017148109978 25.02137573258812
48510.0 -0.00027871874244 21.67718206927985 -154.11646472994929 350011.68379150889814 48.03365001732433 25.04482290486007
48540.0 0.00100419221479 21.69383698562265 -154.10663771031369 349971.63148599863052 47.81754904320940 25.06920557515964
48570.0 -0.00028676823081 21.71090248716339 -154.09652547971814 349988.49742135219276 47.60178575474868 25.09455732808503
48600.0 0.00069025640673 21.72796740110497 -154.08633719950078 349997.51899741590023 47.38636798511492 25.12086351645408
48630.0 -0.00056548697325 21.74503556678150 -154.07606721735289 349998.26860761921853 47.17119523634548 25.14816765382512
48660.0 0.00002616120654 21.76209850080514 -154.06572460380212 349991.49580830428749 46.95644793232684 25.17636327487684
48690.0 0.00057554905531 21.77915719660196 -154.05530715806299 349977.05176622048020 46.74209042702643 25.20545967828879
48720.0 0.00056548712098 21.79621418573955 -154.04481076816302 349954.63126683514565 46.52805182259655 25.23548521915387
48750.0 0.00036625836887 21.81369276555817 -154.03401711045299 349987.97642420046031 46.31435798329679 25.26641673112201
48780.0 -0.00009055836924 21.83117599619141 -154.02313630961692 350012.64814884308726 46.10089330024841 25.29830687076737
48810.0 0.00077276513986 21.84822697041366 -154.01239934831077 349966.06155517790467 45.88783392741406 25.33105254899969
48840.0 -0.00017004850730 21.86612965327539 -154.00114153924451 350038.37083394918591 45.67520686797258 25.36463060698572
48870.0 0.00071943628221 21.88316916510031 -153.99024846114020 349976.12692051380873 45.46292945842502 25.39907667773740
48900.0 0.00020425949768 21.90106947707764 -153.97882449300360 350031.85723506007344 45.25100995075746 25.43437798899853
48930.0 0.00005232263468 21.91810231678128 -153.96776481221394 349953.20259188208729 45.03934894642911 25.47057945874711
48960.0 -0.00051819530574 21.93599835966236 -153.95617234390571 349992.26824524533004 44.82812249880784 25.50757902095403
48990.0 0.00037430807884 21.95389062280679 -153.94449678611272 350023.10320773534477 44.61729782452022 25.54538635878290
49020.0 0.00044273005959 21.97178158647752 -153.93273376326067 350045.37288914714009 44.40680289920144 25.58403227189490
49050.0 0.00083112511242 21.98922700342365 -153.92111700655349 349997.03352158050984 44.19666321841625 25.62349562873506
49080.0 -0.00051517685840 22.00711442028877 -153.90917567605950 350002.00680978503078 43.98676491523553 25.66382987631353
49110.0 0.00135435138532 22.02499486460828 -153.89715045120434 349998.79551430791616 43.77728102173451 25.70493540800055
49140.0 -0.00105148380844 22.04331399168704 -153.88480570190410 350049.23935110494494 43.56823885750833 25.74679059246455
49170.0 0.00157471015520 22.06118136108051 -153.87260872085099 350029.38431781344116 43.35955593634193 25.78943256668743
49200.0 -0.00044675472991 22.07904175979676 -153.86032417307263 350001.12683812342584 43.15124096217576 25.83284991673034
49230.0 0.00085225535179 22.09689876740839 -153.84794601005862 349963.98268214892596 42.94319565155946 25.87708847345660
49260.0 0.00097299989335 22.11565238370542 -153.83499877243975 350040.98563882801682 42.73559181311845 25.92205003189389
49290.0 -0.00090960910137 22.13349021844827 -153.82244758813223 349987.29999592062086 42.52839950112443 25.96774421765394
49320.0 0.00011772602036 22.15223415421860 -153.80931493527669 350046.64463414810598 42.32154562912296 26.01420380068163
49350.0 0.00010766386443 22.17005653830524 -153.79658052404582 349975.67133204732090 42.11505535774884 26.06140923831918
49380.0 -0.00001811171817 22.18879370469080 -153.78325294350864 350016.66411552950740 41.90881656792225 26.10941436320411
49410.0 0.00140969276280 22.20752303000799 -153.76983259031226 350048.90086402464658 41.70299926132552 26.15812258459794
49440.0 -0.00119738355516 22.22531548943319 -153.75682316968982 349952.17872873600572 41.49763109819312 26.20751339032542
49470.0 0.00099714880167 22.24402496792706 -153.74321759063596 349967.08784420322627 41.29262979563598 26.25762503774891
49500.0 0.00031896692296 22.26272632357413 -153.72951548241426 349973.01604002062231 41.08800453283391 26.30844709146242
49530.0 0.00020325327470 22.28142296257211 -153.71571055829884 349969.44815033674240 40.88365814755275 26.36002595369355
49560.0 0.00067918824942 22.30010692447033 -153.70181262438985 349957.27001467533410 40.67975831827459 26.41226684325407
49590.0 0.00096897507530 22.31924975248921 -153.68756108352522 349995.74407837539911 40.47627790449700 26.46517901549058
49620.0 0.00022337729109 22.33838567925196 -153.67320664582192 350024.76360994298011 40.27314281203997 26.51879686931153
49650.0 0.00055341259296 22.35703875436767 -153.65901209746414 349985.37423204351217 40.07037789203655 26.57310211702356
49680.0 0.00069126262971 22.37615958840427 -153.64444837804692 349995.29883092176169 39.86787277117461 26.62814869874173
49710.0 -0.00003823588230 22.39526762604096 -153.62978562914225 349996.20848060399294 39.66579450341577 26.68384265848238
49740.0 0.00132114669179 22.41483929883616 -153.61475905321598 350046.88450464885682 39.46417110659833 26.74016429653212
49770.0 -0.00031594825402 22.43344201975885 -153.60016188387067 349971.02603635098785 39.26292051944039 26.79715271950632
49800.0 -0.00085527387300 22.45299110398942 -153.58492629445919 350002.84145609755069 39.06205241267457 26.85479818681039
49830.0 0.00169444847378 22.47253291528499 -153.56957823874291 350024.55092080589384 38.86147074451662 26.91314743505408
49860.0 -0.00025557583550 22.49205966356243 -153.55412779537696 350037.08804473839700 38.66133916961810 26.97210874467219
49890.0 0.00029683031287 22.51157153839311 -153.53857308189430 350040.32304957509041 38.46163331540357 27.03169077733185
49920.0 0.00282642886486 22.53107085996089 -153.52290888474428 350033.82588591892272 38.26227812664970 27.09192931415261
49950.0 -0.00130303504749 22.55055970994301 -153.50713022984090 350017.18430881761014 38.06320370580993 27.15285746793499
49980.0 0.00040046943311 22.57003177112781 -153.49124516412306 349991.15667920559645 37.86453935790678 27.21440214151753
50010.0 0.00163910739177 22.58948414085596 -153.47525658371205 349956.04238075949252 37.66633382876208 27.27653328245915
50040.0 -0.00076572165287 22.60990364670326 -153.45859472836170 350025.43096455372870 37.46850521126568 27.33929062615954
50070.0 0.00066610742455 22.62932313092389 -153.44238476054895 349970.93259724043310 37.27106370026286 27.40266483335020
50100.0 0.00129699770961 22.64971672250865 -153.42548861880442 350019.79064604360610 37.07391427457453 27.46670279118014
50130.0 0.00007445924476 22.66959657460258 -153.40876755099472 350002.35691625159234 36.87721685652384 27.53131537839402
50160.0 -0.00029481801465 22.68945611666768 -153.39193616487435 349975.38689224794507 36.68094978907970 27.59651044492809
50190.0 0.00241086630865 22.70979611851014 -153.37469878785930 349994.65405094157904 36.48503702019874 27.66232495072713
50220.0 0.00144390367931 22.73012250663183 -153.35733716196947 350003.16921631339937 36.28940953114714 27.72879218000547
50250.0 -0.00074559771035 22.75042902645706 -153.33985962305698 350001.73400438018143 36.09419499274943 27.79584044993134
50280.0 0.00237967398722 22.77071272029333 -153.32226922383575 349990.67016719095409 35.89944220358191 27.86344023072848
50310.0 0.00037531437569 22.79097602959762 -153.30455998322827 349969.46906080935150 35.70506941672909 27.93163177443680
50340.0 -0.00088646634217 22.81222670648391 -153.28613528876275 350049.07895626407117 35.51108736112684 28.00040600345835
50370.0 0.00154150553554 22.83245173482680 -153.26817878918067 350006.82749678473920 35.31740202586029 28.06980986359047
50430.0 0.00004628537066 22.87384120972745 -153.23130861340741 350002.82319139409810 34.93131588785516 28.21028285195997
50460.0 0.00091564621764 22.89500875982260 -153.21238674916731 350040.38427968416363 34.73890439233348 28.28135135294923
50490.0 0.00045581073673 22.91513493835149 -153.19394945848654 349957.79184164293110 34.54685018514542 28.35300447860271
50520.0 0.00145396568751 22.93626054973878 -153.17476681575096 349973.44465873762965 34.35508517899280 28.42527562055193
50550.0 0.00173872162009 22.95736102034241 -153.15545809810692 349978.60743600595742 34.16373530676968 28.49809444789331
50580.0 0.00017910444025 22.97843334760069 -153.13602654995043 349973.62833978421986 33.97284936405367 28.57143189790158
50610.0 0.00096897507530 22.99947980481350 -153.11646589977840 349957.96447075717151 33.78234585064382 28.64532866854189
50640.0 0.00065906401143 23.02153041763760 -153.09614524318673 350039.36147632542998 33.59223600934040 28.71977588974704
50670.0 0.00148616423193 23.04252694453868 -153.07631655512748 350001.53923149779439 33.40242692396302 28.79482050621877
50700.0 -0.00131108460973 23.06349159442884 -153.05636293360908 349953.55385423079133 33.21307111069915 28.87037809343515
50730.0 0.00053630709777 23.08546173088774 -153.03564092499613 350002.00166761782020 33.02415223198884 28.94645465299052
50760.0 0.00146000287765 23.10740572820185 -153.01477921229446 350039.00715770106763 32.83559242121234 29.02308920924846
50790.0 -0.00026563795450 23.12828341069646 -152.99442134793603 349958.04132485762239 32.64732444389228 29.10031517179885
50820.0 0.00209994902180 23.15017017763579 -152.97328178560744 349972.42649506777525 32.45947269254962 29.17806327705734
50850.0 0.00102230389602 23.17202324311398 -152.95200947508101 349976.16571210324764 32.27208603092902 29.25630473569279
50880.0 -0.00069931215501 23.19384471234095 -152.93059786208511 349968.68320942576975 32.08508312706499 29.33508061786492
50910.0 0.00141472372997 23.21563299294917 -152.90904750694139 349950.07842587493360 31.89847576200422 29.41438210812287
50940.0 0.00072044250519 23.23844183894784 -152.88668374338593 350024.11842554155737 31.71217200802212 29.49425609733001
50970.0 0.00062284064896 23.26016354980278 -152.86484846629028 349982.72213239315897 31.52632088549571 29.57462017408788
51000.0 -0.00015998653604 23.28290187033979 -152.84220239450570 350034.37120291963220 31.34090865088761 29.65547929772644
51030.0 0.00061780968179 23.30455072302930 -152.82008420903028 349970.56540590804070 31.15585653364114 29.73687341581119
51090.0 0.00035317780254 23.34985624229856 -152.77404415480981 350014.41998507641256 30.78680137921457 29.90127424963994
51120.0 0.00236458086412 23.37245356010055 -152.75080010361503 350018.70242800749838 30.60285009433365 29.98424861389426
51150.0 0.00009659563325 23.39500917886598 -152.72741285101910 350011.88095250073820 30.41936434242147 30.06769218584783
51180.0 -0.00170149199771 23.41752500781480 -152.70387552236448 349993.34176439512521 30.23626304031948 30.15164637240984
51210.0 0.00268857875425 23.43999935866806 -152.68018878920270 349963.19854921102524 30.05355848707828 30.23610237869435
51240.0 0.00109877547595 23.46350280514253 -152.65564056627230 350021.97513291798532 29.87115982014429 30.32110701512740
51270.0 0.00010263289726 23.48589347745513 -152.63164722521844 349968.05868472624570 29.68921247094982 30.40657982356251
51300.0 -0.00049807128934 23.50930878576186 -152.60679530230919 350003.54024144541472 29.50770525474341 30.49252470469287
51330.0 0.00069528741083 23.53268208870232 -152.58178206337143 350026.55725418776274 29.32655859943190 30.57898249047980
51360.0 0.00092369585375 23.55601452049798 -152.55660157286488 350036.58118230104446 29.14570699356118 30.66598652310041
51390.0 0.00149522005408 23.57930022709979 -152.53126368968242 350034.62421902455389 28.96527173478979 30.75346935823622
51420.0 -0.00025456976026 23.60253610345557 -152.50577231609483 350021.12077690009028 28.78530177723225 30.84140254314407
51450.0 0.00059567314557 23.62572386258480 -152.48012026696750 349995.42043422628194 28.60571620484905 30.92982779254952
51480.0 0.00288177005768 23.64886172311228 -152.45430833070949 349957.65149138402194 28.42652785546636 31.01873622857440
51510.0 0.00046285414985 23.67303302241082 -152.42758959775455 350005.43996153026819 28.24764682530148 31.10817456621254
51540.0 -0.00271675251754 23.69715249996360 -152.40070706708445 350041.01023291051388 28.06921519548918 31.19806407339775
51570.0 0.00101425429685 23.72013519682602 -152.37440631635991 349966.57469373848289 27.89122429305554 31.28840752786026
51600.0 0.00168237416736 23.74414924168431 -152.34719071252886 349977.26474280655384 27.71359368883181 31.37924661404780
51630.0 0.00204360160600 23.76811290488496 -152.31979679566211 349974.46772312093526 27.53625867572915 31.47061460248770
51660.0 -0.00505517210126 23.79202046393236 -152.29223485898734 349959.25259186141193 27.35933913465650 31.56244474555042
51690.0 -0.00144792849736 23.81695754624145 -152.26374668012269 350028.57100608572364 27.18288410052220 31.65470862553313
51720.0 0.00156967922497 23.84074686685997 -152.23585176615211 349989.06714812573045 27.00688157775492 31.74741092195392
51750.0 0.00087338566503 23.86557346268622 -152.20700085835995 350031.41997266653925 26.83110901918459 31.84067072232011
51780.0 -0.00057353666475 23.88924591762731 -152.17875384168033 349965.94953937735409 26.65582499350564 31.93434589988591
51810.0 0.00015193691840 23.91395216138135 -152.14954922481400 349982.45059915725142 26.48084913280777 32.02853274182436
51840.0 -0.00079892647567 23.93859488179886 -152.12016979247349 349986.35668296553195 26.30632008255264 32.12315418683455
51870.0 0.00263927475158 23.96317284753669 -152.09061476032340 349977.64732861891389 26.13223164237935 32.21821188072309
51900.0 0.00130705982861 23.98878346453540 -152.06008580740789 350049.90272312704474 25.95850262447499 32.31374834291755
51930.0 0.00094683857602 24.01323620614281 -152.03015347412580 350013.61819394212216 25.78506916864563 32.40979676742479
51960.0 -0.00137045073140 24.03762062967242 -152.00004215558812 349964.54621198959649 25.61204964658712 32.50629105761034
51990.0 0.00147207735028 24.06303241503681 -151.96895359018254 349996.56803076155484 25.43949311944655 32.60320280450384
52020.0 0.00193895637358 24.08837344439201 -151.93768096877562 350015.61218785401434 25.26738713023107 32.70053714150748
52050.0 0.00045681690431 24.11364949896102 -151.90620285373680 350019.58384100720286 25.09551198107555 32.79841247074584
52080.0 0.00051115194801 24.13885047277789 -151.87454357328383 350010.98364150524139 24.92412324871997 32.89668765067026
52110.0 -0.00087640422317 24.16398070628085 -151.84268559613633 349988.10566574241966 24.75304287145508 32.99545844715362
52140.0 0.00002113027631 24.18903416935536 -151.81064184833542 349952.30773192457855 24.58240613497213 33.09464934510731
52170.0 0.00023243327944 24.21511287266549 -151.77758427760023 349995.14030162990093 24.41220926799015 33.19426082906912
52200.0 0.00064296475768 24.24111583784510 -151.74432374668180 350023.66812952887267 24.24237034203617 33.29433624423348
52230.0 -0.00004226058955 24.26704341105304 -151.71085361471515 350037.27797676250339 24.07282632289885 33.39490870285066
52260.0 0.00029582416376 24.29289017378933 -151.67718524648828 350037.17750821728259 23.90369411612384 33.49591265394371
52290.0 -0.00092268966770 24.31865294707543 -151.64332341681845 350023.91059758234769 23.73502281297449 33.59731963551667
52320.0 -0.00131410325097 24.34433053380089 -151.60926670209264 349997.39337756764144 23.56679950474924 33.69913520115286
52350.0 0.00219855713794 24.37103499492275 -151.57413997246380 350045.15355488657951 23.39880728448503 33.80147714064290
52380.0 0.00029683036827 24.39654340039068 -151.53967006170024 349990.06044393870980 23.23129880891148 33.90420512975916
52410.0 0.00162401428714 24.42307384963453 -151.50412891347577 350009.50079374760389 23.06409827323650 34.00741446721955
52440.0 0.00049505268504 24.44951360731072 -151.46838268965612 350015.15733567997813 22.89733767672283 34.11103107326951
52470.0 0.00127184266142 24.47586101956572 -151.43243112133197 350007.06437343917787 22.73101563428082 34.21505424570753
52500.0 -0.00109374445338 24.50211684610397 -151.39626535347028 349984.37814595084637 22.56504949257180 34.31952815433272
52530.0 0.00002716753108 24.52939057572988 -151.35900011246463 350034.42215774394572 22.39937702179931 34.42448582989007
52560.0 -0.00046687895867 24.55545851010522 -151.32239986523362 349982.24617837462574 22.23411370295854 34.52986217179163
52590.0 0.00000201241826 24.58253658172663 -151.28470863866423 350004.08535319566727 22.06930866066649 34.63562861046559
52620.0 0.00062585928558 24.60951399423882 -151.24680332098470 350011.87944710999727 21.90494854289184 34.74179109331074
52650.0 0.00061177242240 24.63639505202696 -151.20866049595477 350003.28624031692743 21.74081917482870 34.84846687158689
52680.0 0.00005332884381 24.66317078742680 -151.17030706922867 349981.12653805967420 21.57717036363140 34.95551628321607
52710.0 0.00003622336709 24.69095506591497 -151.13081946557509 350029.72534582298249 21.41382851180795 35.06303421542310
52740.0 -0.00039946324014 24.71752102530920 -151.09201617893990 349977.82835107017308 21.25092240293864 35.17094792502031
52770.0 0.00083414364286 24.74508847864160 -151.05208397561856 349997.67967206891626 21.08845299607786 35.27925550002512
52800.0 0.00061881585283 24.77254702849420 -151.01191788227172 350002.13937212713063 20.92633692679659 35.38800193993907
52830.0 0.00214522828836 24.79989637656491 -150.97151073967828 349990.52765844576061 20.76451274768007 35.49722019817955
52860.0 -0.00148978658641 24.82824258954529 -150.92994873079800 350049.02109808754176 20.60309455535217 35.60684553799147
52890.0 -0.00042864317564 24.85536036086115 -150.88908588001726 350008.34577072318643 20.44213151051717 35.71684923352552
52920.0 -0.00012175076108 24.88235925660288 -150.84799860073173 349953.49658148735762 20.28160982498585 35.82723760550933
52950.0 0.00114204226308 24.91146452453914 -150.80478283780536 350049.94153442326933 20.12131799723450 35.93812743973393
52980.0 -0.00024953875154 24.93822424378020 -150.76321719714170 349964.22268676478416 19.96150305377844 36.04937959267429
53010.0 0.00116216636488 24.96708388002622 -150.71951356340054 350029.67118629347533 19.80199355459320 36.16108859589992
53040.0 0.00172865956111 24.99470613164114 -150.67651927195141 349996.76415441092104 19.64291513597603 36.27318295471203
53070.0 0.00057353664167 25.02330984558821 -150.63233275807323 350032.17577688395977 19.48427105993565 36.38565952576946
53100.0 0.00083414364286 25.05067454693669 -150.58885496433166 349968.90254724584520 19.32597726288301 36.49856414823908
53130.0 0.00073352318694 25.07901959816129 -150.54415852165334 349971.70490604918450 19.16797305735275 36.61192970519529
53160.0 -0.00013583762772 25.10723009109128 -150.49921450238739 349959.15949974954128 19.01037119451401 36.72569174473487
53190.0 0.00000402481805 25.13641178827577 -150.45305307415035 350013.74265525117517 18.85322087344801 36.83982134087150
53220.0 0.00076572171751 25.16434477867264 -150.40761968503386 349971.49086068850011 18.69650787587811 36.95432517193289
53250.0 -0.00052624500647 25.19324902485527 -150.36093255440451 349993.10595903825015 18.54002331474940 37.06931962947535
53280.0 0.00234948783336 25.22200801584784 -150.31399736145761 349999.97842723503709 18.38401150339324 37.18466595557248
53310.0 0.00011269491469 25.25062327795690 -150.26679319754675 349989.97915715724230 18.22830310940590 37.30045838112235
53340.0 0.00090860278605 25.28019668393394 -150.21833661488296 350045.23080206941813 18.07302068786296 37.41662658147002
53370.0 0.00022840845215 25.30851215895860 -150.17062109726126 350004.66588767245412 17.91816976350475 37.53316616107142
53400.0 0.00150930692649 25.33778200665046 -150.12163416217552 350027.91978713404387 17.76366558380901 37.65012381250095
53430.0 -0.00151534414434 25.36579353498670 -150.07337916554542 349954.06499662343413 17.60944819859293 37.76753235738652
53460.0 0.00040348804665 25.39585703499904 -150.02283291769189 350023.74111654609442 17.45562905122435 37.88532755643836
53490.0 -0.00013684383224 25.42465458552662 -149.97303920799320 349998.58833446074277 17.30225738111560 38.00348024371758
53520.0 0.00080596990726 25.45439211571395 -149.92195758947022 350037.12405706383288 17.14931854498087 38.12199744330349
53550.0 -0.00007043431591 25.48286465164202 -149.87160928344335 349978.44776388257742 16.99660621162170 38.24099522115140
53580.0 0.00020224714405 25.51227050394247 -149.81996852852387 349983.56608933210373 16.84436204721908 38.36033508182870
53610.0 -0.00166023764961 25.54150743173210 -149.76803980282759 349971.29042555391788 16.69241877722574 38.48011100898252
53640.0 0.00176186430542 25.57167074721229 -149.71479399270990 350021.29201904311776 16.54089593930667 38.60025377827427
53670.0 -0.00057756148280 25.60055775617883 -149.66231764944450 349977.62826633267105 16.38980128177930 38.72075772132739
53700.0 0.00086835462400 25.63036605094619 -149.60850486227122 349994.80221115145832 16.23904937183119 38.84167040079383
53730.0 -0.00054234430638 25.65999436611416 -149.55439262046653 349994.07747602090240 16.08858097369600 38.96302458704162
53760.0 0.00019620989850 25.68943853768658 -149.49999591430756 349977.09346224460751 15.93850625947614 39.08475618715924
53790.0 -0.00040650667866 25.71979048704589 -149.44425327754058 350021.37988014891744 15.78887451058542 39.20683575889449
53820.0 0.00204158923391 25.74885707548662 -149.38929522136431 349973.09734525904059 15.63967066290638 39.32927066342629
53850.0 0.00110984372559 25.77882761457850 -149.33295203558836 349982.55013694521040 15.49069088282074 39.45217670657975
53880.0 -0.00031896688603 25.80860130746610 -149.27632552550185 349976.59576062951237 15.34217425398772 39.57541554152906
53910.0 0.00270367184041 25.83926848276172 -149.21830544966659 350028.65260172821581 15.19395551017791 39.69908095597970
53940.0 0.00248130066150 25.86864273041525 -149.16107847562139 349988.70421095658094 15.04615123328988 39.82310476413431
53970.0 0.00088747249128 25.89890152983806 -149.10246682770534 350008.36089384928346 14.89877135716220 39.94748000404831
54030.0 0.00194901838178 25.95879354451196 -148.98431713129492 349995.59015115536749 14.60503370887947 40.19742492996399
54120.0 0.00279724891552 26.04919095975106 -148.80255348970331 349997.28679273929447 14.16708377946995 40.57525289094340
54150.0 0.00269059116327 26.07924167379484 -148.74096669618777 349988.25189669709653 14.02181212237798 40.70196532961801
54180.0 0.00327720848669 26.11014428986336 -148.67794700677811 350037.14593203924596 13.87697683463290 40.82901398578478
54210.0 0.00043065560544 26.13973731340392 -148.61574876848755 349996.01935799419880 13.73256246308578 40.95640656131499
54240.0 0.00010062045130 26.17017555613367 -148.55207654035203 350009.09409906901419 13.58836814757062 41.08425872456176
54270.0 -0.00159282191030 26.20037582938854 -148.48809663821689 350006.46280115190893 13.44462979307177 41.21243211697872
54300.0 -0.00107362034466 26.23033643823138 -148.42378488136461 349985.56305674463511 13.30118452134626 41.34102043125500
54330.0 0.00105752107245 26.26112502543972 -148.35800443545938 350021.07601706031710 13.15814569460612 41.46995643970908
54360.0 0.00005031022565 26.29059517480585 -148.29306208828837 349967.60747513454407 13.01552534845224 41.59923186667545
54390.0 -0.00001609930914 26.32195261004429 -148.22546682464187 350041.43338275421411 12.87323692916547 41.72889610597831
54420.0 0.00078081484983 26.35092055699627 -148.15985737773588 349951.89717277325690 12.73122270087961 41.85898188505339
54450.0 -0.00001710553212 26.38176304912546 -148.09158429154149 349989.83642404153943 12.58959009318761 41.98942519666183
54480.0 -0.00014489344987 26.41234175703139 -148.02298453539734 350011.52182189095765 12.44838832887335 42.12019593481168
54510.0 0.00256582180366 26.44265394414066 -147.95405639986777 350016.79661352280527 12.30760154002552 42.25130212733163
54540.0 0.00093375793581 26.47269691673643 -147.88476879133813 350002.32292215526104 12.16703123122737 42.38285932060553
54570.0 0.00047392238103 26.50246756414376 -147.81515971040494 349972.22784019261599 12.02691086959044 42.51472907384024
54600.0 0.00088344767323 26.53301791302638 -147.74400561675040 349994.77422810252756 11.88707947282474 42.64700499271401
54630.0 0.00168941758049 26.56328632253681 -147.67251368007985 350000.64081269595772 11.74764757801493 42.77962077137185
54660.0 0.00195706805482 26.59326994640499 -147.60068710406529 349990.19192004390061 11.60862932860023 42.91256679273940
54690.0 0.00224081769055 26.62296568537617 -147.52851237887958 349961.97586496360600 11.46993750480307 43.04589338867160
54720.0 0.00149522009101 26.65341708570381 -147.45476282194952 349985.28360946290195 11.33151501117285 43.17963327199580
54750.0 0.00464564688293 26.68357049168879 -147.38066491575177 349991.51847512274981 11.19346811829053 43.31372239996870
54780.0 0.00195908038998 26.71342315704095 -147.30622790169005 349981.69322308432311 11.05584609728875 43.44813028965704
54810.0 0.00263021892942 26.74297210437279 -147.23145012042505 349955.63374172616750 10.91863266734553 43.58286529338867
54840.0 0.00261411965722 26.77428932093901 -147.15382416995192 350048.89008489158005 10.78163164125985 43.71804288844513
54870.0 0.00388193745442 26.80321633340978 -147.07833039857138 349987.33088961057365 10.64507410871623 43.85352446491963
54900.0 0.00255374738644 26.83389669789256 -146.99998280976570 350045.92535325326025 10.50880093517458 43.98940358368469
54930.0 0.00203957678795 26.86322066562691 -146.92252811195468 350018.67911347374320 10.37291988774321 44.12561482092445
54960.0 0.00445446787772 26.89222119014149 -146.84472793999925 349975.39660675358027 10.23744718360497 44.26214719617607
54990.0 0.00218950138966 26.92192085749630 -146.76530603376227 349983.22225720435381 10.10229494007901 44.39905200203202
55020.0 0.00328525812280 26.95128458558369 -146.68550558454143 349972.11882341932505 9.96740667938508 44.53636194805122
55050.0 0.00420291678640 26.98133177764246 -146.60407436811957 350012.61092963814735 9.83288754556784 44.67401291039058
55080.0 0.00710380474830 27.01103339186192 -146.52228451059895 350037.07781008072197 9.69878685932973 44.81197400364357
55110.0 0.00169142998951 27.03936965349287 -146.44141612025896 349977.23757844511420 9.56508792823017 44.95025390470611
55140.0 0.00595471900976 27.06938406706157 -146.35759030900894 350033.63074527680874 9.43159681742269 45.08896807042339
55170.0 0.00438503993253 27.09802711320980 -146.27469480056749 350006.63205553777516 9.29854229854290 45.22797764235463
55200.0 0.00722253669616 27.12630972419188 -146.19142057442559 349961.30182072147727 9.16576703710609 45.36737617565543
55230.0 0.00425222089988 27.15523623219206 -146.10648687246234 349967.36048633418977 9.03337608361510 45.50709909451221
55260.0 0.00289183217668 27.18379246039851 -146.02119014111673 349957.52428103517741 8.90138769625740 45.64713403257898
55290.0 0.00508032712175 27.21297406634050 -145.93420424962758 349997.32573802024126 8.76971333154989 45.78753326631658
55320.0 0.00525943163587 27.24177052967030 -145.84682137970015 350018.21369036659598 8.63829710679934 45.92832951307271
55350.0 0.00635418236763 27.26918554635423 -145.76038348582262 349955.49903281312436 8.50724307130285 46.06945852629554
55380.0 0.00403789917240 27.29820129866372 -145.67093865929758 350011.19455202110112 8.37660059661529 46.21088899455817
55410.0 0.00452892704862 27.32582977322748 -145.58244841347826 349984.24196696933359 8.24635257949495 46.35262992069448
55440.0 0.00687841486351 27.35404423565996 -145.49222085178113 350004.19813109841198 8.11630728232791 46.49479678549331
55470.0 0.00531477293949 27.38185436860622 -145.40162709723043 350009.17761574964970 7.98669121705252 46.63725040978824
55500.0 0.00477041620561 27.40925308946966 -145.31063877238816 349995.97825230844319 7.85734880216783 46.78008437886839
55530.0 0.00012074454156 27.43721649246937 -145.21792718745542 350033.11222809832543 7.72838242323243 46.92323493629730
55560.0 0.00457521249315 27.46378465933553 -145.12619415841070 349988.66617058776319 7.59981234809986 47.06668830689355
55590.0 0.00882139598128 27.49090278553201 -145.03271837322515 349993.08221666421741 7.47154937360321 47.21049777426952
55620.0 0.00628072949358 27.51758864611488 -144.93884093660290 349979.05833511333913 7.34353818979287 47.35469607421047
55650.0 0.00441723821841 27.54480607443985 -144.84321436403033 350014.71176012977958 7.21588178237401 47.49921879965591
55680.0 0.00659869011970 27.57158225353611 -144.74721089516504 350035.34532549511641 7.08862957519827 47.64403419147873
55710.0 0.00381049698939 27.59791328701904 -144.65082927234286 350040.72445574868470 6.96176405463122 47.78915158093874
55740.0 0.00794297934908 27.62378952369218 -144.55403291736798 350026.67914597131312 6.83509562591114 47.93468651283992
55770.0 0.01208954875663 27.64921466899691 -144.45686975658492 349998.42981651052833 6.70884859876895 48.08049942208271
55800.0 0.00899245085929 27.67418006386709 -144.35931039052915 349952.59156525507569 6.58286909821176 48.22668395668956
55830.0 0.00893509718359 27.70057468998478 -144.25857968624570 350021.78461733646691 6.45725689495495 48.37317715603362
55860.0 0.01080764394851 27.72555209234849 -144.15886720425729 350011.08509204909205 6.33203423662124 48.51996381278182
55890.0 0.00995740104268 27.75005337332366 -144.05876240339742 349983.73553106933832 6.20711126054560 48.66709824090378
55920.0 0.01042226778623 27.77500676639374 -143.95684253108163 350003.37650874070823 6.08243320748441 48.81461320476557
55950.0 0.00946637316646 27.79947143372303 -143.85453533472730 350007.53831192571670 5.95810203017272 48.96244410264228
55980.0 0.00987589853252 27.82344588763454 -143.75185404200712 349997.55783762969077 5.83416720641925 49.11055870782538
56010.0 0.01100486010693 27.84692598321624 -143.64879761552874 349973.17228204384446 5.71061081227141 49.25896668344663
56040.0 0.01032768437733 27.87081961733895 -143.54389557937876 349994.45355037041008 5.58724534221979 49.40778367406941
56070.0 0.01141438539912 27.89420582609126 -143.43862169602707 350002.28379558958113 5.46429296049544 49.55686967026855
56100.0 0.01483648733569 27.91707417549678 -143.33294560818987 349993.09097361192107 5.34160145281194 49.70631841209808
56130.0 0.01424081426399 27.93942544191311 -143.22689137016729 349969.40111859049648 5.21926802364402 49.85606771595741
56160.0 0.01185510308663 27.96216186870103 -143.11901581512308 349996.14857471175492 5.09731687198790 50.00610091878592
