# sod		dsTEC/dt [TECU/s]		lat		lon		h_ipp		ele		azi
28380.0 -0.00008653488080 27.39858075776795 -165.07343407918665 349977.71628886926919 7.99291900000460 312.94842287710361
28410.0 -0.00221666771116 27.36355486840721 -164.97503439152047 350013.82839441485703 8.14076768867535 313.08223080711275
28440.0 -0.00378333103723 27.32812117040178 -164.87714099442852 350022.60195544827729 8.28876154548908 313.21555211840740
28470.0 0.00384168990177 27.29228669233509 -164.77969317594679 350011.03690062370151 8.43723826613656 313.34856284817732
28500.0 -0.00289183195507 27.25605478255345 -164.68270708490928 349977.25199552252889 8.58611644783690 313.48121890851229
28530.0 -0.00329532101740 27.22135088199362 -164.58879162038519 350048.46499059628695 8.73523005631030 313.61343226576980
28560.0 0.00355793945349 27.18434132341865 -164.49272603346952 349969.65362718608230 8.88489015587301 313.74536413539386
28590.0 0.00363038632616 27.14887805548943 -164.39970952946450 349996.57504614628851 9.03480504753452 313.87686098365788
28620.0 -0.00597182391401 27.11304368965187 -164.30712728719587 350002.64418734330684 9.18518806575220 314.00803272173113
28650.0 -0.00266644155322 27.07684140046345 -164.21502034783055 349983.10546641796827 9.33580919550772 314.13875844283587
28680.0 0.00348448561916 27.04124903100460 -164.12460766904056 350009.30114823672920 9.48693423739992 314.26917499544942
28710.0 0.00107865094248 27.00530143841062 -164.03466164759965 350009.99341650493443 9.63829775555470 314.39914338948341
28740.0 0.00414455843893 26.96900291709455 -163.94512078041862 349992.21432791836560 9.79026489860277 314.52885146971181
28770.0 -0.00287472660762 26.93333684263801 -163.85731275572638 350013.58361712284386 9.94237899126939 314.65806166144762
28800.0 -0.00511453907241 26.89733173538382 -163.76992105698449 350014.30725521314889 10.09498255503200 314.78694982150722
28830.0 -0.00211101710524 26.86099129164705 -163.68296051732790 349992.63401841279119 10.24799264974909 314.91547173488402
28860.0 0.00016501761400 26.82530582736153 -163.59769402816877 350012.44780139531940 10.40124149650565 315.04353978877441
28890.0 0.00267046703608 26.78929639063115 -163.51282590646673 350012.74383168946952 10.55504392612514 315.17131470885204
28920.0 0.00230722807482 26.75296741032112 -163.42840527754120 349987.83679085969925 10.70910429421617 315.29864322792804
28950.0 -0.00508535964013 26.71731412709414 -163.34561745885406 350009.34834930207580 10.86363758115641 315.42563445259964
28980.0 -0.00001811112723 26.68135285917799 -163.26327053589799 350005.54253707267344 11.01841315876128 315.55216895079582
29010.0 -0.00693878720816 26.64508601711962 -163.18132218683834 349981.20556484162807 11.17369805144318 315.67838215483721
29040.0 0.00309810426805 26.60951650764276 -163.10102064757606 349999.63196889311075 11.32922381105074 315.80413557916819
29070.0 0.00069830545189 26.57365149459659 -163.02109311400815 349999.46996236685663 11.48536091872455 315.92961701002025
29100.0 -0.00598389918071 26.53849893373835 -162.94280797213531 350040.99070960190147 11.64164602943970 316.05458894781441
29130.0 0.00027167518158 26.50205885748752 -162.86371586202617 349993.10714912135154 11.79842659504646 316.17922716510259
29160.0 -0.00175180126308 26.46633993227976 -162.78621611740482 349991.76957080699503 11.95561810050188 316.30348727700721
29190.0 -0.00391413677444 26.43135218477357 -162.71032030961337 350034.52834479138255 12.11305099396090 316.42728202224578
29220.0 -0.00319872479322 26.39508474201288 -162.63361407387455 349988.42557797860354 12.27104394281295 316.55077172271666
29250.0 -0.00151232521686 26.35955850192829 -162.55849958669359 349986.97349300701171 12.42929728450892 316.67380326844938
29280.0 -0.00248532555342 26.32376814436747 -162.48376386642548 349964.49047895241529 12.58802766911597 316.79648501718947
29310.0 -0.00565990099512 26.28873234355513 -162.41060284019895 349987.08751988317817 12.74700385496286 316.91869891246677
29340.0 -0.00397853386328 26.25344164482160 -162.33780605405579 349989.48319588694721 12.90649410507999 317.04057904922269
29370.0 -0.00511252514910 26.21790241633024 -162.26541364631703 349967.04216249193996 13.06622689721031 317.16198733599373
29400.0 0.00065202067217 26.18313061416904 -162.19451780155390 349996.67323161661625 13.22657816304391 317.28311161213628
29430.0 0.00017004887664 26.14812087990011 -162.12403047358612 350000.19613572489470 13.38707774362345 317.40371427582352
29460.0 -0.00955190115947 26.11287194674161 -162.05390086106189 349983.30025194492191 13.54807812621743 317.52397111753970
29490.0 0.00288881343387 26.07840925940840 -161.98527400448606 350015.93077662494034 13.70949318182313 317.64383753444201
29520.0 0.00578567783346 26.04269732287774 -161.91590462233572 349952.56487990729511 13.87115155735484 317.76322654133014
29550.0 -0.01420157260192 26.00880198808806 -161.84913018032816 350013.32827635575086 14.03337582588439 317.88229814654812
29580.0 0.00434378556596 25.97366341329832 -161.78161056607817 349978.24019618891180 14.19586223332189 318.00089927816714
29610.0 -0.00120945904346 25.93932989347604 -161.71555632910037 349994.73089325800538 14.35882912173037 318.11913760173923
29640.0 -0.00354586418679 25.90478442807835 -161.64987663780838 349987.18737642094493 14.52204463666953 318.23689633162286
29670.0 -0.00425624608726 25.87002567074276 -161.58453456216316 349959.69849210511893 14.68577829226440 318.35430830482841
29700.0 -0.00192185013972 25.83609050230596 -161.52066656492144 349981.07445422466844 14.84975542999844 318.47123570505488
29730.0 0.00229112614338 25.80194811376502 -161.45711266012211 349984.40537842549384 15.01435755004979 318.58786654216476
29760.0 -0.00017105347453 25.76760978980341 -161.39393686946335 349962.39905686397105 15.17910753397189 318.70396292062276
29790.0 -0.01010229434482 25.73410432532535 -161.33217627642702 349994.21046552527696 15.34436300909263 318.81970075596251
29820.0 0.00040449366023 25.70040578689939 -161.27074829853760 350005.07997184246778 15.51003619245624 318.93503517380839
29850.0 -0.00448666538799 25.66652033823006 -161.20967549146505 349992.39399317651987 15.67595390096680 319.04987938298029
29880.0 -0.00382458573620 25.63244453710624 -161.14891520519393 349960.85861197113991 15.84244268128066 319.16439317173194
29910.0 -0.00178601313987 25.59922282369843 -161.08957359095012 349980.76889416482300 16.00919461400761 319.27842337704942
29940.0 -0.00384973850373 25.56581960786738 -161.03054660258195 349980.88731468375772 16.17642975357084 319.39207702878997
29970.0 -0.00058359928236 25.53224240228420 -160.97186379449855 349957.82176311127841 16.34391563460161 319.50523850165496
30000.0 -0.00604628234623 25.49952613711715 -160.91454297894933 349990.98772198427469 16.51192303242287 319.61803945377653
30030.0 -0.00732114544018 25.46664298774059 -160.85755745764999 350001.28761453740299 16.68017408925978 319.73034221610408
30060.0 0.00412342642674 25.43358725626431 -160.80085872977028 349994.05836826004088 16.84905599177033 319.84233509121020
30090.0 -0.00570417421529 25.40037219157623 -160.74450686472559 349962.51053554378450 17.01808451502464 319.95377968413442
30120.0 -0.00646285127316 25.36803268219176 -160.68949060600829 349988.29772253427655 17.18762253052313 320.06485214643544
30150.0 0.00022740077953 25.33553418776066 -160.63477786808261 349993.94682310335338 17.35758055985663 320.17550727228786
30180.0 -0.00607848148159 25.30288336274173 -160.58038965823468 349977.03919582534581 17.52778356108600 320.28565837565833
30210.0 -0.00251651654524 25.27111674267525 -160.52730600540229 350019.47406270168722 17.69856212087413 320.39546512014601
30240.0 -0.00355592789394 25.23920343348373 -160.47453500714934 350040.04431529995054 17.86960408022799 320.50477411220925
30270.0 0.00039141261375 25.20609819297428 -160.42103885930001 349963.56951256748289 18.04113122395789 320.61369180104157
30300.0 -0.00598792229981 25.17493655430970 -160.36987820168656 350021.13707030564547 18.21291047915514 320.72210360549269
30330.0 -0.00075264237922 25.14258696963264 -160.31798748629504 349982.03834865894169 18.38521388920809 320.83014008171693
30360.0 -0.00625054191778 25.11114481186286 -160.26740796214528 349999.55120872706175 18.55776033397865 320.93766357106705
30390.0 -0.00301157175101 25.07955973330644 -160.21708728669989 350000.31466278992593 18.73094280370255 321.04486279403778
30420.0 -0.00596276835040 25.04784668490336 -160.16708193761457 349978.00546107999980 18.90426981889478 321.15149863634343
30450.0 -0.00294113643788 25.01704269388421 -160.11833337314692 350017.01135671883821 19.07810959845474 321.25774759883899
30480.0 -0.00167935557229 24.98506452353790 -160.06887925891556 349956.87678717169911 19.25237092557698 321.36356407725106
30510.0 0.00021734061802 24.95505185303583 -160.02167805924441 350035.50866874866188 19.42687687040963 321.46886139439545
30540.0 -0.00647391957820 24.92386542783924 -159.97375309971807 350016.84735864959657 19.60196212388942 321.57379918475254
30570.0 -0.00089954768411 24.89256029514015 -159.92611909804143 349976.99893661681563 19.77731021301904 321.67822367436031
30600.0 -0.00619017149368 24.86217719220732 -159.87971279743826 349999.85491914860904 19.95314466864446 321.78224078381993
30630.0 -0.00375012494022 24.83168039614407 -159.83358888870265 350001.92349288240075 20.12923181462405 321.88573685357761
30660.0 -0.00300955664582 24.80106454796203 -159.78771716645727 349986.43949585314840 20.30584496630317 321.98884141095652
30690.0 -0.00068824529038 24.77138422197593 -159.74307690044259 350032.07356925774366 20.48269967762454 322.09141666134343
30720.0 -0.00670031694171 24.74054153103267 -159.69772307274977 349979.57819609344006 20.66019485823797 322.19365186933095
30750.0 0.00151534491994 24.71064149229390 -159.65360186359240 349987.56087355129421 20.83783162541494 322.29530696738533
30780.0 -0.00538822581354 24.68063118264315 -159.60972432942020 349978.24531636107713 21.01598364693854 322.39655891889208
30810.0 -0.00382156485123 24.65051540407426 -159.56610015060090 349950.49641021806747 21.19455792339512 322.49736164613614
30840.0 -0.00027066940181 24.62134508129377 -159.52367459791125 349985.84260670095682 21.37337560778884 322.59762837639630
30870.0 -0.00347140693645 24.59206830877967 -159.48147640068709 350005.09694382827729 21.55277555702030 322.69751880837066
30900.0 -0.00050410722374 24.56269670953202 -159.43953860500554 350004.59264644421637 21.73243690950970 322.79687862686546
30930.0 -0.00606640857865 24.53322558798013 -159.39783759705861 349986.82042132411152 21.91258495500463 322.89581327083971
30960.0 -0.00199630975382 24.50470630832427 -159.35730670875103 350033.97497799713165 22.09298541982575 322.99420987314789
30990.0 -0.00163709391167 24.47504780358713 -159.31609390879879 349979.69718744512647 22.27391289114762 323.09219699889218
31020.0 -0.00644574710759 24.44634490036107 -159.27604311527813 349990.77312601450831 22.45507953366055 323.18963656139420
31050.0 0.00077477662555 24.41754481867755 -159.23620365421701 349986.72612224705517 22.63689029011033 323.28671849345733
31080.0 -0.00759684492274 24.38866534111548 -159.19662574075693 349962.06324445735663 22.81883872563243 323.38320152658173
31110.0 -0.00432567443873 24.36073645600541 -159.15815973809481 350007.20917668007314 23.00130405641609 323.47926319711911
31140.0 -0.00124467433626 24.33272210503283 -159.11991785089654 350035.34907513204962 23.18419145434461 323.57485686932426
31170.0 -0.00449672791326 24.30462998056090 -159.08191732744012 350044.56130588706583 23.36732012615163 323.66989556166413
31200.0 0.00315545735282 24.27645097182640 -159.04412443849353 350038.39907649904490 23.55103315312540 323.76453912499608
31230.0 -0.00159080913194 24.24819744479862 -159.00657033648596 350013.44891941826791 23.73500521090781 323.85863253091634
31260.0 -0.00618916571391 24.21986393543546 -158.96923277191965 349972.02535493671894 23.91946335738510 323.95228077553304
31290.0 -0.00167030000868 24.19249609384257 -158.93299713944950 349999.98779019620270 24.10417272858800 324.04537164762735
31320.0 -0.00356196375447 24.16504920836146 -158.89696517128729 350012.46109285391867 24.28940917917825 324.13803280703104
31350.0 -0.00671239220841 24.13753471104644 -158.86116394619259 350006.48815729748458 24.47488142120604 324.23012570837170
31380.0 0.00054435732482 24.10994073256095 -158.82555463331826 349986.13939457200468 24.66100054168960 324.32184107092633
31410.0 0.00082106258715 24.08331916451614 -158.79103163516780 350035.85938777681440 24.84725240489759 324.41293616408609
31440.0 -0.00466275130704 24.05559223847050 -158.75586088929487 349980.61029772367328 25.03402187185273 324.50358920057420
31470.0 -0.00462049201017 24.02882989607054 -158.72174077430051 349998.86674129217863 25.22121223840946 324.59375289103360
31500.0 -0.00374911797856 24.00200716865835 -158.68784059058837 349999.27917299605906 25.40864073557840 324.68333992153009
31530.0 -0.00328727005169 23.97511392670551 -158.65412842141822 349985.16213902551681 25.59665472373584 324.77251037346502
31560.0 -0.00540734508430 23.94919147425517 -158.62146028137903 350044.52783846482635 25.78492434184253 324.86110832143459
31590.0 -0.00145798947142 23.92217606113100 -158.58815798927165 349997.47184795513749 25.97367842148388 324.94923834573626
31620.0 -0.00139762022920 23.89613308003070 -158.55589125083515 350024.47269435692579 26.16268151692189 325.03678874615218
31650.0 -0.00334663587788 23.87002624081632 -158.52380852192135 350036.90709515381604 26.35221074122714 325.12388632020020
31680.0 -0.00149119556843 23.84386747335789 -158.49193535545098 350032.02678823657334 26.54197129060620 325.21039188594602
31710.0 -0.00380043402092 23.81764375685499 -158.46023488286446 350013.63941850699484 26.73238050419051 325.29649705609984
31740.0 -0.00350159333038 23.79137510100595 -158.42875210747690 349976.96400211378932 26.92291639713694 325.38195736399973
31770.0 0.00052121611683 23.76606994495063 -158.39825137049192 350019.02120191231370 27.11396956837368 325.46695178984822
31800.0 -0.00347543241931 23.73969099980020 -158.36713959435073 349952.24454433564097 27.30544138839082 325.55143228147239
31830.0 0.00124769522122 23.71428640713146 -158.33702542203565 349962.28856689203531 27.49714708307854 325.63531105720267
31860.0 -0.00222673141831 23.68882452832934 -158.30707995749185 349958.75845160614699 27.68943834201391 325.71874849195376
31890.0 -0.00361730527969 23.66433444172190 -158.27811403001905 350033.50773025304079 27.88198069425075 325.80158756719845
31920.0 -0.00103035342133 23.63877699930011 -158.24853801033271 349999.24094806704670 28.07500474592609 325.88393245736029
31950.0 -0.00056246963392 23.61419194770750 -158.21993318503135 350043.86712176539004 28.26827447986285 325.96567181869335
31980.0 -0.00041153766429 23.58854369419031 -158.19072177208960 349979.13645276799798 28.46206825287074 326.04693160941093
32010.0 -0.00451483904049 23.56386885043427 -158.16247445996288 349993.78720972966403 28.65608768240833 326.12757182094180
32040.0 -0.00221566311327 23.53914053125750 -158.13438099977390 349995.90204303152859 28.85075646327337 326.20778504755197
32070.0 -0.00297232861159 23.51437965760861 -158.10648412608674 349981.01880465261638 29.04554461449943 326.28732480102320
32100.0 0.00018916696552 23.48957310429795 -158.07875122144648 349952.44221079535782 29.24084856113858 326.36637089995270
32130.0 -0.00212611089314 23.46573004974493 -158.05194227436471 350006.79802273493260 29.43656769741172 326.44487440371745
32160.0 -0.00100922259101 23.44185173413024 -158.02531191222914 350045.74007137492299 29.63251521447646 326.52274691356212
32190.0 -0.00319872479322 23.41692542701200 -157.99808679354521 349973.99739705305547 29.82904717568142 326.60014913744772
32220.0 -0.00167030000868 23.39296848193000 -157.97178641742096 349984.79030524380505 30.02582442781607 326.67692275454294
32250.0 -0.00048901579960 23.36897112478499 -157.94564364454936 349982.15736153908074 30.22307934746227 326.75317151941567
32280.0 -0.00270568351076 23.34494361532430 -157.91967649995769 349964.20967295672745 30.42057535742764 326.82878427838341
32310.0 -0.00258292755738 23.32187099987916 -157.89459251349365 350032.65107230283320 30.61859203754054 326.90388614558793
32340.0 0.00035519035930 23.29777592027079 -157.86895147841460 349986.43818252813071 30.81682736435647 326.97833608246401
32370.0 -0.00327922144973 23.27463004523332 -157.84417567147347 350028.24592289887369 31.01571148577046 327.05232772331101
32400.0 -0.00103337194253 23.25047198206908 -157.81885747994411 349953.89255529083312 31.21470627964208 327.12561226314614
32430.0 -0.00057152519754 23.22726737057061 -157.79440669189742 349967.16151732020080 31.41421432193918 327.19837072341090
32460.0 -0.00242394580391 23.20403066585736 -157.77010851276464 349967.07014559395611 31.61413247652853 327.27055247163111
32490.0 -0.00152741782288 23.18077040261618 -157.74597656997628 349952.19925035722554 31.81427212873760 327.34206865829896
32520.0 -0.00007747931719 23.15845550722023 -157.72268756770416 350027.10585469380021 32.01499375392587 327.41308032955902
32550.0 -0.00221767467282 23.13513559151072 -157.69885499504920 349985.83042292296886 32.21595344500672 327.48342763902497
32580.0 0.00004326625852 23.11276388317875 -157.67586551634133 350034.16767328791320 32.41738533903136 327.55321387380161
32610.0 -0.00197819744471 23.08939366420786 -157.65233889015261 349965.63694660738111 32.61905231145857 327.62232788934608
32640.0 -0.00081401976497 23.06696848732638 -157.62964418017876 349987.69477246142924 32.82123513742464 327.69089391220899
32670.0 -0.00262116255327 23.04452382274335 -157.60710633285339 349995.59283677395433 33.02362809038122 327.75876965518881
32700.0 -0.00212309355382 23.02204385746053 -157.58469349793367 349992.44876002706587 33.22666786294644 327.82614980752197
32730.0 -0.00211302984667 22.99955109237533 -157.56244441449940 349974.37399677932262 33.42980804811400 327.89278294471887
32760.0 -0.00150528121280 22.97799607698471 -157.54100489206283 350048.82654385361820 33.63345696504190 327.95885063791570
32790.0 -0.00106456529811 22.95545134575202 -157.51902761474011 350006.26096485741436 33.83750989282137 328.02430170346992
32820.0 -0.00147207629766 22.93337349774044 -157.49753870265590 350002.20922326669097 34.04177586302671 328.08904598865973
32850.0 -0.00091464029013 22.91126667752804 -157.47617444375959 349986.90076221153140 34.24661979373103 328.15324483309939
32880.0 -0.00090357198509 22.88962404916578 -157.45528949243322 350010.90014272835106 34.45169295314324 328.21673662639989
32910.0 -0.00065906467623 22.86795691592235 -157.43453282325950 350023.19251759257168 34.65723122183990 328.27962409348430
32940.0 -0.00172362642871 22.84627578729276 -157.41392036815475 350022.17801935132593 34.86299694136710 328.34179589948877
32970.0 -0.00008854644035 22.82457059369469 -157.39343235855176 350009.74439484067261 35.06927204635574 328.40337528587202
33000.0 -0.00108770768798 22.80285472204466 -157.37308944629956 349983.83809745125473 35.27574704519748 328.46421848085413
33030.0 -0.00221566193139 22.78158416769803 -157.35318335419575 350001.17588479071856 35.48286525847315 328.52452117877516
33060.0 -0.00171960330961 22.76030721448312 -157.33342549635438 350004.66409695334733 35.69007185254354 328.58402902939383
33090.0 -0.00240382429901 22.73900840105139 -157.31378756604016 349997.00558796245605 35.89778119991612 328.64292440636592
33120.0 -0.00127385376853 22.71769303659664 -157.29427634812342 349977.50108286645263 36.10588643498316 328.70115471040469
33150.0 -0.00007647117365 22.69683761789836 -157.27521958108701 349999.39995522145182 36.31419446255918 328.75862860405164
33180.0 -0.00110179569610 22.67595820083302 -157.25627369599675 350010.90869087912142 36.52307466512722 328.81550760401836
33210.0 -0.00096998063347 22.65506999193530 -157.23746151126397 350009.79733478464186 36.73217341570415 328.87162808058986
33240.0 0.00077880210840 22.63416445131587 -157.21876705408241 349997.55786178074777 36.94172831349807 328.92709203588896
33270.0 -0.00162804071181 22.61325218274127 -157.20020532792563 349972.71933068241924 37.15150117940738 328.98178772083827
33300.0 -0.00027871800376 22.59324551731346 -157.18237195021354 350047.64741768408567 37.36177506260923 329.03583721906608
33330.0 -0.00160187743698 22.57231003678537 -157.16405464139407 349999.52885596081614 37.57223664357243 329.08909501750543
33360.0 -0.00138252289566 22.55181259842565 -157.14614577855249 349997.01826464291662 37.78333594486423 329.14175767204847
33390.0 0.00002817247062 22.53131561533775 -157.12837356894221 349981.41999047342688 37.99450956582110 329.19356760235945
33420.0 -0.00152943174619 22.51125909142962 -157.11101159828306 350011.23530489858240 38.20617799035253 329.24470781714473
33450.0 -0.00133322077661 22.49118961318599 -157.09376247531767 350030.16801455803216 38.41823214503273 329.29512404810021
33480.0 -0.00067717580346 22.47111605188071 -157.07663792693037 350037.08339992165565 38.63047677387905 329.34472352384898
33510.0 -0.00246218316356 22.45102410571339 -157.05961427742005 350034.16570108942688 38.84328573482519 329.39366771917878
33540.0 0.00158477208953 22.43092930141329 -157.04271332804478 350019.33915281668305 39.05630043463213 329.44179071045636
33570.0 0.00000402430098 22.41082279392023 -157.02591987766849 349993.98877666052431 39.26976015660783 329.48919352354415
33600.0 -0.00300049990032 22.39071524676841 -157.00924808447246 349956.76304770074785 39.48342621289352 329.53576373832408
33630.0 -0.00067617002369 22.37148865565316 -156.99325937312761 350023.54185795318335 39.69758271129576 329.58162200212479
33660.0 -0.00083917607814 22.35136864283139 -156.97681102992982 349964.35123611334711 39.91191244004033 329.62662077870249
33690.0 -0.00135837590790 22.33211985860704 -156.96103038357521 350010.59556688740849 40.12687218520043 329.67095720547331
33720.0 -0.00187254683879 22.31287390244187 -156.94537216364080 350044.85249637719244 40.34188983967348 329.71437017771154
33750.0 0.00019117970695 22.29273306333464 -156.92924360156968 349953.90283559355885 40.55739204487093 329.75704303278809
33780.0 0.00003622343634 22.27346778663395 -156.91378765123261 349967.96299682743847 40.77326745034548 329.79891951761601
33810.0 -0.00106557107789 22.25420303820862 -156.89844560712444 349970.73281072918326 40.98931860154121 329.83990513070495
33840.0 -0.00158980453405 22.23492406259180 -156.88319482004584 349964.24569515511394 41.20592382973167 329.88016093840275
33870.0 -0.00195404927508 22.21608116761814 -156.86833348751475 350005.01009387057275 41.42271950250694 329.91951842582796
33900.0 -0.00190172627106 22.19722766476033 -156.85356679176337 350036.19516284111887 41.63994654049724 329.95807725728565
33930.0 -0.00016703035543 22.17794279995410 -156.83863380913311 349997.79621243104339 41.85736575594079 329.99572403925043
33960.0 -0.00036927718554 22.15907996720342 -156.82406784650837 350008.66776201780885 42.07526224594774 330.03257755459055
33990.0 -0.00209290479613 22.14022026349020 -156.80961104512588 350008.56326413713396 42.29331483821577 330.06848792950490
34020.0 -0.00166627570770 22.12134527225534 -156.79523657870709 349999.85793568845838 42.51198712920399 330.10365240529251
34050.0 -0.00069327418926 22.10247982897330 -156.78097698400236 349979.61173742823303 42.73069816494927 330.13780607975468
34080.0 0.00078785649014 22.08403029148345 -156.76707428713689 350009.58909484278411 42.94988077501772 330.17113211089986
34110.0 -0.00271373211272 22.06557538604394 -156.75326463470728 350029.97593669872731 43.16942125452831 330.20357185880897
34140.0 0.00000402430098 22.04712414191039 -156.73955871470000 350039.79934607911855 43.38911990612922 330.23502873071197
34170.0 0.00091967155277 22.02866138600200 -156.72593482100984 350040.95041939895600 43.60935951594291 330.26566280510957
34200.0 -0.00237766220607 22.01020317125732 -156.71241296950549 350031.63522765878588 43.82977133481346 330.29530265000307
34230.0 -0.00047794631267 21.99174013740910 -156.69897934200245 350013.04274553898722 44.05059785858660 330.32404599424893
34260.0 -0.00054133762173 21.97328298255734 -156.68564662288051 349984.03519017156214 44.27159940253046 330.35177810369709
34290.0 -0.00120744630203 21.95523249608527 -156.67265571376049 350006.66046234779060 44.49306196618711 330.37861525425967
34320.0 -0.00037229688863 21.93718758048211 -156.65976406087700 350019.03486810345203 44.71466034202462 330.40440487706928
34350.0 -0.00178299343679 21.91872071938019 -156.64669171889895 349962.38598720263690 44.93686496439439 330.42934355115273
34380.0 -0.00178400039844 21.90108294392845 -156.63423241398550 350016.93438162375242 45.15908588823270 330.45316234097800
34410.0 -0.00055944993084 21.88303086758905 -156.62159972773230 350001.77262147143483 45.38176214179879 330.47604342303754
34440.0 -0.00042964997340 21.86497858829085 -156.60905362203562 349977.35641656164080 45.60477757634598 330.49792524627418
34470.0 -0.00104544602735 21.84733687414920 -156.59685293779287 350004.39312073588371 45.82793019711372 330.51870867336089
34500.0 -0.00053932606218 21.82968503395663 -156.58472547559361 350023.34187072422355 46.05160720490958 330.53855190549189
34530.0 -0.00152440048356 21.81203933647214 -156.57269046939186 350032.53798666223884 46.27543464811563 330.55728023005213
34560.0 -0.00094381972241 21.79439020549218 -156.56073472000963 350033.08002401236445 46.49965651570410 330.57498859359032
34590.0 -0.00000603586053 21.77674832225800 -156.54887027001166 350023.92595680803061 46.72403261625900 330.59156045832913
34620.0 0.00200536413556 21.75910230108425 -156.53708183891155 350006.34169378876686 46.94884974317444 330.60710864113850
34650.0 0.00012980113932 21.74146655716963 -156.52538594191259 349978.91613073740155 47.17377856750745 330.62147745994298
34680.0 -0.00085124898108 21.72421082606393 -156.51399694256696 350006.38088722713292 47.39929636280361 330.63486164101363
34710.0 0.00058158654093 21.70696804910137 -156.50270310803094 350023.82525825873017 47.62480404023052 330.64698803929673
34740.0 0.00061479145606 21.68933470180631 -156.49124472378631 349970.17981966491789 47.85074681054719 330.65803661501951
34770.0 -0.00085326172251 21.67247265765442 -156.48033727248259 350033.87032393924892 48.07700597287420 330.66794220415704
34800.0 0.00024651886841 21.65485302553420 -156.46904668808492 349961.87739599030465 48.30337716438234 330.67660253756873
34830.0 -0.00095589498911 21.63799054957925 -156.45829162001769 350008.61535936407745 48.53025193060078 330.68417259337980
34860.0 0.00009056036366 21.62113451028500 -156.44761995311967 350046.29728450160474 48.75725101715545 330.69047396135750
34890.0 -0.00075566090042 21.60389907779197 -156.43678887937546 350012.22055446822196 48.98461979450347 330.69559755737163
34920.0 0.00074760993470 21.58667476717807 -156.42604256683364 349968.85421402193606 49.21211753821555 330.69942443521694
34950.0 -0.00036827022389 21.56982230967987 -156.41559408853746 349981.36934458650649 49.44003169448084 330.70206254504296
34980.0 -0.00174173991969 21.55298017849627 -156.40522914769198 349984.74710801243782 49.66802870763230 330.70335258430265
35010.0 0.00005232300401 21.53612854519406 -156.39492374617782 349980.89788303244859 49.89659265457444 330.70348560523928
35040.0 -0.00081603250640 21.51929350597902 -156.38470697217716 349967.46789211593568 50.12511513540289 330.70218416850241
35070.0 -0.00102532334057 21.50282108556614 -156.37477922428491 350010.81009274628013 50.35404748781814 330.69962413875402
35100.0 -0.00087841685380 21.48634847693359 -156.36492080534083 350046.16731942817569 50.58326832297485 330.69573577445857
35130.0 0.00046285488853 21.46952432027172 -156.35492089344132 350007.90268429741263 50.81257081267612 330.69041288641273
35160.0 -0.00067315032060 21.45269694466273 -156.34498287573288 349962.10842536203563 51.04235073504247 330.68380520391099
35190.0 -0.00049907832487 21.43659617636432 -156.33556026753041 350037.67374894861132 51.27222340797493 330.67573012110290
35220.0 -0.00078182062961 21.41978185364261 -156.32576716803598 349975.19025140814483 51.50243543022913 330.66627267690797
35250.0 0.00019017274529 21.40368684868806 -156.31648346037602 350034.69582034368068 51.73274548731451 330.65531069245037
35280.0 -0.00172865887322 21.38688528147311 -156.30683099497580 349955.78813549689949 51.96344149088282 330.64294516437411
35310.0 -0.00081905220948 21.37079798300592 -156.29768454367377 349999.29306021053344 52.19418552269632 330.62901252594429
35340.0 0.00004125469897 21.35469960394831 -156.28858999595934 350036.10394220426679 52.42546837280955 330.61369738433382
35370.0 -0.00090658932442 21.33827218537334 -156.27936472673329 349998.05166902951896 52.65667213614460 330.59671805547902
35400.0 -0.00007647235553 21.32184539978626 -156.27020026279550 349952.48724956065416 52.88825416395412 330.57824345676670
35430.0 -0.00050410958750 21.30576519535410 -156.26131035608972 349965.25244215875864 53.12009019999250 330.55819790560798
35460.0 -0.00070434131242 21.28969639258416 -156.25249330941131 349969.65496622864157 53.35197081152690 330.53647019599413
35490.0 -0.00040751218143 21.27362255449934 -156.24373050976982 349967.08107447903603 53.58429583264915 330.51320175291073
35520.0 -0.00029985001596 21.25756051468534 -156.23503918845782 349956.21891606133431 53.81667498897210 330.48820514797313
35550.0 -0.00019520400793 21.24183213972725 -156.22661164044274 350004.72807169705629 54.04935588986283 330.46155678958053
35580.0 -0.00111487556070 21.22611187506242 -156.21825208525360 350045.28334146272391 54.28209652527739 330.43313009727717
35610.0 0.00016703035543 21.21006028707164 -156.20974548616900 350011.78641845565289 54.51518501392214 330.40301599626645
35640.0 0.00019721674936 21.19402407406077 -156.20131053825943 349969.93873217329383 54.74827888908770 330.37104579436362
35670.0 -0.00011973861405 21.17830605008319 -156.19312426419535 349988.70523619093001 54.98187547826428 330.33739342943954
35700.0 -0.00096193203151 21.16260533004562 -156.18501220308602 349999.01090164948255 55.21534713456118 330.30177321721169
35730.0 -0.00111085007784 21.14690274438377 -156.17695348094483 350002.36187151446939 55.44915701877556 330.26434278469941
35760.0 -0.00047895327433 21.13120398960666 -156.16895325618682 349998.36590962298214 55.68317775767265 330.22501852465956
35790.0 -0.00155961695824 21.11551832961453 -156.16102027333952 349986.38229340873659 55.91719710754028 330.18368263185181
35820.0 -0.00077175928622 21.09982908912622 -156.15313653578852 349967.68486321903765 56.15161868031112 330.14046358598938
35850.0 -0.00013281966053 21.08446360891595 -156.14551180027999 350009.17203054856509 56.38604637952199 330.09516829454213
35880.0 0.00013483240196 21.06909698886989 -156.13793967942684 350043.77574433572590 56.62072850563579 330.04786038023781
35910.0 -0.00088143537500 21.05343380802844 -156.13023912081059 350002.42767436895519 56.85542216777131 329.99840713756907
35940.0 -0.00080194449827 21.03777258084843 -156.12259039843158 349954.11664276756346 57.09041531943956 329.94688470675726
35970.0 0.00023746448667 21.02242970330076 -156.11519671691067 349966.43549057096243 57.32536067884979 329.89311805225981
36000.0 0.00013684277963 21.00707831052478 -156.10784526778718 349972.53004699107260 57.56076179702687 329.83726395699421
36030.0 -0.00015193656753 20.99174549205799 -156.10056249476997 349970.55943431425840 57.79598097844590 329.77903325874081
36060.0 -0.00043266731272 20.97641177536465 -156.09332814010017 349961.90714973304421 58.03148684153385 329.71856562296739
36090.0 -0.00030890557957 20.96137539432022 -156.08633211050193 350015.30119862034917 58.26714853279948 329.65576654975229
36120.0 -0.00017306739784 20.94605840007339 -156.07921209526663 349992.10046417452395 58.50275068020832 329.59050926988567
36150.0 -0.00106657567578 20.93102658583327 -156.07231944137618 350031.76619595289230 58.73870022881844 329.52290218996376
36180.0 -0.00017407317762 20.91571893019568 -156.06530354072717 349994.66056095901877 58.97459492324791 329.45274534507303
36210.0 -0.00021532905847 20.90041540563108 -156.05833747252396 349950.70481955725700 59.21068326690559 329.38008320896449
36240.0 -0.00031594721988 20.88568859763187 -156.05179065841162 350038.61773948743939 59.44672117119235 329.30477431898373
36270.0 0.00014388678369 20.87039777515714 -156.04492900339019 349980.71346682496369 59.68299586328802 329.22687279913953
36300.0 -0.00000603822429 20.85540109099303 -156.03830624861641 349985.11117283813655 59.91915484436043 329.14619545436022
36330.0 0.00009860778374 20.84039624265317 -156.03172121434105 349983.50263565685600 60.15570734659419 329.06287184318791
36360.0 0.00004930566469 20.82568238653990 -156.02537576304070 350044.34473006613553 60.39200520063402 328.97661024305012
36390.0 -0.00049706676532 20.81042444458581 -156.01872175397295 349958.48597434069961 60.62852188185466 328.88752198486372
36420.0 -0.00046385948642 20.79571062314310 -156.01246681664628 350006.37518799491227 60.86512250260348 328.79549711373915
36450.0 -0.00053530057932 20.78100666327525 -156.00626685028422 350047.20386211015284 61.10158805929758 328.70039624960799
36480.0 0.00020425957154 20.76603308813302 -155.99993252941195 350011.44570623245090 61.33832810168873 328.60229662292511
36510.0 -0.00019922830891 20.75107425020110 -155.99365383230355 349968.46290194988251 61.57493369904810 328.50098955580700
36540.0 -0.00059466758740 20.73637745203955 -155.98759093774541 349989.70246885996312 61.81165278295768 328.39649046591404
36570.0 0.00001408682625 20.72169069524315 -155.98158053096066 350004.00341275427490 62.04823952592639 328.28864499173847
36600.0 0.00017407435950 20.70700203833465 -155.97561078095194 350012.08611146174371 62.28497954361281 328.17747396234950
36630.0 -0.00013785092316 20.69231858902006 -155.96968772991096 350013.56590359099209 62.52170422945235 328.06284430151919
36660.0 0.00044574954108 20.67764832552851 -155.96381814494782 350008.02473372500390 62.75822381773855 327.94461648503818
36690.0 -0.00033204796943 20.66297692199560 -155.95798808925818 349996.29773734882474 62.99488003134699 327.82281792724399
36720.0 -0.00068522558730 20.64831022001120 -155.95220238176611 349978.08076212182641 63.23153348183202 327.69731846626399
36750.0 0.00046788615116 20.63365754523631 -155.94646897591559 349952.89277208782732 63.46796120842218 327.56796234743388
36780.0 -0.00010364022825 20.61923998949511 -155.94093497195496 349993.34010602254421 63.70457409210664 327.43478345807614
36810.0 -0.00039241957541 20.60483169865559 -155.93545040852030 350027.07182192616165 63.94095639306562 327.29756269929254
36840.0 0.00025155131292 20.59018881941484 -155.92984330239960 349982.83130268193781 64.17735432059395 327.15627564844129
36870.0 -0.00046486762996 20.57579100224145 -155.92444704142096 350003.67932652682066 64.41351994377591 327.01075061620861
36900.0 0.00034915331689 20.56139038790700 -155.91908745885269 350018.52635451499373 64.64973594309397 326.86096282789777
36930.0 -0.00034210931282 20.54677603898191 -155.91361828644739 349954.48014735057950 64.88563781074507 326.70670428350718
36960.0 -0.00038537675322 20.53260437175752 -155.90849744403567 350029.07794678676873 65.12174252555150 326.54800068167344
36990.0 0.00058057957927 20.51800395362128 -155.90311356208701 349952.20307883061469 65.35737979987914 326.38456034136851
37020.0 -0.00053630635910 20.50384394561949 -155.89808048800813 350014.00940984487534 65.59302897126615 326.21638691639339
37050.0 -0.00090457658299 20.48946689041573 -155.89292970794943 349997.24712421651930 65.82854443630765 326.04331743445158
37080.0 0.00012577447458 20.47510324241151 -155.88782670125491 349973.81039731577039 66.06369755238799 325.86516956557006
37110.0 -0.00029984883408 20.46094670612082 -155.88290995851574 350017.26452273130417 66.29889868800088 325.68190342299687
37140.0 -0.00067013298128 20.44659000428842 -155.87788455409978 349981.48636973835528 66.53372339778633 325.49328417672712
37170.0 -0.00033909079162 20.43244242278907 -155.87304899107411 350012.48077488038689 66.76841409464973 325.29922034826416
37200.0 0.00013684277963 20.41809947230255 -155.86810497669381 349964.12597438879311 67.00271874114573 325.09951115289817
37230.0 -0.00006841902605 20.40395885178252 -155.86334663370570 349982.84246964566410 67.23691472821902 324.89405518772202
37260.0 0.00043870435513 20.38982967058654 -155.85863377163011 349995.07475800719112 67.47062917289776 324.68262267203232
37290.0 -0.00075062845591 20.37568987135345 -155.85394659876530 350001.84148608054966 67.70437942120178 324.46513446166756
37320.0 -0.00037933852893 20.36156759432703 -155.84930911527968 350001.89659413136542 67.93748186062669 324.24130417857066
37350.0 -0.00028475740993 20.34744234974902 -155.84470295614793 349996.17577595170587 68.17041491288161 324.01102696292463
37380.0 0.00053530176120 20.33332007369961 -155.84013276943264 349984.43118053488433 68.40302436200400 323.77408955740066
37410.0 -0.00062887828231 20.31921011407626 -155.83560608864221 349966.28089858032763 68.63507359223503 323.53026910264737
37440.0 0.00028777356738 20.30527804799837 -155.83125345801270 350016.13955131080002 68.86696883883606 323.27940837465411
37470.0 -0.00066610631654 20.29117258718968 -155.82679634173431 349986.07217725366354 69.09827473238094 323.02125025403183
37500.0 0.00028777474926 20.27724695344759 -155.82251692325571 350023.90420033503324 69.32922619781255 322.75559760540722
37530.0 0.00021230817350 20.26315271595561 -155.81813308727394 349981.71001598984003 69.55956433894202 322.48220449195389
37560.0 -0.00031997270274 20.24923129449846 -155.81392295445869 350007.67907053418458 69.78955703649351 322.20084893883995
37590.0 -0.00043568701581 20.23531997078479 -155.80975425144277 350027.40888277348131 70.01882021283247 321.91126954459560
37620.0 0.00050209566419 20.22122884482678 -155.80546562013456 349967.69133534561843 70.24786631106015 321.61321892414492
37650.0 -0.00060774745199 20.20748907725558 -155.80150645525433 350049.75343485735357 70.47599606894791 321.30642490832514
37680.0 0.00004125351709 20.19341480287106 -155.79729232071062 349977.83401190396398 70.70368127867701 320.99060897520457
37710.0 -0.00018715304221 20.17966670539518 -155.79339147846161 350048.59626847412437 70.93075487949405 320.66548110436690
37740.0 -0.00034412087237 20.16560991582326 -155.78925033625535 349964.52952169440687 71.15696822718587 320.33075761761984
37770.0 -0.00003018639393 20.15186045149734 -155.78541180729076 350023.77434170991182 71.38271681058897 319.98609466745370
37800.0 0.00025658139368 20.13796463529312 -155.78147254398078 350002.48424412310123 71.60755048075214 319.63120585657009
37830.0 -0.00055542444798 20.12406906419108 -155.77756249350750 349975.46286006364971 71.83168999484226 319.26572844770737
37860.0 0.00093576993857 20.11033033745307 -155.77382609641097 350017.04332710709423 72.05486466348613 318.88934945781790
37890.0 -0.00088545967598 20.09644073339887 -155.76997915456323 349978.37618163786829 72.27732521232647 318.50165877076478
37920.0 -0.00019017392717 20.08270606064654 -155.76630640492166 350008.36037864349782 72.49867144995282 318.10235378670774
37950.0 -0.00043065338941 20.06881862385433 -155.76251755873207 349958.23139166180044 72.71940113505218 317.69091980704269
37980.0 -0.00063390954494 20.05508687431202 -155.75890567306109 349976.71047248784453 72.93879556004575 317.26712324812786
38010.0 -0.00032802248657 20.04134863914175 -155.75531777879831 349989.70814755279571 73.15730932281953 316.83041216821414
38040.0 -0.00043468123603 20.02760995030831 -155.75175840085478 349997.03030576929450 73.37475501907463 316.38038699854070
38070.0 -0.00058057957927 20.01388016775226 -155.74823474081629 349998.38745817821473 73.59086484650172 315.91668249361942
38100.0 -0.00028978630881 20.00014145351279 -155.74473177084190 349994.36386867612600 73.80601141759982 315.43866624169971
38130.0 0.00067013179940 19.98641158196995 -155.74126355153211 349984.40499852504581 74.01972325707760 314.94602848007116
38160.0 0.00027167518158 19.97268000200834 -155.73782103511687 349968.85478238947690 74.23219490985207 314.43815944813110
38190.0 0.00006137856763 19.95907379236695 -155.73454155736599 350022.77274238131940 74.44313530953249 313.91466448243733
38220.0 0.00001710534745 19.94534404439068 -155.73115497773162 349995.88255441654474 74.65276431595306 313.37485690957783
38250.0 0.00001408682625 19.93173772918516 -155.72793214905744 350038.49546537920833 74.86065746406045 312.81840629880645
38280.0 -0.00050310144397 19.91800592138590 -155.72459662128460 350000.41816303506494 75.06727996668869 312.24439551604473
38310.0 0.00032500278349 19.90429188468735 -155.72130029720267 349956.23578477650881 75.27188824050130 311.65270945033262
38340.0 -0.00087942263357 19.89067811374780 -155.71815253993060 349982.18340045399964 75.47490069352838 311.04239612417996
38370.0 0.00004628477973 19.87706166389668 -155.71502987972181 350002.57855566963553 75.67609712892477 310.41293981763181
38400.0 -0.00006037160597 19.86345189906464 -155.71193938251434 350017.17595066782087 75.87517913352644 309.76391353832003
38430.0 -0.00011168883021 19.84983086547303 -155.70886627804927 350026.46857635676861 76.07247525151404 309.09428605343396
38460.0 0.00016803613521 19.83612373916110 -155.70569986703856 349954.17577181663364 76.26748319852558 308.40380458628692
38490.0 -0.00042260596933 19.82259800444505 -155.70280492524861 350028.01753668580204 76.46035120958786 307.69155450690101
38520.0 0.00034613479568 19.80898544253962 -155.69981522586431 350020.31801357865334 76.65075510638215 306.95712307742565
38550.0 -0.00024652005029 19.79537181400435 -155.69684938551711 350007.07448644563556 76.83874907811034 306.19965009067914
38580.0 -0.00001408800813 19.78175156871991 -155.69390260612488 349988.42733927257359 77.02434860980399 305.41826473971281
38610.0 -0.00024953738961 19.76813492278075 -155.69098255812165 349964.13293878268450 77.20720808152512 304.61258652534070
38640.0 0.00061680183373 19.75460388510422 -155.68821467589689 350010.13733646925539 77.38707978955225 303.78215487392259
38670.0 -0.00083414245174 19.74098807482950 -155.68534343870780 349974.70799161959440 77.56417911251751 302.92576142670566
38700.0 -0.00010061934329 19.72744329314145 -155.68261535816177 350009.88112069945782 77.73823791070028 302.04293946342364
38730.0 -0.00007546657576 19.71383476895843 -155.67979635209528 349963.20206332486123 77.90891524496210 301.13342600590619
38760.0 -0.00050511418539 19.70028306628915 -155.67711184842290 349987.40478896908462 78.07646559638498 300.19583027699343
38790.0 -0.00037028296532 19.68673543520122 -155.67445525411912 350005.95648043137044 78.24035115617627 299.23032352703626
38820.0 -0.00000704400406 19.67318129427877 -155.67181789516249 350019.08935797493905 78.40064978009288 298.23585925671142
38850.0 0.00011873165240 19.65963037782689 -155.66920696942458 350026.60737211816013 78.55699671589387 297.21239360440228
38880.0 -0.00014388678369 19.64607581829749 -155.66661672162812 350028.65842651389539 78.70937731062622 296.15911551026539
38910.0 -0.00033506649064 19.63251199698905 -155.66404239949941 350025.35393891762942 78.85774039640025 295.07526987495464
38940.0 0.00015495627061 19.61895757286836 -155.66149809727662 350016.33816851302981 79.00152790784210 293.96158654319652
38970.0 -0.00009156496155 19.60538710620158 -155.65896368971289 350002.09855639282614 79.14108694384515 292.81626500443792
39000.0 0.00042663027031 19.59182984150130 -155.65646143591530 349982.09622090589255 79.27564396326846 291.64095883603022
39030.0 0.00024752583006 19.57826430180610 -155.65397431557841 349956.73129263706505 79.40545114234948 290.43421559193757
39060.0 -0.00010263326660 19.56473400368974 -155.65162105611446 350002.41384461615235 79.53019784642002 289.19645781834112
39090.0 -0.00066208083368 19.55120541187688 -155.64929323176710 350042.51900643017143 79.64951808298093 287.92855104233377
39120.0 0.00030588469461 19.53762864826804 -155.64686309406517 350000.78563557565212 79.76357247860466 286.62941418907951
39150.0 0.00034210931282 19.52405906783585 -155.64445844837545 349953.44096659775823 79.87183237683803 285.30088386595901
39180.0 -0.00049505166013 19.51051219254290 -155.64218323272149 349977.27191805560142 79.97431059462436 283.94270942971690
39210.0 0.00046989652883 19.49696593985116 -155.63993107240304 349995.56459269300103 80.07065040385332 282.55647996915707
39240.0 -0.00021432091493 19.48341350340272 -155.63769636761305 350008.42680805828422 80.16079655261593 281.14254777892512
39270.0 0.00072949762560 19.46984919863828 -155.63547440178050 350015.93859215080738 80.24466882191933 279.70145646950198
39300.0 -0.00028274230474 19.45629178079558 -155.63327913021411 350017.83715979941189 80.32178357655016 278.23629473017638
39330.0 0.00032299122394 19.44271559980955 -155.63109059334454 350014.47721174266189 80.39240367629169 276.74599267426885
39360.0 -0.00025758835533 19.42915011002617 -155.62893087858004 350005.46615675743669 80.45590430984997 275.23518793949933
39390.0 -0.00000905556361 19.41557365583600 -155.62678310045118 349991.09175788890570 80.51249000642551 273.70346654271987
39420.0 -0.00009458348276 19.40199606437701 -155.62476059100257 350048.00873527303338 80.56193240059972 272.15344953174849
39450.0 -0.00006741561004 19.38841675377083 -155.62265179787028 350022.64760511741042 80.60398531288857 270.58834792291947
39480.0 -0.00034311509260 19.37482386792769 -155.62055185350360 349991.94675649888813 80.63880591851827 269.00835283008621
39510.0 0.00043166153295 19.36123061585476 -155.61858180212448 350032.46789711248130 80.66606207252295 267.41796785037212
39540.0 -0.00005031144446 19.34763340448480 -155.61651748020111 349990.80657569225878 80.68582928633688 265.81845162227648
39570.0 0.00033506649064 19.33402911392309 -155.61458066319540 350020.40379649959505 80.69794211906066 264.21355967033719
39600.0 -0.00055341288843 19.32042932643080 -155.61255177662127 349967.77826153207570 80.70245524910381 262.60511304007991
39630.0 0.00031796114319 19.30680431959775 -155.61063940212281 349986.54398833774030 80.69941553534139 260.99503526069236
39660.0 0.00019218548672 19.29317499310067 -155.60874413456821 349999.82324386574328 80.68871581546783 259.38731532611553
39690.0 0.00048901579960 19.27954716498017 -155.60686998188754 350007.57171930279583 80.67033411751011 257.78538936697720
39720.0 -0.00035519035930 19.26590528867576 -155.60500486119497 350009.91816232446581 80.64446545295149 256.18982364782067
39750.0 -0.00001710534745 19.25225567757315 -155.60315316811969 350006.80664774589241 80.61110886830974 254.60397078171601
39780.0 0.00029884305430 19.23860771981595 -155.60132159333310 349998.17069905158132 80.57027293383905 253.03152708003401
39810.0 -0.00111789408190 19.22494308489572 -155.59949599214477 349984.13661419413984 80.52219357952488 251.47234496895709
39840.0 0.00016300487257 19.21127996847919 -155.59768966857905 349964.58141229953617 80.46685072955309 249.93105608936941
39870.0 -0.00028374926640 19.19756880922805 -155.59599720267022 350016.35419178288430 80.40444279832988 248.40826199967753
39900.0 0.00035720310073 19.18389416147009 -155.59421914209793 349985.83152573648840 80.33505530907861 246.90710403816576
39930.0 -0.00000805096572 19.17016854686834 -155.59255552807841 350026.60704049840569 80.25887769167390 245.42837264094612
39960.0 0.00018715540597 19.15647267887191 -155.59079701600695 349985.15722748357803 80.17608957837291 243.97280553045340
39990.0 0.00046385948642 19.14272472669824 -155.58915490869077 350014.95982776302844 80.08681340932330 242.54313710656703
40020.0 -0.00018413452100 19.12897519034239 -155.58753106012918 350039.22537656687200 79.99121432158223 241.14128694369134
40050.0 0.00034613479568 19.11526450747251 -155.58581276070097 349981.27843053638935 79.88951980156297 239.76614890438498
40080.0 -0.00001911808888 19.10148973985865 -155.58420608805855 349994.56132348254323 79.78189280172015 238.41937964305782
40110.0 0.00055039318534 19.08771350988203 -155.58261667310634 350002.30670855939388 79.66851012013908 237.10283129684524
40140.0 0.00016199909280 19.07391741329123 -155.58103041825368 350004.55368566233665 79.54958214812122 235.81460247905113
40170.0 -0.00048096601576 19.06011972176946 -155.57946059664263 350001.26005524396896 79.42528358764839 234.55737095327100
40200.0 0.00042059322790 19.04630987281328 -155.57789896721033 349992.44142551161349 79.29580938245255 233.32998000170534
40230.0 -0.00049505284201 19.03249719435961 -155.57635211987289 349978.08481023740023 79.16135269090390 232.13365381861308
40260.0 0.00007043531312 19.01859904311314 -155.57491294518394 350034.81245730817318 79.02209779596998 230.96751430333131
40290.0 0.00033707686831 19.00475883904287 -155.57338006301214 350009.36131465528160 78.87821469835251 229.83071224747252
40320.0 0.00013181506263 18.99091379745689 -155.57185937799409 349978.36351923737675 78.72989906319077 228.72425718847853
40350.0 0.00045279118138 18.97698511425140 -155.57045198380015 350018.37909771781415 78.57734781586420 227.64847060915395
40380.0 0.00102029089606 18.96312346225321 -155.56895121937299 349976.26082990970463 78.42069165062208 226.60111023764122
40410.0 0.00056448119347 18.94916315796479 -155.56755542242283 350005.08918326999992 78.26011218678175 225.58246602315489
40440.0 -0.00046587222785 18.93529143281809 -155.56607798644345 349951.84648709837347 78.09580873896594 224.59305160678264
40470.0 0.00003320491513 18.92130626764540 -155.56469737243037 349969.46886699087918 77.92786466614632 223.63026156303664
40500.0 0.00007244569079 18.90731635458907 -155.56333041143296 349981.49049796070904 77.75650867985115 222.69549382575087
40530.0 -0.00053831791865 18.89331115226385 -155.56196890709558 349987.87604067474604 77.58184032300736 221.78697452843551
40560.0 -0.00003320609701 18.87929988409856 -155.56061935045403 349988.65194288454950 77.40404828208641 220.90500547366094
40590.0 0.00026060805842 18.86527605453050 -155.55927655215132 349983.78997597470880 77.22323557764487 220.04822817041335
40620.0 0.00005735190289 18.85123376653008 -155.55793576874956 349973.25382997747511 77.03949464421629 219.21538108521014
40650.0 0.00100620643357 18.83718348365327 -155.55660440837642 349957.08330391161144 76.85301191047529 218.40681851494503
40680.0 0.00007244569079 18.82301499209942 -155.55537992851262 350011.53911409433931 76.66394989597073 217.62237823291716
40710.0 0.00033305374921 18.80894171823278 -155.55406291866899 349984.03316813148558 76.47231834639226 216.85984572983966
40740.0 0.00045480392281 18.79473520674665 -155.55284449693468 350027.01430575642735 76.27826870275752 216.11915873459563
40770.0 0.00085728602349 18.78064552721013 -155.55154526814255 349988.18800248485059 76.08197709526179 215.40047574695151
40800.0 -0.00035720310073 18.76640777119402 -155.55033647831056 350019.69557827152312 75.88340338471522 214.70144931541168
40830.0 0.00052021033706 18.75216212421332 -155.54913859998305 350045.50018294714391 75.68278572901897 214.02305007782505
40860.0 -0.00098406982348 18.73803123916992 -155.54785186553761 349989.51884613558650 75.48013269834358 213.36369487685391
40890.0 0.00067617120557 18.72376074654964 -155.54666617356443 350003.85343845002353 75.27560811907441 212.72351119517253
40920.0 0.00053328783789 18.70947455993822 -155.54548449523412 350012.40545802563429 75.06924228764230 212.10132137056129
40950.0 -0.00033506530876 18.69516673620684 -155.54430204300837 350015.10866891779006 74.86105988337987 211.49604079920823
40980.0 0.00098406745972 18.68084778485206 -155.54312625774946 350012.04817849025130 74.65122979280554 210.90792589851694
41010.0 0.00020425838966 18.66652355798823 -155.54196112234806 350003.27863098867238 74.43988180975030 210.33682974130389
41040.0 0.00061881693892 18.65217814634246 -155.54079443389969 349988.63264080882072 74.22693568020236 209.78094711199157
41070.0 0.00028475622805 18.63766501340764 -155.53972014530552 350043.83983719255775 74.01251762876716 209.24024632750658
41100.0 0.00070333671453 18.62329693845548 -155.53856570344686 350017.59720498509705 73.79678432738878 208.71488319078153
41130.0 -0.00126781790800 18.60890506578082 -155.53740663547558 349985.40957972593606 73.57960928903617 208.20297958728204
41160.0 0.00002112964843 18.59434625998723 -155.53634487721473 350023.00297411903739 73.36123632744095 207.70537571146403
41190.0 0.00021230935538 18.57993046029178 -155.53519486537417 349979.14973580278456 73.14161246894223 207.22083538839271
41220.0 -0.00024953975337 18.56534057349332 -155.53413971889159 350004.94106004852802 72.92088449656354 206.74951320069007
41250.0 -0.00015294234730 18.55073192426389 -155.53308581882436 350024.76592773199081 72.69903545754772 206.29051657391105
41280.0 0.00030588587649 18.53627151353210 -155.53194097066111 349963.22836377564818 72.47604571869478 205.84302067208802
41310.0 -0.00036223318148 18.52162675962758 -155.53088765800396 349971.11627821624279 72.25207475549769 205.40730671238646
41340.0 -0.00002616209295 18.50697368008668 -155.52984224126897 349973.15217944141477 72.02723283153894 204.98332750580985
41370.0 0.00037229570675 18.49229628604477 -155.52879239560698 349969.09241721313447 71.80138114126423 204.56966847278971
41400.0 0.00015998753325 18.47760121853590 -155.52774269420999 349959.01978970505297 71.57463225493149 204.16638011111363
41430.0 0.00024249456743 18.46271075412164 -155.52678567494902 350018.07095716428012 71.34713280044093 203.77366581447339
41460.0 0.00019721674936 18.44797770161532 -155.52573495224445 349995.87746271211654 71.11870072015806 203.39004697337285
41490.0 -0.00006137856763 18.43304353581875 -155.52477550484491 350042.65926701109856 70.88958731499977 203.01629502488331
41520.0 -0.00016401183423 18.41828055524676 -155.52372823874902 350008.42687895521522 70.65970136775097 202.65146254192416
41550.0 0.00035217183809 18.40350770763083 -155.52268502894080 349968.25800261646509 70.42918062690666 202.29574384208166
41580.0 0.00002314357174 18.38851752296301 -155.52172524313724 349996.70659630186856 70.19797987045702 201.94847510014964
41610.0 -0.00098507442138 18.37349959072209 -155.52075895528446 350018.84039411414415 69.96605219993666 201.60903669504719
41640.0 0.00070534827408 18.35867139831936 -155.51970989523022 349960.30466375499964 69.73355398790007 201.27773300399176
41670.0 -0.00021130121185 18.34341819018517 -155.51883361829189 350044.79976637568325 69.50058524598985 200.95459368966598
41700.0 0.00029280364813 18.32855703732319 -155.51778285497701 349974.01849272660911 69.26696967448795 200.63849786567758
41730.0 -0.00006741561004 18.31325027744081 -155.51689587643094 350045.77360724657774 69.03281369142218 200.32955388813207
41760.0 -0.00027469252091 18.29836295124495 -155.51584692924561 349962.83316205721349 68.79825974692430 200.02799533246781
41790.0 0.00081603014264 18.28300952490054 -155.51495281068856 350021.91696167644113 68.56309007637570 199.73263754093853
41820.0 -0.00036323896126 18.26786299215881 -155.51397915082279 350000.67030871659517 68.32756393014927 199.44419119093465
41850.0 0.00030186157551 18.25269482049907 -155.51300035442574 349973.10343693289906 68.09156645701889 199.16191666611698
41880.0 -0.00014287982203 18.23728451226187 -155.51210421130995 350013.33080207183957 67.85523078437970 198.88602799343721
41910.0 0.00003420951303 18.22184967480717 -155.51120357843880 350047.11237055249512 67.61849499313074 198.61602227515894
41940.0 0.00063692688427 18.20661913223880 -155.51021248425693 350000.51354096550494 67.38129522698434 198.35142318697925
41970.0 0.00006439945259 18.19113655901108 -155.50930078697760 350021.39329085312784 67.14378785256081 198.09254039019163
42000.0 0.00056749853280 18.17588041785093 -155.50831095415640 349962.41127447597682 66.90606768896392 197.83944911244851
42030.0 -0.00025557561390 18.16035642663542 -155.50739132539843 349970.47656685579568 66.66793392331266 197.59123827341151
42060.0 0.00102330941726 18.14480905536560 -155.50646597616552 349972.03660922963172 66.42949071084216 197.34804739536105
42090.0 -0.00002616209295 18.12924774624917 -155.50554168870647 349967.31179354153574 66.19087913054175 197.11012026917930
42120.0 0.00074760993470 18.11365375597596 -155.50460372926045 349955.81490082666278 65.95185799541559 196.87648293199285
42150.0 0.00019419941003 18.09779148230025 -155.50374490638129 350011.18973761983216 65.71269370917092 196.64778743386688
42180.0 -0.00005232418589 18.08215645802901 -155.50279871836730 349986.69536459911615 65.47325659308380 196.42343993600210
42210.0 0.00003622343634 18.06624595571902 -155.50192896457702 350028.82629825267941 65.23367713087154 196.20365765523056
42240.0 0.00050008410464 18.05057093820005 -155.50097363513802 349991.30354065354913 64.99388353523079 195.98804843939237
42270.0 -0.00042663145219 18.03460281240212 -155.50008398498287 350019.86231388896704 64.75380105802006 195.77623406688446
42300.0 0.00047493015523 18.01861216264613 -155.49918946224173 350041.76904327422380 64.51358722633934 195.56851704018538
42330.0 0.00060472774891 18.00287580603555 -155.49821703635138 349984.53907555248588 64.27333420562678 195.36499640002609
42360.0 0.00062787132065 17.98683849391027 -155.49730838881126 349993.06611596699804 64.03282472372418 195.16491138833953
42390.0 0.00059466876928 17.97077524048271 -155.49639090130128 349994.79126934427768 63.79216250364345 194.96841519201158
42420.0 0.00038336164803 17.95469550366609 -155.49547144712369 349989.97718702349812 63.55148837226476 194.77574936931924
42450.0 0.00028676896948 17.93858049522018 -155.49453501960650 349978.04499916452914 63.31054546488180 194.58609261664452
42480.0 0.00000905556361 17.92216444438071 -155.49367144165635 350031.69792662933469 63.06960602784620 194.40004236079633
42510.0 0.00063089102374 17.90600347131697 -155.49272056465404 350006.19140129722655 62.82853096586397 194.21710823789499
42540.0 0.00021532787659 17.88982432941032 -155.49176461700947 349974.03058352414519 62.58744883817845 194.03750124151637
42570.0 0.00028576200783 17.87332834086172 -155.49087333530710 350006.86970078852028 62.34628209680267 193.86090643937834
42600.0 0.00048901579960 17.85679670403384 -155.48996606142217 350032.42935946583748 62.10494875453195 193.68701370176319
42630.0 0.00051316396923 17.84053839856259 -155.48897655114217 349979.38353708758950 61.86360772353056 193.51611213364973
42660.0 0.00019017274529 17.82396567557459 -155.48805767757759 349991.31723929382861 61.62234973078929 193.34831160003088
42690.0 -0.00005031026258 17.80735774061540 -155.48712170810518 349995.91655749827623 61.38094621985751 193.18296123821995
42720.0 0.00070132515498 17.79072155148438 -155.48617360866902 349993.38822409417480 61.13950126301148 193.02021793993944
42750.0 -0.00018514266454 17.77406658309928 -155.48522036472713 349984.03810622170568 60.89815573542664 192.86031467439668
42780.0 -0.00013181388075 17.75706228360744 -155.48431929444905 350038.31288965325803 60.65664216782574 192.70254321722953
42810.0 0.00082005917114 17.74034831420762 -155.48333922248548 350014.50259881000966 60.41523725561625 192.54745188776096
42840.0 0.00058862936311 17.72360536050530 -155.48234448936981 349983.45256452448666 60.17379593941742 192.39462552999825
42870.0 0.00071138649837 17.70652215142305 -155.48141307076202 350016.23700053431094 59.93244498669178 192.24426445327273
42900.0 0.00060271618936 17.68940732223178 -155.48046754030972 350041.61554617434740 59.69110364962875 192.09610892091138
42930.0 0.00022740314329 17.67257984958349 -155.47943138861390 349988.76850082632154 59.44968499096619 191.94989724697771
42960.0 -0.00044574954108 17.65540296891271 -155.47845521596122 349999.31396449636668 59.20834912035562 191.80590283528537
42990.0 0.00060271737124 17.63820512029272 -155.47747190826595 350002.78339808993042 58.96718587174906 191.66423906731225
43020.0 -0.00036122858359 17.62096994781177 -155.47646786878579 349998.53238020371646 58.72595887340205 191.52433739862241
43050.0 0.00026060687654 17.60370449665355 -155.47544820464381 349986.80213586799800 58.48477281416031 191.38635316069332
43080.0 0.00012175253736 17.58607981761866 -155.47448951801914 350037.92997567914426 58.24376854924338 191.25050804442591
43110.0 0.00052322531262 17.56875127732889 -155.47343680607960 350011.05599648412317 58.00267146932622 191.11617962267533
43140.0 0.00036022162193 17.55140208632133 -155.47237465990122 349977.01452717930079 57.76176142554453 190.98387303287564
43170.0 0.00135737012813 17.53367562866528 -155.47136278867879 350005.00323535688221 57.52088969147273 190.85322922761489
43200.0 0.00034512783403 17.51592142882119 -155.47033832356584 350025.47124543320388 57.28018112412467 190.72443620185044
43230.0 0.00035519035930 17.49813382171390 -155.46929613155106 350038.16217928566039 57.03955343605954 190.59727477183051
43260.0 0.00025456983413 17.48030662066564 -155.46823061006774 350042.78706108685583 56.79891623945088 190.47151866002201
43290.0 0.00081703828617 17.46245072536168 -155.46715007793480 350039.77486252225935 56.55843049766735 190.34742538170238
43320.0 -0.00059164788432 17.44457214333725 -155.46605891920487 350029.36282921396196 56.31818536238718 190.22510787730414
43350.0 0.00053529939744 17.42665444928415 -155.46494313356462 350010.82060880027711 56.07793907010575 190.10406073578972
43380.0 0.00023142744426 17.40870477910815 -155.46380798993465 349984.42570149432868 55.83779694836641 189.98443515027469
43410.0 0.00007345265245 17.39073264690703 -155.46266076825466 349950.57409626431763 55.59789961395428 189.86644083026241
43440.0 0.00116921012426 17.37197933451332 -155.46161620638759 350045.42217501252890 55.35796777783437 189.74952192860721
43470.0 0.00053127627834 17.35393836736235 -155.46042701137497 349995.49539172556251 55.11828331285454 189.63414605896278
43500.0 0.00059969766815 17.33548986244188 -155.45928052202589 350005.84095309022814 54.87869541456966 189.51999708549693
43530.0 0.00063390954494 17.31701205898457 -155.45811762760704 350008.30144320055842 54.63932682046821 189.40725054208167
43560.0 0.00059466522364 17.29849941057422 -155.45693313287734 350002.59537156857550 54.40009482022157 189.29571784323613
43590.0 0.00041657010880 17.27994570453127 -155.45572123481074 349988.39908957201988 54.16090660107119 189.18519926697121
43620.0 0.00069729967212 17.26097654065427 -155.45455380119154 350033.92396091856062 53.92192359797182 189.07593727848376
43650.0 0.00063089102374 17.24236612443194 -155.45330833964880 350003.84965868666768 53.68323432634725 188.96804233265618
43680.0 0.00041455500361 17.22371516601199 -155.45203406507926 349965.21699169836938 53.44459338827733 188.86105847298754
43710.0 -0.00003823381401 17.20463786607517 -155.45079864556723 349985.66529376432300 53.20610666066010 188.75513166147951
43740.0 0.00016803377145 17.18553170042447 -155.44954659004790 349998.04221160057932 52.96791425625855 188.65045992804755
43770.0 0.00037229570675 17.16637774204199 -155.44826122984892 350001.37970692384988 52.72973401450617 188.54654013124087
43800.0 0.00072044324386 17.14719518583590 -155.44695821297123 349996.60112775117159 52.49184886046039 188.44380745598971
43830.0 0.00166023748341 17.12797391493346 -155.44562830549017 349983.16970538627356 52.25410705069469 188.34197932589475
43860.0 0.00073855437109 17.10872217087757 -155.44427790682374 349961.47472051437944 52.01662897669256 188.24121938554586
43890.0 0.00013885670293 17.08902633686318 -155.44296169375642 349997.70670797023922 51.77933228125505 188.14136270647484
43920.0 0.00045480392281 17.06928334933983 -155.44161291311084 350024.72854529507458 51.54212245702164 188.04222994908477
43950.0 0.00057957379950 17.04991745234489 -155.44018121369859 349976.86554688122123 51.30516104154499 187.94404979951383
43980.0 0.00027167518158 17.03011083033674 -155.43878994689268 349986.98506906628609 51.06853588191486 187.84692926167216
44010.0 0.00091564606991 17.01025763947596 -155.43736456639093 349987.81838158331811 50.83199926184924 187.75045183242506
44040.0 0.00062284123990 16.98994454898461 -155.43596870591975 350045.50559826660901 50.59565747263701 187.65475795211032
44070.0 0.00111990564145 16.97044313606629 -155.43443609036984 349963.17744517978281 50.35964985789278 187.56003474066412
44100.0 0.00076069216306 16.95004681648972 -155.43298060215304 350002.61892915703356 50.12369275366355 187.46582149858958
44130.0 0.00097802923543 16.92961623679568 -155.43150244107730 350033.28243599087000 49.88806931779907 187.37252543629234
44160.0 0.00054636888437 16.90957189704702 -155.42993573672908 349989.37155341450125 49.65262770870486 187.27989073884422
44190.0 0.00076672802359 16.88906332655124 -155.42840009342368 350001.86695400811732 49.41748576110766 187.18807004280396
44220.0 0.00051215818946 16.86851332537240 -155.42683336853665 350005.08502850681543 49.18256202483735 187.09691711235092
44250.0 -0.00015193656753 16.84791564501273 -155.42522926920071 349998.62704183440655 48.94776083687925 187.00626856988274
44280.0 0.00106858959909 16.82684107968734 -155.42365160615938 350047.70648143440485 48.71324350229194 186.91634072062826
44310.0 0.00042763723197 16.80617396370472 -155.42199535311360 350023.27686485927552 48.47909713381187 186.82723675533970
44340.0 0.00060472774891 16.78545980317306 -155.42030004156021 349989.09231912530959 48.24507270954598 186.73857213514663
44370.0 0.00061076833696 16.76425843851376 -155.41862495398954 350009.71020166482776 48.01127678732139 186.65048191001844
44400.0 0.00081804288407 16.74302224184673 -155.41692374062006 350021.20736591424793 47.77784769707422 186.56314324206181
44430.0 0.00097903737897 16.72218464495621 -155.41512597868640 349958.54672238044441 47.54450133205314 186.47613010613833
44460.0 -0.00003622343634 16.70040782630537 -155.41340599274241 350014.43120400514454 47.31152039350633 186.38982557638650
44490.0 0.00104142172637 16.67903902809912 -155.41159640296473 349996.64737693779171 47.07875357811287 186.30399553939006
44520.0 0.00042361174911 16.65763391325542 -155.40975630473648 349969.51183404680341 46.84631598113331 186.21878260027611
44550.0 0.00047895445621 16.63572536309641 -155.40793094333205 349995.90894532296807 46.61412746350295 186.13405557975148
44580.0 0.00051618367232 16.61376432100158 -155.40606210034679 350011.85038772225380 46.38209161696166 186.04966381587647
44610.0 0.00023847026645 16.59176199313108 -155.40415924206911 350017.99893473833799 46.15036921877027 185.96581260810987
44640.0 0.00024350034720 16.56972455105028 -155.40222729511694 350014.71560513228178 45.91904657017247 185.88260130486881
44670.0 0.00042763723197 16.54763534019777 -155.40025001565516 350000.89195597730577 45.68787414084318 185.79967159865529
44700.0 0.00090256502344 16.52550191341123 -155.39823354370807 349976.96824193652719 45.45695861005711 185.71715349134234
44730.0 0.00111588134047 16.50285783353634 -155.39623399789124 350005.83436283189803 45.22643707763347 185.63521517568219
44760.0 0.00176186378835 16.48015551378006 -155.39418385682796 350023.58321578241885 44.99602583262890 185.55345929878555
44790.0 0.00010665874946 16.45789520198417 -155.39205357781188 349969.48274748958647 44.76600654040371 185.47224808654596
44820.0 0.00121952038685 16.43462480460040 -155.38997389666338 350028.76583526842296 44.53622892726174 185.39136527752578
44850.0 -0.00041556314715 16.41227986538005 -155.38776459073264 349954.33853883016855 44.30680519806172 185.31094441115749
44880.0 0.00058460506213 16.38891856956024 -155.38560500016487 349992.76790484692901 44.07765682417659 185.23086664211360
44910.0 0.00045077962183 16.36550075880645 -155.38339523724551 350019.93884886335582 43.84868697315685 185.15099158320490
44940.0 0.00044272983799 16.34203773065267 -155.38114515127356 350036.57967609632760 43.62005563863234 185.07151481292775
44970.0 0.00007043413124 16.31853571175768 -155.37885985012210 350043.08618993498385 43.39184823361862 184.99253198713123
45000.0 0.00022136491900 16.29497800127147 -155.37652233985958 350038.24495913181454 43.16381535839388 184.91370655205756
45030.0 0.00127284917064 16.27137227237130 -155.37413904649941 350022.54319353122264 42.93606367857598 184.83516389884781
45060.0 0.00151635069972 16.24772821448014 -155.37171845979952 349996.62879375927150 42.70872887690806 184.75706420406604
45090.0 0.00094583246384 16.22402681283463 -155.36924112020949 349959.09246710594743 42.48152831182710 184.67903406078602
45120.0 0.00118228880698 16.19927604715502 -155.36680803731437 350031.66838705819100 42.25474212603581 184.60141766083794
45150.0 0.00014690648677 16.17548486336663 -155.36424193920496 349972.53001252189279 42.02822146089695 184.52401360786627
45180.0 0.00090961020938 16.15063345938096 -155.36171422784577 350022.61580283939838 41.80207551061437 184.44694728033318
45210.0 -0.00024450967262 16.12624112277875 -155.35909648336644 350001.46623874548823 41.57622758114040 184.37011008770565
45240.0 0.00112695082740 16.10179352384327 -155.35642231961612 349968.57783878222108 41.35058067274001 184.29337004195858
45270.0 0.00050410840562 16.07678510592955 -155.35374075455411 349984.09953790716827 41.12529377611513 184.21691417031883
45300.0 0.00135837590790 16.05173465685661 -155.35101728694022 349988.77949306555092 40.90045134484894 184.14083467626381
45330.0 0.00104947151021 16.02662543530623 -155.34823408906888 349981.29484507907182 40.67580463020111 184.06481319890617
45360.0 0.00053630754098 16.00146523624104 -155.34539790755866 349962.18331030756235 40.45146016144736 183.98897098757789
45390.0 0.00101525963342 15.97521244101428 -155.34259057330746 350049.49846754688770 40.22755204528557 183.91346108849524
45420.0 0.00147509718263 15.94994638366370 -155.33964457099017 350006.67208334896713 40.00379925772901 183.83793025556827
45450.0 0.00037229570675 15.92463980834277 -155.33665304853471 349952.88214224390686 39.78048000929694 183.76270705989802
45480.0 0.00213214675367 15.89821862902764 -155.33367456486062 350003.63799224048853 39.55744716229042 183.68760261102059
45510.0 0.00051920219352 15.87174641501478 -155.33064421052987 350042.50236093625426 39.33480680821895 183.61273495050514
45540.0 0.00040348788045 15.84629135353433 -155.32748878708904 349953.40582203492522 39.11248425616083 183.53800412630926
45570.0 0.00068623018520 15.81970567631923 -155.32433627110464 349967.40502371080220 38.89038254861200 183.46328507947905
45600.0 0.00058863054499 15.79306948250952 -155.32112901666102 349969.38885955698788 38.66865948638052 183.38875733656369
45630.0 0.00095991929009 15.76638911080546 -155.31787256639586 349959.83016326650977 38.44739850049132 183.31450992946128
45660.0 0.00017608591905 15.73910286044408 -155.31457940150480 349994.42168154846877 38.22635192201256 183.24023981115326
45690.0 0.00093878845977 15.71175937188079 -155.31122417688610 350016.27862198743969 38.00562603455309 183.16606455667906
45720.0 0.00163407657234 15.68491754864830 -155.30778607671880 349969.38296549208462 37.78535323477587 183.09213088880978
45750.0 0.00121851460707 15.65691107434834 -155.30433373763580 350022.42542880028486 37.56525456692565 183.01810264393580
45780.0 0.00142176721696 15.62996038987981 -155.30076826034269 349950.23931575287133 37.34560596457874 182.94429485016801
45810.0 0.00124165581505 15.60184696164001 -155.29719449790906 349978.03906953241676 37.12626225587901 182.87052922970446
45840.0 0.00090457894675 15.57368096026057 -155.29356076973920 349993.21460526343435 36.90732636226399 182.79691722579597
45870.0 0.00166124444506 15.54545784927909 -155.28986092904157 349995.31508340686560 36.68872572255830 182.72336624860134
45900.0 -0.00011269697375 15.51717136714245 -155.28608684153849 349983.72529825009406 36.47036359520602 182.64975699499760
45930.0 0.00121046482323 15.48883309660524 -155.28224981958155 349959.39677248429507 36.25239643224249 182.57626242855679
45960.0 0.00090960902750 15.45931836364695 -155.27840559797841 350033.61615703348070 36.03490658761429 182.50296870254635
45990.0 0.00171256048742 15.43086843979648 -155.27443321559670 349982.92967433016747 35.81764782931700 182.42958572125681
46020.0 0.00119335947578 15.40122524237178 -155.27043872429977 350029.17852720711380 35.60072609820291 182.35622783399981
46050.0 0.00128794177666 15.37267281670320 -155.26633583377361 349952.70760114863515 35.38427196945046 182.28303616819488
46080.0 0.00145195124713 15.34290993324278 -155.26219526201191 349971.50201717205346 35.16800892900548 182.20968910407871
46110.0 0.00120141044150 15.31309571463975 -155.25799068125750 349977.25622582621872 34.95221034267328 182.13648992412391
46140.0 0.00176186378835 15.28322063179449 -155.25371000680326 349969.02938659582287 34.73673320168782 182.06326942209009
46170.0 0.00187657113977 15.25271292247092 -155.24938086115839 350001.62243091035634 34.52167721140974 181.99013309909262
46200.0 0.00154754405530 15.22214376751376 -155.24497522090067 350020.05848987586796 34.30697203470883 181.91699470563717
46230.0 0.00151936922092 15.19209030510272 -155.24046552393807 349969.87698679883033 34.09252129183666 181.84373974232210
46260.0 0.00172564035202 15.16081409694626 -155.23592043197976 350013.49893254693598 33.87847995138113 181.77053544509900
46290.0 0.00155257295418 15.12948450637086 -155.23130680252225 350043.53987027145922 33.66492924402873 181.69746537810863
46320.0 0.00152641322499 15.09926305976645 -155.22657002935250 349951.78648589178920 33.45162467460707 181.62425043156412
46350.0 0.00262921351899 15.06780510867507 -155.22178673763833 349952.35694234818220 33.23867175551602 181.55100215138674
46380.0 0.00197920204261 15.03510907748870 -155.21696277325015 350045.08474843855947 33.02619914813048 181.47785672294955
46410.0 0.00195203653365 15.00352416152264 -155.21201128459029 350016.04918195586652 32.81393309180846 181.40450495034864
46440.0 0.00143987952607 14.97188830540690 -155.20698663695001 349973.33099148795009 32.60214413883043 181.33123993385379
46470.0 0.00174576658443 14.93899474639577 -155.20190255494731 350020.66702035348862 32.39069160280808 181.25790026806843
46500.0 0.00226496641420 14.90664147964976 -155.19672475539002 350001.10138110723346 32.17967194542729 181.18458609237419
46530.0 0.00228207176165 14.87422752865108 -155.19146057800373 349966.68949137628078 31.96901712224440 181.11121666919061
46560.0 0.00092369585375 14.84114240563088 -155.18611181935674 349968.55044291261584 31.75863123943279 181.03768151863417
46590.0 0.00202649732963 14.80799845511693 -155.18067858756444 349955.61677979957312 31.54866766801478 180.96414289367360
46620.0 0.00225188536772 14.77358637041068 -155.17518625480946 350031.45753455907106 31.33920647662258 180.89068204690597
46650.0 0.00276303777741 14.74031735272361 -155.16957311136289 349987.97251303773373 31.13000516094521 180.81702919931186
46680.0 0.00164111939453 14.70576442006720 -155.16388400929108 350031.50640133302659 30.92116872899174 180.74329348669309
46710.0 0.00301257753078 14.67238017499460 -155.15809623996284 349958.18538584653288 30.71282385243494 180.66960673769452
46740.0 0.00144188990374 14.63769577914043 -155.15221479428507 349970.05455853883177 30.50469978584668 180.59567038954964
46770.0 0.00238973629088 14.60295463928539 -155.14624719745399 349966.93973256088793 30.29706405964225 180.52176872808400
46800.0 0.00186952713571 14.56690996508157 -155.14018973628987 350048.58584845811129 30.08977843879914 180.44774708915443
46830.0 0.00152238892401 14.53204079785083 -155.13402926004414 350013.73721551429480 29.88293624702893 180.37370103110320
46860.0 0.00257890207452 14.49710918728051 -155.12777011355462 349963.05206291470677 29.67647155108438 180.29955411825372
46890.0 0.00317457662358 14.46086083572104 -155.12140741319493 349995.50852597597986 29.47028916146854 180.22519949768090
46920.0 0.00314539482755 14.42454873966747 -155.11494637909948 350011.86740142013878 29.26454075460980 180.15079510443383
46950.0 0.00322387874263 14.38817954548692 -155.10839376577124 350012.79156354162842 29.05930520506886 180.07642014166808
46980.0 0.00197618706704 14.35173642227752 -155.10172585972123 349996.31207995209843 28.85434221587735 180.00181275099811
47010.0 0.00214422202037 14.31522787457269 -155.09495167424600 349963.28557100240141 28.64975622333559 179.92708002284897
47040.0 0.00333254905164 14.27739858094887 -155.08807919343059 350012.74025128409266 28.44567184726903 179.85234995362973
47070.0 0.00308703714488 14.23948818245687 -155.08108146883325 350043.74377376213670 28.24182157829946 179.77733308490278
47100.0 0.00340097044145 14.20278919992957 -155.07398997655542 349961.27403165586293 28.03846974802347 179.70230609211916
47130.0 0.00198222529133 14.16475161483842 -155.06677902921211 349959.07044312451035 27.83548067693337 179.62712015952118
47160.0 0.00301156938725 14.12537289492238 -155.05945160536297 350036.85773368179798 27.63294431463729 179.55186617732548
47190.0 0.00328626427191 14.08720355294334 -155.05201878788748 350000.63025055080652 27.43079733135886 179.47647251443618
47220.0 0.00395438451176 14.04767650498263 -155.04444837237105 350042.32125637959689 27.22894511066873 179.40083486580983
47250.0 0.00326412647994 14.00937137413631 -155.03677962487887 349971.19994397461414 27.02753755188354 179.32510744484722
47280.0 0.00407915557032 13.96972070551074 -155.02899117366636 349979.34052264504135 26.82665230902204 179.24936765016352
47310.0 0.00365352871603 13.92999314613444 -155.02107109315622 349968.76794513035566 26.62605147825808 179.17336032998540
47340.0 0.00370886905936 13.88889888000115 -155.01300864913111 350034.86704886239022 26.42583886406135 179.09719086713719
47370.0 0.00377729281294 13.84904175592829 -155.00485471198698 349989.53384640160948 26.22613698380589 179.02098389663149
47400.0 0.00456716204451 13.80780280596622 -154.99653809805648 350018.89454042352736 26.02668175199739 178.94445774717329
47430.0 0.00311420383572 13.76650104636775 -154.98810566280596 350030.93066355306655 25.82773414924546 178.86788254893028
47460.0 0.00211202406689 13.72512748369481 -154.97954237523700 350024.42295339051634 25.62916113598679 178.79111457587763
47490.0 0.00310414012858 13.68368962212992 -154.97085655778093 350000.20803152304143 25.43104941673533 178.71424071633174
47520.0 0.00308502322157 13.64218386890702 -154.96204071579254 349957.73034177068621 25.23333805407675 178.63719314540714
47550.0 0.00277410726433 13.59928355978078 -154.95305058502052 349988.10669684130698 25.03593319708636 178.55986989401129
47580.0 0.00374006241495 13.55631523659663 -154.94393057820668 350000.07669442985207 24.83898289734219 178.48242199057105
47610.0 0.00347341849600 13.51328572747896 -154.93468828999434 349994.42418201081455 24.64256356653273 178.40492525693548
47640.0 0.00309206604376 13.47017826239490 -154.92529659871261 349968.86224714852870 24.44643985468940 178.32713019270150
47670.0 0.00563977712646 13.42566892634775 -154.91572545119539 350015.05212123505771 24.25071488008039 178.24914078601060
47700.0 0.00479255244636 13.38243036168461 -154.90606639223287 349952.61532090697438 24.05550901653403 178.17107873420755
47730.0 0.00408519143085 13.33777537216326 -154.89620610092578 349959.87967913132161 23.86056176114879 178.09266900620793
47760.0 0.00645379689142 13.29171568092351 -154.88616718265433 350038.45120524987578 23.66613061595042 178.01417613899466
47790.0 0.00536810194488 13.24692284358563 -154.87602390234369 350007.46866590902209 23.47208524724695 177.93546084408663
47820.0 0.00402179893992 13.20071808200927 -154.86569082122969 350046.71023561526090 23.27850913395346 177.85660635801653
47850.0 0.00511353329263 13.15579014232706 -154.85525798667578 349977.39143097121269 23.08534373881233 177.77754827099619
47880.0 0.00415964986308 13.10943507130200 -154.84461145668004 349976.08872600737959 22.89249604771020 177.69818653976986
47910.0 0.00549790072044 13.06301269756339 -154.83381730055865 349955.43260095920414 22.70011220329515 177.61866949271462
47940.0 0.00473922484445 13.01517090847882 -154.82282589928226 350003.86642723344266 22.50826735697973 177.53907158634044
47970.0 0.00534495955502 12.96724635686734 -154.81166190446632 350030.66969614103436 22.31672885267190 177.45914804608975
48000.0 0.00499278653504 12.91924806005746 -154.80033642205322 350036.96706063300371 22.12559907277448 177.37900175609852
48030.0 0.00566996233851 12.87118629863634 -154.78886289384016 350024.09481474477798 21.93499621408004 177.29875185837707
48060.0 0.00575649721931 12.82304246333148 -154.77720846514808 349989.26004457473755 21.74466349401808 177.21812895833918
48090.0 0.00548683477916 12.77346438060832 -154.76533573749379 350021.24542480707169 21.55485482294337 177.13739285002490
48120.0 0.00566493107587 12.72381084977625 -154.75329135073099 350032.07807452231646 21.36544262588285 177.05640811997196
48150.0 0.00627469245117 12.67408930134025 -154.74108428248164 350022.70565457362682 21.17650718297453 176.97525466191962
48180.0 0.00619822127752 12.62429661882994 -154.72870628148613 349992.53813334368169 20.98799235595125 176.89387115220700
48210.0 0.00594868270603 12.57304317954194 -154.71606832184446 350025.18747039139271 20.79980603071606 176.81215911501818
48240.0 0.00596779843115 12.52171977914607 -154.70325949051713 350037.06834338884801 20.61209238768026 176.73026461921754
48270.0 0.00637833149755 12.47033344830142 -154.69028843109598 350029.10913140978664 20.42492530282342 176.64826095189821
48300.0 0.00526345593685 12.41886757681591 -154.67712377940316 349998.66021863371134 20.23807493710267 176.56590724606477
48330.0 0.00727284673715 12.36593719214762 -154.66369332095016 350030.31390986405313 20.05164289084630 176.48330555253708
48360.0 0.00646889067933 12.31294162095070 -154.65009143388178 350041.51958049926907 19.86574515671776 176.40057280440732
48390.0 0.00689250124656 12.25986242092954 -154.63628279826668 350029.27961115259677 19.68012879080277 176.31744435658030
48420.0 0.00683011689915 12.20672046150847 -154.62229995118793 349996.67171455081552 19.49504401224544 176.23417602556634
48450.0 0.00747811327034 12.15210303662935 -154.60803197786049 350024.34082482568920 19.31036604872969 176.15063578673352
48480.0 0.00907093514371 12.09741679464307 -154.59357668784548 350030.56567469704896 19.12617201249037 176.06690046191341
48510.0 0.00596880539281 12.04265888581387 -154.57892539755372 350014.74202601332217 18.94240815539854 175.98291153586493
48540.0 0.00675062720430 11.98782350234987 -154.56406388039005 349975.77023506257683 18.75898332004317 175.89857178441758
48570.0 0.00824282737062 11.93150909658304 -154.54890938042277 349996.37231322098523 18.57603967726197 175.81402541876139
48600.0 0.00895220349132 11.87513202473926 -154.53356820366932 349996.07132120989263 18.39364981466346 175.72934473839160
48630.0 0.00833036803119 11.81867581645665 -154.51800649478503 349972.01798811648041 18.21158681956589 175.64429205490023
48660.0 0.00766325475300 11.76072859694610 -154.50212924044854 350005.53364283964038 18.02995146677358 175.55896883903981
48690.0 0.00777896788419 11.70271729569697 -154.48605539574760 350017.61126637179404 17.84885752228116 175.47349012939461
48720.0 0.00782726658723 11.64462367459494 -154.46974691214064 350005.03519487939775 17.66805598405520 175.38759524212952
48750.0 0.00692671194146 11.58646868693525 -154.45323881854475 349971.13536823913455 17.48779329320699 175.30153671083897
48780.0 0.00901056353774 11.52681368459019 -154.43639468321206 349993.15537518821657 17.30794751128128 175.21518547199520
48810.0 0.00839476393815 11.46709191140942 -154.41933674020953 349992.79093060269952 17.12859261931426 175.12861551563523
48840.0 0.00752842471481 11.40730079540841 -154.40205584819421 349969.42551614623517 16.94967724404280 175.04177090024913
48870.0 0.00894515830537 11.34599750403511 -154.38441280067232 349999.81063143070787 16.77111123597852 174.95455537283931
48900.0 0.01029850531440 11.28462743225902 -154.36654690644923 350007.45082613639534 16.59303471356243 174.86711165507938
48930.0 0.00974710280364 11.22319782148026 -154.34846812176349 349993.44708449114114 16.41551896467618 174.77951122782164
48960.0 0.00872379456826 11.16169237897865 -154.33013982474236 349954.73615099675953 16.23834010094753 174.69151892734720
48990.0 0.01348817218024 11.09722898367268 -154.31131010411116 350046.40307596325874 16.06159803005853 174.60323588213853
49020.0 0.01256950877101 11.03559707811717 -154.29252287844869 349962.36226892471313 15.88540427244915 174.51477552272689
49050.0 0.01143752904473 10.97099125371893 -154.27320034868234 350005.83859934937209 15.70951385869100 174.42588042180085
49080.0 0.01270031450822 10.90632417586927 -154.25364632666617 350026.82791204191744 15.53416937309473 174.33680046138576
49110.0 0.01164883143846 10.84158795658762 -154.23383990555783 350023.69228045921773 15.35925173538203 174.24740916476046
49140.0 0.01292469794842 10.77678992209630 -154.21379131302319 349997.57562948111445 15.18483183499990 174.15777790115237
49170.0 0.01137816203666 10.71046961689486 -154.19334376825145 350023.03362355660647 15.01086065264170 174.06785310436950
49200.0 0.01510413880723 10.64407570115514 -154.17262289785998 350023.09543247986585 14.83724909359866 173.97753924186568
49230.0 0.01366425928117 10.57762094935617 -154.15165043173630 349999.93979834020138 14.66413518425652 173.88697788439467
49260.0 0.01275666063134 10.51111269646466 -154.13043711261412 349954.76449925359339 14.49158890233838 173.79623985131454
49290.0 0.01320241135429 10.44306884930220 -154.10878647302007 349958.42033483367413 14.31938947280220 173.70509191377147
49320.0 0.01488780515087 10.37349333198441 -154.08670660418335 350011.76030936930329 14.14763589540676 173.61363508179781
49350.0 0.01290457407976 10.30386083954617 -154.06436961316382 350042.22208743542433 13.97643742890735 173.52198143967252
49380.0 0.01254334549618 10.23562537889193 -154.04189514637500 349972.71541403979063 13.80555321715890 173.42987618342207
49410.0 0.01272647778305 10.16439304017295 -154.01883181483112 350027.32599060889333 13.63522191536593 173.33756712016412
49440.0 0.01413516277165 10.09457118973330 -153.99564945664321 349984.13104768469930 13.46532731905495 173.24493003043432
49470.0 0.01183095321804 10.02321831833041 -153.97202320958399 349990.40647955052555 13.29593726820549 173.15203384805253
49500.0 0.01401743689903 9.95032709643205 -153.94793547877555 350044.79951063729823 13.12700507191333 173.05882721501908
49530.0 0.01432734825838 9.87884826012816 -153.92371350711082 350000.87074195127934 12.95844273299980 172.96521509325217
49560.0 0.01620593095770 9.80583513315371 -153.89903037987446 350005.60979114565998 12.79038614871129 172.87133821563191
49590.0 0.01341170218847 9.73277406653063 -153.87407168141596 349987.89275167323649 12.62290397647990 172.77726688625697
49620.0 0.01359483211158 9.65816351354358 -153.84861027094553 350015.68763473071158 12.45577863636620 172.68276927621977
49650.0 0.01471875969025 9.58349575627326 -153.82284188594170 350018.80868757516146 12.28910817977001 172.58794648870460
49680.0 0.01338956676026 9.50878141010581 -153.79678569605827 349999.23912182543427 12.12299958943709 172.49290950144930
49710.0 0.01599965864473 9.43400323350554 -153.77039356902637 349953.02184944972396 11.95721619495882 172.39740556237160
49740.0 0.01323461048965 9.35619738828159 -153.74332140714253 350025.59924146533012 11.79199265486996 172.30168093229904
49770.0 0.01410799371705 9.27982902908343 -153.71612003683973 350002.63362467288971 11.62721565253406 172.20561335820264
49800.0 0.01178064413733 9.20341463597926 -153.68860905658070 349956.25481615401804 11.46295002251149 172.10926950102936
49830.0 0.01448733579163 9.12545547715663 -153.66057580095216 349955.80661033093929 11.29915137237887 172.01260007058272
49860.0 0.01132583903264 9.04594189908673 -153.63199264364007 349999.23247087746859 11.13573284246642 171.91551031915532
49890.0 0.01249102485592 8.96638243523987 -153.60308452922590 350018.90905899927020 10.97282816469730 171.81814043134094
49920.0 0.00924198861824 8.88678465177530 -153.57386401915980 350016.25622698944062 10.81050466618601 171.72056033241947
49950.0 0.00970383772700 8.80713325440298 -153.54428423021048 349987.48456507921219 10.64854803821517 171.62253910627282
49980.0 0.01026026795475 8.72593368624486 -153.51414845612112 350003.51686241850257 10.48705534309470 171.52417814978085
50010.0 0.00828408443335 8.64469823995609 -153.48368721036491 349997.11696510389447 10.32613127429222 171.42558755393111
50040.0 0.00640046692576 8.56341021555235 -153.45284827695423 349964.05311760213226 10.16554341305417 171.32651610113149
50070.0 0.00688545842437 8.47907298452414 -153.42123376622544 350045.71941264625639 10.00552235701068 171.22720899191498
50100.0 0.00422807243477 8.39771202017109 -153.38970443631746 349966.10475167632103 9.84595768456919 171.12754568261460
50130.0 0.00400368781269 8.31329686492215 -153.35737466889827 349999.93229305557907 9.68691127024788 171.02759070312428
50160.0 0.00406305482077 8.22884389040361 -153.32467921234453 350009.71705447789282 9.52834098639249 170.92729671408139
50190.0 0.00431762465489 8.14434843302328 -153.29159643094113 349993.93311576265842 9.37016114829700 170.82656907284192
50220.0 0.00049203313892 8.05982344585259 -153.25815417882470 349955.35656845290214 9.21250328682103 170.72554768449285
50250.0 0.00393929072385 7.97224332828443 -153.22388771021556 350030.28514875844121 9.05543338845631 170.62430222284024
50280.0 0.00303672570042 7.88613939519102 -153.18945545887271 350012.01306003797799 8.89874048721576 170.52260223915602
50310.0 0.00006942835147 7.80000643136459 -153.15464105773646 349970.20020199194551 8.74252061490758 170.42054961460516
50340.0 0.00058862936311 7.71233480639885 -153.11921955440044 349974.05172165669501 8.58687616294402 170.31825375510860
50370.0 0.00110883851829 7.62462635268419 -153.08337620501271 349951.82961433380842 8.43157902500688 170.21546450805747
50400.0 -0.00200435953766 7.53385663017813 -153.04665748902082 350041.62262538354844 8.27685567551329 170.11242646115727
50430.0 0.00313030103964 7.44610738119928 -153.01004162293154 349974.70138788316399 8.12259859098454 170.00902055281821
50460.0 -0.00174173873781 7.35529334402210 -152.97252374811322 350018.62585113849491 7.96886673227411 169.90530930494339
50490.0 -0.00183028754192 7.26445898123952 -152.93459785733450 350039.57281124684960 7.81562019952405 169.80124723281079
50520.0 0.00078584611247 7.17360005047265 -152.89624038123830 350035.91815305966884 7.66277451772551 169.69673962937802
50550.0 -0.00328123300928 7.08272950193946 -152.85748167288335 350010.66173327621073 7.51045898131423 169.59192637065846
50580.0 0.00466878834945 6.99185506758916 -152.81833659339307 349965.46622204687446 7.35873822499794 169.48687699748680
50610.0 -0.01024718809016 6.89790260717634 -152.77820453781757 350027.24777404032648 7.20740469363548 169.38136112049327
50640.0 0.00302968406011 6.80546944742494 -152.73791675278002 350001.01755821984261 7.05655334592805 169.27548128639532
50670.0 -0.00000905556361 6.71303718972073 -152.69722787814993 349955.01792939193547 6.90628425852228 169.16934640109218
50700.0 0.00102532097681 6.61752478906993 -152.65551422675566 350014.95585246291012 6.75637369398724 169.06270695009826
50730.0 -0.00422203421048 6.52354859955235 -152.61366748370514 349989.93455110117793 6.60704394239457 168.95580732085202
50760.0 0.00170752804291 6.42803630004869 -152.57109245211910 350008.23844412714243 6.45819037780471 168.84852973306511
50790.0 0.00108267760722 6.33252803246231 -152.52808333539301 350006.13680363539606 6.30986909450387 168.74093480654761
50910.0 -0.00213214793555 5.94594025864536 -152.35063950995837 349982.06192387267947 5.72147459329273 168.30686483144515
50940.0 0.00193493118619 5.84739526573470 -152.30474941334384 350005.05640061572194 5.57559675410883 168.19741353683517
50970.0 -0.00130404134434 5.74886501464433 -152.25838869798835 350007.77033570222557 5.43021030694381 168.08758854733921
51000.0 0.00173368895398 5.65036008554158 -152.21158379222649 349992.86240339092910 5.28541300077602 167.97749843844434
51030.0 -0.00224282744035 5.55186639165054 -152.16426798480603 349955.20256938412786 5.14098551997949 167.86689394557885
51060.0 -0.00180412544898 5.45186132429222 -152.11618719711552 349964.52004898618907 4.99714590952438 167.75601963611018
51090.0 0.00125272412010 5.35188120517314 -152.06761922566633 349954.30946221016347 4.85379243726300 167.64475883421369
51120.0 -0.00145497213209 5.25038935434326 -152.01825583592256 349990.12810872960836 4.71097837834027 167.53317034744234
51150.0 -0.00019419586439 5.14892872879996 -151.96840014505113 350007.26696248352528 4.56866816424551 167.42121218172034
51180.0 -0.00033707923207 5.04749623195226 -151.91802431038911 350003.89041801728308 4.42677983761963 167.30878905120369
51210.0 -0.00325809061941 4.94610459646260 -151.86716447291087 349983.46335471794009 4.28543811002061 167.19604145500992
51240.0 -0.00050913966825 4.84321545367528 -151.81550418388568 350011.59431114140898 4.14470487600701 167.08303899155172
51270.0 0.00150528357656 4.74036192917103 -151.76330588064397 350019.53342065028846 4.00437959594669 166.96955029729205
51300.0 -0.00498473793309 4.63755435872291 -151.71059628052848 350009.96750044636428 3.86455494816643 166.85567975881753
51330.0 -0.00191178997821 4.53480319052695 -151.65740409067362 349985.72965802438557 3.72532634058929 166.74153577613617
51360.0 -0.00003521883844 4.43054741506547 -151.60331074917303 350004.85271180514246 3.58647892948420 166.62686898202901
51390.0 -0.00016401065235 4.32635367169257 -151.54872391732147 350009.77599181327969 3.44822645368687 166.51192447339332
51420.0 -0.00140969076838 4.22221799365225 -151.49360887992918 349998.14465228468180 3.31047006814559 166.39658652371497
51450.0 -0.00191581427919 4.11814753752283 -151.43798024155538 349971.63711239490658 3.17326027660212 166.28091220325808
51480.0 -0.00048599846027 4.01259333223535 -151.38146589266847 349992.96258471254259 3.03656360833823 166.16486118466554
51510.0 -0.00204963617385 3.90710218678372 -151.32438814390332 349996.78160753846169 2.90029941053442 166.04833769250337
51540.0 0.00196914069922 3.80168657906304 -151.26678643298553 349986.79355059843510 2.76459004632044 165.93148284613594
51570.0 -0.00455710188300 3.69635437159154 -151.20868004008292 349965.04445636272430 2.62949601973720 165.81436641873660
51600.0 0.00082307651046 3.58954368917482 -151.14962664340743 349989.49130367022008 2.49482039185102 165.69675607234399
51630.0 -0.00300452656506 3.48281547083150 -151.09002053831981 349999.76210247445852 2.36065463002029 165.57875735079350
51660.0 -0.00137045117460 3.37617996646951 -151.02989288476508 349998.86231895815581 2.22709178716649 165.46047861949526
51690.0 -0.00256783376948 3.26962606598781 -150.96916558343685 349981.03108883369714 2.09392153873867 165.34167008880544
51720.0 0.00080596761737 3.16161992982784 -150.90752816186313 350015.80213261954486 1.96135325622140 165.22257770595024
51750.0 -0.00021633247448 3.05371047613721 -150.84532098700899 350037.54438756126910 1.82929097201739 165.10308655822229
51780.0 -0.00203957601234 2.94590483198640 -150.78255945964926 350047.99790609162301 1.69778246650209 164.98325203962708
51810.0 -0.00053630754098 2.83820467698824 -150.71922971579863 350046.56873100437224 1.56679631765148 164.86303545466183
51840.0 -0.00290994190042 2.73060856278776 -150.65529920788688 350031.19185141567141 1.43625320559805 164.74234041967389
51870.0 0.00441522311322 2.62312854673319 -150.59081096002967 350005.79351483378559 1.30627310565690 164.62130885987531
51900.0 -0.00263323545621 2.51577241260183 -150.52578603203077 349972.53717542532831 1.17691511621425 164.50001081005340
51930.0 0.00017709169882 2.40697802819861 -150.45974108201122 349989.00717381481081 1.04798595847237 164.37821266872825
51960.0 -0.00518597898342 2.29830855942043 -150.39310834796859 349995.14690492674708 0.91957583933325 164.25602128410324
