# sod		dsTEC/dt [TECU/s]		lat		lon		h_ipp		ele		azi
30.0 0.00315344579327 20.74431638660353 -153.56817710782425 349981.83570495992899 56.38607846714861 46.92816714606038
60.0 0.00320677457705 20.75963449870162 -153.56253631406608 350037.39658924937248 56.19429249946977 46.70531370527634
90.0 0.00324500957294 20.77471932954067 -153.55714339036223 350016.21798197273165 56.00182859176137 46.48596865753562
120.0 0.00321884866187 20.78981329142050 -153.55171481952942 349988.01233626157045 55.80880572550723 46.27012154272082
150.0 0.00407512890558 20.80490615365639 -153.54625802279580 349953.40955662354827 55.61544855333862 46.05778966062151
180.0 0.00331947036892 20.82053520928805 -153.54017843950751 350049.01039732806385 55.42138093480459 45.84880994270424
210.0 0.00302062495086 20.83564901540708 -153.53464804361636 350000.11903608497232 55.22698512910149 45.64324598698547
240.0 0.00339594036069 20.85103863431904 -153.52878677801669 350012.60157217085361 55.03200811054860 45.44097731107716
270.0 0.00347442427578 20.86643046894537 -153.52289501812058 350018.45032104384154 54.83675290994902 45.24203836530238
300.0 0.00313231614483 20.88183975350799 -153.51696020859467 350016.61012871842831 54.64090050517324 45.04629786036791
330.0 0.00399765077028 20.89725848722990 -153.51098805573602 350007.57829263992608 54.44462633379297 44.85375658577892
360.0 0.00359919533434 20.91267812579026 -153.50498476051243 349991.90671817399561 54.24811748936409 44.66441292547584
390.0 0.00366057035633 20.92811303374871 -153.49893836065644 349968.57500683609396 54.05107215028537 44.47815015602666
420.0 0.00311923509836 20.94383632150759 -153.49255748744878 350005.93655638769269 53.85360753554432 44.29495347449353
450.0 0.00339493458092 20.95956400561095 -153.48614339399663 350036.41630771011114 53.65594558323339 44.11482698403907
480.0 0.00343719505966 20.97503097673081 -153.47997739660815 349990.90741409733891 53.45770688504451 43.93764821575324
510.0 0.00429146256195 20.99078331637420 -153.47348116214690 350006.34262938052416 53.25927209918431 43.76345406031247
540.0 0.00311923391648 21.00655235096504 -153.46694000596793 350013.90360180195421 53.06038651529546 43.59215304296775
570.0 0.00370987720290 21.02232426198130 -153.46036445198069 350014.54688780568540 52.86134812736739 43.42376048692158
600.0 0.00373503115231 21.03811408039305 -153.45374172927913 350007.14038484171033 52.66183777167648 43.25817881632844
630.0 0.00482173187863 21.05390581332406 -153.44708417864192 349992.81401289347559 52.46219963193398 43.09542876883864
660.0 0.00355995337680 21.07001713010753 -153.44007386471557 350037.08343318384141 52.26198735746833 42.93539893424426
690.0 0.00360221149179 21.08582966402425 -153.43333215700173 350007.59532516263425 52.06178405201498 42.77814457473459
720.0 0.00342511979297 21.10165745104362 -153.42654285910143 349970.07198848109692 51.86117205104373 42.62356352881781
750.0 0.00450981132350 21.11779863209602 -153.41940734980736 349991.61454381514341 51.66026676561107 42.47163803773919
780.0 0.00436592217605 21.13394402325103 -153.41223432644333 350005.97204306256026 51.45928707424554 42.32236137611807
810.0 0.00405399807527 21.15011142972385 -153.40500841948847 350011.72970226407051 51.25785172981909 42.17564849230929
840.0 0.00487707222197 21.16628319909829 -153.39774355705524 350010.20433147251606 51.05633898110427 42.03151308242940
870.0 0.00490424245845 21.18247123804675 -153.39042918698007 350000.42262777499855 50.85449346358895 41.88989042996895
900.0 0.00455508914157 21.19866188554933 -153.38307602221599 349983.41417693719268 50.65260760458586 41.75077980086072
930.0 0.00492838826433 21.21518671947946 -153.37536439448897 350023.96559051331133 50.45036326251500 41.61411435854446
960.0 0.00540130804189 21.23139845969273 -153.36791948983048 349991.16468097455800 50.24810134842631 41.47989624726073
990.0 0.00578567665158 21.24795366738001 -153.36010908921392 350015.16601641383022 50.04537355575253 41.34805224003686
1020.0 0.00588830991818 21.26418511619941 -153.35257083253612 349966.48898532334715 49.84276060376163 41.21860309061126
1050.0 0.00550896902548 21.28075671719516 -153.34467063971564 349974.87723157368600 49.63984313595923 41.09148201524867
1080.0 0.00622840885333 21.29734193441605 -153.33672043071829 349974.96332892961800 49.43673496112466 40.96666938095591
1110.0 0.00680496058598 21.31393060460742 -153.32872816575514 349967.54506140761077 49.23365187517584 40.84415026834809
1140.0 0.00659064085293 21.33054040734713 -153.32067800024689 349951.09016554988921 49.03021217885207 40.72387050322362
1170.0 0.00621934974408 21.34748776276390 -153.31227167193475 349992.00427518319339 48.82679130468246 40.60582540096566
1200.0 0.00622438337047 21.36445462986985 -153.30380942227094 350023.99863914959133 48.62313427305829 40.48997231263697
1230.0 0.00622941226934 21.38108921525041 -153.29561635087745 349983.46462468430400 48.41952778662111 40.37629817146598
1260.0 0.00678986916184 21.39808051774245 -153.28705149155923 349998.64672887232155 48.21565583197896 40.26476127434247
1290.0 0.00647190683677 21.41507647703948 -153.27844129953178 350006.02596087660640 48.01185579252611 40.15534906269288
1320.0 0.00692067608093 21.43209783628852 -153.26976688021077 350003.72406165674329 47.80767872099590 40.04801983733913
1350.0 0.00573637453253 21.44911748021656 -153.26105119079560 349994.07546505983919 47.60370224181452 39.94276647513643
1380.0 0.00512862353489 21.46650349053790 -153.25195829170812 350039.34524848870933 47.39950652645704 39.83955139377960
1410.0 0.00583296839296 21.48355506712928 -153.24312769105265 350011.74278053361923 47.19520396190276 39.73835366860044
1440.0 0.00510447536526 21.50060871804119 -153.23425023221279 349976.30426658969373 46.99100727603544 39.63915200584489
1470.0 0.00601609831607 21.51803686494472 -153.22498889916218 349994.99870241712779 46.78653537344947 39.54191766336859
1500.0 0.00547274677103 21.53547112428183 -153.21567752817813 350005.47242329828441 46.58216059226509 39.44663115978345
1530.0 0.00332148074659 21.55292307114784 -153.20630494215658 350006.59587693028152 46.37762912390955 39.35326797239868
1560.0 0.00541136938528 21.57037934416721 -153.19688231302513 349999.55075080599636 46.17322187883283 39.26180541635469
1590.0 0.00426831899020 21.58785426912947 -153.18739589642621 349982.93167976383120 45.96862579521990 39.17222229129327
1620.0 0.00377326851196 21.60533200942058 -153.17785917931818 349958.17050713952631 45.76417456574207 39.08449422239683
1650.0 0.00224685528697 21.62356711183041 -153.16760112733238 350048.79912331048399 45.55941960290289 38.99860557050508
1680.0 0.00368874637259 21.64106866506039 -153.15794668094767 350005.93237899802625 45.35493492700201 38.91452642618000
1710.0 0.00362837358473 21.65858585345629 -153.14822770126904 349953.50198324676603 45.15030116504492 38.83224334084206
1740.0 0.00392621085926 21.67685895167832 -153.13779165850661 350016.67121035605669 44.94562943296842 38.75173440696335
1770.0 0.00209592331734 21.69476510709574 -153.12762938497929 350008.88082881644368 44.74112942275931 38.67297324792080
1800.0 0.00355794063537 21.71269260499799 -153.11739643700193 349990.83949597831815 44.53642144301022 38.59595209643335
1830.0 0.00316149439522 21.73100259460341 -153.10677720933290 350026.13692725263536 44.33187454603959 38.52063938518923
1860.0 0.00364044885143 21.74895099086719 -153.09642127330346 349989.58166084997356 44.12723668817690 38.44702547383126
1890.0 0.00288076365003 21.76728393102493 -153.08567716847207 350006.12344934605062 43.92278296940464 38.37508007470312
1920.0 0.00329330709410 21.78525229116121 -153.07519546565524 349950.86512929014862 43.71820388672209 38.30479872131842
1950.0 0.00235552559598 21.80399368002879 -153.06398892843404 350009.77733421046287 43.51382934758105 38.23614740043617
1980.0 0.00306489935291 21.82237518435251 -153.05303834247721 349996.23554229643196 43.30921187931066 38.16913209224162
2010.0 0.00278517438750 21.84114438756118 -153.04169821957407 350035.47860004194081 43.10492153394932 38.10370404591835
2040.0 0.00350561644948 21.85954201356777 -153.03062144534775 350003.22457241732627 42.90054009655683 38.03986983368073
2070.0 0.00165017614002 21.87795076073368 -153.01947675556642 349961.15210155397654 42.69617753555411 37.97760672606739
2100.0 0.00226697915563 21.89715198827080 -153.00759423647688 350031.42070883046836 42.49204054782047 37.91688420481275
2130.0 0.00374308093615 21.91558373863165 -152.99631170083649 349969.48515352793038 42.28775144891602 37.85771186478058
2160.0 0.00444339912947 21.93481500128439 -152.98428585827213 350019.16608008369803 42.08367587587690 37.80004813227457
2190.0 0.00402079434202 21.95366432159404 -152.97252565452260 349997.87910131644458 41.87956399295158 37.74389561082951
2220.0 0.00373100566945 21.97251620621310 -152.96070256544735 349967.40044411737472 41.67568510957354 37.68921793185596
2250.0 0.00430756212962 21.99178927380958 -152.94845778939242 349985.94199450965971 41.47173372594780 37.63602432026182
2280.0 0.00451987148501 22.01106658034387 -152.93614804063273 349995.04038853477687 41.26803590865378 37.58427279178824
2310.0 0.00520207855110 22.03036844124858 -152.92375202375578 349992.32480467576534 41.06414587073286 37.53398736232467
2340.0 0.00550494590638 22.04966790804638 -152.91129553103093 349980.74500988144428 40.86062943973172 37.48510352235829
2370.0 0.00445949751527 22.06898392084927 -152.89875853683628 349958.06650619953871 40.65707008835064 37.43764454676525
2400.0 0.00452490392952 22.08913821968757 -152.88544716463969 350042.91864007338881 40.45357673885909 37.39158696600906
2430.0 0.00540734390242 22.10846954194215 -152.87276522131867 349999.88761803694069 40.25035313771529 37.34689682249606
2460.0 0.00429347412150 22.12823587938587 -152.85964674631256 350004.03460545279086 40.04702405996156 37.30359816022880
2490.0 0.00549287182156 22.14800607070210 -152.84645758795463 349998.26108593679965 39.84395164281426 37.26164101339469
2520.0 0.00475230470905 22.16821167837371 -152.83283204072796 350039.59291489422321 39.64088858662276 37.22103809730910
2550.0 0.00572932934658 22.18757808467006 -152.81984212325989 349954.21613538358361 39.43809845550982 37.18174812852052
2580.0 0.00568002486377 22.20780448400502 -152.80605741989106 349973.76721116621047 39.23528007082935 37.14379157732768
2610.0 0.00559650968606 22.22803404880748 -152.79219959849385 349983.19951736181974 39.03275563658310 37.10711978064865
2640.0 0.00524836451271 22.24828690144943 -152.77824638425255 349979.95718503277749 38.83008147905563 37.07177190711079
2670.0 0.00530370367417 22.26853617992527 -152.76422472748322 349967.22227312158793 38.62781902543006 37.03767011440480
2700.0 0.00541036242362 22.28923125274055 -152.74975402369648 350000.04924612399191 38.42555383402100 37.00485171076262
2730.0 0.00544054763567 22.30993909926469 -152.73519647503201 350021.24202794302255 38.22339386369173 36.97329252651858
2760.0 0.00497870089068 22.33021579097773 -152.72092335571980 349974.81313051283360 38.02153995819214 36.94295569907418
2790.0 0.00538923159331 22.35137970957084 -152.70582996338749 350029.96099584363401 37.81961968863794 36.91387737827547
2820.0 0.00500184446242 22.37167468562809 -152.69138320398295 349960.53816404566169 37.61799164194596 36.88600047128440
2850.0 0.00536407646202 22.39285665659687 -152.67611627096883 349992.65541551448405 37.41641129520315 36.85934608742239
2880.0 0.00584604943943 22.41404186557319 -152.66076751219299 350013.88118649926037 37.21513653015126 36.83386893280116
2910.0 0.00475934753123 22.43523859921370 -152.64532655925279 350023.02643400337547 37.01397488459597 36.80958427254676
2940.0 0.00525943281775 22.45645107707622 -152.62978733452701 350019.40475864894688 36.81282081094037 36.78649696413727
2970.0 0.00506523340772 22.47766128333033 -152.61416833202935 350005.27423814125359 36.61204436961731 36.76454476564759
3000.0 0.00445245469309 22.49889132869661 -152.59844365388579 349977.57127161324024 36.41115702389822 36.74378735938069
3030.0 0.00493342070885 22.52056251543078 -152.58226974447487 349995.42858075816184 36.21071511340239 36.72413455620480
3060.0 0.00338688479708 22.54224836359812 -152.56599415896235 350000.22915845550597 36.01030692875650 36.70563652432365
3090.0 0.00466174789103 22.56439415708710 -152.54924762482727 350047.96449254453182 35.81003939166255 36.68826835939406
3120.0 0.00411135234192 22.58563675792239 -152.53316272169496 349973.83128691464663 35.61011026053321 36.67199049341357
3150.0 0.00322891000526 22.60779979731393 -152.51622000020407 349996.49568026233464 35.41015046651168 36.65685014266570
3180.0 0.00460338548084 22.62996380945187 -152.49918620351866 350007.52878103591502 35.21051463974459 36.64278357959847
3210.0 0.00254368441796 22.65213926159300 -152.48204779215322 350005.32995466049761 35.01096140242245 36.62981951618752
3240.0 0.00581485844761 22.67431357336985 -152.46481777436756 349991.53883253131062 34.81174274715022 36.61790905064687
3270.0 0.00406707912175 22.69649474592075 -152.44748536092467 349964.88622489012778 34.61266989910761 36.60707349295370
3300.0 0.00463759735763 22.71960941906726 -152.42927907112565 350033.01393243577331 34.41363755270888 36.59732195158668
3330.0 0.00379238541896 22.74179744919882 -152.41174607515671 349981.26711302995682 34.21501149379593 36.58858575292857
3360.0 0.00434076586288 22.76492850451880 -152.39332647366322 350022.76163988187909 34.01630685049397 36.58093734440877
3390.0 0.00535703363983 22.78758795339255 -152.37520141197004 349999.16749596688896 33.81807480483040 36.57427597675553
3420.0 0.00373000107156 22.81025668775891 -152.35696384757784 349961.68244544789195 33.61990662796769 36.56866266005918
3450.0 0.00480060223020 22.83339713126644 -152.33823037049359 349964.36443569418043 33.42190827398777 36.56407176386217
3480.0 0.00482173306051 22.85653382084383 -152.31939756954216 349954.87152739800513 33.22427447753159 36.56046138908525
3510.0 0.00327720752642 22.88062475508589 -152.29966180139320 350036.64804980438203 33.02663973328870 36.55788804841507
3540.0 0.00445949987903 22.90377163014957 -152.28060449839271 349999.73079663049430 32.82935471610704 36.55628230597696
3570.0 0.00352372757670 22.92739738349726 -152.26103794659312 350001.46721102576703 32.63218133257491 36.55567917947155
3600.0 0.00509340824209 22.95101861300553 -152.24136692329483 349990.59896723739803 32.43536685620704 36.55602672013912
3630.0 0.00363038632616 22.97511929883630 -152.22118379634662 350018.10712361335754 32.23872414453091 36.55735132524509
3660.0 0.00480965897569 22.99922969527792 -152.20087547146872 350030.50838995445520 32.04214932963361 36.55966560318397
3690.0 0.00225087958795 23.02333198750159 -152.18046249077099 350030.45256052725017 31.84600395180649 36.56289531892390
3720.0 0.00475934753123 23.04744756896250 -152.15991589061267 350014.34325076080859 31.64980699386185 36.56712380505325
3750.0 0.00343316957680 23.07155004639107 -152.13926734182576 349986.24645994137973 31.45410445761131 36.57224114693349
3780.0 0.00684018060630 23.09662228007741 -152.11768666936621 350046.11414683144540 31.25849076571404 36.57831760582638
3810.0 0.00301760642966 23.12073086167268 -152.09678777528916 349988.34157003834844 31.06307096464354 36.58532682459881
3840.0 0.00471708823436 23.14579826325270 -152.07496800272847 350020.08341482840478 30.86803682786212 36.59322486122881
3870.0 0.00516686089454 23.17087522557735 -152.05301025638005 350035.51277144253254 30.67302655002358 36.60207612786467
3900.0 0.00395740185108 23.19594457689278 -152.03093495006885 350037.29942072182894 30.47838687234239 36.61180620263566
3930.0 0.00362837476661 23.22101613570755 -152.00872708221081 350023.59330461267382 30.28388307504976 36.62245538345907
3960.0 0.00245715071904 23.24607766790291 -151.98640083855443 349996.27847486268729 30.08975568004757 36.63396933921403
3990.0 0.00370082045741 23.27113649352006 -151.96394440785284 349953.90909924544394 29.89582352503660 36.64637834764671
4020.0 0.00398859520666 23.29718027865067 -151.94052352226095 349995.92658889852464 29.70198211176299 36.65969814070296
4050.0 0.00358913280907 23.32321198693486 -151.91698147541197 350024.21577527653426 29.50858878218007 36.67384959994735
4080.0 0.00289887595914 23.34925254286760 -151.89328748395977 350034.87974243424833 29.31516649481822 36.68892546176752
4110.0 0.00375415042307 23.37527576782031 -151.86947516698899 350032.33132076542825 29.12225608559986 36.70480773599236
4140.0 0.00563474468194 23.40129910749645 -151.84551826781160 350013.25044086668640 28.92945524080084 36.72157468056547
4170.0 0.00143182974223 23.42731657459059 -151.82142271142629 349978.47400499414653 28.73686815130067 36.73919920555166
4200.0 0.00589837007969 23.45431532255919 -151.79635636125474 350027.86378144379705 28.54468369320446 36.75763554840190
4230.0 0.00298037839542 23.48031874301480 -151.77197991543878 349961.47947912104428 28.35254384629294 36.77695491716417
4260.0 0.00708669947471 23.50730597041430 -151.74662473924928 349978.44266189634800 28.16079145540711 36.79707846773279
4290.0 0.00593560047768 23.53428938590520 -151.72111869944140 349978.48281206097454 27.96919522546759 36.81805096594168
4320.0 0.00435082838814 23.56125692847730 -151.69547666715496 349963.62020067498088 27.77799011117730 36.83981600715765
4350.0 0.00263122626042 23.58922278896882 -151.66882815998429 350028.90548176970333 27.58699880011933 36.86240720834516
4380.0 0.00464061587883 23.61617792283369 -151.64287863146498 349979.87293407693505 27.39611730600208 36.88584292282885
4410.0 0.00616501636239 23.64412131345873 -151.61593217577206 350012.48834560811520 27.20569883397363 36.91003967664825
4440.0 0.00398356276215 23.67206607476774 -151.58881404167676 350025.93424266111106 27.01527038682265 36.93509844282148
4470.0 0.00455508914157 23.69998630952355 -151.56156004508173 350025.00311518926173 26.82536767694431 36.96089400613112
4500.0 0.00583296839296 23.72789898311314 -151.53414218441969 350006.09623335208744 26.63559172059765 36.98751163208848
4530.0 0.00480362193328 23.75579801908437 -151.50656678772782 349970.12938308715820 26.44604590011207 37.01492348755723
4560.0 0.00361931802112 23.78469409736829 -151.47796744743428 350013.05351911392063 26.25691625820229 37.04308216101239
4590.0 0.00616400940074 23.81358512997270 -151.44919136879199 350036.67295821569860 26.06784860560315 37.07206478415090
4620.0 0.00542847355085 23.84143018045893 -151.42114636105904 349950.55871912185103 25.87918194005650 37.10178852982077
4650.0 0.00691161933544 23.87131038340402 -151.39116137157484 350033.28581205755472 25.69068841343945 37.13230198714644
4680.0 0.00725071130894 23.90014172411556 -151.36190627354003 350006.30862071644515 25.50259753058340 37.16354698456610
4710.0 0.00536709498322 23.92895473883245 -151.33248323286853 349961.55158027540892 25.31473582343642 37.19555991928686
4740.0 0.00801743815064 23.95878352535330 -151.30198697005841 349990.23377623222768 25.12699986390008 37.22836142985594
4770.0 0.00630286610367 23.98858324994084 -151.27133295739915 350002.83240189123899 24.93973879243492 37.26186409632147
4800.0 0.00540533116099 24.01837368721698 -151.24048611633259 349994.76633802708238 24.75248368399775 37.29617620991178
4830.0 0.00572832238493 24.04812930206499 -151.20948474593860 349971.24482084717602 24.56576519136679 37.33116599129814
4860.0 0.00626865659064 24.07890365568555 -151.17738946469353 350019.27678551245481 24.37918769238215 37.36692493452674
4890.0 0.00493241492907 24.10965648578190 -151.14511019391063 350048.29250715207309 24.19285380307534 37.40342444947860
4920.0 0.00629984640059 24.13933783310123 -151.11357574779913 349969.89260760974139 24.00694679713519 37.44061560701991
4950.0 0.00536910890653 24.17004071081077 -151.08093053753601 349961.36013792920858 23.82111633184451 37.47858077329589
4980.0 0.00735837465629 24.20175282950132 -151.04718968540558 350025.12218423187733 23.63569761605910 37.51723347853456
5010.0 0.00462149778995 24.23239805970617 -151.01417633829530 349979.35459693428129 23.45046624872947 37.55662562286575
5040.0 0.00497064992496 24.26405216032426 -150.98005954270963 350005.25505215022713 23.26564640424714 37.59669750837829
5070.0 0.00519201720771 24.29567806409641 -150.94574754929931 350011.46851175930351 23.08106843499826 37.63748786617668
5100.0 0.00311822813670 24.32727869953793 -150.91123139559980 349996.89317785855383 22.89662950313178 37.67901935329679
5130.0 0.00473016809896 24.35883699335444 -150.87653748004325 349965.20150865335017 22.71267476479800 37.72120091905973
5160.0 0.00379439579663 24.39142303129284 -150.84068656265154 349999.06419744435698 22.52873936333620 37.76414745240726
5190.0 0.00476639271717 24.42396319958526 -150.80465477599202 350015.85821535438299 22.34534897241454 37.80772111948902
5220.0 0.00434780986694 24.45647321680193 -150.76840994426937 350011.34651272371411 22.16211133586503 37.85201903107566
5250.0 0.00366862250393 24.48894680322316 -150.73195935817853 349986.62967771012336 21.97912834208287 37.89701182314266
5280.0 0.00447660404461 24.52242999159532 -150.69436209072188 350030.08166838064790 21.79658056001301 37.94264914827593
5310.0 0.00362736780496 24.55482597019522 -150.65749539419107 349964.81028117612004 21.61412148532969 37.98901806347543
5340.0 0.00237363672321 24.58823093461848 -150.61947254298789 349966.93137285206467 21.43208260342618 38.03602871764862
5370.0 0.00439409582854 24.62265606208027 -150.58026427323782 350033.01231032423675 21.25024294331779 38.08373591449745
5400.0 0.00130404134434 24.65597291508820 -150.54181478162448 349994.42775306291878 21.06882146883707 38.13207861850290
5430.0 0.00272077729866 24.69030595858473 -150.50217585512047 350019.79980895388871 20.88765231546512 38.18109753699254
5460.0 0.00480764623426 24.72459873071593 -150.46230285440487 350022.52767288964242 20.70663325665140 38.23081713405624
5490.0 0.00439107612546 24.75883442850426 -150.42222412598721 350006.60668401699513 20.52610554980674 38.28114296813101
5520.0 0.00043669161370 24.79303122812288 -150.38189915257260 349966.63250825554132 20.34560837905740 38.33219596343434
5550.0 0.00570719510026 24.82822932235312 -150.34038648729032 349992.30662296526134 20.16566253155277 38.38383261959503
5580.0 0.00403387420661 24.86338066788186 -150.29863022170508 349994.87609452381730 19.98587910034328 38.43615518606409
5610.0 0.00119235015036 24.89847887578849 -150.25663822932538 349975.55018695816398 19.80635928223731 38.48913350490611
5640.0 0.00233137860822 24.93458149437027 -150.21342925612376 350019.12208934687078 19.62728100485799 38.54271588407123
5670.0 0.00215931344451 24.97063562091249 -150.16996103240277 350038.20116710755974 19.44830157648643 38.59699364392180
5700.0 0.00451182288305 25.00555641210504 -150.12726538268913 349954.83446973003447 19.26974882887249 38.65187374980695
5730.0 0.00360925549585 25.04255717973692 -150.08231174062129 350012.33838761691004 19.09140519141749 38.70741358482192
5760.0 0.00185745423277 25.07949071304956 -150.03711829127295 350048.81664604227990 18.91348453668816 38.76355092359772
5790.0 0.00404796103286 25.11529112954443 -149.99268346785681 349981.16794478800148 18.73582473578304 38.82032816214377
5820.0 0.00418178529128 25.15210130455987 -149.94697217734273 349970.58479951880872 18.55832418574231 38.87777140443770
5850.0 0.00391313099467 25.18990662046464 -149.90000412021359 350020.52198600769043 18.38132033464122 38.93578299688433
5880.0 0.00573234668591 25.22658105069481 -149.85377464832834 349963.80980082228780 18.20435636094936 38.99448946368511
5910.0 0.00622237062904 25.26531782262330 -149.80525643452603 350047.78929398301989 18.02794826693312 39.05374192749832
5940.0 0.00304175696305 25.30291373114136 -149.75748714491877 350026.84708066843450 17.85171046204169 39.11364740584808
5970.0 0.00629582209961 25.34043469742814 -149.70945029971290 349982.51557895448059 17.67574348479931 39.17417492406168
6000.0 0.00540734272054 25.37894546222339 -149.66012223925387 349996.20863443613052 17.50022268406634 39.23527149821877
6030.0 -0.00018111599980 25.41738440536393 -149.61050140451530 349983.78413800708950 17.32480914114416 39.29703237775488
6060.0 0.00430353782864 25.45681075340512 -149.55957127878682 350028.11001257598400 17.14982710717295 39.35936149066225
6090.0 0.00528357980551 25.49615670131526 -149.50834961543831 350047.27191717550159 16.97506237261176 39.42231854169336
6120.0 0.00223679394358 25.53433565691257 -149.45791115093732 349966.28879779484123 16.80072383654195 39.48584023089055
6150.0 0.00467583117163 25.57457855793638 -149.40507459220439 350016.69345102272928 16.62665305052421 39.54997041108146
6180.0 0.00478550962418 25.61473635768782 -149.35193070635282 350040.73363204952329 16.45274904094792 39.61473669442488
6210.0 0.00202750310940 25.65479300602018 -149.29851257354963 350043.15722243208438 16.27934553796574 39.68003834469694
6240.0 0.00637631757424 25.69476437156461 -149.24477269978814 350017.56107338424772 16.10598965385536 39.74600715340588
6270.0 0.00307898736104 25.73462731353350 -149.19076300350824 349971.30195502378047 15.93319271380162 39.81248907570124
6300.0 0.00703638803025 25.77547143288295 -149.13536497985632 349975.15515221934766 15.76057239809289 39.87959561348672
6330.0 0.00470903726865 25.81621367264822 -149.07965810540168 349953.80923042725772 15.58822861853227 39.94729494963276
6360.0 0.00243300491316 25.85792136905301 -149.02257414533719 349985.55325150396675 15.41633420613678 40.01553284425149
6390.0 0.00500586758152 25.89952848118722 -148.96515419927607 349989.23893148358911 15.24455396544363 40.08440821657096
6420.0 0.00596578687160 25.94101966600743 -148.90743167167503 349969.67911137174815 15.07320864174237 40.15382206149561
6450.0 0.00347744397886 25.98347721475306 -148.84828527160781 349998.66162550821900 14.90208734004679 40.22383620089042
6480.0 0.00364547893219 26.02581365918005 -148.78882594747938 350003.90501445997506 14.73139410134037 40.29438634971137
6510.0 0.00599999756651 26.06803231604404 -148.72903578680769 349983.11139037087560 14.56097409763581 40.36551762980606
6540.0 0.00496562102608 26.11121049265591 -148.66779293945604 350008.88319193106145 14.39072698453617 40.43725905864040
6570.0 0.00619721313399 26.15425612869880 -148.60623488701899 350011.76450437307358 14.22098286657317 40.50950690640442
6600.0 0.00167935557229 26.19718359491576 -148.54430996067950 349984.77472012769431 14.05129271907711 40.58239798239437
6630.0 0.00534998963577 26.24104621716770 -148.48095306536359 350009.33135000616312 13.88216330128171 40.65577321840733
6660.0 0.00453999653554 26.28477949633103 -148.41723350954322 350005.61535997129977 13.71321551002670 40.72974838729952
6690.0 -0.00058460388025 26.32837672105788 -148.35316153716582 349975.24592437874526 13.54454865941086 40.80429080131249
6720.0 0.00794096579511 26.37290306921983 -148.28762219300472 349993.69440380483866 13.37633312222052 40.87934498659152
6750.0 0.00497870089068 26.41729270202553 -148.22170125194353 349982.48707400448620 13.20823736863814 40.95501333360059
6780.0 0.00585912930402 26.46260440908519 -148.15429291168550 350019.04557332303375 13.04057871370399 41.03119397411096
6810.0 0.00595069426558 26.50776831320296 -148.08650540485777 350027.36931115761399 12.87314952502912 41.10795068534156
6840.0 0.00317759396290 26.55277405483245 -148.01836171828859 350010.85855125635862 12.70614909827452 41.18521826613134
6870.0 0.00477343553936 26.59762405902476 -147.94984265319309 349967.05209609866142 12.53942616197708 41.26304295482188
6900.0 0.00544356733875 26.64339016970283 -147.87977582621980 349965.52255285345018 12.37288099672703 41.34145509453206
6930.0 0.00154653591177 26.69005575278969 -147.80818788959255 350011.25414824858308 12.20684017355180 41.42034801789091
6960.0 0.00221264341018 26.73656132437538 -147.73617719056637 350025.17157788109034 12.04085845228123 41.49986337032659
6990.0 -0.00125574264130 26.78288590133107 -147.66380558954393 350016.08202944882214 11.87543813947477 41.57983715068691
7020.0 0.00636021800656 26.82903941041553 -147.59102481965212 349977.49763026181608 11.71020328709970 41.66038924682410
7050.0 0.00411537782478 26.87608296150728 -147.51666592752318 349981.33567320462316 11.54525263897293 41.74148606967057
7080.0 -0.00235351167267 26.92293806227265 -147.44192135970479 349960.12808025907725 11.38075416717091 41.82307092222799
7110.0 -0.00030689283814 26.97174492708810 -147.36436972081566 350047.47134446445853 11.21637994462165 41.90524951679799
7140.0 -0.00028073192707 27.01822298441790 -147.28879800250795 349969.85944001935422 11.05244393119347 41.98791716402502
7170.0 0.00236357419794 27.06663862079796 -147.21041388704316 350002.08295479137450 10.88874170184408 42.07113946898628
7200.0 0.00159986587744 27.11484942234512 -147.13162014474844 350008.40477676782757 10.72546791612410 42.15485036728997
7230.0 0.00010363904637 27.16285674125945 -147.05239614436417 349986.18968100659549 10.56247479287860 42.23909708928792
7260.0 0.00218849524055 27.21172156009258 -146.97151640249820 350002.33391186874360 10.39966323026225 42.32391124299826
7290.0 -0.00342914409395 27.26036639987691 -146.89022605531670 349993.94655063655227 10.23735635656271 42.40918325256053
7320.0 0.00123461181099 27.30986087558056 -146.80724367589826 350021.02441830281168 10.07511263250174 42.49505947323405
7350.0 0.00079691441751 27.35912411040226 -146.72384807307566 350024.51647724118084 9.91343002536411 42.58137101725936
7380.0 0.00089552220125 27.40816408186052 -146.63998643678539 349997.33969927486032 9.75193567624274 42.66824177835377
7410.0 0.00122857595046 27.45802953344437 -146.55443819432645 350009.23236259073019 9.59072778419700 42.75563723327959
7440.0 -0.00005332760191 27.50765358604815 -146.46845032912799 349995.45116732548922 9.42997197596073 42.84349946363106
7470.0 0.00101525963342 27.55809519387251 -146.38073310946217 350017.06587260868400 9.26934386075642 42.93193739408630
7500.0 -0.00026463354128 27.60828549975511 -146.29256356339852 350012.61551924888045 9.10915411726349 43.02084353327243
7530.0 0.00169143202087 27.65822651180409 -146.20391153060476 349978.16491909604520 8.94920147001677 43.11028521436190
7560.0 0.00326915774258 27.70895765542735 -146.11354820646847 349984.58898748178035 8.78967604816174 43.20019554991061
7590.0 -0.00076672802359 27.75942738763068 -146.02269824112639 349961.83121550176293 8.63043349332317 43.29062266016542
7620.0 -0.00055039436722 27.81068025744364 -145.93008056992304 349974.50111097935587 8.47137531111501 43.38159937281007
7650.0 -0.00006741561004 27.86165436596185 -145.83699862166065 349962.49282333068550 8.31282127612836 43.47301321040887
7680.0 -0.00041254344406 27.91444306161990 -145.74083591668574 350049.24165623914450 8.15433346301730 43.56501515715234
7710.0 -0.00489820423416 27.96485461583824 -145.64675586756215 349979.95518171414733 7.99640561220484 43.65743144874553
7740.0 -0.00021029661395 28.01706238505707 -145.54959353584968 350011.65155736450106 7.83866788476021 43.75038991405015
7770.0 -0.00242696550699 28.06897385477300 -145.45191192096533 350013.99617484025657 7.68121795878069 43.84385506081831
7800.0 -0.00166426178439 28.12058055078526 -145.35373620873096 349990.68847015313804 7.52421916887360 43.93776774362200
7830.0 -0.00342310823342 28.17292039462196 -145.25371661905567 350000.36459674872458 7.36735059162370 44.03224002265114
7860.0 -0.00350561763136 28.22494351943093 -145.15319006214682 349984.10104805137962 7.21091969698935 44.12716160489010
7890.0 -0.00338789057685 28.27768081715650 -145.05081645559275 350002.91049231775105 7.05472829993305 44.22260147415758
7920.0 -0.00402280590157 28.33008911868051 -144.94792338982359 349995.56465962994844 6.89896210099808 44.31849195035151
7950.0 -0.00794096815887 28.38216720522059 -144.84448715139004 349959.03932895045727 6.74348009668853 44.41488195925923
7980.0 -0.00603119092209 28.43596188818235 -144.73784697995907 350020.98897449113429 6.58818438777875 44.51180551578684
8010.0 -0.00426831899020 28.48838161699479 -144.63200633068553 349993.78581620194018 6.43339148197283 44.60914722973011
8040.0 -0.00784235919325 28.54147825040492 -144.52424266865359 349997.18296002503484 6.27866697898938 44.70706267058468
8070.0 -0.00391614951587 28.59523034022309 -144.41462447225473 350042.41089249774814 6.12450050293846 44.80537317777089
8100.0 -0.00221365037184 28.64760193478784 -144.30575598867188 349991.80397138837725 5.97052516389758 44.90421047607178
8130.0 -0.00684621528495 28.70163460114759 -144.19362992033194 350041.11632846388966 5.81683814117793 45.00353806764529
8160.0 -0.00609759957047 28.75427184612166 -144.08229761782874 350001.04826626926661 5.66360052800337 45.10329556866968
8190.0 -0.00379741668159 28.80754037836081 -143.96900556575412 349992.67098969500512 5.51049479841051 45.20359812437530
8220.0 -0.01307261021497 28.86142264273109 -143.85379282241371 350023.22662973869592 5.35782528390129 45.30433262535518
8250.0 -0.00520107158945 28.91390062867983 -143.73934047168103 349959.92450032196939 5.20539682999190 45.40556964663374
8280.0 -0.00840080334432 28.96798021790228 -143.62158443773006 349999.28092789370567 5.05339080669428 45.50724073832748
8310.0 -0.00638638009951 29.02164436297719 -143.50322073841400 350009.97710940800607 4.90166949717955 45.60939556170685
8340.0 -0.00644474132781 29.07488924910770 -143.38423077075382 349989.69465719535947 4.75013558422881 45.71206929669655
8370.0 -0.01138218633764 29.12869961520560 -143.26328754190035 350010.17252387665212 4.59910239215438 45.81514361468174
8400.0 -0.01125641186305 29.18207660163774 -143.14168515381598 349996.79911475442350 4.44813895667478 45.91877865722618
8430.0 -0.01360086679023 29.23599750649208 -143.01812033418545 350025.71362038888037 4.29773089318394 46.02279082345174
71220.0 0.01502867223148 4.32576933300622 -157.91055935619150 350005.94768002256751 3.59977668215920 190.73917974405424
71280.0 0.01802313627127 4.50095558563000 -157.80086651473735 349961.33095555007458 3.83456330736954 190.44282447286554
71310.0 0.01932516605606 4.58720711681452 -157.74709539804056 349989.18135350476950 3.95272490975800 190.29518395651192
71340.0 0.01915612532296 4.67358656636829 -157.69380537334700 350011.82443918846548 4.07151695959575 190.14770671745202
71400.0 0.01885728108677 4.84669702512909 -157.58878127301938 350033.25507687404752 4.31072243966153 189.85367111918626
71430.0 0.01819721063077 4.93342756940798 -157.53700556657813 350033.86219030525535 4.43122660399501 189.70696200092428
71460.0 0.01926177592888 5.02026199511611 -157.48576931187722 350024.29904640186578 4.55221297566150 189.56064689890678
71490.0 0.01450846544006 5.10720501483391 -157.43502311443933 350007.21977698244154 4.67379480409139 189.41454130836252
71520.0 0.01848598997792 5.19424552293338 -157.38480971961914 349979.65370804909617 4.79586604262519 189.26881298029843
71850.0 0.01635183166470 6.13319564431926 -156.86847239475799 350035.92449175845832 6.17532791321459 187.68299034773213
71880.0 0.01667884837150 6.21817260598504 -156.82456716572150 350008.07044787332416 6.30395465682473 187.54050125574358
71910.0 0.01484654808814 6.30321261212959 -156.78113215600717 349968.42101826891303 6.43313727341491 187.39825025805257
71940.0 0.01336843592995 6.38528449083635 -156.73851050491518 350045.62625493016094 6.56293514041896 187.25614188766298
71970.0 0.01110749145297 6.47043686091170 -156.69603162956915 349980.10861167404801 6.69315491147570 187.11447589981807
72000.0 0.01085091124117 6.55262423210249 -156.65432248384172 350032.99637035001069 6.82406198113233 186.97283485002703
72030.0 0.01276269885562 6.63636576760358 -156.61295237448024 350005.56072104442865 6.95535434465357 186.83168724958247
72060.0 0.01267415359715 6.72016155922816 -156.57201796277027 349966.55249730031937 7.08725675503852 186.69067977595796
72090.0 0.01017876670035 6.80249102031710 -156.53170512753590 349978.61108136642724 7.21970751544121 186.54990588000206
72120.0 0.01604695156799 6.88485704588796 -156.49187468047094 349975.24318274669349 7.35260759039505 186.40951634102885
72150.0 0.01163675735364 6.96727334894232 -156.45245696027550 349960.53209803625941 7.48615104476062 186.26920720889717
72180.0 0.01325473317643 7.04821107450119 -156.41367058691571 349994.70073973201215 7.62014889240437 186.12926850257790
72210.0 0.00953882011300 7.12918916342281 -156.37531193522321 350015.70925944950432 7.75471799531243 185.98951630622756
72240.0 0.00979037142592 7.21170349476959 -156.33726904647932 349956.13021115772426 7.88975049340006 185.85011423881838
72270.0 0.00874190569548 7.29123429097864 -156.29995450171631 350012.08740244060755 8.02532597746975 185.71093629179649
72300.0 0.00762501975712 7.37230811974988 -156.26290510069668 349990.04563084430993 8.16150523738008 185.57188599127974
72330.0 0.00598691770192 7.45339695173611 -156.22633211124852 349950.46001827809960 8.29809078764268 185.43326414327700
72360.0 0.01093945649964 7.53301802874510 -156.19027707437547 349964.23787691816688 8.43535407956307 185.29465038935922
72390.0 0.00853060211988 7.61264741626220 -156.15469974198075 349959.56080818269402 8.57298617998823 185.15651597867833
72420.0 0.01337346601070 7.69080102072064 -156.11964919673309 350006.69465287309140 8.71121693191736 185.01850501606376
72450.0 0.01208250571284 7.76897465900775 -156.08501168045856 350038.72844155598432 8.84998295517229 184.88071164418275
72480.0 0.00831527306141 7.84865632001361 -156.05069864917590 349987.46564893610775 8.98918350975335 184.74328659335362
72510.0 0.00420291848536 7.92686090623599 -156.01688700239583 349988.48364241328090 9.12901640641890 184.60592435718979
72540.0 0.00287573238740 8.00506924644635 -155.98351357066508 349971.86908431258053 9.26928880313410 184.46891614363014
72570.0 0.00449169783251 8.08179338752928 -155.95064796466579 350006.20486084651202 9.41011916868285 184.33207788592210
72600.0 0.00062485279945 8.15851949281095 -155.91820667718679 350023.05487912334502 9.55139897747016 184.19557150237296
72630.0 0.00217843271528 8.23525236325397 -155.88616332366499 350023.83058021962643 9.69320814715076 184.05927188933100
72660.0 0.00189770197008 8.31199527263058 -155.85449767922205 350009.55235605966300 9.83560883296043 183.92308137804926
72690.0 0.00157672230569 8.38872733032516 -155.82326877001609 349976.09967354405671 9.97839959092254 183.78730235235898
72720.0 0.00080798272256 8.46398169333145 -155.79248314831182 349995.84499224461615 10.12185770010694 183.65151076133674
72750.0 -0.00111286163739 8.53921939093848 -155.76213489374609 349995.66971192043275 10.26566756281845 183.51618144401880
72780.0 0.00584303091823 8.61297247780356 -155.73223720548651 350047.42209264077246 10.41006391387224 183.38095526604508
72810.0 0.00007948851298 8.68820843711734 -155.70263578821101 350014.81963144894689 10.55498173179132 183.24592722896199
72840.0 -0.00081200584166 8.76342685923119 -155.67344607875947 349963.11220439709723 10.70031868514729 183.11124827234320
72870.0 -0.00018111718168 8.83716101120510 -155.64468274512981 349963.92148308828473 10.84627612692221 182.97661075798860
72900.0 -0.00009961474539 8.90939450449938 -155.61639008419280 350013.94177796505392 10.99265755103063 182.84230760832290
72930.0 -0.00271071477339 8.98162086128169 -155.58845499275716 350047.38629323989153 11.13958288451239 182.70815426294646
72960.0 0.00157672230569 9.05530645532993 -155.56084239114941 349993.52410931326449 11.28694310075844 182.57431120572625
72990.0 -0.00392419811783 9.12749752492468 -155.53365944789073 349990.62673146277666 11.43481831548459 182.44065400862610
73020.0 -0.00466979649298 9.19967813697185 -155.50682006556664 349971.27468758448958 11.58327199283490 182.30708359380984
73050.0 -0.00632500035000 9.27035245774302 -155.48043245152758 350000.76993379835039 11.73209892662523 182.17390450959226
73080.0 -0.00323696215286 9.34102240602802 -155.45435785203401 350015.23869593534619 11.88158196437550 182.04068813565840
73110.0 -0.00115411515448 9.41165543203880 -155.42868124343443 350008.83350204024464 12.03139913589227 181.90791385435574
73140.0 -0.00427335261660 9.48227207812554 -155.40333689574592 349985.62445959728211 12.18178984318371 181.77521854072140
73170.0 -0.00679288650116 9.55139593429066 -155.37838173098294 350014.20573208760470 12.33268746929635 181.64269824113924
73200.0 -0.00412342642674 9.62048628714027 -155.35379393394302 350023.12683684285730 12.48398821048660 181.51050438741731
73230.0 -0.00898339566502 9.68956057340707 -155.32951874604933 350015.75560733862221 12.63589673577184 181.37832656393817
73260.0 -0.01137413773568 9.75859772205091 -155.30560630453536 349988.53331282921135 12.78821308302494 181.24645999185157
73290.0 -0.00829011793012 9.82614588678966 -155.28205132419208 350014.12681857775897 12.94105847614938 181.11471923529990
73320.0 -0.01213784841994 9.89365738564626 -155.25884590922891 350020.23685078043491 13.09432355490530 180.98326362664071
73350.0 -0.01026630617904 9.96113791365511 -155.23596813394215 350008.07595307286829 13.24808849680923 180.85196916252207
73380.0 -0.01353747666305 10.02859172645393 -155.21340054974561 349978.56468717474490 13.40241800804424 180.72073511176237
73410.0 -0.01082877344921 10.09454244509312 -155.19120765922321 349999.75717645511031 13.55710333414395 180.58986883804394
73440.0 -0.01428106347865 10.16047376162547 -155.16929623533503 350005.04630596749485 13.71243259790631 180.45893616549515
73470.0 -0.01098272275816 10.22635227733747 -155.14774470025750 349988.99424626585096 13.86807778029718 180.32842208392751
73500.0 -0.01179674370501 10.29219953955734 -155.12649228501556 349955.40998672507703 14.02428269629930 180.19795863192167
73530.0 -0.01603487748317 10.35656000605450 -155.10555571918070 349975.57018844876438 14.18097918386621 180.06764310632281
73560.0 -0.01792452848753 10.42087252046527 -155.08495022653281 349975.65112550277263 14.33806209261273 179.93762774052774
73590.0 -0.01728257152251 10.48515528962212 -155.06462531627258 349958.79488540068269 14.49573915643468 179.80759861752631
73620.0 -0.01775649353420 10.54794549143588 -155.04461927913778 349994.91001784801483 14.65380718347383 179.67785390494990
73650.0 -0.01545530368367 10.61069840563743 -155.02490359415617 350013.05091014318168 14.81238851854586 179.54820686631427
73680.0 -0.01257453766988 10.67340168803722 -155.00550192621657 350011.42675994988531 14.97137363870095 179.41881598177343
73710.0 -0.01299614022320 10.73606132574340 -154.98639430540655 349991.15846950467676 15.13084263884664 179.28955739718120
73770.0 -0.01762769935654 10.85837832542330 -154.94901163617362 350042.82841614726931 15.45121781890472 179.03144003910302
73830.0 -0.01930101788642 10.98051240109693 -154.91277175034813 350019.95086859911680 15.77348921382701 178.77385409255120
73860.0 -0.01887639799378 11.04150492992601 -154.89508057385945 349980.03742009401321 15.93531841056686 178.64527458995511
73890.0 -0.01883212595548 11.10102363068714 -154.87763456031331 349996.59708365052938 16.09762293530551 178.51681159202843
73920.0 -0.01752406149204 11.16048392239710 -154.86048479874574 349993.10447844862938 16.26029642462966 178.38861847076319
73950.0 -0.01963708779307 11.21848573619547 -154.84354269642986 350048.40232272818685 16.42354939759522 178.26037699586666
74010.0 -0.01967029507196 11.33574360811781 -154.81053735532143 350025.26853553764522 16.75129854513892 178.00446596813723
74100.0 -0.01947005980140 11.50769588476143 -154.76290729107859 350040.92680178117007 17.24629609044355 177.62155740034677
74340.0 -0.01930101788642 11.95069007838494 -154.64653091521285 349987.59094377513975 18.58592253003063 176.60532551441949
74670.0 -0.01805634118640 12.51829972421836 -154.50913138377422 350026.69140572380275 20.47336501590964 175.21703730441612
74790.0 -0.01933824710253 12.71502203085782 -154.46513032478910 349969.12466491013765 21.17240503845950 174.71396648294248
75030.0 -0.01779070422911 13.08925595891867 -154.38530376095557 350019.62323943246156 22.59015695800431 173.70926741873527
75150.0 -0.01934730148427 13.26950482245997 -154.34940167692537 349974.43863655999303 23.30866872819217 173.20706933343115
75540.0 -0.01913901761174 13.81772904775292 -154.24823652888287 350039.59352274984121 25.68636027499807 171.57165154837492
75750.0 -0.01723427400136 14.09396809264226 -154.20291169188033 349969.81241349130869 26.99258850974392 170.68602696103878
75780.0 -0.01979707532632 14.13209749792142 -154.19684925494869 349978.03854777384549 27.18068108537854 170.55896883823530
75840.0 -0.01985543655462 14.20690283067834 -154.18496451451486 350041.87277257442474 27.55774585304072 170.30473185847248
75870.0 -0.01950125197510 14.24483506098288 -154.17933299844611 350003.94513891078532 27.74683740541184 170.17734368957915
75930.0 -0.01933422398343 14.31925748685104 -154.16828109806036 349977.16496452316642 28.12598597837104 169.92222415513788
75960.0 -0.01899211230685 14.35576350572918 -154.16283929048802 349989.90758816804737 28.31615203776440 169.79429728412728
76050.0 -0.01836222824477 14.46365493695545 -154.14711784555240 350034.14057447947562 28.88841933800293 169.40989190616867
76080.0 -0.01779573549174 14.49989570665094 -154.14221685810855 349986.87979954760522 29.07982260431588 169.28142132635301
76110.0 -0.01954250667407 14.53486586623261 -154.13720306123253 350023.31444896757603 29.27163984450226 169.15261790484706
76140.0 -0.01812073827523 14.56977165391262 -154.13231924408899 350045.16035847552121 29.46374764782065 169.02367229529503
76170.0 -0.01929497966213 14.60581035398885 -154.12780962737298 349953.28068924695253 29.65607772714642 168.89468647104695
76200.0 -0.01755927796673 14.63938580989923 -154.12293920477094 350044.96063494030386 29.84881793068702 168.76534070774667
76230.0 -0.01849907220627 14.67410343803610 -154.11842676624008 350023.81652809772640 30.04189061655985 168.63575109582405
76260.0 -0.01974475350419 14.70874751248075 -154.11404852439776 349987.54092266224325 30.23518579372005 168.50608872465685
76290.0 -0.01724634690429 14.74214841558135 -154.10953056919104 350037.81330249179155 30.42892234330916 168.37597896284421
76320.0 -0.01759751296261 14.77666824961151 -154.10538755549342 349973.38986038137227 30.62288287561828 168.24577139485552
76350.0 -0.01722521725586 14.80994189875117 -154.10111043904647 349995.42109709046781 30.81718999373049 168.11525011240300
76380.0 -0.01726848469626 14.84314877646495 -154.09695632349224 350003.17456675320864 31.01173982660970 167.98457716801227
76410.0 -0.01748783569195 14.87629529351760 -154.09291511965077 349997.22878236230463 31.20660534003493 167.85361841462307
76440.0 -0.01858661286685 14.90938762377862 -154.08897724164351 349978.12672236841172 31.40185699045871 167.72224218437592
76470.0 -0.01852623889711 14.94124566579108 -154.08489894877403 350046.84222652018070 31.59737107151172 167.59064458603740
76500.0 -0.01633170779604 14.97420134333414 -154.08120105675059 349999.34567802120000 31.79307923418386 167.45892999339043
76530.0 -0.01695152933285 15.00594063113029 -154.07734206208667 350041.26437631342560 31.98916919678319 167.32676658305789
76560.0 -0.01705013829847 15.03877936794554 -154.07385235669474 349967.14088680408895 32.18556257602373 167.19427424085748
76590.0 -0.01678349319765 15.07039017216916 -154.07021800252701 349981.69894763361663 32.38214961716371 167.06162842967032
76620.0 -0.01614656631338 15.10195352695756 -154.06667404533735 349983.96731495391577 32.57914842397965 166.92844088382461
76650.0 -0.01738822094655 15.13344805479386 -154.06324524987795 349972.34499630797654 32.77634162484379 166.79507244804958
76680.0 -0.01634378188086 15.16431447754784 -154.05978026691636 349999.87066685035825 32.97385049150314 166.66130009808896
76710.0 -0.01581552530560 15.19511677848786 -154.05642409227053 350014.00885526090860 33.17157272864386 166.52728781356734
76740.0 -0.01717691973471 15.22642780669140 -154.05330536990780 349962.81578474398702 33.36957946081272 166.39289806557798
76770.0 -0.01602682769933 15.25655433224783 -154.05000111261154 350004.21177699416876 33.56794085739281 166.25799288048808
76800.0 -0.01461713338531 15.28662094770641 -154.04679866510349 350032.71446003578603 33.76653317776287 166.12277454458018
76830.0 -0.01457688801175 15.31662064316597 -154.04370477984907 350047.86241331044585 33.96528813641149 165.98735012801745
76860.0 -0.01604997008919 15.34712952632298 -154.04083890827411 349997.84145096596330 34.16439273593047 165.85137394657633
76890.0 -0.01516652197276 15.37646385231862 -154.03778362980833 350041.52540134079754 34.36376799215150 165.71497011098913
76920.0 -0.01594633104282 15.40628840826967 -154.03497578228354 350018.75780936796218 34.56330462976542 165.57831905254844
76950.0 -0.01486264883770 15.43606503366153 -154.03224813659787 349984.17818148247898 34.76321927258060 165.44101684858506
76980.0 -0.01416534798370 15.46467139989940 -154.02933286193857 350043.93075279705226 34.96329512417997 165.30343712840349
77010.0 -0.01434948486847 15.49432476163256 -154.02679612346907 349983.95294712763280 35.16365169694915 165.16534858502476
77040.0 -0.01464631399946 15.52281702598194 -154.02406384936253 350019.14131117612123 35.36418848853516 165.02691750601625
77070.0 -0.01473586858334 15.55125553336162 -154.02141860226800 350042.36408358532935 35.56497449974881 164.88800227673036
77100.0 -0.01390675266671 15.58018898398157 -154.01900108034283 349999.62203426007181 35.76607931117329 164.74845767240356
77130.0 -0.01378601063665 15.60851837679940 -154.01652626690455 349998.88925462495536 35.96737944282633 164.60849295542818
77160.0 -0.01398725050511 15.63624299009668 -154.01399782693088 350040.24424408469349 36.16880681015233 164.46821820576395
77190.0 -0.01376789832754 15.66445888827699 -154.01169582355686 350015.47453544568270 36.37054701967320 164.32727185331379
77220.0 -0.01478013943976 15.69261780304544 -154.00947778576281 349978.71519818250090 36.57252064676628 164.18578270342442
77250.0 -0.01342679479449 15.71964502823417 -154.00704694663273 350039.88451551739126 36.77461916536785 164.04393680603076
77280.0 -0.01360388649331 15.74769294383774 -154.00499245068158 349979.51373452972621 36.97705690831277 163.90131226084830
77310.0 -0.01309776534626 15.77461685379139 -154.00271980522737 350017.76478165481240 37.17961828788406 163.75829719177764
77340.0 -0.01300620156659 15.80149172746762 -154.00052296681434 350044.80698225740343 37.38242056675504 163.61465066718162
77370.0 -0.01288243983344 15.82883124752961 -153.99856859207469 350004.10173122864217 37.58536526419260 163.47054167541188
77400.0 -0.01253227600926 15.85611386283892 -153.99669317676566 349951.70660962257534 37.78851893826756 163.32582370488140
77430.0 -0.01334428776031 15.88230754002265 -153.99457082662235 350000.60609885398299 37.99195022386021 163.18034317676961
77460.0 -0.01281099637678 15.90844712792025 -153.99252787064103 350038.17547803930938 38.19553623527566 163.03431721409913
77490.0 -0.01236424460157 15.93504071282896 -153.99073089369767 350007.43685144931078 38.39920923915450 162.88785923813063
77520.0 -0.01285929389793 15.96158668794816 -153.98900094389077 349965.78758220933378 38.60315265200646 162.74058945799248
77550.0 -0.01247190558516 15.98705596708682 -153.98702100157834 350026.61735594645143 38.80728679137634 162.59264188833131
77580.0 -0.01303437521909 16.01348447615106 -153.98544826300582 349961.95253460016102 39.01150418063660 162.44420890926386
77610.0 -0.01093140671581 16.03885471336670 -153.98360966843035 350001.06578542664647 39.21601591999907 162.29484797341715
77640.0 -0.01332416270977 16.06416682585344 -153.98185059237628 350028.89054176490754 39.42060835332405 162.14496362283333
77670.0 -0.01066979405949 16.08943182410300 -153.98015833731193 350046.11516357865185 39.62539592755923 161.99430375370343
77700.0 -0.01193761196750 16.11513974419051 -153.97870793960448 349994.48862564936280 39.83028242409340 161.84304045812695
77730.0 -0.01115579133789 16.13979792283439 -153.97699333809848 350047.58065131120384 40.03533159399514 161.69102139080266
77760.0 -0.01181787335344 16.16491158974087 -153.97550538121251 350032.61394422408193 40.24061070233554 161.53808332955612
77790.0 -0.01202816878552 16.18996909701440 -153.97408923570870 350006.65501798875630 40.44599783550230 161.38445224111118
77820.0 -0.01140130560840 16.21496371507560 -153.97275062889784 349969.36551792640239 40.65142577521683 161.23024523792179
77850.0 -0.01163071912935 16.23893618012400 -153.97113033025261 350038.80959613621235 40.85707481651604 161.07506161095012
77880.0 -0.01073922241096 16.26383681011207 -153.96991414544257 349980.81040455680341 41.06286522639258 160.91904115002089
77910.0 -0.01150494347289 16.28770585009171 -153.96842985824495 350029.21478238422424 41.26869091188713 160.76238334626512
77940.0 -0.01122018842672 16.31250384551081 -153.96734074353242 349950.14755380805582 41.47475864126588 160.60462192873644
77970.0 -0.01039610731836 16.33627876533787 -153.96597894057120 349978.15124539006501 41.68085751725629 160.44618002789437
78000.0 -0.01084587761478 16.36000940633256 -153.96467563977097 349996.18221827968955 41.88709851279974 160.28679258133516
78030.0 -0.01045949862742 16.38368646699640 -153.96343910077428 350003.77525655366480 42.09338792343618 160.12663519672978
78060.0 -0.01061143401307 16.40731593777845 -153.96226236324688 350001.28128801845014 42.29978627319439 159.96554861278477
78090.0 -0.01021800629413 16.43090434439402 -153.96113804897442 349989.06730130501091 42.50635895026976 159.80335845809037
78120.0 -0.01155022365472 16.45443971922461 -153.96007698393058 349966.53794128820300 42.71298544156018 159.64030063980431
78150.0 -0.00962736773523 16.47744981861857 -153.95890721643474 349993.46449125185609 42.91959922146479 159.47649633253113
78180.0 -0.01092134419054 16.50042250515323 -153.95778656824257 350011.01120438333601 43.12637636496925 159.31152079163869
78210.0 -0.01021700169623 16.52381086442976 -153.95690061807775 349958.42186754290015 43.33323732311241 159.14552020825369
78240.0 -0.00953177729081 16.54622163038730 -153.95572204776192 350016.34628403652459 43.54007775881292 158.97870204548641
78270.0 -0.01056615501312 16.56905796166661 -153.95476678997684 350004.68272105418146 43.74709881764992 158.81057276360971
78300.0 -0.00960824846446 16.59183816476761 -153.95387506585365 349982.81447176914662 43.95409331078456 158.64157653790727
78330.0 -0.00930336836775 16.61412151610919 -153.95285399143384 350012.28845316171646 44.16116796613191 158.47143328794940
78360.0 -0.00983061798136 16.63635523901799 -153.95189149336846 350032.01191933266819 44.36823185571907 158.30032255877589
78390.0 -0.00838973385739 16.65854521966902 -153.95098107613535 350042.29709390178323 44.57534178712100 158.12807692817731
78420.0 -0.00944725633332 16.68069803292813 -153.95011569138828 350043.47742580156773 44.78256066219445 157.95450912300714
78450.0 -0.00947844614326 16.70280180279928 -153.94930568357896 350035.01826855633408 44.98976985450437 157.77986622236725
78480.0 -0.00957102043023 16.72484997913574 -153.94855626496920 350016.65034880768508 45.19690372235874 157.60427386117178
78510.0 -0.00963642093508 16.74686018684632 -153.94785008136901 349989.21553654689342 45.40413281815789 157.42727966439728
78540.0 -0.00932047371521 16.76882457238553 -153.94719364204695 349952.37595668714494 45.61137804146893 157.24903692656258
78570.0 -0.00924701988088 16.78986779574111 -153.94622204574264 350030.03200825024396 45.81853722567403 157.06976204013117
78600.0 -0.00950964186261 16.81174498777130 -153.94566160060802 349974.73904109187424 46.02580436983949 156.88893012322458
78630.0 -0.00958409793107 16.83271028940027 -153.94478212229879 350034.56327630300075 46.23297708676402 156.70700918640088
78660.0 -0.00819553681112 16.85449007927701 -153.94432375779834 349960.46935978438705 46.44015694977251 156.52370177131652
78690.0 -0.01077242732609 16.87536960104594 -153.94354037684278 350002.21579419448972 46.64725607822027 156.33919179840305
78720.0 -0.00956598798572 16.89621002625925 -153.94280198476625 350035.16402782686055 46.85432698773426 156.15330226804713
78750.0 -0.00994230681157 16.91743593925044 -153.94229232461552 349996.58419258054346 47.06142935741163 155.96583098473289
78780.0 -0.00898842692765 16.93819717665902 -153.94164092632548 350011.91745366342366 47.26844700000618 155.77703759605370
78810.0 -0.00879825300048 16.95932075699756 -153.94123436072809 349954.72616499662399 47.47531536165261 155.58705263912634
78840.0 -0.00883145791561 16.97999569795690 -153.94067323050217 349952.24758406821638 47.68219792060184 155.39539198867172
78870.0 -0.00838772229784 17.00022154935365 -153.93996204240293 350004.60026514250785 47.88901632240017 155.20221684856094
78900.0 -0.00861411729759 17.02040123865955 -153.93930078070832 350048.08753174636513 48.09567103250828 155.00775362291887
78930.0 -0.00824383551415 17.04095815125839 -153.93886480961916 350019.66759658232331 48.30234709555435 154.81144144239556
78960.0 -0.00773570044379 17.06146365328352 -153.93847867760635 349982.14277935959399 48.50884818881946 154.61377533751187
78990.0 -0.00784839505378 17.08153018649498 -153.93793699750893 350000.10415091272444 48.71526965169071 154.41443780218043
79020.0 -0.00719436518582 17.10155236627094 -153.93744063175512 350009.37225105520338 48.92152692738576 154.21361760671044
79050.0 -0.00776186253674 17.12153584647415 -153.93698388282564 350010.18890758790076 49.12766755768072 154.01112659867067
79080.0 -0.00627267852786 17.14148727091668 -153.93656026551383 350002.82294426579028 49.33374710600127 153.80674537102863
79110.0 -0.00677880085679 17.16139493037588 -153.93617928709125 349986.85469470266253 49.53965245345488 153.60074775074020
79140.0 -0.00674861446287 17.18125243277174 -153.93584573276328 349962.07776803057641 49.74532034999051 153.39326969825885
79170.0 -0.00801240688801 17.20069416290597 -153.93534516504826 349994.11266776360571 49.95090534430894 153.18379067691234
79200.0 -0.00686332181428 17.22010057299426 -153.93488107742337 350018.00549322087318 50.15633016172754 152.97248076447150
79230.0 -0.00690759503446 17.23946161844217 -153.93446139829641 350033.42120462097228 50.36149841608698 152.75957763028720
79260.0 -0.00711588008886 17.25879740626571 -153.93406823546610 350041.09018107876182 50.56658404379439 152.54447920000612
79290.0 -0.00786449462146 17.27808758074037 -153.93371832358886 350040.31808910798281 50.77139825094867 152.32771118403136
79320.0 -0.00745496969860 17.29734274395890 -153.93340194565968 350031.49544015340507 50.97602885699787 152.10893308172706
79350.0 -0.00740365365624 17.31655452418124 -153.93312553499567 350014.35835023503751 51.18039490864491 151.88833907233422
79380.0 -0.00822974986979 17.33572845033907 -153.93288373464000 349989.11701801698655 51.38453816234912 151.66572817398168
79410.0 -0.00824282618874 17.35487118900166 -153.93267029656940 349956.00938919931650 51.58850898194250 151.44086125890198
79440.0 -0.00765017488841 17.37325047892402 -153.93208800929449 350046.90014295931906 51.79219803661054 151.21402824182451
79470.0 -0.00736843718156 17.39230637647358 -153.93195318307357 349997.40480243228376 51.99554360908098 150.98537118074029
79500.0 -0.00751835982578 17.41097554211404 -153.93164095525151 350006.45154688507318 52.19868909467489 150.75432798103927
79530.0 -0.00687740982241 17.42961050118405 -153.93136039980783 350007.69176835753024 52.40155867719868 150.52107881233718
79560.0 -0.00797115218904 17.44820131675240 -153.93111912183014 350000.83815273828804 52.60405969769405 150.28587413109190
79590.0 -0.00732818944424 17.46676801390340 -153.93089992714363 349986.52578149270266 52.80635241465501 150.04806495609145
79620.0 -0.00755055896113 17.48494553146932 -153.93051281205430 350031.01071241404861 53.00825727017754 149.80821192538630
79650.0 -0.00751433670668 17.50343661475147 -153.93036024503652 350001.04041348211467 53.20985303040866 149.56594843960247
79680.0 -0.00761696879140 17.52188569583535 -153.93024266833424 349963.12818554788828 53.41106262783646 149.32147483460412
79710.0 -0.00713700855541 17.53996115324685 -153.92994750562585 349984.66918214876205 53.61192106940742 149.07457566654088
79740.0 -0.00752540501172 17.55801191740946 -153.92967532153503 349998.89205328375101 53.81247220762478 148.82498950327326
79770.0 -0.00686935885669 17.57602643594234 -153.92943495018113 350005.48281512968242 54.01261133121994 148.57302469739338
79800.0 -0.00686936003857 17.59399846170321 -153.92923083670811 350004.29134434368461 54.21227850280393 148.31883038014581
79830.0 -0.00640549818839 17.61194555816360 -153.92904818391492 349995.82032253220677 54.41160330266987 148.06179746075432
79860.0 -0.00641455375200 17.62985994971805 -153.92889272383454 349979.86975424643606 54.61051181018303 147.80211785789530
79890.0 -0.00656850424284 17.64773180535984 -153.92877177144874 349956.19808970578015 54.80891575366334 147.54005677026217
79920.0 -0.00551500843165 17.66526241361515 -153.92845805959917 349993.37312308046967 55.00695865288129 147.27491239037934
79950.0 -0.00581385148595 17.68275558880242 -153.92817696190045 350023.08631215803325 55.20447219055578 147.00728528918529
79980.0 -0.00609759838859 17.70053510190498 -153.92813117188908 349977.37216892372817 55.40152426085273 146.73677978698279
80010.0 -0.00499983053911 17.71796365353003 -153.92790373819008 349992.43666416592896 55.59804197418178 146.46360352028705
80040.0 -0.00523930776721 17.73536253538288 -153.92770104520218 350000.29013493098319 55.79405245507772 146.18752529931356
80070.0 -0.00579372643542 17.75273846662670 -153.92751725586336 350001.10673812404275 55.98959147364398 145.90825905467918
80100.0 -0.00517792919958 17.77007996226830 -153.92736091713408 349994.62379833776504 56.18455991672259 145.62613461895364
80130.0 -0.00472111253534 17.78708076439319 -153.92702263295919 350049.51374809071422 56.37889990981965 145.34130975127087
80160.0 -0.00532282294493 17.80465863135845 -153.92712916362819 349959.81417661625892 56.57272405306257 145.05312308952671
80190.0 -0.00549689375878 17.82161083452887 -153.92683049486070 350000.75020423438400 56.76596084865149 144.76178072204209
80220.0 -0.00457118870925 17.83852780857332 -153.92656108257049 350034.53155030682683 56.95852718678514 144.46756528107920
80250.0 -0.00482575736149 17.85571879658022 -153.92652025799953 349992.39103361591697 57.15054623132522 144.16971657826809
80280.0 -0.00514170694513 17.87258236373148 -153.92629282194889 350012.23536771070212 57.34186328562181 143.86888113440762
80310.0 -0.00560153976681 17.88970488071269 -153.92630131436616 349955.76807490922511 57.53253324654931 143.56463189206224
80340.0 -0.00551098294879 17.90650792679548 -153.92611932453693 349961.58219883032143 57.72248773093413 143.25718571254006
80370.0 -0.00533489821163 17.92328335018473 -153.92595809402673 349960.48092791344970 57.91174468576992 142.94629530097407
80400.0 -0.00471809283226 17.94003788540530 -153.92581195452669 349952.60780165344477 58.10032995978192 142.63164849748196
80430.0 -0.00488512436957 17.95648689125768 -153.92547149568045 350007.56854919996113 58.28815122637346 142.31360077068635
80460.0 -0.00495354339562 17.97317339305195 -153.92537590063205 349985.72714019194245 58.47515303834528 141.99232112849791
80490.0 -0.00560959073253 17.98957116330254 -153.92507549870103 350027.16037274617702 58.66142730998793 141.66709171657831
80520.0 -0.00448868049318 18.00621076558043 -153.92501229754905 349991.80429606884718 58.84690564903579 141.33813652918914
80550.0 -0.00469495044240 18.02254967079573 -153.92475582402344 350019.62209457904100 59.03151106426836 141.00575956551711
80580.0 -0.00553513111843 18.03887546905021 -153.92450903994123 350040.95995437260717 59.21534216445838 140.66913817058526
80610.0 -0.00475331167070 18.05542521234236 -153.92450652568556 349985.09497732855380 59.39826074479578 140.32897221318160
80640.0 -0.00536810076300 18.07169249263371 -153.92430052456825 349992.89979620277882 59.58030629782444 139.98480265284269
80670.0 -0.00539225129640 18.08792946376414 -153.92411582320440 349993.96751823276281 59.76141537976190 139.63685892967385
80700.0 -0.00463357305665 18.10414114841267 -153.92394815932360 349988.39308283571154 59.94159536247081 139.28487919828547
80730.0 -0.00390809736827 18.12033429564172 -153.92379201180228 349976.28941828291863 60.12086011350429 138.92852573354051
80760.0 -0.00438604840847 18.13625425216949 -153.92343367603542 350028.33024316001683 60.29912560646625 138.56818556072375
80790.0 -0.00456615508285 18.15238428128228 -153.92332038929763 350002.85580353252590 60.47633936774253 138.20404340577414
80820.0 -0.00417876913384 18.16849582688381 -153.92321721853949 349970.88242867216468 60.65256841685178 137.83532331301441
80850.0 -0.00383766323703 18.18434605129240 -153.92290668575737 350003.40306377038360 60.82774843606531 137.46227307945799
80880.0 -0.00354586536867 18.20016598855258 -153.92261754640913 350029.37576327845454 61.00180982160845 137.08522401341415
80910.0 -0.00310011700948 18.21597533092757 -153.92233473676418 350049.07074259780347 61.17482191665214 136.70329024321688
80940.0 -0.00316652565786 18.23198111647179 -153.92229635088597 349990.89390867669135 61.34666654789056 136.31723422095880
80970.0 -0.00312024087813 18.24773703873721 -153.92204708489993 349997.59416614659131 61.51736523846624 135.92656762439864
81000.0 -0.00358812466554 18.26346536517961 -153.92181541173431 349997.83049798849970 61.68686016785473 135.53153822344265
81030.0 -0.00256179790895 18.27917098600982 -153.92159728118523 349991.67273257300258 61.85514679724004 135.13187459789239
81060.0 -0.00310514827211 18.29486066220084 -153.92138729993485 349979.20309524983168 62.02222489287407 134.72721765402326
81090.0 -0.00271172055317 18.31031006582220 -153.92096779362200 350032.04577937722206 62.18802077104694 134.31799451007552
81120.0 -0.00247123754529 18.32594200988259 -153.92079346972207 350006.74907274171710 62.35248585795635 133.90441299797027
81150.0 -0.00301559605199 18.34155814346165 -153.92062592185721 349975.16568509861827 62.51565775662858 133.48564245110896
81180.0 -0.00257085229068 18.35694597634890 -153.92024387855201 350009.19036708772182 62.67747771911328 133.06196360929175
81210.0 -0.00249538807869 18.37230634004398 -153.91987966284179 350036.92876017000526 62.83788534430132 132.63374397421353
81240.0 -0.00351970445761 18.38785801213910 -153.91974576979160 349986.45222884695977 62.99691574569695 132.20003979669571
81270.0 -0.00277410490057 18.40318018092633 -153.91940206247602 350001.74764038622379 63.15447525370952 131.76168749287069
81300.0 -0.00364548011407 18.41848478398014 -153.91906772579452 350010.86904408317059 63.31056499811287 131.31817766978389
81330.0 -0.00275498917545 18.43376471090205 -153.91874749252023 350013.76932461466640 63.46513399007937 130.86978568181351
81360.0 -0.00292302294690 18.44902471809982 -153.91843750455439 350010.49429592862725 63.61816484506648 130.41624081917416
81390.0 -0.00416065564285 18.46427157646009 -153.91813247709442 350001.09533604141325 63.76964139948440 129.95717262613991
81420.0 -0.00290893848441 18.47949404219524 -153.91784011236928 349985.50254612416029 63.91950321304438 129.49306016992873
81450.0 -0.00371289572410 18.49450645753347 -153.91733488371452 350036.28170526772738 64.06770725963568 129.02414570675003
81480.0 -0.00396444585515 18.50968841623862 -153.91706233666204 350008.43282388243824 64.21425733802401 128.54955526828661
81510.0 -0.00288881343387 18.52484966360336 -153.91679858172222 349974.43865142203867 64.35910268223665 128.06961575547129
81540.0 -0.00414053177419 18.53980952389436 -153.91631959027916 350007.04025161266327 64.50219482560918 127.58474326198774
81570.0 -0.00387489481690 18.55476441696829 -153.91584071214612 350033.68229007720947 64.64352999018065 127.09395083312498
81600.0 -0.00282240360361 18.56986049498802 -153.91560646410798 349981.38459235243499 64.78304476235903 126.59816179811226
81630.0 -0.00382257063101 18.58477336549133 -153.91514786733862 349995.93151323962957 64.92071814783520 126.09686157950136
81660.0 -0.00270367195121 18.59966464365563 -153.91470006810437 350004.46726610325277 65.05650814920574 125.59036635559909
81690.0 -0.00301760879342 18.61453895014948 -153.91425938232823 350007.01469516102225 65.19038456677971 125.07842315695478
81720.0 -0.00330135687793 18.62940306296164 -153.91382061554975 350003.59412478562444 65.32231437224127 124.56066766712043
81750.0 -0.00180513122875 18.64424579031801 -153.91339132543209 349994.18173129949719 65.45225457272430 124.03764556487687
81780.0 -0.00209190019824 18.65906122307645 -153.91297529466939 349978.77869986090809 65.58017054193300 123.50964862265842
81810.0 -0.00181720531357 18.67372060164662 -153.91232683417314 350030.70721957180649 65.70602879956463 122.97578146984181
81840.0 -0.00090558354464 18.68851121286709 -153.91191678867870 350003.43575866986066 65.82979040383987 122.43643370662559
81870.0 -0.00147409022097 18.70327486284694 -153.91151859158100 349970.20093945693225 65.95142293287590 121.89208474025018
81900.0 -0.00144993968758 18.71789325420005 -153.91088428440671 350004.45456859935075 66.07088026450032 121.34173057390906
81930.0 -0.00125171834032 18.73249022457941 -153.91026052373678 350032.85734924674034 66.18813659275835 120.78639291334737
81960.0 -0.00139057622514 18.74720762336305 -153.90987452815864 349981.87964532151818 66.30314855165157 120.22557588453891
81990.0 -0.00138956926348 18.76177173707589 -153.90926199364765 349998.55105962697417 66.41588673802819 119.65965178520415
82020.0 -0.00135233768361 18.77632194739592 -153.90865357451960 350009.38634215481579 66.52630985363169 119.08840811863313
82050.0 -0.00089250368005 18.79086503699090 -153.90804414857186 350014.37450565304607 66.63436874154829 118.51151076727467
82080.0 -0.00120845208180 18.80538986230655 -153.90744115280310 350013.53734009340405 66.74004375339999 117.92958570294175
82110.0 -0.00120140925962 18.81989055903675 -153.90684830532334 350006.89897961635143 66.84331317319099 117.34298960844797
82140.0 -0.00104142054449 18.83438445858913 -153.90625311723306 349994.41804288048297 66.94410469232400 116.75083737181802
82170.0 -0.00116921130614 18.84875137393272 -153.90542417889347 350049.94994877278805 67.04239687145835 116.15359645438831
82200.0 -0.00128391511192 18.86331933064983 -153.90507697752213 349952.03332450427115 67.13817912140446 115.55182139452327
82230.0 -0.00174375384300 18.87766366839783 -153.90425116087070 349996.00713912211359 67.23136181306242 114.94452680139138
82260.0 -0.00130605408577 18.89198979864622 -153.90343285154287 350034.28420319221914 67.32196563985167 114.33283512560918
82290.0 -0.00199630857194 18.90640850718871 -153.90285259059240 349992.84289132617414 67.40992684984813 113.71629664890384
82320.0 -0.00193694510950 18.92070815681823 -153.90203959056890 350019.64660992473364 67.49523388691674 113.09535042789562
82350.0 -0.00193090570333 18.93509255700440 -153.90146600345864 349966.68017238099128 67.57783826954091 112.46984657651747
82380.0 -0.00170853618644 18.94937465738987 -153.90065065518203 349981.96676804311574 67.65767768814122 111.83950535170399
82410.0 -0.00204662001641 18.96364168551342 -153.89983879662375 349991.55778883770108 67.73476329840953 111.20503664557044
82440.0 -0.00131510846750 18.97788781919657 -153.89903409167988 349995.49998728651553 67.80909241745168 110.56686893674996
82470.0 -0.00267751104014 18.99213034861747 -153.89822420220463 349993.67502060439438 67.88055506913990 109.92416172512257
82500.0 -0.00178802588130 19.00636147420158 -153.89741417288008 349986.13597651198506 67.94915458002424 109.27746380377907
82530.0 -0.00169444817831 19.02057209826350 -153.89660993198649 349972.95885937940329 68.01490923612947 108.62740323917340
82560.0 -0.00217642115573 19.03478144022809 -153.89579783677982 349953.98702257312834 68.07768770414549 107.97304937251762
82590.0 -0.00133020343728 19.04889721784272 -153.89475040373861 350003.65961311664432 68.13756655666361 107.31560650085274
82620.0 -0.00138554141686 19.06300757118417 -153.89370059014993 350047.66812746506184 68.19446594350065 106.65469129048030
82650.0 -0.00146704739879 19.07717348560426 -153.89289344888027 350011.75021567847580 68.24839834754994 105.99080396580192
82680.0 -0.00145396635232 19.09132619000970 -153.89208526327252 349970.14448643475771 68.29931383775421 105.32386681782000
82710.0 -0.00129096029786 19.10541074953137 -153.89102940868835 349997.14201567694545 68.34714182092823 104.65366660121205
82740.0 -0.00165218769957 19.11948345497656 -153.88997417657075 350018.53414246439934 68.39193196890270 103.98097813484203
82770.0 -0.00206674388506 19.13359461281070 -153.88916535054011 349959.99067447520792 68.43370716876187 103.30628790703665
82800.0 -0.00115512329801 19.14759284971196 -153.88786452237395 350044.52389838639647 68.47232746612863 102.62884408968327
82830.0 -0.00186248549540 19.16168978434876 -153.88704532011616 349974.56877701450139 68.50782027967870 101.94921623609099
82860.0 -0.00086030454469 19.17566856049350 -153.88574354080700 350047.94245855230838 68.54024327161822 101.26809921938585
82890.0 -0.00076169676095 19.18974453778847 -153.88491718560431 349966.64706071279943 68.56942765760135 100.58464005477225
82920.0 -0.00078987159533 19.20371350429433 -153.88360646491392 350028.73930733092129 68.59551327161810 99.90007456444387
82950.0 -0.00060070462981 19.21771939984673 -153.88253447047995 350010.71624085865915 68.61840949663278 99.21408640201260
82980.0 -0.00115009085350 19.23171120155614 -153.88146178943842 349987.12286796700209 68.63815793022042 98.52720549521776
83010.0 -0.00038638253300 19.24565936537843 -153.88014082313359 350032.40653454139829 68.65471297299958 97.83941240031476
83040.0 -0.00079389589631 19.25964069523521 -153.87905518461866 349997.46506714448333 68.66800077756531 97.15054978029504
83070.0 -0.00082206836693 19.27360775823843 -153.87796792115344 349956.95371132995933 68.67811484816143 96.46140917772122
83100.0 0.00055441866820 19.28752962028874 -153.87663729179147 349985.49121899250895 68.68510812967213 95.77249469220783
83130.0 0.00024249574931 19.30145428345133 -153.87529588662306 350008.29266786295921 68.68880719215920 95.08310720141371
83160.0 0.00016300487257 19.31537391096130 -153.87394872746734 350025.47477899212390 68.68928403831235 94.39386798699405
83190.0 -0.00021935335945 19.32927955367228 -153.87260159678036 350037.18576727341861 68.68663114782967 93.70544593319656
83220.0 0.00060774863387 19.34319023341667 -153.87124109412662 350043.09803242329508 68.68064715753833 93.01706752231550
83250.0 0.00003722921611 19.35708681212021 -153.86987999018325 350043.53703043516725 68.67153731885425 92.32992289373919
83280.0 -0.00031192410078 19.37097858322221 -153.86851155761980 350038.33779962826520 68.65920433548519 91.64374123133948
83310.0 0.00055743718941 19.38485953944899 -153.86713956238950 350027.60682202037424 68.64372020288536 90.95902915999653
83340.0 -0.00031393447845 19.39873360164303 -153.86576096272978 350011.27002572361380 68.62504698146422 90.27579031616141
83370.0 0.00009760082208 19.41260754602995 -153.86437075859669 349989.19087354280055 68.60311037324034 89.59389275389832
83400.0 0.00087740989214 19.42647039087507 -153.86297612863521 349961.57612137962133 68.57804788835432 88.91407837346743
83430.0 0.00043971131679 19.44032199397824 -153.86133204898692 350003.05856772139668 68.54994250660820 88.23681299772312
83460.0 0.00020325497365 19.45417952069809 -153.85967438036201 350038.75859936047345 68.51859477918211 87.56145713010031
83490.0 0.00136743147152 19.46802397203531 -153.85825734601596 349994.32558900211006 68.48411274463288 86.88858236602954
83520.0 0.00049002157937 19.48186596225974 -153.85658860025652 350018.95323029905558 68.44662555327272 86.21878951051359
83550.0 0.00105450277284 19.49571605455522 -153.85490369049728 350037.71937958709896 68.40590284491654 85.55137216754017
83580.0 0.00118732125149 19.50953570951755 -153.85346545285822 349976.56287293881178 68.36221033591106 84.88739518784105
83610.0 0.00149320830986 19.52337028410590 -153.85176731247591 349984.22582809627056 68.31544519651709 84.22660356145708
83640.0 0.00121851342519 19.53719723864385 -153.85006272678015 349986.35531451273710 68.26570595982317 83.56942751188494
83670.0 0.00167533008943 19.55102034767127 -153.84834874522818 349982.86002364754677 68.21296183842171 82.91585559418644
83700.0 0.00103236616276 19.56484637849658 -153.84662035663476 349973.57000228017569 68.15713746035735 82.26574886422598
83730.0 0.00146402769570 19.57869773125064 -153.84463304173676 350033.13107717223465 68.09840865082801 81.61974133898508
83760.0 0.00100419251026 19.59250479631099 -153.84289340194124 350012.87853605579585 68.03688342312671 80.97821364132596
83790.0 0.00049706558344 19.60631526416820 -153.84113794218476 349986.79348651319742 67.97233777898131 80.34057183114821
83820.0 0.00082911237099 19.62016289272685 -153.83911907981937 350029.39694243203849 67.90491000347100 79.70728948365525
83850.0 0.00111487556070 19.63395835656780 -153.83734748560573 349992.22105017211288 67.83475880043238 79.07885450136230
83880.0 0.00017507777551 19.64780650571778 -153.83530422536580 350023.41443609260023 67.76162670134477 78.45461713006812
83910.0 0.00087137284973 19.66159680957422 -153.83350827209017 349974.86472633294761 67.68582900375171 77.83546437267633
83940.0 0.00072547568838 19.67543538244209 -153.83144611108867 349994.88183907512575 67.60725588096187 77.22113808142340
83970.0 0.00023645752502 19.68926939609130 -153.82937458122518 350009.32147164177150 67.52602467140130 76.61196197152701
84000.0 0.00151634951784 19.70310247716897 -153.82729081221112 350018.07597816269845 67.44210831505002 76.00788808826785
84030.0 0.00056347304994 19.71694138189039 -153.82518976429435 350020.94134356454015 67.35542732262880 75.40875431415490
84060.0 0.00093476415879 19.73077519008803 -153.82307861168917 350018.21728977188468 67.26618634706962 74.81505838118818
84090.0 0.00067717698534 19.74459825036926 -153.82096090099611 350010.06599065754563 67.17451050675976 74.22707617892983
84120.0 0.00088545967598 19.75842762075887 -153.81882446055278 349995.97726243454963 67.08015172482925 73.64425656515371
84150.0 0.00048499268050 19.77225539045638 -153.81667439172062 349976.17173035722226 66.98326994918767 73.06695675547637
84180.0 0.00110380489189 19.78607282129376 -153.81451638482173 349950.90887400601059 66.88404397229588 72.49553851582911
84210.0 0.00108971924753 19.79997592268786 -153.81208008682597 349993.57333369739354 66.78219055562170 71.92940925645753
84240.0 0.00084621890032 19.81387394171793 -153.80963454602770 350030.70010148175061 66.67806125615743 71.36926510722856
84270.0 0.00126178086559 19.82769304376386 -153.80743090523805 349988.10172856785357 66.57153704668261 70.81484417375752
84300.0 0.00169645973786 19.84159049975142 -153.80495754056517 350013.77544874325395 66.46274536753755 70.26636323082536
84330.0 0.00164514487739 19.85548975715073 -153.80246901355127 350033.66410943306983 66.35165882040712 69.72373824716217
84360.0 0.00093073985781 19.86930666808404 -153.80021902727231 349973.74810145515949 66.23819049387311 69.18678742187240
84390.0 0.00199329005074 19.88320940981906 -153.79769757197494 349981.97753767017275 66.12256383600126 68.65587562566978
84420.0 0.00140667579282 19.89710417770847 -153.79516662591274 349984.71682065445930 66.00491312949734 68.13118155674681
84450.0 0.00119537103533 19.91100797180935 -153.79261393664297 349981.37320471368730 65.88496719407894 67.61220475599720
84480.0 0.00225691781224 19.92491285105480 -153.79004465843698 349972.20279594045132 65.76289924203405 67.09919495304480
84510.0 0.00125976694228 19.93891452818226 -153.78720385139431 350031.06688572932035 65.63889931337107 66.59240101617681
84540.0 0.00107965790414 19.95282550698148 -153.78459899126355 350010.11441470682621 65.51266046853553 66.09129571470993
84570.0 0.00209290715989 19.96672866178298 -153.78198262390200 349983.61688646953553 65.38455816993985 65.59640210898182
84600.0 0.00154251161079 19.98074523161630 -153.77908643198796 350024.66924023348838 65.25446293516821 65.10746594196709
84630.0 0.00098708479905 19.99464766356570 -153.77643693076891 349986.56089273840189 65.12250506551365 64.62461640420962
84660.0 0.00132819069585 20.00866685407188 -153.77350746802722 350015.95234675612301 64.98865391789332 64.14774707974193
84690.0 0.00166929304702 20.02257661034641 -153.77081759619651 349965.87446712236851 64.85281315728491 63.67667069580272
84720.0 0.00078282759126 20.03660433389762 -153.76784909929458 349983.31941394601017 64.71521678489724 63.21164166390281
84750.0 0.00140566764928 20.05062662219358 -153.76486808258451 349995.17262139171362 64.57600218675505 62.75276336985812
84780.0 0.00165520740265 20.06466041487649 -153.76186217335379 350000.75698488112539 64.43487728773758 62.29959627393407
84810.0 0.00132315825134 20.07869773732581 -153.75883659437463 350000.36539765540510 64.29202212785631 61.85230508556653
84840.0 0.00124467670002 20.09272997359574 -153.75579705076993 349994.33093919511884 64.14763139506358 61.41105102762573
84870.0 0.00169344239854 20.10677559595891 -153.75273003091792 349981.88887489866465 64.00137763593386 60.97538003081510
84900.0 0.00175884526715 20.12081585825319 -153.74964843371922 349963.78685985598713 63.85365058090861 60.54567377661099
84930.0 0.00109877599302 20.13500110466593 -153.74627954007906 350012.47693112771958 63.70431053318380 60.12169884320013
84960.0 0.00151232521686 20.14904541358147 -153.74315854197849 349982.45666762813926 63.55348580010700 59.70352205667626
84990.0 0.00207278092747 20.16323796112649 -153.73975001862163 350019.15863422304392 63.40114127530546 59.29103054589734
85020.0 0.00113197972627 20.17729419003276 -153.73658233509008 349976.81445641443133 63.24717083838830 58.88404627741122
85050.0 0.00103236616276 20.19149977474081 -153.73312838895356 350001.20641566533595 63.09181332111393 58.48274041317167
85080.0 0.00159282305525 20.20570218328973 -153.72965877067799 350019.86832799855620 62.93520544310965 58.08716474529404
85110.0 0.00132919529375 20.21976087524728 -153.72642966787265 349959.59558847360313 62.77703745825409 57.69694661850071
85140.0 0.00161697122489 20.23414008729507 -153.72264022846375 350038.04263516608626 62.61749207865081 57.31218966442407
85170.0 0.00198021018614 20.24819639134343 -153.71937194671986 349965.95096459891647 62.45676444842898 56.93299289106737
85200.0 0.00182525509741 20.26259341993595 -153.71553364684394 350031.82278227433562 62.29451050676622 56.55897788659778
85230.0 0.00153043752597 20.27682463175724 -153.71194716180693 350019.57643520087004 62.13112751240654 56.19041746666019
85260.0 0.00199027389329 20.29106116999624 -153.70833631032664 350001.10675383452326 61.96646694502736 55.82710796018074
85290.0 0.00177494365295 20.30547098180269 -153.70443290300844 350048.65557194966823 61.80065240573252 55.46907597767801
85320.0 0.00221465733349 20.31971371475478 -153.70077665600024 350017.94115337263793 61.63364443652185 55.11621413085735
85350.0 0.00191480613566 20.33396644969253 -153.69709132137848 349980.71469490695745 61.46532796437720 54.76836360089252
85380.0 0.00214724054158 20.34839906953612 -153.69311153089612 350009.27886482421309 61.29594311478243 54.42563610764837
85410.0 0.00147509600075 20.36283045018947 -153.68911276834160 350031.94036473054439 61.12562399636342 54.08805096822535
85440.0 0.00176991475407 20.37727739720896 -153.68508230317462 350047.84697145689279 60.95404681586475 53.75530234037297
85470.0 0.00216132736782 20.39154350025050 -153.68129975612641 349985.79884369485080 60.78139460457548 53.42745225854419
85500.0 0.00097400611633 20.40599443536706 -153.67722296593081 349989.42625782359391 60.60786061750314 53.10455773576427
85530.0 0.00274995791281 20.42046261149690 -153.67311182146651 349986.12880151998252 60.43308819881025 52.78631279888715
85560.0 0.00229515162624 20.43512541197785 -153.66870386144168 350048.16555119957775 60.25747770943013 52.47290866671670
85590.0 0.00149220253008 20.44960177880826 -153.66454330610668 350032.33934821560979 60.08087374178950 52.16417486699549
85620.0 0.00329833835673 20.46408027850233 -153.66035811776797 350010.29534007329494 59.90339395229414 51.86011390855205
85650.0 0.00263122626042 20.47856377885905 -153.65614571585365 349981.86106399912387 59.72499537558819 51.56063053182747
85680.0 0.00190574939016 20.49326500699829 -153.65162301331455 350017.65098605863750 59.54555540526690 51.26558972901497
85710.0 0.00226194789299 20.50797211569255 -153.64707420045670 350047.04998685885221 59.36531344452384 50.97506167926328
85740.0 0.00262317647658 20.52246847598462 -153.64278163423387 349999.51568988710642 59.18440020463252 50.68904640454598
85770.0 0.00301660183176 20.53719047644103 -153.63817547972710 350015.84326639957726 59.00248133091009 50.40730014797277
85800.0 0.00267147281585 20.55192145286679 -153.63353944279893 350025.53343880921602 58.81973898616961 50.12985719160469
85830.0 0.00280228091683 20.56643440846882 -153.62915962832713 349958.47550719417632 58.63636336824848 49.85674678016156
85860.0 0.00256481406639 20.58140307841793 -153.62418117827292 350025.30044498387724 58.45198889004812 49.58772833999372
85890.0 0.00187757810142 20.59615328550449 -153.61945829854926 350015.35117565188557 58.26701619058929 49.32293228435704
85920.0 0.00350964311422 20.61091181359501 -153.61470403846258 349998.69245411083102 58.08128497598634 49.06222065161514
85950.0 0.00278819290870 20.62590235479686 -153.60963907047562 350045.76438204664737 57.89490657396317 48.80558235452785
85980.0 0.00319872361134 20.64067321857170 -153.60482511681602 350015.90456574037671 57.70783561204832 48.55293673758661
86010.0 0.00264531190479 20.65545699268871 -153.59997477078193 349978.97570045292377 57.51994350176764 48.30417323980611
86040.0 0.00247325146860 20.67047867951847 -153.59481164373230 350005.49430749565363 57.33146783909044 48.05933296488071
86070.0 0.00247626880792 20.68550185779382 -153.58962241234406 350025.67199127096683 57.14253577603854 47.81840490472169
86100.0 0.00341606541123 20.70054317495477 -153.58439382856614 350038.47088484652340 56.95280544284655 47.58120018496035
86130.0 0.00252658025239 20.71559450343179 -153.57913155611604 350044.34778243675828 56.76245760745000 47.34773448950687
86160.0 0.00305785653073 20.73064744937721 -153.57384151933448 350043.79268104117364 56.57167890718161 47.11801867209650
86190.0 0.00318262522554 20.74571995883845 -153.56850936679049 350035.65742737427354 56.38009792475605 46.89186885307126
86220.0 0.00317356848004 20.76079357737926 -153.56314878005855 350021.06207159347832 56.18811378383833 46.66936982507696
86250.0 0.00302565857725 20.77587639030821 -153.55775298677941 349999.46906494162977 55.99556310409974 46.45041311797572
86280.0 0.00332651082735 20.79096380655909 -153.55232500888584 349971.14002553559840 55.80255093173059 46.23498044437873
86310.0 0.00369075911402 20.80631583697456 -153.54657306010071 350004.88437640946358 55.60903056521227 46.02300566314376
86340.0 0.00345128188591 20.82168635616968 -153.54077952110697 350031.02552263252437 55.41486886885496 45.81440102308910
86370.0 0.00330538236079 20.83680238059450 -153.53524270070724 349981.43604572396725 55.22030107356694 45.60918694045827
