# sod		dsTEC/dt [TECU/s]		lat		lon		h_ipp		ele		azi
28680.0 0.01724332838309 8.67657599373508 -160.12537851338425 349953.16498271562159 8.74096714174929 204.49711342836196
28710.0 0.01255843928408 8.78318438386419 -160.08293817754847 350030.45032822340727 8.93993005847112 204.51409786975054
28740.0 0.01087204207149 8.89098220228888 -160.04003958665749 349992.20664075110108 9.13914152431512 204.53180714403601
28770.0 0.00551299450834 8.99576713469927 -159.99850559632225 350039.03080508206040 9.33858392282245 204.55024711146658
28800.0 0.00384873272395 9.10173932157985 -159.95650469832759 349970.54275569412857 9.53829208553070 204.56940932072990
28830.0 0.00130202860291 9.20470127005385 -159.91586892220914 349986.68446863256395 9.73814880883533 204.58932661108423
28860.0 0.00078484033269 9.30745869137756 -159.87536440397673 349955.93676856532693 9.93830425509928 204.60995938716968
28890.0 -0.00493241492907 9.40721884263749 -159.83621938387927 350011.24730371683836 10.13859204631719 204.63135346475460
28920.0 -0.00234747581214 9.50676894249993 -159.79721127663140 350017.91651569493115 10.33904303425147 204.65350135730694
28950.0 -0.00825892812018 9.60611138479666 -159.75833219520874 349976.89103691838682 10.53970755390640 204.67639068245981
28980.0 -0.00841891447154 9.70249139519980 -159.72078359505301 350028.23524523153901 10.74071654848004 204.69998830857236
29010.0 -0.01634579344041 9.79865763009906 -159.68337095943278 350030.01849478017539 10.94179061389214 204.72436879388488
29040.0 -0.01842461377405 9.89461869252176 -159.64607975882598 349984.63055893126875 11.14305744579053 204.74949963797536
32190.0 -0.01953848237309 15.71376485946275 -157.64494324422481 350001.88127099163830 33.01941952357607 212.10062926495277
32220.0 -0.01908669460773 15.74557844601822 -157.63609937232332 349971.10269087553024 33.23017611750840 212.22358967444632
32250.0 -0.01747978708999 15.77680403924628 -157.62757302428631 349975.95707710087299 33.44087827225869 212.34776818115310
32280.0 -0.01804728680467 15.80795503000904 -157.61903894103847 349964.75105366017669 33.65167431306606 212.47316506007269
32310.0 -0.01740532865777 15.83801978591259 -157.61114826495290 350042.35754036158323 33.86224551884843 212.59980676902398
32340.0 -0.01665067235524 15.86899647886334 -157.60261765749868 349996.11558273341507 34.07272936857161 212.72769386179456
32370.0 -0.01628944731729 15.89890436585945 -157.59472317754410 350040.71809036098421 34.28315550220663 212.85683358213424
32400.0 -0.01544020989577 15.92971701262121 -157.58618455567444 349961.27275445405394 34.49354775447367 212.98723297668730
32430.0 -0.01475699823178 15.95946957133637 -157.57828130492260 349973.59406098164618 34.70389330419071 213.11890385120634
32460.0 -0.01449739477126 15.98913870892908 -157.57037825174282 349969.17560394853354 34.91406680785019 213.25185956796415
32490.0 -0.01495018949828 16.01825159391991 -157.56278777089369 350003.92770143598318 35.12425793404758 213.38610192378110
32520.0 -0.01432734825838 16.04728327181296 -157.55519774753313 350022.26779703330249 35.33425027871663 213.52164838563945
32550.0 -0.01368136462862 16.07671415762248 -157.54728475557866 349969.67771789338440 35.54409188530802 213.65850618204539
32580.0 -0.01412912691113 16.10511200232610 -157.54000894857037 350011.32326951157302 35.75383348349239 213.79668318922276
32610.0 -0.01368538774772 16.13344563347262 -157.53272244592344 350038.74269728828222 35.96362461772138 213.93618568114178
32640.0 -0.01309374104528 16.16169693040180 -157.52543734785721 350049.93758465256542 36.17314298315608 214.07703182384546
32670.0 -0.01312292165944 16.18987304669545 -157.51814766353320 350045.87329995073378 36.38252644891399 214.21922781008007
32700.0 -0.01265302276684 16.21797511028498 -157.51085173099483 350026.80293176602572 36.59180335362967 214.36278331226276
32730.0 -0.01295890864333 16.24600375662581 -157.50354825107340 349992.91877084877342 36.80099315219531 214.50770864456865
32760.0 -0.01300117030395 16.27349680158071 -157.49655897062513 350000.40110109187663 37.01009454252393 214.65401473954529
32790.0 -0.01154318083254 16.30091299001139 -157.48956667825396 349992.71570585668087 37.21897317442026 214.80171344060568
32820.0 -0.01240750849633 16.32780549939437 -157.48288599743606 350027.57503985799849 37.42782183021178 214.95081433765000
32850.0 -0.01153915416780 16.35462366474283 -157.47620266260338 350047.58485435415059 37.63641945555661 215.10132928679232
32880.0 -0.01182894284037 16.38182189347138 -157.46919126856255 349996.33289545774460 37.84481542969572 215.25326862699859
32910.0 -0.01151399903651 16.40804630961768 -157.46281821796487 350044.57716095168144 38.05306000256454 215.40664354408537
32940.0 -0.01118497195204 16.43466089075843 -157.45610840642604 350022.89484469406307 38.26130373483824 215.56146720793956
32970.0 -0.01103705732173 16.46119567147953 -157.44939664798201 349986.22987413592637 38.46922092513349 215.71774816820766
33000.0 -0.01140633568915 16.48721537794814 -157.44300082998367 349992.93382623884827 38.67694962695479 215.87549903563516
33030.0 -0.01032164770426 16.51316836579240 -157.43659610052606 349986.10940728709102 38.88451674453931 216.03473215060441
33060.0 -0.01085191702095 16.53861805035046 -157.43050511429144 350023.74070789664984 39.09194491955841 216.19546034530666
33090.0 -0.00959013615536 16.56400621499769 -157.42440389043298 350048.40742922108620 39.29922900699867 216.35769621112382
33120.0 -0.00996746430662 16.58975785599119 -157.41797265253376 350001.30239486880600 39.50623329723527 216.52144829558281
33150.0 -0.01013449111641 16.61501556356390 -157.41185210673686 349999.65807827934623 39.71315344781814 216.68673528894766
33180.0 -0.00993425939149 16.63977446109687 -157.40605068347637 350042.76751808263361 39.91976383651803 216.85356230978576
33210.0 -0.00965755176539 16.66489462070043 -157.39991675711292 350014.29024097044021 40.12611506574904 217.02194333059271
33240.0 -0.00898943270743 16.68994834097757 -157.39377249668095 349972.84752892516553 40.33225675097567 217.19189326277402
33270.0 -0.00896528335591 16.71410313609262 -157.38826218299437 350037.15157526824623 40.53834021844088 217.36343321951031
33300.0 -0.00888679825895 16.73902675364624 -157.38209707975199 349970.16384799126536 40.74403661519991 217.53656049657627
33330.0 -0.00868052830974 16.76305087126165 -157.37657263057889 350008.66848305705935 40.94948393122993 217.71129502336277
33360.0 -0.00827804620906 16.78701680142993 -157.37103702944108 350035.05100633110851 41.15470748598188 217.88765205292341
33390.0 -0.00774073052455 16.81092566927033 -157.36548883980308 350049.51539139356464 41.35973303724930 218.06564753544174
33420.0 -0.00780311841759 16.83518426090440 -157.35960194633338 349992.38582063466311 41.56455144509940 218.24529562598900
33450.0 -0.00735233643200 16.85856267903910 -157.35435877719038 350042.09974139649421 41.76902569869646 218.42660094830566
33480.0 -0.00737246148254 16.88229359725785 -157.34877368916008 350020.67709697969258 41.97335402401068 218.60959282874421
33510.0 -0.00712493565248 16.90595726306085 -157.34318056573466 349986.69671646319330 42.17730636132010 218.79426823423449
33540.0 -0.00710984186457 16.92915888968556 -157.33790358472558 350000.81125950720161 42.38093439250601 218.98064535591058
33570.0 -0.00629582209961 16.95230326400178 -157.33261420728019 350003.34058314096183 42.58428691780077 219.16874327805340
33600.0 -0.00723561870291 16.97539810915681 -157.32730644515107 349995.11204136349261 42.78751572131281 219.35859226524204
33630.0 -0.00671943384872 16.99842597760553 -157.32199184817435 349974.53635072149336 42.99028911645715 219.55017633142572
33660.0 -0.00672647785278 17.02100686851188 -157.31699205343025 350003.28646790422499 43.19274473189726 219.74352374944351
33690.0 -0.00661479020445 17.04353403269350 -157.31197887308829 350020.94059793651104 43.39490613379778 219.93865291395909
33720.0 -0.00703839958980 17.06600881612354 -157.30695078724452 350027.70659125596285 43.59680208879318 220.13558356744986
33750.0 -0.00611369913815 17.08843038583023 -157.30190779733692 350023.58570382464677 43.79841930863645 220.33433123520715
33780.0 -0.00682810652148 17.11079146097793 -157.29685439620607 350007.98440190777183 43.99961956312918 220.53489579589049
33810.0 -0.00639141018026 17.13310227400416 -157.29178289249359 349981.93289303313941 44.20060325767881 220.73731899720491
33840.0 -0.00692369460214 17.15497921228485 -157.28702911135207 350006.17310021817684 44.40113608794573 220.94158787226132
33870.0 -0.00598088065951 17.17680152438145 -157.28226302835745 350019.53574398905039 44.60127063601180 221.14772546620466
33900.0 -0.00721448669072 17.19893772241624 -157.27715432241979 349960.24614833481610 44.80105467663648 221.35575549304676
33930.0 -0.00608753822708 17.22029708994193 -157.27268144307936 350015.28567260690033 45.00064007726898 221.56571873894515
33960.0 -0.00640248084907 17.24196079665790 -157.26787149617948 349996.96888328995556 45.19969272863595 221.77758341933102
33990.0 -0.00672647785278 17.26356966678602 -157.26304721637484 349968.07494729571044 45.39834954237882 221.99138729108591
34020.0 -0.00614187397253 17.28476988786309 -157.25853540313045 349991.47134718671441 45.59664635176761 222.20715444922496
34050.0 -0.00712392750894 17.30592470486134 -157.25400552894499 350005.08362226281315 45.79463071615172 222.42491216250940
34080.0 -0.00606339005745 17.32702490007986 -157.24946349239099 350008.17799652460963 45.99212344737799 222.64464858781042
34110.0 -0.00676873951340 17.34808076390299 -157.24490160673949 350001.72388706915081 46.18932669609258 222.86641856585300
34140.0 -0.00574140224952 17.36908009635488 -157.24032785974563 349984.73823085147887 46.38600232547915 223.09019811940834
34170.0 -0.00626764844711 17.39002560087382 -157.23573986030738 349957.53391510900110 46.58220367964527 223.31601530278297
34200.0 -0.00614489249373 17.41024050539284 -157.23179371581338 350047.29059453774244 46.77797735528029 223.54389840437528
34230.0 -0.00629179661675 17.43109611404184 -157.22716723132231 350001.18823650665581 46.97347493453223 223.77389909501997
34260.0 -0.00548784055893 17.45155665738755 -157.22285920531542 350008.20801284350455 47.16836054927725 224.00596852972251
34290.0 -0.00548784055893 17.47196861940777 -157.21853519445068 350005.55592281650752 47.36277005627770 224.24015414453396
34320.0 -0.00561361503351 17.49233378280016 -157.21419346629466 349993.44956175796688 47.55673832891166 224.47648418695715
34350.0 -0.00473016809896 17.51265455281681 -157.20983185384279 349972.15314585343003 47.75031254524665 224.71499107727055
34380.0 -0.00544658585996 17.53259838781587 -157.20578586958445 350005.21968360804021 47.94331137909133 224.95565394260908
34410.0 -0.00546067268621 17.55250442434640 -157.20171835539475 350029.58015759009868 48.13593823857496 225.19854261969425
34440.0 -0.00514472310257 17.57236047513026 -157.19763736940615 350044.30808592867106 48.32795146452140 225.44361978463772
34470.0 -0.00502901233514 17.59216933030195 -157.19354049514311 350049.70009997859597 48.51940495015268 225.69091904598324
34500.0 -0.00523830080556 17.61193333862466 -157.18942562410285 350046.01124758552760 48.71034389207791 225.94047354724822
34530.0 -0.00566191255467 17.63166018098437 -157.18528690350388 350033.91243484523147 48.90091914726240 226.19234718436161
34560.0 -0.00530269907627 17.65133291280187 -157.18113576605450 350012.12476486153901 49.09079364660803 226.44647090151739
34590.0 -0.00523930658533 17.67095840560963 -157.17696693996655 349981.26088225282729 49.28010179029859 226.70290285449556
34620.0 -0.00584604943943 17.69023692163593 -157.17310871244925 350006.76388598605990 49.46887728449154 226.96167562604532
34650.0 -0.00482273765841 17.70947791969652 -157.16922899996740 350023.88605321198702 49.65716668850079 227.22282717638743
34680.0 -0.00551500961353 17.72896830186095 -157.16500371861343 349966.50354298017919 49.84478680565833 227.48632557052923
34710.0 -0.00530672337725 17.74783040880348 -157.16141527351442 350031.91466233972460 50.03194171541401 227.75225771350989
34740.0 -0.00598892926147 17.76723059502331 -157.15715154812793 349957.09026436693966 50.21838665641116 228.02057003467414
34770.0 -0.00520006462779 17.78600422349636 -157.15353046986942 350004.94778812956065 50.40417582621575 228.29130217622335
34800.0 -0.00499681438166 17.80474015229304 -157.14988978422940 350044.52229984477162 50.58935278164761 228.56449228240078
34830.0 -0.00544960438116 17.82372822895092 -157.14589348463758 350010.36993235815316 50.77406714478460 228.84021784607376
34860.0 -0.00549790072044 17.84266392753731 -157.14188315680300 349967.13749805185944 50.95798135335163 229.11838576702439
34890.0 -0.00491530958162 17.86127744155673 -157.13818372645369 349981.68997621349990 51.14122789543076 229.39906592760721
34920.0 -0.00580479474046 17.87985275229119 -157.13446334426808 349988.14790570829064 51.32383909059901 229.68229525478009
34950.0 -0.00435585965078 17.89839233352475 -157.13071983057858 349986.74368332233280 51.50586061887208 229.96811749398537
34980.0 -0.00490625401800 17.91688711252934 -157.12695921880567 349976.87701264768839 51.68710777939735 230.25648708133829
35010.0 -0.00466677678990 17.93534751990972 -157.12317367498432 349959.35256739798933 51.86778462966826 230.54751017904414
35040.0 -0.00465168536576 17.95349870896494 -157.11970158739837 350000.20503602549434 52.04764387105747 230.84111337882570
35070.0 -0.00448565842634 17.97161187511348 -157.11621030964255 350033.07010123878717 52.22673973385977 231.13734269420678
35100.0 -0.00430353901052 17.98994637605075 -157.11236772577132 349991.09911433048546 52.40511388775248 231.43624118911484
35130.0 -0.00389401172390 18.00799296473753 -157.10882810442311 350008.89785441383719 52.58291413932038 231.73790127373368
35160.0 -0.00376320480481 18.02599483690157 -157.10527287461409 350018.40197832789272 52.75980333451324 232.04220116116633
35190.0 -0.00379238541896 18.04420736212757 -157.10136684807847 349952.75587190408260 52.93591154411560 232.34922334180391
35220.0 -0.00446553573956 18.06188653961469 -157.09809819130234 350014.27819274645299 53.11126948211604 232.65900882029277
35250.0 -0.00383967716034 18.07978066715384 -157.09447485576288 350001.04341622814536 53.28592167662445 232.97160712874614
35280.0 -0.00446855544265 18.09763211076533 -157.09083290263047 349979.87349830567837 53.45968242360816 233.28695585121801
35310.0 -0.00390910432993 18.11521404183187 -157.08749413776872 350019.31181591097265 53.63275495242083 233.60518262262315
35340.0 -0.00378936571588 18.13299168918369 -157.08380743864248 349983.11620486527681 53.80489018343263 233.92618978189762
35370.0 -0.00410028640064 18.15049629653742 -157.08042966783117 350007.21887275669724 53.97614209300858 234.25002980847285
35400.0 -0.00421096590543 18.16819624922197 -157.07669951592072 349955.94555567298084 54.14655022580124 234.57675026062492
35430.0 -0.00407814624491 18.18563873716235 -157.07327020489723 349965.90998152736574 54.31625992837594 234.90645961620953
35460.0 -0.00410833500260 18.20303887583150 -157.06982373370829 349968.09997638966888 54.48493560425109 235.23900183457863
35490.0 -0.00411034538027 18.22040337687530 -157.06635486111989 349963.00193804316223 54.65270436407821 235.57447264675301
35520.0 -0.00440214561238 18.23773403523836 -157.06286190453906 349950.77820807229728 54.81959511940929 235.91291646866847
35550.0 -0.00420190915994 18.25481881009478 -157.05967172569345 350000.19262950867414 54.98565098153021 236.25438825178682
35580.0 -0.00411738938433 18.27186897565833 -157.05646123060654 350042.34972859639674 55.15068592555127 236.59880473021047
35610.0 -0.00430957487105 18.28910389044495 -157.05289349335172 350009.20845245197415 55.31490143652973 236.94631712340595
35640.0 -0.00397752690162 18.30629679047720 -157.04930616424076 349968.61606627609581 55.47804766024072 237.29679816141345
35670.0 -0.00390809855015 18.32324761089340 -157.04602527511946 349989.73644260596484 55.64017803800972 237.65030652103729
35700.0 -0.00458527553549 18.34016747002370 -157.04271992779834 350004.01130183879286 55.80132978944762 238.00689335154874
35730.0 -0.00400368781269 18.35706395579601 -157.03938415078952 350011.94109606463462 55.96164510911331 238.36668402719567
35760.0 -0.00380445950378 18.37392068325660 -157.03602966485036 350012.57865606527776 56.12079142229217 238.72948169132147
35790.0 -0.00444440609113 18.39074430502266 -157.03265120821581 350006.37288156617433 56.27889232197634 239.09539555261344
35820.0 -0.00347241153435 18.40753661062275 -157.02924709496321 349993.47395128291100 56.43597477561318 239.46447224064809
35850.0 -0.00372094550794 18.42411422335006 -157.02614285699846 350043.50901781301945 56.59208025125910 239.83677125663348
35880.0 -0.00428341277811 18.44084289011122 -157.02268907170205 350017.20485726557672 56.74702332612716 240.21218363393234
35910.0 -0.00337883619512 18.45754435770441 -157.01920547468262 349984.57155197858810 56.90100272815642 240.59088601974020
35940.0 -0.00362937818263 18.47402912822898 -157.01602811432571 350014.62639201059937 57.05376915660839 240.97271518553583
35970.0 -0.00360724511818 18.49048337401333 -157.01282667962101 350038.07555493526161 57.20537527412524 241.35773525813050
36000.0 -0.00428944982052 18.50708049528291 -157.00927252861078 349985.22868311498314 57.35584817922585 241.74599434727304
36030.0 -0.00377729281294 18.52348284293675 -157.00601302729629 349996.18954411521554 57.50534156635527 242.13764520395591
36060.0 -0.00353882254649 18.53984820753433 -157.00273324249221 350000.30425278749317 57.65352005131312 242.53243762415536
36090.0 -0.00403487998639 18.55618317847059 -156.99942787830349 349997.98563707526773 57.80050317274218 242.93049399316033
36120.0 -0.00388797468150 18.57248953663368 -156.99609523953603 349989.37202734034508 57.94631591278380 243.33186132488831
36150.0 -0.00358711888576 18.58861275178269 -156.99305896564070 350044.85761068109423 58.09099795216668 243.73660219518007
36180.0 -0.00312728370032 18.60486096065265 -156.98967339434174 350023.63472529314458 58.23436570147587 244.14457625819051
36210.0 -0.00389703024511 18.62108474962408 -156.98625629912630 349996.45661199372262 58.37661405006321 244.55598699202005
36240.0 -0.00311521079738 18.63727190014454 -156.98281663498142 349962.70744401216507 58.51749597884192 244.97062795553541
36270.0 -0.00376119206338 18.65328007874709 -156.97967668550336 349993.10356882214546 58.65706320841780 245.38856743596011
36300.0 -0.00351467437685 18.66926279834082 -156.97650891751704 350017.43778501544148 58.79534807274610 245.80985859514959
36330.0 -0.00283246376512 18.68536729939188 -156.97298266221881 349965.49599467031658 58.93248435978549 246.23466101053401
36360.0 -0.00365252411813 18.70115829356963 -156.97008355821660 350048.39456277247518 59.06815157263801 246.66267292531307
36390.0 -0.00219956236371 18.71719539823540 -156.96650862700980 349983.82155270222574 59.20246472783976 247.09402898063084
36420.0 -0.00335569380526 18.73306990806120 -156.96322900490415 349984.02259808033705 59.33544693498160 247.52877411147179
36450.0 -0.00384168753801 18.74892121657066 -156.95991806679783 349978.45502183400095 59.46713607937114 247.96697188420455
36480.0 -0.00319470167412 18.76461520421749 -156.95690556422028 350037.67259131558239 59.59735201248058 248.40844429287210
36510.0 -0.00303571873876 18.78041580749776 -156.95353624547775 350020.37195645738393 59.72628467493254 248.85342248734148
36540.0 -0.00328525731026 18.79618267504637 -156.95014276595953 349996.88531358726323 59.85369153166479 249.30164899817734
36570.0 -0.00330135805981 18.81180252073418 -156.94704461175266 350038.56071410048753 59.97962332564805 249.75319450702344
36600.0 -0.00285862703994 18.82751346245756 -156.94359480170627 350003.30427181255072 60.10411014590363 250.20810937815637
36630.0 -0.00294415614097 18.84320355101339 -156.94010974145618 349962.59603767283261 60.22728063106254 250.66656924161322
36660.0 -0.00272882708250 18.85874898654113 -156.93692305444128 349987.02932045981288 60.34882433439006 251.12820740436572
36690.0 -0.00315445039116 18.87426984067054 -156.93370731272771 350005.74154415819794 60.46885140391024 251.59316928628584
36720.0 -0.00278919987036 18.88976786714199 -156.93046078520251 350018.84831092506647 60.58738339939205 252.06149484206779
36750.0 -0.00285661429851 18.90524564336041 -156.92718107217084 350026.50001030322164 60.70445658306717 252.53324611670374
36780.0 -0.00297836683587 18.92069430996153 -156.92387486386508 350028.32006629090756 60.81989628323522 253.00820110674084
36810.0 -0.00203555171136 18.93612446105003 -156.92053338488176 350024.82666659541428 60.93388639962181 253.48661892177788
36840.0 -0.00276404355718 18.95152386956249 -156.91716604692556 350015.49632319808006 61.04619160244377 253.96818340650617
36870.0 -0.00234043180807 18.96689581766530 -156.91376991124085 350000.51467406470329 61.15686178722385 254.45296568232592
36900.0 -0.00221264459206 18.98224244240009 -156.91034293368793 349980.01128072012216 61.26592522178996 254.94101037782207
36930.0 -0.00265235472697 18.99757117096634 -156.90687878237924 349954.34317922778428 61.37350491890608 255.43250781276714
36960.0 -0.00183531762268 19.01278738043091 -156.90370772967384 349994.69146407488734 61.47930386666617 255.92701885763509
36990.0 -0.00272379463799 19.02798202826153 -156.90050569658479 350029.62104860879481 61.58342716161667 256.42469798015532
37020.0 -0.00173972954202 19.04322981672728 -156.89695389484316 349987.29934206791222 61.68589537183098 256.92557728898828
37050.0 -0.00220560058800 19.05838448967179 -156.89368433371797 350011.69319083355367 61.78674352736957 257.42971484923390
37080.0 -0.00198926574976 19.07351309272041 -156.89038642157479 350030.56811171211302 61.88580489125202 257.93683920588887
37110.0 -0.00216032158805 19.08869048616981 -156.88673536161605 349972.32805901113898 61.98325628479034 258.44723738331817
37140.0 -0.00165017495814 19.10377301775956 -156.88337282489866 349980.59138555359095 62.07887280205944 258.96052820924427
37170.0 -0.00238369924847 19.11883117465706 -156.87997955338332 349983.50298537127674 62.17270379309544 259.47678167470269
37200.0 -0.00207881915176 19.13386705345084 -156.87655348311620 349981.17926332820207 62.26477636315283 259.99603417859964
37230.0 -0.00162300708542 19.14888802973585 -156.87308815055493 349973.94315844960511 62.35520757319379 260.51848937188419
37260.0 -0.00195103311763 19.16382862373376 -156.86990979516955 350033.46692514978349 62.44371768744534 261.04363052612268
37290.0 -0.00177896795393 19.17879756963620 -156.86638527610859 350015.53012369852513 62.53040672932053 261.57161973919187
37320.0 -0.00162803952993 19.19374391670758 -156.86282684983425 349992.46239686198533 62.61529505421407 262.10247923920150
37350.0 -0.00234445729093 19.20862916368746 -156.85954414917168 350036.77178154233843 62.69841704009929 262.63626146398656
37380.0 -0.00221666889304 19.22352958582101 -156.85591942670703 350003.42350914329290 62.77961667892271 263.17264225411537
37410.0 -0.00158376394600 19.23841180120147 -156.85225606023869 349965.19497859850526 62.85906273391198 263.71193660592661
37440.0 -0.00196310720245 19.25323118076631 -156.84887467758523 349994.13714438676834 62.93654431200785 264.25369486379844
37470.0 -0.00230521533339 19.26802927507852 -156.84546045099060 350017.99125230684876 63.01211063604774 264.79798550656710
37500.0 -0.00154754169154 19.28280813663340 -156.84201129166610 350036.86106190457940 63.08578848011719 265.34483555983030
37530.0 -0.00225490388893 19.29759883056847 -156.83821148780348 349978.46087782364339 63.15768874712507 265.89446132052331
37560.0 -0.00208686893560 19.31233540867659 -156.83469270557305 349987.37594728171825 63.22755306073196 266.44626734526832
37590.0 -0.00191480849942 19.32705072115869 -156.83113967627480 349991.31515277922153 63.29547646141182 267.00042301952840
37620.0 -0.00153043752597 19.34174645743535 -156.82755059852863 349990.36513104103506 63.36147998788411 267.55694043068195
37650.0 -0.00244507545234 19.35642519698590 -156.82392288185437 349984.64028729498386 63.42559803817834 268.11586645589210
37680.0 -0.00162502100873 19.37106885071094 -156.82057009278273 350046.57709012739360 63.48768825572544 268.67682459722300
37710.0 -0.00148817704722 19.38570956139276 -156.81686942094177 350031.16419102065265 63.54791037737687 269.24015849133184
37740.0 -0.00223981010103 19.40032289758255 -156.81313805134073 350010.70100049395114 63.60607122143647 269.80535096204426
37770.0 -0.00173469709751 19.41491225557503 -156.80937270883487 349985.33245237357914 63.66222028649041 270.37247057165843
37800.0 -0.00202549036797 19.42947964585105 -156.80557129755599 349955.15289362519979 63.71638487234051 270.94153605674461
37830.0 -0.00134026596255 19.44403734418078 -156.80203049550991 349993.24843852780759 63.76866953993340 271.51277699085460
37860.0 -0.00174375266112 19.45857064889649 -156.79845888037417 350026.36052522342652 63.81884125118877 272.08552363356915
37890.0 -0.00204158875377 19.47307493795182 -156.79454852179390 349981.84821178391576 63.86699013085233 272.65995400152894
37920.0 -0.00157370260261 19.48757050703110 -156.79090258102622 350005.50135938543826 63.91313873509601 273.23607231245057
37950.0 -0.00157370496637 19.50205204168135 -156.78721557570134 350024.57520228717476 63.95732206890740 273.81392233125240
37980.0 -0.00158074778855 19.51649150820059 -156.78319462613038 349965.90731074474752 63.99941416034603 274.39308021902309
38010.0 -0.00176387534790 19.53095744417908 -156.77973075091842 350048.59744534641504 64.03956466831272 274.97391980004460
38040.0 -0.00186449705495 19.54535464283939 -156.77563472166634 349980.59874294325709 64.07760155314332 275.55586277181828
38070.0 -0.00118329931427 19.55975306607405 -156.77180200901299 349980.84305762778968 64.11357478426129 276.13898170590960
38100.0 -0.00138151829776 19.57413249308432 -156.76793085778672 349976.47906889021397 64.14751285631004 276.72329076286030
38130.0 -0.00109475051016 19.58853368012065 -156.76431129291618 350040.72254363074899 64.17951368003661 277.30903496351254
38160.0 -0.00201643362248 19.60284065311194 -156.76006601125781 349954.19693083688617 64.20937298454382 277.89548079786147
38190.0 -0.00129297185741 19.61719941601444 -156.75637554804024 350009.07446945272386 64.23717585466392 278.48281802158556
38220.0 -0.00129196844140 19.63150236571643 -156.75234929565624 349986.42738444264978 64.26294690781630 279.07104786795958
38250.0 -0.00114103528989 19.64578847860288 -156.74828076312005 349959.34661997016519 64.28672204375263 279.66021580296251
38280.0 -0.00106456529811 19.66009684649790 -156.74447097897976 350000.65727212000638 64.30839384977480 280.24986029168241
38310.0 -0.00180009878424 19.67439590838935 -156.74061495669147 350037.64263329003006 64.32810067016752 280.84038746392275
38340.0 -0.00096595751437 19.68862009047253 -156.73643169579520 349996.95378759410232 64.34569435263197 281.43116954618603
38370.0 -0.00119436525555 19.70282058892201 -156.73221105401672 349951.74434446822852 64.36122513088773 282.02228889924214
38400.0 -0.00128995333621 19.71705835208634 -156.72824131004199 349975.14645469095558 64.37472296103951 282.61376097472123
38430.0 -0.00105047965374 19.73128708702968 -156.72422343998858 349994.30811839736998 64.38627853218779 283.20584943385597
38460.0 -0.00087338440928 19.74549169492256 -156.72017127810983 350008.87461869046092 64.39571878702904 283.79777278148907
38490.0 -0.00133322195849 19.75967811327666 -156.71607886296403 350019.01759840920568 64.40312331147892 284.38973664030516
38520.0 -0.00102632675659 19.77384793952358 -156.71194429075857 350024.79712105821818 64.40851884412942 284.98174588770644
38550.0 -0.00108871346775 19.78800371993431 -156.70776472436603 350026.29258134495467 64.41194199646922 285.57385392115265
38580.0 -0.00118530969194 19.80213684514891 -156.70354801052432 350023.32429144065827 64.41330522025370 286.16557452540530
38610.0 -0.00087640411237 19.81625780426118 -156.69928369031169 350016.15442696306854 64.41273407996155 286.75734784946530
38640.0 -0.00082609384978 19.83035445772642 -156.69498306415093 350004.52887360472232 64.41010603438565 287.34851199294189
38670.0 -0.00150125691182 19.84443026790136 -156.69064244035829 349988.55041504744440 64.40547086445780 287.93916539338801
38700.0 -0.00038940223608 19.85848709141083 -156.68625964165898 349968.28203901648521 64.39885972430852 288.52933144012553
38730.0 -0.00089853954058 19.87262173925392 -156.68210890715616 350016.94357130769640 64.39035519235942 289.11929543620130
38760.0 -0.00092470281540 19.88664249702145 -156.67764055605292 349988.13159905839711 64.37981659977025 289.70824668621628
38790.0 -0.00122656320903 19.90073753893190 -156.67341065377917 350028.08908140193671 64.36731720084700 290.29641041815671
38820.0 -0.00029582453310 19.91472054713450 -156.66885684436403 349990.78326562140137 64.35288535818721 290.88380188661353
38850.0 -0.00119134555247 19.92878746178583 -156.66453487028758 350022.35366279352456 64.33655769436673 291.47048843246228
38880.0 -0.00072145020552 19.94283440000889 -156.66017303138489 350049.61182520817965 64.31826681705735 292.05597327816076
38910.0 -0.00086432884567 19.95676543438592 -156.65548430087722 349999.77162895072252 64.29812388634009 292.64073060590033
38940.0 -0.00076873958314 19.97077843058810 -156.65103368846812 350018.64429811667651 64.27603253051468 293.22408087457325
38970.0 -0.00115411633636 19.98477324972008 -156.64654022381760 350033.30205945950001 64.25204088988527 293.80614364666610
39000.0 -0.00087137403161 19.99863709924346 -156.64172824460607 349970.82549073081464 64.22618054765414 294.38695589996308
39030.0 -0.00069126262971 20.01260334931748 -156.63713810383146 349977.30949364788830 64.19852483969819 294.96682597113590
39060.0 -0.00040550062188 20.02654541175725 -156.63250997532339 349979.53141985274851 64.16896533881341 295.54493281021507
39090.0 -0.00102129785771 20.04046901323511 -156.62783764869667 349977.61244269460440 64.13756786280723 296.12152311798275
39120.0 -0.00116216612020 20.05437567701906 -156.62311914681689 349971.59693461284041 64.10436143197576 296.69662761640291
39150.0 0.00001811230911 20.06839611936995 -156.61862010775931 350034.44208902772516 64.06938157135417 297.27033173788357
39180.0 -0.00094281512451 20.08226814168024 -156.61381057710014 350020.21502569317818 64.03258039227661 297.84214093295736
39210.0 -0.00095689958700 20.09612760966156 -156.60894901435725 350002.01122105494142 63.99405304833270 298.41256075542964
39240.0 -0.00110280029400 20.10996248256139 -156.60404752514572 349979.66596375312656 63.95372881737907 298.98090905132710
39270.0 -0.00040047054113 20.12377624045161 -156.59910210380448 349953.25380961038172 63.91165272597825 299.54732892649423
39300.0 -0.00122153194640 20.13771234106965 -156.59437416990701 349995.62815151177347 63.86785568330002 300.11187418877302
39330.0 -0.00035217301997 20.15164127707650 -156.58959034492392 350034.05004648026079 63.82240059558632 300.67487505708459
39360.0 -0.00083112274866 20.16540141905573 -156.58450397255950 349995.56940788496286 63.77520999557204 301.23551643645817
39390.0 -0.00106154677691 20.17914010046823 -156.57937236678453 349953.09299373067915 63.72634109680910 301.79406563595722
39420.0 -0.00069931123167 20.19301123673266 -156.57445301135306 349979.38062867894769 63.67582235662319 302.35057117929910
39450.0 -0.00063592228637 20.20687021612331 -156.56948118518460 350001.71061380486935 63.62368690909847 302.90513792112324
39480.0 -0.00143887256441 20.22070861577056 -156.56446549115836 350019.99719345662743 63.56990501582719 303.45728328654570
39510.0 -0.00080999546399 20.23453671821851 -156.55939435583878 350034.37742635421455 63.51455447693708 304.00753871790579
39540.0 -0.00066811905797 20.24834254168550 -156.55428030752299 350044.73037914279848 63.45758888456801 304.55523124006356
39570.0 -0.00118631547172 20.26196386856708 -156.54886508754319 349978.51805080659688 63.39904865263141 305.10052682036076
39600.0 -0.00066510171864 20.27573111233158 -156.54365566730206 349980.99671623855829 63.33896282542851 305.64349642551201
39630.0 -0.00084521075679 20.28948819449584 -156.53838869282043 349979.62713624350727 63.27738423717258 306.18450219689197
39660.0 -0.00023847026645 20.30339386821349 -156.53333079891058 350046.79044440854341 63.21426150126799 306.72271973731591
39690.0 -0.00067516424391 20.31710933035729 -156.52797264552285 350037.50699336733669 63.14964365349518 307.25844721360295
39720.0 -0.00099111146379 20.33080697360116 -156.52256401561374 350024.34813221171498 63.08355736574656 307.79175040416033
39750.0 -0.00084722349822 20.34448924295918 -156.51710168424981 350007.34899584017694 63.01603215039218 308.32275212960752
39780.0 -0.00033909197350 20.35814780256854 -156.51159455193903 349986.45643816702068 62.94705467793397 308.85098790785230
39810.0 -0.00119939651819 20.37179284770199 -156.50603065289434 349961.76717628724873 62.87668449937680 309.37700749405388
39840.0 -0.00102934645967 20.38560169272018 -156.50066674461056 350005.53290377184749 62.80489770111494 309.90015505154059
39870.0 -0.00088042841335 20.39939376609228 -156.49525233074755 350045.40547760669142 62.73172879712600 310.42061611911333
39900.0 -0.00100519947192 20.41297630800027 -156.48954372342808 350009.15205621719360 62.65720391533987 310.93847666629722
39930.0 -0.00056548697325 20.42654513185819 -156.48377657250526 349969.15349517203867 62.58136239417697 311.45409761454874
39960.0 -0.00079691441751 20.44028563402607 -156.47820560386310 349997.52803035173565 62.50418201793340 311.96670835114224
39990.0 -0.00073251614680 20.45400880484783 -156.47258279941343 350022.06585001479834 62.42570014031745 312.47660508225852
40020.0 -0.00085124898108 20.46751142332258 -156.46666957132953 349970.67348733730614 62.34594062679008 312.98386810510993
40050.0 -0.00069830545189 20.48120254684276 -156.46093676570791 349987.64114840608090 62.26492838784155 313.48863475058209
40080.0 -0.00076773498524 20.49487186724440 -156.45515585525112 350000.79447280522436 62.18266465628842 313.99046151063664
40110.0 -0.00078383455292 20.50852945986232 -156.44931443504834 350010.18753500748426 62.09919038836451 314.48990800492294
40140.0 -0.00034814517335 20.52216351942483 -156.44342596942593 350015.79012940544635 62.01450215681995 314.98634003766273
40170.0 -0.00108167064557 20.53577749063321 -156.43748590426944 350017.63158438354731 61.92862764820540 315.47995787861646
40200.0 -0.00023746448667 20.54937291289816 -156.43149189714180 350015.73092057276517 61.84158930575781 315.97085882654460
40230.0 -0.00046486644808 20.56295626255447 -156.42543559381568 350010.11364814639091 61.75341410327587 316.45941006120734
40260.0 -0.00092872711638 20.57651366763280 -156.41933321256573 350000.76384576130658 61.66410356042859 316.94487156644539
40290.0 -0.00022035913922 20.59005035661634 -156.41317796201454 349987.70842733047903 61.57368453239033 317.42754539211501
40320.0 -0.00079590745586 20.60356766757984 -156.40696769726176 349970.96273420471698 61.48217736687842 317.90752247074522
40350.0 -0.00031292988055 20.61730017444541 -156.40092122942110 350022.20435009151697 61.38960173297315 318.38495025428585
40380.0 -0.00063994658735 20.63077777927969 -156.39460220438184 349998.06919972877949 61.29597166949335 318.85940674678568
40410.0 -0.00065805653270 20.64424017243353 -156.38822138222289 349970.27926577534527 61.20130973136308 319.33145331749370
40440.0 -0.00041053188452 20.65791526383154 -156.38201093048562 350010.37959229294211 61.10563099213717 319.80047931915419
40470.0 -0.00049505284201 20.67157178275055 -156.37574517461280 350046.76356956548989 61.00895578608709 320.26669447999126
40500.0 -0.00082609503166 20.68496671703956 -156.36920630011409 350008.00696778483689 60.91130243275001 320.73020326306073
40530.0 -0.00064598126600 20.69834600086919 -156.36260390893605 349965.63723182305694 60.81268570980516 321.19137309695049
40560.0 -0.00074358681560 20.71194536047942 -156.35616732931848 349991.03192965686321 60.71312831628792 321.64949623823702
40590.0 0.00020023527056 20.72552539395231 -156.34967416861613 350012.76011381577700 60.61264676077491 322.10487496029930
40620.0 -0.00111889867980 20.73908737394084 -156.34312222378679 350030.82938992045820 60.51125748775749 322.55760675335529
40650.0 -0.00060271737124 20.75263360572614 -156.33650791471010 350045.24074584525079 60.40897462647634 323.00784479452227
40680.0 -0.00040147513902 20.76589709729072 -156.32963413660607 349984.89628154505044 60.30582345653319 323.45518773973913
40710.0 -0.00054838280767 20.77940314745033 -156.32290288001326 349992.09470156580210 60.20180877341697 323.90019177875206
40740.0 -0.00089350945982 20.79288364400382 -156.31612026750446 349995.70874456409365 60.09696230574355 324.34227003861076
40770.0 -0.00020627113109 20.80634197338634 -156.30928134539212 349995.73690928611904 59.99129687543144 324.78163684490846
40800.0 -0.00026765088060 20.81977952973147 -156.30238370665327 349992.18328394461423 59.88482654021492 325.21839993697381
40830.0 -0.00094281276075 20.83320250063906 -156.29541850299717 349985.01837570220232 59.77755438523761 325.65292194339276
40860.0 -0.00041254462594 20.84687067426784 -156.28860099307613 350045.15623548347503 59.66952192330243 326.08452733885349
40890.0 -0.00126681331011 20.86024506186030 -156.28152636746495 350030.88142569363117 59.56073578098776 326.51351394995169
40920.0 -0.00025557443202 20.87359767436778 -156.27439198153624 350013.07158116251230 59.45120839451835 326.93998219130691
40950.0 -0.00112996698484 20.88693077295318 -156.26719414738619 349991.71742671635002 59.34094833961495 327.36408715839968
40980.0 -0.00047996023598 20.90023644024001 -156.25994303935263 349966.89239501859993 59.22999079159783 327.78544663923270
41010.0 -0.00115310937470 20.91380905288609 -156.25281536303387 350009.06667920853943 59.11832374897460 328.20460630378108
41040.0 -0.00094683942549 20.92735706814183 -156.24563258213493 350047.69334517419338 59.00599393662334 328.62100232854704
41070.0 -0.00100922377289 20.94059451109041 -156.23820214431555 350012.32786255050451 58.89300678828341 329.03484964729137
41100.0 -0.00095287528602 20.95380743754347 -156.23071210593372 349973.51002549007535 58.77937219534583 329.44625608570414
41130.0 -0.00060271737124 20.96729574518640 -156.22333760505396 350001.49207729566842 58.66508228551103 329.85557566779073
41160.0 -0.00115713603944 20.98075706059999 -156.21590891266428 350025.99354795645922 58.55019525334356 330.26216402744888
41190.0 -0.00082005562550 20.99389777800161 -156.20823768551227 349976.78579101152718 58.43470851978259 330.66631106382755
41220.0 -0.00073654162966 21.00731354384970 -156.20068533096310 349994.30102876760066 58.31863061611296 331.06811723194528
41250.0 -0.00083213089219 21.02071042789746 -156.19306537745152 350008.26930261217058 58.20196475704381 331.46773658550364
41280.0 -0.00122555861114 21.03408063434330 -156.18538833885668 350018.79532336071134 58.08475487617181 331.86480433686955
41310.0 -0.00069126144783 21.04743360879983 -156.17763992104469 350025.76379151362926 57.96697332946572 332.25985192000945
41340.0 -0.00059869188838 21.06044861498714 -156.16966279762551 349959.45150141697377 57.84868037094640 332.65233737302282
41370.0 -0.00084621771844 21.07405743023907 -156.16197038133623 350029.46426155790687 57.72987436439592 333.04247326062830
41400.0 -0.00072849302770 21.08701892463602 -156.15387177800716 349956.39989387337118 57.61056128756506 333.43036513348096
41430.0 -0.00002817365250 21.10059009157214 -156.14603942005189 350019.31285701040179 57.49072317729527 333.81635584155566
41460.0 -0.00053731213887 21.11381654919216 -156.13798261124779 350009.14453130960464 57.37043301476942 334.19983060236143
41490.0 -0.00092269007397 21.12701678670225 -156.12986352135630 349995.58703777752817 57.24967980864113 334.58106906608873
41520.0 -0.00043166271483 21.14051444881586 -156.12184272256326 350048.12263654358685 57.12846842370976 334.96016964685646
41550.0 -0.00040751218143 21.15334403535651 -156.11342758144380 349958.23946752399206 57.00679703590099 335.33728326190237
41580.0 -0.00013281966053 21.16679237076716 -156.10527716157586 350003.91582655347884 56.88471737728153 335.71206090020416
41610.0 -0.00107362086173 21.18022358061355 -156.09705084357498 350046.00587245635688 56.76218739966634 336.08501747677042
41640.0 0.00005232418589 21.19329554906389 -156.08860878876715 350015.48743939306587 56.63927959534249 336.45563152643649
41670.0 -0.00076974772667 21.20633833839793 -156.08010487212476 349981.67161392234266 56.51598569047290 336.82411121397092
41700.0 -0.00078986923157 21.21968837993998 -156.07168914558522 350013.63251557387412 56.39230809183694 337.19055822868938
41730.0 0.00006037042409 21.23302026240347 -156.06319591949361 350042.03206160664558 56.26821966217185 337.55530274113994
41760.0 -0.00065101252863 21.24598215252067 -156.05449488163308 349998.17136781197041 56.14380649503408 337.91775775435298
41790.0 -0.00082005798926 21.25891375119184 -156.04573094874030 349951.05914527084678 56.01905002175413 338.27819133140378
41820.0 -0.00025658257556 21.27215965673085 -156.03704721852893 349969.49039708077908 55.89395175316421 338.63669847874399
41850.0 -0.00025255709270 21.28538248743967 -156.02829058924081 349984.46952736098319 55.76850521612147 338.99342563452194
41880.0 -0.00079087619322 21.29857475880203 -156.01947232035582 349996.16628219373524 55.64276912612022 339.34803807809118
41910.0 -0.00036122740171 21.31174547153511 -156.01057706859527 350004.37793736252934 55.51668827320217 339.70103306921698
41940.0 -0.00051618367232 21.32488380048008 -156.00162164362163 350009.35828344803303 55.39034625145478 340.05190824568876
41970.0 -0.00006238316552 21.33799290139115 -155.99260019497518 350011.03986032772809 55.26372863428991 340.40086612519519
42000.0 -0.00074157407417 21.35107384344941 -155.98351019623240 350009.40001416951418 55.13683463878428 340.74800358749326
42030.0 -0.00073654162966 21.36413209075043 -155.97434171747000 350004.30013710074127 55.00962886241062 341.09363744856654
42060.0 -0.00004729055950 21.37715560437161 -155.96511401531205 349996.04743366409093 54.88220903485711 341.43720664208212
42090.0 -0.00086835551041 21.39014862790067 -155.95581928265963 349984.53897216729820 54.75454983368649 341.77896706476537
42120.0 0.00034412205425 21.40311212278951 -155.94645510701736 349969.75124066695571 54.62664975761115 342.11900951746554
42150.0 -0.00102733490012 21.41604806668408 -155.93701727678996 349951.62932130508125 54.49849809662857 342.45747520798210
42180.0 0.00003622225446 21.42931661150539 -155.92764080658930 349998.31474910769612 54.37015985057815 342.79404240146835
42210.0 -0.00088042723147 21.44256291858982 -155.91818266924000 350041.47194709442556 54.24156784094411 343.12919041799455
42240.0 -0.00064598481164 21.45540512375752 -155.90854075489784 350013.61637648753822 54.11281576015054 343.46243464343547
42270.0 -0.00061177293485 21.46821374796838 -155.89883232930202 349982.60209478717297 53.98388352353655 343.79397129873706
42300.0 -0.00063591992261 21.48136486074614 -155.88917055803327 350016.03558470960706 53.85476754336593 344.12389198605962
42330.0 -0.00075465393877 21.49449241796177 -155.87942566794433 350045.96312126237899 53.72542501556843 344.45250009316254
42360.0 -0.00028676778760 21.50720592995330 -155.86950563656845 350005.26399752870202 53.59596400430338 344.77925865973901
42390.0 -0.00066610868030 21.51988452622222 -155.85951819171760 349961.45002001803368 53.46635321227584 345.10441138025880
42420.0 -0.00050209448231 21.53329418230859 -155.84967673702059 350049.14277399331331 53.33658846766430 345.42804447062110
42450.0 -0.00008552791915 21.54591034660734 -155.83954131261441 349998.81798728462309 53.20665522886461 345.75029358892385
42480.0 -0.00087841685380 21.55887350871765 -155.82944774291428 350012.68819742929190 53.07662417407744 346.07084884773889
42510.0 -0.00073855437109 21.57180959176879 -155.81927164794573 350023.13524146284908 52.94641726907604 346.39017193481965
42540.0 -0.00045983636732 21.58431846866699 -155.80893112257192 349963.50273535028100 52.81613741555960 346.70779469545869
42570.0 -0.00038839409255 21.59757258837389 -155.79871983651259 350034.71916601620615 52.68575934837502 347.02390683095177
42600.0 -0.00050813388848 21.61000996374772 -155.78823920395709 349968.86720128916204 52.55527704193347 347.33859453515936
42630.0 -0.00019721556748 21.62320564678296 -155.77786671354883 350033.31735201738775 52.42464108846574 347.65214810035735
42660.0 -0.00039644387639 21.63557124933359 -155.76724281272777 349961.24027099274099 52.29396873813143 347.96405292144379
42690.0 -0.00083615637505 21.64869483170185 -155.75673119506283 350019.41394580155611 52.16322343492143 348.27454081774715
42720.0 -0.00018413570288 21.66138638775174 -155.74605350176981 350007.73160575609654 52.03239866006230 348.58369332988684
42750.0 -0.00039342653706 21.67404464955830 -155.73529719600089 349992.80502904206514 51.90147642157281 348.89164054195476
42780.0 0.00014891804632 21.68706661200499 -155.72455853830047 350041.27001171838492 51.77053254573694 349.19808341589265
42810.0 -0.00007244569079 21.69924882064423 -155.71356918794709 349953.69202065747231 51.63947915967586 349.50346669924869
42840.0 -0.00072245598529 21.71220018556783 -155.70267887869448 349995.77414011675864 51.50842758455794 349.80733748173589
42870.0 -0.00004527781807 21.72511580382350 -155.69171345383660 350034.66393083892763 51.37734781986641 350.10987901049486
42900.0 -0.00019218548672 21.73758583773639 -155.68059484674512 350004.28473336063325 51.24623173976084 350.41117216145716
42930.0 -0.00053429479955 21.75002234348028 -155.66939190077440 349970.61720552854240 51.11502405550560 350.71149471889913
42960.0 0.00001106712316 21.76282847293017 -155.65819685979878 349999.99883730057627 50.98385018910192 351.01035277720791
42990.0 -0.00050611996517 21.77559720711018 -155.64692590675131 350026.22894674539566 50.85266897178884 351.30796683111544
43020.0 -0.00026261961797 21.78832925791472 -155.63557649529901 350049.26560054812580 50.72147183417573 351.60441384299168
43050.0 -0.00060573471056 21.80060750048459 -155.62407908996815 350003.40025699604303 50.59023768228136 351.89981848878426
43080.0 -0.00036022162193 21.81284087134873 -155.61251576050006 349954.72352500166744 50.45904702314571 352.19389169559179
43110.0 -0.00006439708883 21.82545920169052 -155.60092950990958 349968.29809452500194 50.32780306185797 352.48706219188745
43140.0 -0.00084420615889 21.83803403220953 -155.58927491362979 349978.96494237519801 50.19662483605923 352.77889117136721
43170.0 -0.00048700305817 21.85056810313610 -155.57754510897266 349986.58347263839096 50.06547801541266 353.06955567501154
43200.0 -0.00026060569466 21.86306211691036 -155.56573748463910 349991.10771442949772 49.93435267696849 353.35913148689309
43230.0 -0.00051215937134 21.87552058414451 -155.55384094244900 349992.28887578099966 49.80318829704610 353.64788461393044
43260.0 -0.00069629389234 21.88793317643650 -155.54187705478998 349990.64917160291225 49.67211757354342 353.93534029772940
43290.0 -0.00049706440156 21.90030329265618 -155.52983729638513 349986.00334372743964 49.54109529981270 354.22170838231455
43320.0 -0.00050612114705 21.91263157782743 -155.51771909633081 349978.30400964897126 49.41011112141727 354.50706146102277
43350.0 -0.00042361174911 21.92491960956476 -155.50551767721339 349967.44802990555763 49.27914115458334 354.79151908122321
43380.0 -0.00071440501957 21.93716100810965 -155.49324639375877 349953.77451959438622 49.14827017330796 355.07480134289955
43410.0 -0.00047492897335 21.94980043738054 -155.48092575395083 350001.43757504690439 49.01739327861720 355.35732199512262
43440.0 -0.00041153884617 21.96239432121353 -155.46853276016779 350046.18727496173233 48.88663659838478 355.63865526741648
43470.0 -0.00053127509646 21.97450513109296 -155.45602601034125 350023.45004331320524 48.75596183619566 355.91897234961777
43500.0 -0.00012577447458 21.98657070734493 -155.44344161644108 349997.76243837177753 48.62535754000799 356.19834423414375
43530.0 -0.00044675768461 21.99859529947848 -155.43076819255853 349968.84799032472074 48.49475852329105 356.47702594703770
43560.0 -0.00098708479905 22.01101348135247 -155.41805543237066 350001.43226658925414 48.36430396811101 356.75456043104538
43590.0 0.00006942835147 22.02338683973400 -155.40526260587464 350030.98457670677453 48.23394513693481 357.03114760689294
43620.0 -0.00020124105034 22.03526876539245 -155.39236413018327 349993.47893212735653 48.10367012472228 357.30685596876975
43650.0 -0.00055643140963 22.04710510683150 -155.37938259973760 349952.94909160118550 47.97345253419878 357.58180027468165
43680.0 -0.00061780997726 22.05978954762755 -155.36636862731726 350037.35884356964380 47.84338103879272 357.85570908111248
43710.0 0.00002414935152 22.07153230994948 -155.35322520396963 349990.86934726592153 47.71334336039792 358.12898223994659
43740.0 -0.00009659622419 22.08367416139458 -155.34002843293894 350005.43096846155822 47.58347215922353 358.40120601819410
43770.0 0.00007043413124 22.09576767522358 -155.32675250983647 350017.06835479475558 47.45372549563144 358.67254616406217
43800.0 -0.00048096483388 22.10735817995032 -155.31338562264597 349962.28713467437774 47.32409062287334 358.94306921181970
43830.0 -0.00043971131679 22.11981514638016 -155.29994360797053 350031.09532145038247 47.19449819503708 359.21302001700758
43860.0 -0.00019620978770 22.13130599807793 -155.28641719535156 349970.55250773765147 47.06509317873969 359.48195788284232
43890.0 -0.00069126381159 22.14366207893966 -155.27282025944507 350033.64512074273080 46.93582374999686 359.75007354162460
43920.0 -0.00010565060592 22.15505033438114 -155.25913674129961 349967.46128948125988 46.80667665810996 0.01743168421660
43950.0 -0.00073553466800 22.16731066031349 -155.24536563822349 350024.36484181135893 46.67762323460583 0.28414264264199
43980.0 0.00001207290294 22.17859370156310 -155.23152653291672 349952.63408646080643 46.54875572551583 0.54994277735455
44010.0 -0.00005131604236 22.19075455390234 -155.21758523373697 350003.50702860299498 46.41995511295099 0.81521911785421
44040.0 -0.00052121375307 22.20239658935701 -155.20357798045924 349988.91353257559240 46.29136009267833 1.07956903791759
44070.0 -0.00009559044441 22.21398485506975 -155.18949223851368 349971.54964352585375 46.16292536644091 1.34315327290411
44100.0 -0.00063591992261 22.22598730465860 -155.17531102790326 350013.88796009402722 46.03463709623284 1.60603423939849
44130.0 0.00039946239759 22.23747368924623 -155.16104867508426 349990.43536955956370 45.90642221785942 1.86844741394751
44160.0 -0.00054234576527 22.24890165574311 -155.14671662644517 349964.50315241608769 45.77843086465865 2.12996722155451
44190.0 -0.00018614608055 22.26074486005087 -155.13228429771874 349998.10549076739699 45.65060851395830 2.39077592029079
44220.0 -0.00032701788868 22.27253496452047 -155.11776575962224 350028.73445827513933 45.52294074748155 2.65093469700706
44250.0 -0.00048499031674 22.28379993447967 -155.10318215226829 349994.17012302484363 45.39539683687405 2.91054982203710
44280.0 0.00014992500798 22.29500529797992 -155.08852667255675 349957.11954079475254 45.26807231001997 3.16936486289140
44310.0 0.00025960109676 22.30663258547415 -155.07374802885727 349978.89375638496131 45.14084197101850 3.42775506300222
44340.0 -0.00065000793074 22.31820066173425 -155.05889498965544 349998.09356375131756 45.01385010950454 3.68532803701310
44370.0 -0.00008049665651 22.32971162640604 -155.04395959029563 350014.49594695121050 44.88704831806848 3.94223993369872
44400.0 0.00063088984186 22.34116578433036 -155.02893919355452 350028.03408163972199 44.76042184340261 4.19854938246153
44430.0 -0.00087539833259 22.35256642654734 -155.01382150010394 350038.34516706783324 44.63389428813728 4.45448323421512
44460.0 -0.00034512665215 22.36390543620274 -154.99863053754277 350046.17024565860629 44.50762040712421 4.70962989506952
44490.0 -0.00023545292712 22.37470359036772 -154.98340298886075 349989.90098015777767 44.38154331650080 4.96416382484786
44520.0 -0.00019822134725 22.38592340092048 -154.96804682603766 349992.24210049491376 44.25564758444256 5.21814299601942
44550.0 -0.00077175928622 22.39708530525687 -154.95260013250319 349991.60425302293152 44.12990060607948 5.47166996898200
44580.0 -0.00027268214324 22.40866873472358 -154.93702477648958 350049.53421894181520 44.00440093289058 5.72449497028210
44610.0 -0.00041254344406 22.41971116255344 -154.92140420714304 350043.17619784548879 43.87901768313731 5.97698243678260
44640.0 0.00006741561004 22.43068879894135 -154.90571075877082 350034.42306760139763 43.75390034828357 6.22874942070286
44670.0 -0.00041958744813 22.44160356395042 -154.88993618795061 350023.02953530848026 43.62899762965028 6.47994789412651
44700.0 -0.00019922830891 22.45245568012593 -154.87407787107688 350008.92395091429353 43.50429401026241 6.73063301095136
44730.0 -0.00034814753711 22.46324810763095 -154.85812322247554 349991.71428652759641 43.37971009523080 6.98102370018461
44760.0 -0.00032902708447 22.47397339232160 -154.84209689587607 349972.19724132958800 43.25540478019993 7.23072130188743
44790.0 -0.00071239346002 22.48463366019244 -154.82598951379447 349950.08560920041054 43.13131911316628 7.47989310686723
44820.0 -0.00097400611633 22.49621261434054 -154.80965161768478 350045.94446830078959 43.00743678173717 7.72859414527025
44850.0 0.00055139896512 22.50674585475723 -154.79336617231601 350018.13466228265315 42.88372346320961 7.97692359856642
44880.0 -0.00070937375694 22.51721046477515 -154.77700715197707 349988.00452503655106 42.76028050365515 8.22463784872494
44910.0 -0.00001710534745 22.52761150975508 -154.76055320222585 349954.86568255815655 42.63697176551891 8.47209143930434
44940.0 -0.00075364697711 22.53893227161015 -154.74386121677961 350039.40945730637759 42.51395159503297 8.71891011675756
44970.0 -0.00013885670293 22.54919596578516 -154.72725170861338 350001.38843024987727 42.39116599192456 8.96524206232407
45000.0 -0.00053429361767 22.55939117072453 -154.71056009546504 349960.80913629103452 42.26859880609149 9.21113924230277
45030.0 0.00035518917742 22.57051515457765 -154.69359110377857 350036.58594132587314 42.14616793698364 9.45681331355098
45060.0 -0.00105148425164 22.58057334648204 -154.67672968491678 349990.71175269410014 42.02403599786991 9.70187759087782
45090.0 -0.00005433456356 22.59105953281498 -154.65969269113401 350001.88363868463784 41.90214222267528 9.94649277482912
45120.0 -0.00021734061802 22.60147647683064 -154.64256860252266 350010.35078517533839 41.78046953313932 10.19071120389091
45150.0 0.00020627231297 22.61132469591496 -154.62545326833762 349956.63469521887600 41.65898202554551 10.43462898729200
45180.0 -0.00081301280331 22.62210050086479 -154.60805836195073 350019.17737759836018 41.53778363823658 10.67800819913075
45210.0 0.00047191045214 22.63180616494020 -154.59077303066067 349960.24389521032572 41.41673335254594 10.92119433287901
45240.0 -0.00055743837129 22.64244042500659 -154.57320051283466 350017.30799754057080 41.29599006310055 11.16382114346738
45270.0 -0.00011470735142 22.65199720678880 -154.55576385525063 349953.83308133017272 41.17549723274999 11.40603337901005
45300.0 -0.00013080691910 22.66248666733010 -154.53801821236675 350005.60812302306294 41.05523819054606 11.64788008065514
45330.0 -0.00046486644808 22.67240243124570 -154.52028599692329 349995.41820172499865 40.93512838361969 11.88956622774244
45360.0 0.00003823617777 22.68224130370198 -154.50248123123046 349983.09334808774292 40.81533377105495 12.13071623314716
45390.0 -0.00028676896948 22.69251010095609 -154.48447193128871 350026.85209863632917 40.69579199277386 12.37148473485756
45420.0 -0.00084420615889 22.70169298267962 -154.46662226025074 349950.96433379035443 40.57648530335288 12.61192160812208
45450.0 -0.00025758835533 22.71181278226260 -154.44843201128438 349989.23315280582756 40.45737633636384 12.85212016932166
45480.0 -0.00073050222349 22.72185504029749 -154.43016240573397 350025.16134356893599 40.33857144326812 13.09184776127442
45510.0 -0.00059869307026 22.73131608066213 -154.41192359775135 349999.77559421863407 40.21992505040718 13.33144159898669
45540.0 -0.00005131604236 22.74069685804911 -154.39361357481144 349972.35405389964581 40.10160033139750 13.57054281494560
45570.0 -0.00050913966825 22.75050710234227 -154.37508515865895 350000.56613028421998 39.98353835480517 13.80929305240124
45600.0 -0.00091866577299 22.76023922415254 -154.35646856978792 350026.15232476219535 39.86572202538222 14.04773866443398
45630.0 -0.00085225476085 22.76989499909120 -154.33775035265316 350048.62933129351586 39.74806455755733 14.28607849333995
45660.0 -0.00021029661395 22.77844931414172 -154.31924902340091 349953.54910919256508 39.63073493020612 14.52394725069182
45690.0 -0.00079691559939 22.78794208551260 -154.30037598468661 349971.57662473805249 39.51366937956900 14.76149399039144
45720.0 -0.00055139896512 22.79735430688869 -154.28141523202987 349987.01696841139346 39.39684957822205 14.99876633017029
45750.0 -0.00068120010444 22.80668634339712 -154.26236084487778 349999.65622331853956 39.28023679825495 15.23585504806507
45780.0 -0.00107663938293 22.81593480532685 -154.24322993677779 350010.13044356368482 39.16393964777429 15.47253236552669
45810.0 -0.00091162176893 22.82510283633523 -154.22399923573266 350017.58255486655980 39.04780828030919 15.70912792313044
45840.0 -0.00074056711252 22.83418569309206 -154.20469504639797 350022.99334721639752 38.93200991266721 15.94528965213584
45870.0 -0.00035116487644 22.84318431703479 -154.18530797358281 350026.01989152841270 38.81648334216388 16.18115638982632
45900.0 -0.00045782126214 22.85209852141165 -154.16583546949124 350026.57121751178056 38.70121113236696 16.41677201386181
45930.0 -0.00047392319357 22.86092967613145 -154.14626381274735 350024.13254679460078 38.58610445491576 16.65232971861806
45960.0 -0.00019520400793 22.86967328475242 -154.12662008325495 350019.72766615822911 38.47133502349590 16.88747378674562
45990.0 -0.00119033977269 22.87833024604943 -154.10689431459792 350012.98567359708250 38.35683783509371 17.12234811991447
46020.0 -0.00012577565646 22.88690036439444 -154.08708377201336 350003.80582630168647 38.24259405366244 17.35699826277833
46050.0 -0.00020224801199 22.89538383279684 -154.06718240675818 349991.95841290894896 38.12856367673062 17.59151268410116
46080.0 -0.00043669161370 22.90377778922654 -154.04720781280949 349978.11947518866509 38.01485743226510 17.82566812748534
46110.0 -0.00039946476135 22.91208468054061 -154.02713609883722 349961.37271587923169 37.90132144452554 18.05978729763296
46140.0 -0.00022639381787 22.92081577321740 -154.00680547670598 349998.98416334949434 37.78812676839501 18.29352439504638
46170.0 -0.00003119335558 22.92945694283038 -153.98638973986175 350034.17892404366285 37.67521003564600 18.52701572160850
46200.0 -0.00022035913922 22.93749228622795 -153.96608064889077 350010.82456971984357 37.56255354030805 18.76030286940493
46230.0 -0.00064598362976 22.94543794632336 -153.94567535333437 349984.59548200387508 37.45006657509287 18.99357382582532
46260.0 0.00016401301611 22.95329028864528 -153.92520151268928 349956.57348450180143 37.33792334019384 19.22648178375814
46290.0 -0.00062887946419 22.96208208192811 -153.90424422002792 350037.88556046877056 37.22605773522388 19.45916588112003
46320.0 -0.00013382425842 22.96974896310480 -153.88360495697805 350005.20111266989261 37.11445047888785 19.69166975387624
46350.0 -0.00011873401616 22.97732282008800 -153.86287815462953 349969.97823609877378 37.00306036836560 19.92407976720512
46380.0 -0.00054335036316 22.98583423854591 -153.84166076382209 350043.90174890216440 36.89200013288300 20.15617686137707
46410.0 -0.00041656774504 22.99321934111400 -153.82076506780280 350003.87374025769532 36.78111207662465 20.38827738215815
46440.0 -0.00040852032497 23.00050771280590 -153.79980325263477 349962.15839409455657 36.67057091534529 20.62004131651677
46470.0 -0.00128089659072 23.00873306829478 -153.77832791003254 350028.77605646941811 36.56031120565233 20.85160267460961
46500.0 -0.00049404706223 23.01582850065887 -153.75720601731607 349982.60643840208650 36.45031503388925 21.08300093192925
46530.0 -0.00031997388461 23.02386118784203 -153.73554299351048 350043.72416594345123 36.34048995474311 21.31441926529854
46560.0 -0.00084319919724 23.03076149489115 -153.71425830619839 349992.98103103227913 36.23101243964214 21.54551917858694
46590.0 -0.00052423227428 23.03859658855903 -153.69243958753484 350049.88685864955187 36.12181541301147 21.77643539464050
46620.0 -0.00044272983799 23.04529909900175 -153.67099719561455 349994.76905194949359 36.01287920309615 22.00720978681749
46650.0 -0.00078685307412 23.05293573850173 -153.64900082438143 350046.55940372496843 35.90416146987349 22.23792680063089
46680.0 -0.00075767127809 23.05943791260803 -153.62740393194809 349987.18579371273518 35.79577684195653 22.46837127643393
46710.0 -0.00067516188015 23.06687319579695 -153.60523553958791 350034.07491713389754 35.68756398177747 22.69885372103505
46740.0 -0.00073754977319 23.07317288543377 -153.58348107523096 349970.30328583437949 35.57970111446091 22.92903946883162
46770.0 -0.00139761786544 23.08040323051620 -153.56116254497937 350013.18456601537764 35.47212079821592 23.15906045676786
46800.0 0.00024148760577 23.08701420334429 -153.53900744418246 349999.44486271496862 35.36480496514640 23.38895419396469
46830.0 -0.00105349462931 23.09352229075642 -153.51675797552866 349982.85857161972672 35.25765956658584 23.61889983454263
46860.0 -0.00092772015473 23.10044179849347 -153.49418866566225 350018.65713171474636 35.15086309020359 23.84856585831592
46890.0 -0.00039141379563 23.10674029641268 -153.47179497919214 349998.25660551246256 35.04434764556973 24.07808324501494
46920.0 -0.00016703035543 23.11293350577904 -153.44932268786351 349975.65520400367677 34.93809321789301 24.30749223494543
46950.0 -0.00122958173024 23.11953658575472 -153.42650288335466 350004.33027108013630 34.83205638356334 24.53687551761475
46980.0 -0.00068824529038 23.12603244206730 -153.40361154510572 350031.14514306001365 34.72635358391598 24.76602156426821
47010.0 0.00014590070700 23.13190591492872 -153.38089094652284 350001.41641848348081 34.62081999065321 24.99523550933620
47040.0 -0.00102934645967 23.13767132708103 -153.35810796733227 349970.15161660406739 34.51563721016129 25.22418763715823
47070.0 -0.00047291741380 23.14384309226817 -153.33497863352122 349990.29402693081647 34.41073586690340 25.45300800662809
47100.0 0.00029884305430 23.14990545504211 -153.31176854648672 350008.15538637526333 34.30609778529945 25.68173229341413
47130.0 -0.00003421187679 23.15585788767711 -153.28846300954578 350023.08816865552217 34.20162738875910 25.91053508130448
47160.0 -0.00057957261762 23.16169950022107 -153.26509128988391 350036.35299266967922 34.09750516053080 26.13909292292311
47190.0 0.00004527781807 23.16742980513717 -153.24164299219649 350047.49142775777727 33.99366237497016 26.36753261457012
47220.0 -0.00002917943227 23.17202161671320 -153.21868978750405 349950.46688605379313 33.89007871548043 26.59589287799542
47250.0 -0.00022035795734 23.17752807424461 -153.19508191070193 349956.97768306080252 33.78670971985873 26.82425479237521
47280.0 0.00009961474539 23.18292146301740 -153.17140764583013 349961.78075531590730 33.68367356948227 27.05241021625420
47310.0 0.00011973743217 23.18820092010778 -153.14764073355988 349963.70533878449351 33.58080207184188 27.28065932905117
47340.0 -0.00000201274143 23.19336617399688 -153.12381125871403 349964.07184243854135 33.47828010781624 27.50867700681458
47370.0 0.00056146267227 23.19841652822937 -153.09990844477164 349962.39343955647200 33.37603642206297 27.73659160377555
47400.0 -0.00029079327046 23.20335133574281 -153.07592997688315 349958.55531661584973 33.27405277164052 27.96443708035416
47430.0 0.00054536428647 23.20816956998413 -153.05186095333303 349951.87479377351701 33.17223215351202 28.19238416572308
47460.0 0.00018010785627 23.21389184689579 -153.02711288436618 350048.17284562159330 33.07075684189001 28.42011625206185
47490.0 -0.00025959991488 23.21847547778846 -153.00290629064375 350037.79379863198847 32.96955740829733 28.64775656115270
47520.0 -0.00023243204216 23.22294111874917 -152.97862575464922 350025.27895453851670 32.86861327026502 28.87534239730125
47550.0 0.00078182062961 23.22728787616366 -152.95426463330392 350010.31091764569283 32.76787896480473 29.10295335799968
47580.0 -0.00015998635137 23.23151593824921 -152.92984276168039 349993.77791245188564 32.66747435337577 29.33038446978541
47610.0 -0.00033003522800 23.23562352564118 -152.90533333395214 349974.44039066508412 32.56722798392398 29.55793132882827
47640.0 -0.00007848391508 23.23961144469060 -152.88076713565434 349953.69198002479970 32.46732792474027 29.78527308145298
47670.0 -0.00015193656753 23.24449221246168 -152.85547659192255 350034.29379083495587 32.36770108504820 30.01253653057501
47700.0 -0.00023947722810 23.24823685000869 -152.83076706307986 350009.39176022540778 32.26832919008059 30.23975402565632
47730.0 -0.00048398335508 23.25185846646103 -152.80597238092724 349981.72113953717053 32.16911388415183 30.46709269324525
47760.0 0.00062183427824 23.25535826105025 -152.78112274135285 349952.66531977150589 32.07023911860437 30.69424236987625
47790.0 -0.00090659050630 23.25974403732397 -152.75552923874193 350024.30963128618896 31.97163482799138 30.92132292480372
47820.0 -0.00072144902364 23.26299583298631 -152.73054052306944 349991.16039426904172 31.87328019553066 31.14837033387650
47850.0 0.00023142626238 23.26612270114398 -152.70547693628234 349955.64353718142956 31.77512878867653 31.37546282660483
47880.0 -0.00064598362976 23.27013079143232 -152.67966400654572 350020.76790644880384 31.67730210090430 31.60239840065117
47910.0 -0.00071339923980 23.27300559834971 -152.65445837459072 349980.89991389214993 31.57962550563998 31.82946839870768
47940.0 -0.00056548697325 23.27675813747396 -152.62849666285817 350041.49103072099388 31.48229018963735 32.05635595050983
47970.0 -0.00058158654093 23.27938044773159 -152.60317329630880 349998.34727028850466 31.38522126247062 32.28318644258926
48000.0 0.00096595751437 23.28187565421182 -152.57778595011300 349953.25027560349554 31.28840044883722 32.50999070586639
48030.0 -0.00073352310845 23.28524006202300 -152.55159750578039 350006.66835171543062 31.19172810234353 32.73693248737180
48060.0 -0.00029280601189 23.28747776588602 -152.52607684258481 349957.42841997276992 31.09538975685871 32.96370771461834
48090.0 0.00011470735142 23.29058244679020 -152.49976427374042 350007.28326691500843 30.99931476607446 33.19043310171696
48120.0 0.00050008410464 23.29256089229607 -152.47411713144646 349954.14218163117766 30.90348210664784 33.41714337449111
48150.0 0.00090658932442 23.29540101863227 -152.44765783795134 349999.25325548555702 30.80784440227455 33.64391549404073
48180.0 -0.00043870435513 23.29810898471768 -152.42113968798481 350042.71053072344512 30.71252474103329 33.87055025384907
48210.0 0.00076270254073 23.29969180206151 -152.39528912950220 349982.91531300079077 30.61734538942844 34.09733503383613
48240.0 -0.00025758717345 23.30213247792903 -152.36863514179220 350022.01233831979334 30.52250060022526 34.32395669311157
48270.0 0.00140667342906 23.30345241057843 -152.34268009179081 349959.15153827238828 30.42791371163433 34.55053931947969
48300.0 -0.00014288100391 23.30562411787961 -152.31589721853663 349994.13102359045297 30.33356647558847 34.77711230722689
48330.0 -0.00001811230911 23.30765734464379 -152.28903074872673 350026.11064660083503 30.23935800651924 35.00383622070418
48360.0 0.00064497784998 23.30857474941527 -152.26289277547770 349957.21958686131984 30.14547534342228 35.23041276377535
48390.0 0.00023344018569 23.31033751540645 -152.23591582745874 349985.83411284536123 30.05184730686534 35.45695567046908
48420.0 0.00071138531649 23.31196217628752 -152.20887310422779 350012.25225005298853 29.95845269166706 35.68349848539999
48450.0 0.00053328901977 23.31344704295791 -152.18175769083891 350036.09614522010088 29.86524319861369 35.91011698837463
48480.0 -0.00134328330188 23.31382110612459 -152.15539302608360 349959.67222588881850 29.77234348293352 36.13661461335874
48510.0 0.00072346176507 23.31502818423499 -152.12815124319596 349979.12801512517035 29.67957275621389 36.36327503211823
48540.0 0.00042964879152 23.31609729243351 -152.10086217618061 349997.20477360207587 29.58712829990947 36.58978861004137
48570.0 -0.00070434367618 23.31702603943442 -152.07351408563406 350013.27920789644122 29.49493170234706 36.81627823811910
48600.0 0.00088244233666 23.31781345425494 -152.04610494448875 350027.21708354260772 29.40296476789472 37.04277194614356
48630.0 -0.00001710652933 23.31845625894602 -152.01861920367605 350038.18571056704968 29.31112541392051 37.26942728920728
48660.0 -0.00045077962183 23.31799740130025 -151.99192246226923 349950.02155584096909 29.21960212288111 37.49595146821466
48690.0 0.00041958863001 23.31835974594874 -151.96434079416295 349957.78909695520997 29.12832322261998 37.72245539224046
48720.0 0.00013986248271 23.31857941827441 -151.93670534920889 349963.66571561619639 29.03729624294218 37.94892711623455
48750.0 0.00048700187629 23.31865300306813 -151.90900078331111 349966.81828876584768 28.94642018515874 38.17552098946110
48780.0 0.00019017274529 23.31858197810178 -151.88123928443565 349967.84374753665179 28.85576477233107 38.40212892646551
48810.0 0.00000704282218 23.31836825416651 -151.85343442510455 349967.41973424423486 28.76540828554170 38.62863093248126
48840.0 0.00001408682625 23.31800575708822 -151.82555750431240 349964.00284178834409 28.67516673877213 38.85530667284421
48870.0 0.00095187068813 23.31750019999139 -151.79764180145000 349959.30863594543189 28.58524058899886 39.08185034393541
48900.0 -0.00025054435127 23.31684869421614 -151.76967535330743 349952.67285863589495 28.49554960450615 39.30838348813676
48930.0 -0.00075867942163 23.31699214276263 -151.74077477769444 350040.24569557793438 28.40607563593449 39.53493276521643
48960.0 0.00151031365731 23.31604045274419 -151.71268207887621 350028.40971612278372 28.31671533297605 39.76165257948482
48990.0 -0.00023947722810 23.31494370670037 -151.68455264293985 350015.26455335412174 28.22765873248520 39.98825586339480
49020.0 0.00000905556361 23.31369911729434 -151.65637582614130 350000.20522212516516 28.13883362661768 40.21485062577885
49050.0 0.00112795542529 23.31230655382256 -151.62815385606336 349983.31367912702262 28.05024763606885 40.44142466719629
49080.0 -0.00008452095749 23.31076196267617 -151.59987124965457 349963.71131032798439 27.96179836803682 40.66812950732085
49110.0 0.00030186039363 23.30999490728540 -151.57062790785801 350037.36108421254903 27.87355610357638 40.89485890022490
49140.0 -0.00001509142414 23.30815032848432 -151.54225736919884 350014.13848692644387 27.78560024207919 41.12149418093477
49170.0 -0.00067516306203 23.30615091523973 -151.51382323836916 349987.90931575465947 27.69774363225876 41.34831124168541
49200.0 0.00104544602735 23.30400386880996 -151.48535932136863 349960.48165560327470 27.61018989270571 41.57500790375197
49230.0 -0.00005332878379 23.30262318939180 -151.45592055823141 350025.86021092813462 27.52285698516222 41.80170445345134
49260.0 0.00081502554474 23.30017039075008 -151.42736576796645 349994.31812925264239 27.43572683092188 42.02842624660516
49290.0 -0.00018413570288 23.29756087926354 -151.39875139609143 349959.80182316619903 27.34869484424372 42.25532469487258
49320.0 0.00042059440978 23.29571139687805 -151.36916118837192 350018.28005391079932 27.26195257624362 42.48211820437974
49350.0 0.00032198544416 23.29279703304830 -151.34047566860966 349980.47353964205831 27.17542731718699 42.70891202605000
49380.0 0.00024551308863 23.29063405037263 -151.31079590702126 350034.80374843813479 27.08912679390665 42.93569371997099
49410.0 0.00152238774213 23.28740679747281 -151.28201765333435 349992.31781988777220 27.00294724367868 43.16261211993410
49440.0 -0.00000804978384 23.28492324020956 -151.25223199277494 350041.38604865688831 26.91695950160283 43.38956274048837
49470.0 0.00026563813917 23.28138658229626 -151.22338437028023 349995.34594262205064 26.83124409177355 43.61642818740029
49500.0 0.00026765088060 23.27858252829839 -151.19350391131309 350039.57756725791842 26.74561071598712 43.84348077446109
49530.0 0.00122253890805 23.27473105046113 -151.16457632414881 349989.18873916659504 26.66026615529336 44.07042177712562
49560.0 -0.00060875441365 23.27161121805264 -151.13462787889964 350029.91808560304344 26.57512657269372 44.29737030066543
49590.0 0.00052222189661 23.26744454101836 -151.10562812799088 349975.42945738695562 26.49017398265094 44.52435045514810
49620.0 0.00091262636683 23.26399729733608 -151.07558002422743 350010.63195413630456 26.40530258900726 44.75151079330335
49650.0 0.00014388678369 23.26039079394675 -151.04550378065309 350044.31275816448033 26.32070543091036 44.97857497470748
49680.0 0.00069428115091 23.25574587131687 -151.01639666995308 349983.39994789194316 26.23630932506536 45.20564561519790
49710.0 0.00007848391508 23.25181649771367 -150.98625029194199 350012.95002043806016 26.15212212025169 45.43271004663897
49740.0 0.00014690648677 23.24771876592031 -150.95605194721338 350039.42978784721345 26.06803870111334 45.65991453789231
49770.0 0.00024048300788 23.24258939550239 -150.92683670881260 349971.56207101885229 25.98413045794206 45.88715629672203
49800.0 -0.00060171159146 23.23816791637595 -150.89657866490526 349994.19554579257965 25.90047905122724 46.11431915198443
49830.0 -0.00041556196527 23.23357489127299 -150.86626572733039 350013.40548079833388 25.81689104212643 46.34167199825279
49860.0 0.00150628817445 23.22882059355249 -150.83593259042749 350031.19581484701484 25.73357638837605 46.56891942715286
49890.0 0.00040650758354 23.22390042617414 -150.80556676342934 350046.76897061523050 25.65044945687897 46.79617942233399
49920.0 0.00039443231684 23.21796254290169 -150.77621316836508 349968.75706737022847 25.56749237704594 47.02347489871513
49950.0 0.00051819641375 23.21270540770089 -150.74576757131953 349978.70968970376998 25.48459816081250 47.25095166263301
49980.0 0.00183229673771 23.20728518658644 -150.71530394233304 349987.14979894552380 25.40196132142626 47.47833844095273
50010.0 0.00040550062188 23.20169774291054 -150.68481175008213 349993.38405113853514 25.31950822587035 47.70573532004035
50040.0 -0.00006942716959 23.19594326735222 -150.65429346376166 349997.50354504678398 25.23724686155624 47.93312941439170
50070.0 0.00008250821606 23.19001560934498 -150.62373338112312 349998.48376676253974 25.15507077203485 48.16066452842181
50100.0 0.00030286735528 23.18391841176215 -150.59314415730236 349997.03312645386904 25.07305190852219 48.38823950678793
50130.0 0.00112795542529 23.17765611966413 -150.56254014166493 349993.97594226337969 24.99127308426641 48.61573936478149
50160.0 0.00073352310845 23.17121732898370 -150.53189138171038 349987.39419033378363 24.90953771625819 48.84342970390058
50190.0 0.00027167518158 23.16461397130690 -150.50123288955035 349979.39515444263816 24.82805896442572 49.07101832520130
50220.0 0.00097803041731 23.15784086279899 -150.47055202621945 349969.13239204417914 24.74674939821439 49.29862213537382
50250.0 0.00033003522800 23.15171052518214 -150.43874896635620 350046.03617582935840 24.66559128261098 49.52626289948476
50280.0 0.00138252525942 23.14458521463796 -150.40799975494875 350029.70284564979374 24.58447645245927 49.75408376877674
50310.0 0.00087841567192 23.13729362900691 -150.37724297460352 350011.83567417785525 24.50360089076369 49.98181838362451
50340.0 0.00052624619759 23.12983120214857 -150.34646815160136 349991.70962405856699 24.42289053532919 50.20956439097377
50370.0 0.00127888739493 23.12219827324548 -150.31567780634967 349969.41880906093866 24.34235352967457 50.43730869814861
50400.0 0.00153345486529 23.11518400682435 -150.28373513539478 350032.75825909711421 24.26188208338439 50.66519272684734
50430.0 -0.00000804978384 23.10719699132999 -150.25289045534046 350004.57718673627824 24.18154871836035 50.89311691251493
50460.0 0.00126580516657 23.09904199395107 -150.22204168267470 349974.75692319963127 24.10143742111548 51.12096743066653
50490.0 0.00011169001209 23.09149125835559 -150.19002412225112 350029.71811988763511 24.02134845278120 51.34900668570013
50520.0 0.00039543809661 23.08298460439807 -150.15913767779398 349994.64683073107153 23.94149821081038 51.57694561037340
50550.0 0.00054234458339 23.07430497026375 -150.12823950678666 349957.23210047651082 23.86179746253660 51.80490006566768
50580.0 0.00035518917742 23.06622499003560 -150.09618023293606 350005.31835109833628 23.78222862957035 52.03289070610844
50610.0 0.00097803159919 23.05795580630209 -150.06408309797646 350049.48539832420647 23.70268237978961 52.26105810286531
50640.0 0.00103035223945 23.04874397856485 -150.03313698706381 350004.04614208638668 23.62335617046766 52.48914068428387
50670.0 0.00014690766865 23.03935838675458 -150.00218363618959 349956.26132632605731 23.54417552832722 52.71723373423441
50700.0 0.00044574717732 23.03055820605171 -149.97006021826024 349993.67778453789651 23.46514877140358 52.94532396270067
50730.0 0.00167231275011 23.02156945832014 -149.93790772675482 350027.43223864119500 23.38616677930219 53.17355047323557
50760.0 -0.00091665421344 23.01164602366753 -149.90691292411574 349971.12286173459142 23.30730265753161 53.40181525590637
50790.0 0.00106456647999 23.00229944989327 -149.87474664276274 350000.13779650814831 23.22864158999508 53.63000563009994
50820.0 0.00010866912713 22.99276058501483 -149.84254838585898 350025.03677257243544 23.14998066405471 53.85838087117265
50850.0 0.00197920440637 22.98230566348888 -149.81154045669516 349961.39637868199497 23.07153955802913 54.08665499319618
50880.0 -0.00068924870640 22.97241037861603 -149.77934060303070 349981.90772247221321 22.99322723012928 54.31494283019861
50910.0 -0.00049203550268 22.96233031521857 -149.74713005434697 349999.50428588036448 22.91502627948837 54.54326396159446
50940.0 0.00100620643357 22.95205728007005 -149.71489307950367 350013.00956134963781 22.83682621507978 54.77175643693130
50970.0 0.00090155806178 22.94160565292868 -149.68266179675575 350024.55914614070207 22.75882597930817 55.00016337378256
51000.0 0.00047291741380 22.93096994127284 -149.65042596195502 350033.36243360582739 22.68095070436938 55.22857775710342
51030.0 0.00066107505390 22.92015073563919 -149.61818822643042 350039.52084566839039 22.60320890225886 55.45698610927811
51060.0 0.00007546421200 22.90913966832310 -149.58593293666240 350041.84535514004529 22.52549012412753 55.68552526529768
51090.0 0.00062183664200 22.89794214701768 -149.55367281485769 350041.13749648164958 22.44786807501043 55.91409874242796
51120.0 -0.00101425621741 22.88656474417005 -149.52142247590649 350038.34793205466121 22.37042916325390 56.14259499704732
51150.0 0.00120040347984 22.87499161736093 -149.48915164407208 350031.23265101853758 22.29296727997126 56.37127021806987
51180.0 0.00162904649159 22.86323990347839 -149.45689587447822 350022.23813844751567 22.21570543397245 56.59984147606079
51210.0 -0.00112795778905 22.85130246649791 -149.42464227000784 350010.35723302979022 22.13855076563939 56.82842258555496
51240.0 0.00073050576913 22.83917795038393 -149.39238955500309 349995.40715767815709 22.06148607311462 57.05703208258208
51270.0 0.00014891804632 22.82685743745323 -149.36012207620340 349976.15417427662760 21.98439971295842 57.28580553938437
51300.0 -0.00046184792687 22.81435683534840 -149.32787176679534 349954.82489662989974 21.90749212843930 57.51449068814371
51330.0 0.00025758717345 22.80234291123725 -149.29437638269454 350015.15048545971513 21.83068807285758 57.74317826855886
51360.0 0.00071641894288 22.78946672140854 -149.26213891219413 349987.98669291660190 21.75399627264790 57.97185462538572
51390.0 0.00041958863001 22.77706014028250 -149.22863569154856 350041.06589363887906 21.67730495097688 58.20065436068993
51420.0 -0.00206171380431 22.76379686864383 -149.19639528479053 350006.51044612843543 21.60068843024176 58.42948250026866
51450.0 0.00084722468010 22.75035258150061 -149.16417630413946 349969.74122845008969 21.52423437261322 58.65822863952632
51480.0 0.00088646545576 22.73736070274936 -149.13067707438941 350012.27957542520016 21.44773344771070 58.88714590018557
51510.0 -0.00034412205425 22.72353420084343 -149.09847213906193 349968.79104995913804 21.37141204902088 59.11595440826721
51540.0 0.00004024773732 22.71016236442026 -149.06500200829643 350005.84652968496084 21.29517548948976 59.34476695593753
51570.0 0.00051316515111 22.69595559134300 -149.03281964459836 349955.88732803240418 21.21900678830534 59.57360106491566
51600.0 -0.00040449484211 22.68218347970997 -148.99934788383777 349984.72247129399329 21.14279315566468 59.80258986173106
51630.0 0.00032600974514 22.66822153031807 -148.96589742354780 350011.05666243564337 21.06673655457583 60.03148564049097
51660.0 -0.00092168311232 22.65343950935730 -148.93375212721105 349950.94167317822576 20.99076137499269 60.26037693999517
51690.0 0.00068723832873 22.63909052175859 -148.90033078629270 349970.79221150558442 20.91487657918850 60.48924993795098
51720.0 0.00114707351417 22.62453627428498 -148.86690808422000 349986.07872454356402 20.83896906220478 60.71823702731286
51750.0 0.00142981700080 22.60978338917798 -148.83349665253857 349997.67111467476934 20.76311378349060 60.94724473120601
51780.0 0.00047191045214 22.59483993752853 -148.80011112615261 350006.61467104963958 20.68739969001902 61.17616379456789
51810.0 -0.00093677808210 22.57968693202143 -148.76672134855230 350010.42087823804468 20.61161420338304 61.40524427023636
51840.0 -0.00044574835920 22.56434518621559 -148.73336284904750 350011.79056632146239 20.53598715870395 61.63420936069721
51870.0 0.00119839073841 22.54880615522953 -148.70002270528019 350009.59522014763206 20.46042203174277 61.86317082349349
51900.0 0.00105047728999 22.53306843935189 -148.66669985711002 350003.63943156879395 20.38490208563353 62.09214519292583
51930.0 0.00098004315874 22.51712158908713 -148.63337895001015 349992.56702942214906 20.30931339042138 62.32126317058307
51960.0 -0.00031091832100 22.50098455660918 -148.60009139594661 349978.79935069568455 20.23385944938826 62.55028157938663
51990.0 0.00138956926348 22.48522306613233 -148.56549465752263 350043.08197517413646 20.15846430502539 62.77928679384509
52020.0 0.00161998856421 22.46868533183027 -148.53224895354589 350021.73065959941596 20.08310576449058 63.00830152442221
52050.0 0.00003521765656 22.45194326467517 -148.49901785199120 349995.81671892013401 20.00772544265300 63.23739039866042
52080.0 0.00072748606605 22.43556883410279 -148.46448085778661 350048.32538566738367 19.93246661950080 63.46638300908202
52110.0 0.00185443452968 22.41842043106086 -148.43129027723381 350014.00348149053752 19.85711362243798 63.69552673923921
52140.0 -0.00078383337104 22.40108360816314 -148.39814201056990 349977.06522691529244 19.78189959285160 63.92454747596152
52170.0 0.00034714057546 22.38409280802318 -148.36367034208970 350017.18895140662789 19.70672624218416 64.15355611835008
52200.0 0.00112091142123 22.36635450949119 -148.33057655228660 349972.30765171442181 19.63157711503679 64.38256827988216
52230.0 0.00125071492431 22.34893992711717 -148.29613669486193 350002.61409946717322 19.55633724470685 64.61171247524764
52260.0 0.00238772236757 22.33132575014699 -148.26173465368925 350029.75604796595871 19.48121152454364 64.84074966262075
52290.0 -0.00146905895834 22.31298073784200 -148.22872646407853 349972.44282095041126 19.40612372975423 65.06976423605769
52320.0 0.00011269697375 22.29495582112055 -148.19438229721945 349991.23952289856970 19.33105171128354 65.29877811863817
52350.0 0.00088143419312 22.27671629680105 -148.16005757021208 350004.92243606131524 19.25593623708291 65.52785513749902
52380.0 0.00197819744471 22.25827702084447 -148.12577454367911 350015.29699253011495 19.18092233662301 65.75682688424889
52410.0 0.00104142172637 22.23961601384287 -148.09150335094023 350019.62548671662807 19.10579122083912 65.98593803903609
52440.0 0.00007345383433 22.22075760113423 -148.05727926006861 350020.86810570303351 19.03077938659851 66.21491722619983
52470.0 0.00056548579137 22.20169187909856 -148.02308939188850 350017.77148819621652 18.95578677278570 66.44387446055887
52500.0 0.00077175928622 22.18241744722677 -147.98893288813886 350010.12945752404630 18.88079722679618 66.67282445617266
52530.0 0.00036122858359 22.16292244386740 -147.95479476552364 349996.46338295843452 18.80569475299735 66.90189354321197
52560.0 0.00104544602735 22.14322862865505 -147.92070572056846 349979.38763737771660 18.73068564895929 67.13084681425367
52590.0 -0.00041254462594 22.12332836494615 -147.88665632024671 349957.93105217814445 18.65569343824200 67.35976670469785
52620.0 0.00197518128727 22.10369159361915 -147.85125041876157 350011.17729236930609 18.58072790783396 67.58863894422855
52650.0 0.00038336401179 22.08336390640179 -147.81726799647723 349979.57321751769632 18.50567216641943 67.81758979740977
52680.0 -0.00005332996567 22.06328569658251 -147.78192063482587 350021.89309266582131 18.43060307683224 68.04653001092333
52710.0 0.00163407539046 22.04254558218031 -147.74802922031176 349981.79024779703468 18.35561347387848 68.27535358664703
52740.0 -0.00032600974514 22.02203129245441 -147.71275202468456 350013.67489384580404 18.28048124987757 68.50430203222581
52770.0 0.00092872711638 22.00131082621106 -147.67752872893149 350041.95085871033370 18.20544650592851 68.73310721561586
52800.0 0.00032802248657 21.97993599162197 -147.64376234490388 349987.08035946078598 18.13040731922953 68.96187803756426
52830.0 0.00058158654093 21.95878563198449 -147.60862328648821 350005.39647645782679 18.05534785110879 69.19062829608892
52860.0 0.00020627231297 21.93740435683271 -147.57350988990538 350017.01325680408627 17.98015099241594 69.41948190730191
52890.0 -0.00017507895739 21.91581547280932 -147.53845240311460 350024.65966197941452 17.90502463164918 69.64820848735430
52920.0 0.00196914188110 21.89401088607887 -147.50344163981777 350027.32165610417724 17.82989199695048 69.87688838000264
52950.0 0.00174978970353 21.87199212302822 -147.46848043006435 350025.12912261486053 17.75476320060733 70.10550719761433
52980.0 0.00054536310459 21.84974622216876 -147.43355401245381 350016.49842144269496 17.67952003290368 70.33418899984164
53010.0 0.00243199676963 21.82728223654668 -147.39867451874500 350002.45070875342935 17.60424007145377 70.56284604979545
53040.0 -0.00003421069491 21.80461131409192 -147.36385624239281 349984.24516557808965 17.52901755722536 70.79137360832620
53070.0 0.00123260025144 21.78209804248984 -147.32763056117417 350035.93664973229170 17.45362704616447 71.02000994901412
53100.0 0.00093778268000 21.75898551164933 -147.29290825959157 350006.48609600681812 17.37831229519215 71.24849027116740
53130.0 0.00149320830986 21.73565756027680 -147.25823980405519 349971.70833887904882 17.30296951494982 71.47692232314675
53160.0 0.00205466861837 21.71248666093766 -147.22217781504187 350008.10946846008301 17.22758320677248 71.70531901119854
53190.0 0.00258795882002 21.68907475889386 -147.18614969323352 350037.09065740462393 17.15203516205597 71.93380182967373
53220.0 0.00213717919819 21.66508370965098 -147.15163663912520 349985.01881163939834 17.07653487251962 72.16214494084242
53250.0 0.00038940105420 21.64123642971267 -147.11572913921097 350003.92224815394729 17.00100529232446 72.39042661453368
53280.0 0.00048599609651 21.61716618547484 -147.07987914510548 350017.33299490995705 16.92545688321376 72.61863236195809
53310.0 0.00347341849600 21.59285918390600 -147.04407216846965 350023.58582214452326 16.84977012527330 72.84688402362401
53340.0 0.00162099552587 21.56832511923457 -147.00832017205525 350023.74701242893934 16.77402332926661 73.07509539697863
53370.0 0.00055743837129 21.54357597163911 -146.97263730638363 350019.14031317085028 16.69831217096934 73.30316304464777
53400.0 0.00418983625700 21.51858463496515 -146.93699467556198 350006.55934236943722 16.62240785741773 73.53132193443314
53430.0 0.00030487891483 21.49338147449366 -146.90142650318654 349989.45279327034950 16.54655784756697 73.75931069719776
53460.0 0.00337682227181 21.46827352331913 -146.86445071412717 350041.84335098136216 16.47065648316318 73.98723588623707
53490.0 0.00107764516271 21.44261535122672 -146.82900359991800 350012.36189480591565 16.39468863215276 74.21510954078420
53520.0 0.00394331738859 21.41671751295245 -146.79360365126374 349974.93162516318262 16.31853500387115 74.44305072163063
53550.0 -0.00012778957977 21.39090917740122 -146.75680413715031 350007.67864820640534 16.24240670007255 74.67083816917719
53580.0 0.00291497434494 21.36486759484833 -146.72006803011033 350034.10779581684619 16.16622642446534 74.89854809466934
53610.0 0.00349857599105 21.33830309725006 -146.68487807673108 349979.45293167047203 16.09000501211986 75.12616592600396
53640.0 0.00237564828276 21.31178973983193 -146.64826231477065 349991.89985376596451 16.01362164474236 75.35381126603524
53670.0 0.00107462664150 21.28504074674623 -146.61171037234465 349997.53459672536701 15.93715538220067 75.58139946886051
53700.0 0.00378031015226 21.25806895197112 -146.57523622055191 349997.74980198219419 15.86070336112735 75.80882844626477
53730.0 0.00178601313987 21.23084546892892 -146.53881141435684 349989.16192689351737 15.78403343367511 76.03632978031347
53760.0 0.00260707690890 21.20366629726542 -146.50098012200195 350049.71626035310328 15.70739679970235 76.26364564429420
53790.0 0.00264329916336 21.17572773123842 -146.46619866977156 349954.90104150120169 15.63068593281936 76.49088135024432
53820.0 0.00299647796310 21.14807135945614 -146.42850457970911 350001.49001181218773 15.55388609446314 76.71804809599621
53850.0 0.00234646885048 21.12015500684071 -146.39086326099991 350039.06677355337888 15.47687693305635 76.94526249409135
53880.0 0.00279221720968 21.09176578163812 -146.35480009106442 349996.90869503095746 15.39987116044909 77.17230790249653
53910.0 0.00226597337585 21.06338183565163 -146.31731473521950 350021.65130377840251 15.32279125563626 77.39925848774389
53940.0 0.00390206032586 21.03452903368984 -146.28140544251372 349965.89026223495603 15.24564845043231 77.62609961378917
53970.0 0.00346134559306 21.00565679232283 -146.24405939008298 349975.09895802941173 15.16832064339270 77.85294862485171
54000.0 0.00270870203196 20.97654084322953 -146.20678671571315 349976.72566451132298 15.09088765708771 78.07972245697060
54030.0 0.00231527785866 20.94719483478075 -146.16960109286518 349972.22928542923182 15.01344755338525 78.30632091217853
54060.0 0.00305886231051 20.91758818894744 -146.13247473404647 349958.05180815327913 14.93576593158303 78.53297113959151
54090.0 0.00394029650363 20.88795649061231 -146.09393226026262 350011.02900488208979 14.85809722044200 78.75941944530616
54120.0 0.00268958512496 20.85787799639186 -146.05697687646423 349983.34766320977360 14.78033202930619 78.98576985171304
54150.0 0.00438503908305 20.82774775650100 -146.01858973797246 350020.67624081950635 14.70245604043269 79.21203274153125
54180.0 0.00309911122970 20.79716504334001 -145.98177896206568 349975.44953516311944 14.62434786596390 79.43832226318924
54210.0 0.00332148074659 20.76653290163318 -145.94354776119161 349996.37207010947168 14.54622182045134 79.66442643659801
54240.0 0.00587824857479 20.73565192206006 -145.90539956888767 350009.45359888300300 14.46800018592975 79.89041739701955
54270.0 0.00266543577344 20.70452439164141 -145.86733723437337 350014.85372999403626 14.38969461369666 80.11628046520678
54300.0 0.00244910211708 20.67313397881651 -145.82934718509858 350010.62851132452488 14.31118173834855 80.34213070413301
54330.0 0.00208083071131 20.64149238414706 -145.79144070816409 349997.99895081762224 14.23254215529508 80.56788665982964
54360.0 0.00369377881710 20.60961422307513 -145.75363131359609 349978.51135597098619 14.15387598608335 80.79344909960267
54390.0 -0.00113701217079 20.57761023179281 -145.71436882065515 350020.24151824600995 14.07494438544272 81.01904257252524
54420.0 0.00501291158558 20.54522480636200 -145.67673004618842 349983.41209364030510 13.99600611599077 81.24441669952212
54450.0 0.00052020679142 20.51272392342183 -145.63765622584845 350009.84139661863446 13.91694993030694 81.46967416342646
54480.0 0.00511453907241 20.47983721367181 -145.60019639728193 349955.91911074239761 13.83776195836441 81.69482455956660
54510.0 0.00000704400406 20.44680546697361 -145.56128568108045 349962.78923274762928 13.75831980496771 81.91997955563134
54540.0 0.00290491181967 20.41352834511265 -145.52247648982163 349962.24726411607116 13.67883937103097 82.14493188127356
54570.0 0.00406707912175 20.37999557431085 -145.48376094900559 349953.02433292474598 13.59924277160884 82.36975165394600
54600.0 0.00221968741425 20.34631209494055 -145.44361079073468 350006.34320485685021 13.51954209898180 82.59442417339412
54630.0 0.00422102724882 20.31234653852594 -145.40354170537228 350048.87491834908724 13.43961274700537 82.81906219825819
54660.0 0.00238772591321 20.27802060593062 -145.36509794469174 350011.06681840587407 13.35953609024718 83.04358591438267
54690.0 0.00663994297198 20.24345226290217 -145.32676168619787 349965.60911184456199 13.27941376551581 83.26789760030405
54720.0 0.00218950102032 20.20876492236338 -145.28543563554351 350049.71157259400934 13.19900360182049 83.49221815233579
54750.0 0.00192185132160 20.17367013859662 -145.24729058540294 349985.00546827353537 13.11856816233671 83.71630110606674
54780.0 0.00317960788621 20.13838902598731 -145.20770916567707 349981.42111958842725 13.03799435412935 83.94024775432905
54810.0 0.00304980674689 20.10284146921693 -145.16822643410674 349968.09841531515121 12.95726878138755 84.16406693394386
54840.0 0.00595874168566 20.06706529529974 -145.12729074613517 350013.09803303424269 12.87626807452119 84.38786781585232
54870.0 0.00274593361183 20.03102632704865 -145.08646566615738 350049.62923993170261 12.79520969505651 84.61144788831677
54900.0 0.00438202056185 19.99467032936283 -145.04728420152728 350006.42295630369335 12.71401562300576 84.83487526523380
54930.0 0.00493644159381 19.95805537894127 -145.00821023801029 349953.81953916791826 12.63269841164404 85.05813524871581
54960.0 0.00538118062759 19.92119509348387 -144.96768869000630 349959.36518277041614 12.55113224145768 85.28133827043233
54990.0 0.00354586655055 19.88405903588450 -144.92727090930612 349954.46946579497308 12.46939926813616 85.50440618686810
55020.0 0.00494952027652 19.84668354494982 -144.88542628060594 350010.35109253507107 12.38760265206994 85.72724284510429
55050.0 0.00331041244155 19.80898657190397 -144.84521510593365 349983.67765272501856 12.30549692402862 85.95006539741837
55080.0 0.00521717115712 19.77104323683252 -144.80358080897417 350017.85293991398066 12.22334844444271 86.17263142369931
55110.0 0.00313633926393 19.73281507949250 -144.76360105701363 349972.20931170508265 12.14104228989336 86.39504077670981
55140.0 0.00508938394111 19.69431097137200 -144.72218530476974 349984.92931699473411 12.05856556466743 86.61730156471396
55170.0 0.00474425492521 19.65550455481770 -144.68086616920954 349984.52562192734331 11.97579396154772 86.83952044751520
55200.0 0.00519503454704 19.61641470752472 -144.63812199337423 350043.61178504396230 11.89294646694586 87.06149971992221
55230.0 0.00688746998392 19.57707778206722 -144.59858729482156 349954.25529596675187 11.80994495952955 87.28330550783633
55260.0 0.00371591424531 19.53742152011954 -144.55607470822167 349991.81153070461005 11.72680247182787 87.50492313998095
55290.0 0.00518497202177 19.49745855358131 -144.51366636024682 350016.30445256642997 11.64339200232838 87.72646069985181
55320.0 0.00515076132686 19.45720271862730 -144.47137274837863 350029.14601141866297 11.55979648509951 87.94784174551594
55350.0 0.00632701545519 19.41667150991602 -144.42920657999420 350032.16138256248087 11.47612060671582 88.16897174985418
55380.0 0.00473721092114 19.37582645804059 -144.38714231913042 350020.85992334317416 11.39211563645314 88.39006403202373
55410.0 0.00389300476225 19.33471136682345 -144.34521048357593 350000.03350704908371 11.30805171572860 88.61088034455656
55440.0 0.00777091928224 19.29330868570408 -144.30339978661686 349967.54910571780056 11.22381210964015 88.83151905108787
55470.0 0.00890994301257 19.25154786932053 -144.26015927364628 349991.02589686959982 11.13938444712767 89.05198756259405
55500.0 0.00549186367803 19.20946721998394 -144.21702736057458 350000.02916159667075 11.05464352402912 89.27239001552776
55530.0 0.00283448005218 19.16710320824385 -144.17402887558734 349998.52274087257683 10.96980980560920 89.49253355630833
