# sod		dsTEC/dt [TECU/s]		lat		lon		h_ipp		ele		azi
22620.0 0.00591748935045 2.49125214792910 -161.24265553074261 350044.34898379351944 0.71360382586874 199.88439053687824
22650.0 0.00595572434633 2.64342306465740 -161.17021880536356 349997.80326955020428 0.88688951611738 199.81842979270942
22680.0 0.00580077043948 2.79249025119561 -161.09937927591244 350041.34920911584049 1.06056917868162 199.75307064369008
22710.0 0.01897399999774 2.94298058694092 -161.02859840534495 349988.28167892619967 1.23468661259675 199.68828407025563
24270.0 0.00922589023245 9.26951879526843 -158.38956625038185 350021.24824460502714 10.86091939515362 197.10722763724917
24300.0 0.00117424020502 9.36299372668572 -158.35538401601954 350031.48195016384125 11.05663507945380 197.07266794133417
24330.0 -0.00100519829004 9.45631833994404 -158.32147128116532 349998.80367686599493 11.25260327877656 197.03874982428408
24360.0 -0.00918061123250 9.54806514445428 -158.28823159025845 349994.73920102417469 11.44894149729248 197.00540818756861
24390.0 -0.01482642540136 9.63967320583423 -158.25523399725071 349950.82284568063915 11.64568418008763 196.97262393068135
27630.0 -0.01979607309219 15.49129926197435 -156.50311320734613 350000.08584894053638 34.89638867796254 197.00202560503487
27690.0 -0.01949521375081 15.55333441087212 -156.48966006639057 350010.78448746912181 35.35958391238356 197.07721110228852
27720.0 -0.01906657310283 15.58423589530994 -156.48299376646659 349990.27732978761196 35.59143498311165 197.11606216271696
27750.0 -0.01972664237696 15.61507056251779 -156.47635619251977 349953.92764283437282 35.82366207199983 197.15566519533300
27780.0 -0.01869528199398 15.64475703634916 -156.47008810142700 350010.97643499076366 36.05615632601184 197.19607425849003
27810.0 -0.01681971545210 15.67490612527511 -156.46369083939052 349996.36188985873014 36.28879228525486 197.23735070665509
27840.0 -0.01888344199784 15.70498041700675 -156.45732938016107 349965.20979133341461 36.52161822854740 197.27947789277235
27870.0 -0.01791949958866 15.73445116502802 -156.45116787169792 349973.40326056629419 36.75468512685762 197.32243820291802
27900.0 -0.01817909832166 15.76386089043944 -156.44503080772444 349966.72727388516068 36.98813839987687 197.36617208559494
27930.0 -0.01708434899338 15.79266563349557 -156.43909968123660 349999.22718320880085 37.22167159663797 197.41082201597035
27960.0 -0.01686700837536 15.82140307814992 -156.43319985711184 350016.25635794457048 37.45541920792287 197.45633344420531
27990.0 -0.01734998713255 15.85059647321151 -156.42716264772187 349961.76823709253222 37.68941087651218 197.50269891684550
28020.0 -0.01634881196161 15.87867968000661 -156.42148633223965 350004.72088463883847 37.92366768975847 197.54991498688941
28050.0 -0.01675531954515 15.90670101190552 -156.41583666937692 350032.99539754167199 38.15819090120719 197.59798719324354
28080.0 -0.01644339662625 15.93464997828668 -156.41022186285599 350045.55428995471448 38.39279687279920 197.64700311102771
28110.0 -0.01660137023619 15.96254072121180 -156.40462829302771 350044.03127377014607 38.62775791097449 197.69684833441352
28140.0 -0.01534763915444 15.99036669804228 -156.39906068980315 350027.81372327264398 38.86296357664956 197.74757833344634
28170.0 -0.01780680379679 16.01812039960318 -156.39352457160325 349996.20349033176899 39.09828444730837 197.79925682327979
28200.0 -0.01562233285722 16.04529726286991 -156.38818238854589 350007.09083741717041 39.33377073298141 197.85186823224004
28230.0 -0.01539090659484 16.07241069151436 -156.38286538018443 350003.62175337783992 39.56947362443911 197.90539683966654
28260.0 -0.01535166345542 16.09896580892458 -156.37773126708706 350044.56894347071648 39.80554096469949 197.95978477304286
28290.0 -0.01531845972217 16.12645210361925 -156.37229857485258 349954.49571912828833 40.04166092649623 198.01517626052484
28320.0 -0.01539694363725 16.15287196398794 -156.36722060425197 349966.22521900478750 40.27796952676909 198.07151881194127
28350.0 -0.01558107815825 16.17923085583676 -156.36216522143832 349964.12580348178744 40.51449556563577 198.12880733322180
28380.0 -0.01457084978746 16.20503644420903 -156.35729527983725 350007.00199084170163 40.75126370432827 198.18703878827179
28410.0 -0.01564346368753 16.23078581442457 -156.35244554430651 350036.60080034099519 40.98827181247271 198.24622206382912
28440.0 -0.01531141571810 16.25695717898151 -156.34745968357581 349992.98522107489407 41.22533347504600 198.30644642065548
28470.0 -0.01447928482591 16.28258531026257 -156.34265322498854 349995.46406951174140 41.46272594465664 198.36759934656760
28500.0 -0.01537078272618 16.30815463762497 -156.33786636049706 349984.66739892214537 41.70033713872377 198.42973817106463
28530.0 -0.01436558325426 16.33317611098801 -156.33326827102368 350019.47039257176220 41.93803355671526 198.49292939302441
28560.0 -0.01383531393758 16.35813825256700 -156.32869200891648 350041.02278384007514 42.17586732886340 198.55715907369824
28590.0 -0.01417239198777 16.38304330085552 -156.32413477093365 350049.62931682821363 42.41388979077917 198.62241396848367
28620.0 -0.01366325350139 16.40789862091358 -156.31958947032967 350046.07940218411386 42.65225116105504 198.68863857461920
28650.0 -0.01333321709151 16.43268724045836 -156.31506951169814 350028.82386840321124 42.89063416186847 198.75597918555559
28680.0 -0.01262585607600 16.45741588874273 -156.31056832913833 349998.59864097833633 43.12917626210776 198.82438607313463
28710.0 -0.01302632543525 16.48208557059348 -156.30608420166416 349955.58319198340178 43.36790531498986 198.89385713995620
28740.0 -0.01282810290611 16.50576708925587 -156.30194100933110 350021.42904913425446 43.60684960343463 198.96439042354717
28770.0 -0.01204628109462 16.53032487837248 -156.29748706723424 349953.53840962797403 43.84600343946595 199.03599880465609
28800.0 -0.01233908710652 16.55389313758827 -156.29338088402224 349994.34262169618160 44.08517756856104 199.10877368366104
28830.0 -0.01109240002883 16.57741620850452 -156.28928431932729 350023.74914928711951 44.32465415653278 199.18260544489954
28860.0 -0.01181586061201 16.60088782819400 -156.28520177144566 350041.25094082206488 44.56431940478478 199.25755386604553
28890.0 -0.01101391611375 16.62430055675306 -156.28113856851891 350046.24923946335912 44.80403560452976 199.33368877296948
28920.0 -0.01124735629944 16.64765679527153 -156.27709190618052 350039.04469232447445 45.04385677425565 199.41099866595303
28950.0 -0.01098272394004 16.67095879203146 -156.27305913127438 350019.91735534183681 45.28383429704997 199.48947361386701
28980.0 -0.01052993039490 16.69421391810753 -156.26903342313909 349989.59375263471156 45.52412069323403 199.56906151288436
29010.0 -0.01003286835711 16.71696196818482 -156.26518937701582 350008.91233152803034 45.76439314932467 199.64991105063478
29040.0 -0.01047760857277 16.73965793265406 -156.26135883951775 350016.62332594487816 46.00479048448691 199.73197630153385
29070.0 -0.01057420361508 16.76274131993863 -156.25737886193255 349950.30366066470742 46.24533947586052 199.81525907307568
29100.0 -0.00983464464609 16.78489787245469 -156.25373178167928 349997.88013656809926 46.48607205110311 199.89975943925847
29130.0 -0.01033472756886 16.80700869021825 -156.25009455046330 350034.50879442784935 46.72697876531279 199.98549517992569
29160.0 -0.00972094307445 16.82949487332872 -156.24631353942456 349996.33339201007038 46.96786744280251 200.07256041378142
29190.0 -0.00997853142978 16.85150585473462 -156.24269871414015 350010.60528462752700 47.20902509195246 200.16084995624016
29220.0 -0.01055609248785 16.87389519960508 -156.23893247239104 349950.56207458768040 47.45033610138082 200.25042683319614
29250.0 -0.00966761547254 16.89537705864396 -156.23550232886259 350005.83045914862305 47.69165840025020 200.34136491764420
29280.0 -0.01036088847992 16.91723235400978 -156.23192329048979 349986.51429979503155 47.93304783091505 200.43365632702987
29310.0 -0.01058728466155 16.93861855728775 -156.22851397131313 350020.13292187266052 48.17455569281138 200.52729565932057
29340.0 -0.01010732560745 16.96038284306095 -156.22494688040894 349979.77046142052859 48.41633669424435 200.62223574339677
29370.0 -0.01012946221754 16.98167380321598 -156.22155529188350 349992.03141289949417 48.65806238155294 200.71862801847456
29400.0 -0.01033875305171 17.00291677411799 -156.21817277679770 349993.65959322825074 48.89987278106343 200.81643190579572
29430.0 -0.00985778703596 17.02370418256556 -156.21495777941749 350049.29321545455605 49.14179342682107 200.91565442953640
29460.0 -0.00969578794316 17.04526317575204 -156.21142875126367 349965.62577325571328 49.38385987412632 201.01629912090522
29490.0 -0.00947844732514 17.06596364398964 -156.20822517094896 350000.92921333294362 49.62605868268790 201.11838994720520
29520.0 -0.00977527763802 17.08661284809026 -156.20503439574699 350025.50098634790629 49.86819464238891 201.22202451597619
29550.0 -0.00992620842577 17.10722489099110 -156.20184460793186 350040.50429071299732 50.11055947650352 201.32710440721058
29580.0 -0.00882038961057 17.12779372762852 -156.19865996588265 350045.52204474620521 50.35303562479523 201.43369701772443
29610.0 -0.00839879060289 17.14831193590530 -156.19548568959269 350040.04487173631787 50.59547646243975 201.54188125450904
29640.0 -0.00870467647937 17.16878211431694 -156.19231908456888 350024.33786603808403 50.83793954042152 201.65165459568843
29670.0 -0.00825087833634 17.18920652640982 -156.18915773735685 349998.63440784532577 51.08047589025012 201.76301795606915
29700.0 -0.00746100674101 17.20959255902513 -156.18599522925817 349963.54450356401503 51.32324223299251 201.87593139526399
29730.0 -0.00763508110051 17.22915786020835 -156.18316131468262 350049.89243527129292 51.56590433629481 201.99054951266299
29760.0 -0.00773268192259 17.24944597677861 -156.18001507284603 349994.53016850724816 51.80860322616015 202.10683938362709
29790.0 -0.00643971006518 17.26930909627520 -156.17703127346203 349995.58584036026150 52.05136296590184 202.22481517393015
29820.0 -0.00814522654853 17.28913182900729 -156.17404929930856 349987.23575271945447 52.29422265766911 202.34448600011305
29850.0 -0.00693275016575 17.30854059751152 -156.17122762329265 350036.03307180944830 52.53716456490849 202.46588388537941
29880.0 -0.00805466736675 17.32827329506526 -156.16825668112557 350008.31924174912274 52.77999027782288 202.58911099725452
29910.0 -0.00771758931657 17.34796887772691 -156.16528326266962 349971.59437520802021 53.02299601715261 202.71407923401475
29940.0 -0.00795606194678 17.36725673779295 -156.16246929988839 349992.48632868472487 53.26606207361800 202.84086198759226
29970.0 -0.00825791997664 17.38649935559482 -156.15966188159251 350003.80554820410907 53.50903701438655 202.96954459704503
30000.0 -0.00866040562296 17.40569942239594 -156.15685834414589 350005.79865427408367 53.75197990179261 203.10013251810020
30030.0 -0.00845916220886 17.42485920531064 -156.15405636637377 349998.67675692122430 53.99494123020611 203.23263565065588
30060.0 -0.00909709605478 17.44398609787931 -156.15124967213137 349982.99531580600888 54.23807945920557 203.36702476083880
30090.0 -0.00819050436660 17.46306374771543 -156.14845036852071 349957.68607352580875 54.48105438175433 203.50345810892810
30120.0 -0.00886667557217 17.48175001172243 -156.14580988557509 349991.08601039089262 54.72400771220847 203.64191390803549
30150.0 -0.00789770071847 17.50039991309239 -156.14316959310787 350015.75026692450047 54.96696171866014 203.78241633781138
30180.0 -0.00786046913860 17.51935877547981 -156.14037064348290 349963.75517722405493 55.20995886351578 203.92498333822306
30210.0 -0.00567801212234 17.53759512187061 -156.13788399219354 350039.35437337029725 55.45297671224947 204.06965775168828
30240.0 -0.00787958959124 17.55646770252805 -156.13508935414097 349969.31841917801648 55.69581340378055 204.21654785562913
30270.0 -0.00740365365624 17.57463292061735 -156.13260202173774 350027.79098057653755 55.93876929229814 204.36558131509113
30300.0 -0.00638436972184 17.59309914705906 -156.12995620020044 350009.35335432272404 56.18172221405092 204.51683993293071
30330.0 -0.00729296942392 17.61152087069367 -156.12731367947359 349981.93796410970390 56.42451557132053 204.67041752370591
30360.0 -0.00727486066045 17.62957354631991 -156.12482787820582 350014.65226084925234 56.66720960515198 204.82633150791776
30390.0 -0.00715914634738 17.64759214771404 -156.12234021551123 350039.06552985031158 56.90985386354857 204.98460481657835
30420.0 -0.00732315699973 17.66590597380269 -156.11968872933289 349986.55111209489405 57.15260810715174 205.14522424255182
30450.0 -0.00705751886056 17.68385229063693 -156.11719707755503 349994.27614643983543 57.39512586126121 205.30835237016589
30480.0 -0.00710280022427 17.70176230570157 -156.11470377418024 349993.69581352453679 57.63754904593670 205.47398387634854
30510.0 -0.00746905652485 17.71963691952710 -156.11220763716847 349984.90997990313917 57.87989764745296 205.64215731508816
30540.0 -0.00677678693348 17.73716718273404 -156.10986182163634 350037.71060986258090 58.12221712573162 205.81290445180312
30570.0 -0.00765922927014 17.75497657032468 -156.10735623640048 350012.93335779849440 58.36447977784512 205.98628311450346
30600.0 -0.00633506523903 17.77274181255757 -156.10485304363425 349979.55835715681314 58.60647989508519 206.16241000831377
30630.0 -0.00707563116967 17.79017412310385 -156.10249583352518 350008.44763556681573 58.84852135582595 206.34123700142547
30660.0 -0.00640751092982 17.80757603108782 -156.10013345409229 350029.55097857024521 59.09047905823843 206.52285798696045
30690.0 -0.00610464357454 17.82523743704665 -156.09761661116184 349972.25815834663808 59.33219071015124 206.70737832007723
30720.0 -0.00601408557464 17.84226917644871 -156.09540615532393 350047.43866908643395 59.57371717014689 206.89483354962636
30750.0 -0.00570719155462 17.85985735802586 -156.09288220758532 349974.15526858065277 59.81510639392752 207.08526586666159
30780.0 -0.00547878381344 17.87683651921114 -156.09065576450328 350034.43444744683802 60.05651872873689 207.27868633901545
30810.0 -0.00583699269394 17.89406606725445 -156.08827605197993 350016.05561966262758 60.29760097491221 207.47526280674634
30840.0 -0.00581787696881 17.91126072143108 -156.08589181143466 349989.88318889867514 60.53849448393517 207.67501465823534
30870.0 -0.00486298657760 17.92814055799393 -156.08365549991493 350026.90746041480452 60.77921619869374 207.87800154154780
30900.0 -0.00559852242749 17.94527217890282 -156.08125765029942 349985.59819042589515 61.01981391031143 208.08427687870955
30930.0 -0.00513265019963 17.96209535638236 -156.07900587778940 350007.82549364212900 61.26025379040325 208.29391986445785
30960.0 -0.00572329230417 17.97915392356397 -156.07660025878070 349950.99102670606226 61.50032563884534 208.50705916958384
30990.0 -0.00560757917298 17.99591421769869 -156.07433598750126 349958.23507906869054 61.74033582476467 208.72368407020178
31020.0 -0.00492235240380 18.01264577395581 -156.07206372484765 349958.16473300755024 61.98015551907515 208.94390624123059
31050.0 -0.00708166821208 18.02934113566701 -156.06978870891473 349950.42727404274046 62.21961590980120 209.16784724572454
31080.0 -0.00520610285208 18.04574192970068 -156.06766066521809 350006.86998094338924 62.45877751633442 209.39557039584017
31110.0 -0.00577661990608 18.06237578447116 -156.06537251426357 349984.44548173714429 62.69768564656287 209.62714684007273
31140.0 -0.00322891118714 18.07873028257125 -156.06322280443030 350026.96831491962075 62.93650003648536 209.86262484569613
31170.0 -0.00807881671827 18.09530363668000 -156.06091903919855 349990.04975267220289 63.17486002362932 210.10217881412024
31200.0 -0.00539124433474 18.11159377187050 -156.05875970790541 350017.87459898553789 63.41290510791238 210.34586573694131
31230.0 -0.00511353329263 18.12785721140128 -156.05659173446958 350038.66025196388364 63.65064794816168 210.59377680027103
31260.0 -0.00639241714192 18.14434087279112 -156.05426154740999 349980.30305453576148 63.88813746778663 210.84599943619733
31290.0 -0.00524433784797 18.16055144623159 -156.05207268162769 349987.17170775029808 64.12533235575827 211.10264404112107
31320.0 -0.00532382872470 18.17672690358388 -156.04988033456297 349986.69485836196691 64.36201684908846 211.36385663445290
31350.0 -0.00444541305278 18.19288124611763 -156.04767343176266 349979.57796962652355 64.59849802154109 211.62968472871967
31380.0 -0.00523125798337 18.20900884329681 -156.04545584932777 349965.58103559724987 64.83464199290809 211.90026657964262
31410.0 -0.00473016809896 18.22487186292207 -156.04338317626267 350017.11917514447123 65.07027209196153 212.17574700768841
31440.0 -0.00503202849259 18.24093683599909 -156.04115192638315 349989.00076935999095 65.30544684268564 212.45623217316992
31470.0 -0.00442931230323 18.25697279892060 -156.03891050730533 349954.00100478716195 65.54020712633586 212.74183728101545
31500.0 -0.00472614379798 18.27276524833493 -156.03680258290737 349985.48714777640998 65.77471000932017 213.03266809639177
31530.0 -0.00312527214077 18.28852584568176 -156.03468975803773 350009.94864993728697 66.00858614522733 213.32890712640813
31560.0 -0.00555928046995 18.30426105966473 -156.03256670042444 350027.71112785954028 66.24197099464469 213.63066908387867
31590.0 -0.00485896227662 18.31997166875585 -156.03043241845765 350038.83968324679881 66.47487084396884 213.93809279087421
31620.0 -0.00432064199422 18.33566030135011 -156.02828450727353 350043.47759228013456 66.70733359753277 214.25131903630501
31650.0 -0.00495052723818 18.35132525675939 -156.02612386991487 350041.57790810335428 66.93930822268710 214.57050431717073
31680.0 -0.00492436514523 18.36695732351599 -156.02395715976303 350032.77850153297186 67.17057157413910 214.89581974467163
31710.0 -0.00491832928470 18.38257047307576 -156.02177330063890 350017.70412370376289 67.40142828709959 215.22740380333858
31740.0 -0.00502800537349 18.39815914069595 -156.01957615769652 349996.14484885428101 67.63173716279157 215.56543442566129
31770.0 -0.00466476404847 18.41371582663256 -156.01737109024052 349967.82099457457662 67.86131143236311 215.91008967292419
31800.0 -0.00553613808008 18.42905021692197 -156.01530277854539 350006.73719006963074 68.09020472014711 216.26154163048508
31830.0 -0.00493040218764 18.44436359708245 -156.01322126921957 350039.32737519219518 68.31845041359863 216.61997241471332
31860.0 -0.00533389006809 18.45985095486575 -156.01097363288162 349991.91017423477024 68.54619930492623 216.98557652836220
31890.0 -0.00444943853564 18.47511837593624 -156.00886564550680 350011.80518297851086 68.77307132199758 217.35854492246239
31920.0 -0.00517490831462 18.49036278699827 -156.00674484734841 350025.37632706854492 68.99919408119646 217.73908047210941
31950.0 -0.00447358552340 18.50576396771577 -156.00446415711693 349958.45555902086198 69.22456390807960 218.12739319654759
31980.0 -0.00510145802593 18.52078756380804 -156.00245946530336 350033.84691118635237 69.44922383561490 218.52370619416777
32010.0 -0.00454703935773 18.53614220015978 -156.00014776805986 349954.46399163827300 69.67310932477294 218.92824289620012
32040.0 -0.00421398560852 18.55111977937005 -155.99811870085907 350017.32340866420418 69.89598674951901 219.34120840894730
32070.0 -0.00392922938047 18.56625416464693 -155.99592430647925 349999.86543333809823 70.11815271758331 219.76288189084286
32100.0 -0.00387690637645 18.58136654535181 -155.99371406322280 349976.27738124970347 70.33945481219325 220.19349779409904
32130.0 -0.00431460495181 18.59628758860116 -155.99163792855475 350020.96037008333951 70.55969240701653 220.63327837098566
32160.0 -0.00414053295607 18.61134690852602 -155.98940382580338 349984.83402343839407 70.77890913518731 221.08249386476720
32190.0 -0.00369780193620 18.62622593436306 -155.98729844317310 350017.35868318378925 70.99712558282783 221.54142435507342
32220.0 -0.00419788485896 18.64124696421598 -155.98502757222946 349969.32211548648775 71.21447994040140 222.01039736448459
32250.0 -0.00374610063924 18.65608512315618 -155.98289056591531 349989.82576636690646 71.43057809114056 222.48960449301907
32280.0 -0.00318866108607 18.67090282608686 -155.98073818619721 350004.33901151828468 71.64553320300068 222.97937786237796
32310.0 -0.00408016135010 18.68570075009776 -155.97856953939436 350012.90892931446433 71.85932552019983 223.48002724462430
32340.0 -0.00392721663904 18.70048185484962 -155.97638195188082 350015.65577737987041 72.07198644873380 223.99189494894580
32370.0 -0.00387791215623 18.71524416799688 -155.97417658765053 350012.53520567622036 72.28343162845719 224.51529265868706
32400.0 -0.00394029650363 18.72997866283196 -155.97196012722361 350003.28122303076088 72.49341188980073 225.05045993631953
32430.0 -0.00345732011020 18.74469923401161 -155.96972137752135 349988.36408869829029 72.70220596828247 225.59788392804876
32460.0 -0.00465973396772 18.75940043398541 -155.96746419367750 349967.62808134872466 72.90964389294942 226.15786458839634
32490.0 -0.00354385144536 18.77394751956229 -155.96533497054980 350016.23795634508133 73.11550514488360 226.73066715163992
32520.0 -0.00321281161946 18.78860095304423 -155.96304887471251 349983.62714923266321 73.31981480385501 227.31669177291107
32550.0 -0.00376622332601 18.80311136236709 -155.96088520151315 350020.68363546766341 73.52257187532555 227.91634354296752
32580.0 -0.00349555628797 18.81773176370391 -155.95855719600607 349976.73638903256506 73.72389130019812 228.53012932295593
32610.0 -0.00279121142990 18.83220666451641 -155.95635669909905 350002.35897542349994 73.92336025659363 229.15819839297734
32640.0 -0.00353278550408 18.84666378771888 -155.95413823460368 350022.28095352370292 74.12106665657464 229.80104673167796
32670.0 -0.00304074881952 18.86121361253719 -155.95176218170027 349960.86186527740210 74.31696501901096 230.45909387821587
32700.0 -0.00252859299382 18.87552968308232 -155.94964201988586 350045.24654357694089 74.51106426351271 231.13282200873724
32730.0 -0.00337883501324 18.89004353367764 -155.94722469809699 349972.58251358475536 74.70325076562031 231.82262017294281
32760.0 -0.00270266498955 18.90432415288452 -155.94506984015899 350045.64759033732116 74.89325293061755 232.52871336521338
32790.0 -0.00224584832531 18.91879588678909 -155.94261468467221 349961.65477020945400 75.08131594593789 233.25184961766092
32820.0 -0.00250042052320 18.93305441793485 -155.94041307739619 350023.83599784970284 75.26724324487000 233.99235256835777
32850.0 -0.00292905998930 18.94738703888077 -155.93805878608154 350004.42983516585082 75.45078701545359 234.75045878829187
32880.0 -0.00107563242128 18.96169868282818 -155.93568620580237 349979.40681391023099 75.63194160089458 235.52667653434293
32910.0 -0.00370182741906 18.97590473826646 -155.93342906442388 350024.86995252128690 75.81067243047985 236.32149827914731
32940.0 -0.00296025452677 18.99018877902574 -155.93100929484623 349988.99802297726274 75.98705610818112 237.13559500235476
32970.0 -0.00227301619804 19.00436483364333 -155.92870999372914 350023.52676968555897 76.16065827526455 237.96890749189527
33000.0 -0.00232634498183 19.01860389667219 -155.92625551081346 349976.45988166518509 76.33152756254059 238.82204375859442
33030.0 -0.00278618016727 19.03274755649345 -155.92391454182257 350000.07534254062921 76.49958183932394 239.69543163511821
33060.0 -0.00243702921414 19.04688001239844 -155.92154913536751 350018.36003896780312 76.66479484002383 240.58959895321107
33090.0 -0.00239376059186 19.06099901636443 -155.91916072978444 350031.27735451143235 76.82701509164463 241.50485474251502
33120.0 -0.00232332527874 19.07509571876554 -155.91675611384284 350038.65066405571997 76.98594571797229 242.44118434862878
33150.0 -0.00261915099372 19.08918390352108 -155.91432379131959 350040.80026262812316 77.14177950884381 243.39951617473724
33180.0 -0.00219453228296 19.10325824355920 -155.91186769629402 350037.62375562638044 77.29428923036706 244.37995204980444
33210.0 -0.00293006813284 19.11731114493195 -155.90939363582208 350028.98090964742005 77.44319959878453 245.38240546124990
33240.0 -0.00285460392084 19.13134587199406 -155.90689861800283 350014.96172420680523 77.58846643101907 246.40725793086463
33270.0 -0.00102230127373 19.14536449397098 -155.90438060704886 349995.62697657011449 77.73001594638794 247.45481566886656
33300.0 -0.00403387538849 19.15937421456464 -155.90183335734201 349971.13245798647404 77.86787677505230 248.52565568853964
33330.0 -0.00220862029108 19.17331344692896 -155.89939874697009 350017.67190268728882 78.00160811851393 249.61903021178605
33360.0 -0.00170249796215 19.18728378840766 -155.89681147349305 349982.46158570609987 78.13121555956030 250.73532571743286
33390.0 -0.00262216833304 19.20119607661508 -155.89432974563587 350018.49905979074538 78.25658456283141 251.87456347747130
33420.0 -0.00256783376948 19.21513762253039 -155.89169235958965 349972.84245038405061 78.37765658406673 253.03690252300802
33450.0 -0.00193090806709 19.22902790090080 -155.88915798659781 349998.52533925976604 78.49425569089975 254.22206177556893
33480.0 -0.00198524144878 19.24289866063280 -155.88660471480043 350018.89320869091898 78.60608527893044 255.42919519490368
33510.0 -0.00228810998594 19.25679261108482 -155.88389402105403 349957.59172315523028 78.71328547983991 256.65898548232133
33540.0 -0.00228810880406 19.27061749537628 -155.88141035569143 350044.34831675142050 78.81562680834963 257.91069091226240
33570.0 -0.00207579944868 19.28447592457005 -155.87865339629289 349972.61614430230111 78.91284429404497 259.18323354375423
33600.0 -0.00238571080802 19.29827247292458 -155.87612431024843 350048.97625234071165 79.00488183979778 260.47627837702510
33630.0 -0.00190172745294 19.31209640261449 -155.87331883735934 349966.90157690178603 79.09165955831087 261.78932288770977
33660.0 -0.00169545513997 19.32587911802279 -155.87073076360909 350033.14245622884482 79.17318723723145 263.12225252129247
33690.0 -0.00204963735573 19.33965792865335 -155.86799810481850 350017.49570245575160 79.24908913836857 264.47286661750695
33720.0 -0.00229213546880 19.35342142467704 -155.86524019060150 349996.73285031598061 79.31937017645535 265.84072932951779
33750.0 -0.00243199676963 19.36716401149272 -155.86257893042850 350047.58915917109698 79.38394046588303 267.22482336420944
33780.0 -0.00177192631362 19.38090417058386 -155.85976514083399 350016.70632570795715 79.44276486246926 268.62435672445849
33810.0 -0.00187657113977 19.39463047998143 -155.85692375738333 349980.76724272780120 79.49571631140815 270.03785860397221
33840.0 -0.00197014884275 19.40833681681498 -155.85418274167486 350016.42160983197391 79.54258833197792 271.46309671458579
33870.0 -0.00205668254168 19.42203999060573 -155.85140806359161 350047.12180263642222 79.58352055185343 272.90009185405103
33900.0 -0.00212611089314 19.43572652479361 -155.84848392238763 349996.06407388020307 79.61837344541185 274.34684016216130
33930.0 -0.00209793724065 19.44940243894633 -155.84565669533126 350016.67337288800627 79.64699412052155 275.80095262056886
33960.0 -0.00180311730544 19.46305170986806 -155.84268410603056 349955.50003732182086 79.66939715171317 277.26118399229131
33990.0 -0.00227201041826 19.47670138092824 -155.83980201511227 349966.08995858393610 79.68558437284148 278.72612043228020
34020.0 -0.00169545513997 19.49034744220039 -155.83688467932583 349971.76628126204014 79.69562574576874 280.19494378550218
34050.0 -0.00224584832531 19.50397482215076 -155.83394467497180 349972.39787647873163 79.69933335478696 281.66419126626278
34080.0 -0.00165118191979 19.51758952914167 -155.83097647164712 349968.05626907758415 79.69679219902034 283.13287025230767
34110.0 -0.00160892144105 19.53119193807289 -155.82797937179308 349958.75748269166797 79.68802718463250 284.59933901385159
34140.0 -0.00229012036361 19.54481672324849 -155.82506483402264 350021.29655244108289 79.67310587542093 286.06239075612700
34170.0 -0.00181016367327 19.55840205784815 -155.82200408929779 350002.14803757891059 79.65203947800039 287.52006748479141
34200.0 -0.00151031365731 19.57196753040439 -155.81891989468815 349978.02199066709727 79.62480332336078 288.96968691470988
34230.0 -0.00193593696597 19.58556618062994 -155.81591317427345 350025.76528629660606 79.59158356011108 290.41142466740621
34260.0 -0.00154854865320 19.59911669272854 -155.81276114948884 349991.86378416884691 79.55240232253738 291.84315295622963
34290.0 -0.00175180244496 19.61264808016455 -155.80958392708820 349953.03086523711681 79.50728424159145 293.26247790542840
34320.0 -0.00180412544898 19.62621165911885 -155.80648935945683 349986.01869582664222 79.45635146975241 294.66849994193961
34350.0 -0.00160791447939 19.63976704438114 -155.80336287806492 350014.11469190847129 79.39971769909404 296.06022779328032
34380.0 -0.00152339470378 19.65326769095542 -155.80008802371316 349960.66229055635631 79.33752722585969 297.43742625385033
34410.0 -0.00195304113154 19.66680299825106 -155.79689795319470 349979.00589808914810 79.26980647109524 298.79709911337721
34440.0 -0.00112996934860 19.68032812011386 -155.79367654439292 349992.47760008834302 79.19671148957754 300.13905832712396
34470.0 -0.00202951348707 19.69384336129280 -155.79042313077008 350001.08850948419422 79.11836832149868 301.46248605016427
34500.0 -0.00149824075437 19.70735251463062 -155.78713391236764 350004.85791244916618 79.03491782098752 302.76711254050514
34530.0 -0.00107663820105 19.72085278361797 -155.78381097672258 350003.78412346448749 78.94647731741692 304.05191199017628
34560.0 -0.00170853500456 19.73433568334684 -155.78046156778879 349997.85992082301527 78.85315915976486 305.31523372306981
34590.0 -0.00137648703513 19.74781466329388 -155.77707317364582 349987.12101125344634 78.75513435187908 306.55832759817440
34620.0 -0.00202347762654 19.76128460886650 -155.77364998275343 349971.56340207066387 78.65252333245365 307.78015219382269
34650.0 -0.00132215365345 19.77481658984142 -155.77030200495906 350027.74257205054164 78.54545514095157 308.97944941272158
34680.0 -0.00203454474971 19.78825930704635 -155.76681814641216 350002.54928586632013 78.43407727505870 310.15644225238498
34710.0 -0.00140969313214 19.80169059124972 -155.76330048987009 349972.56649845279753 78.31853001700473 311.31123295949624
34740.0 -0.00183531762268 19.81520445735498 -155.75984345840067 350014.28466392401606 78.19894587357726 312.44460558592090
34770.0 -0.00158175356833 19.82861477454881 -155.75625702115434 349974.72324968595058 78.07546574944699 313.55475388515629
34800.0 -0.00050310262584 19.84210423335848 -155.75273710620280 350006.83966660033911 77.94822460045449 314.64246427696520
34830.0 -0.00304075000140 19.85549067978613 -155.74908295327822 349957.74006020929664 77.81735522229221 315.70789069607139
34860.0 -0.00236558693937 19.86896593056144 -155.74548911809902 349980.27488430775702 77.68297870182160 316.75166365058141
34890.0 -0.00162904530971 19.88243447563348 -155.74185818458926 349998.01506080944091 77.54522555795575 317.77364973924301
34920.0 -0.00145698487352 19.89588792420143 -155.73819755157555 350010.99351878650486 77.40424541887080 318.77314993862439
34950.0 -0.00158779179262 19.90933960783406 -155.73449435751820 350019.17495399154723 77.26012065698653 319.75198917539973
34980.0 -0.00233439476566 19.92278446209660 -155.73075287549514 350022.57837907224894 77.11298178419918 320.70990596921121
35010.0 -0.00154049768748 19.93621481568049 -155.72697989163279 350021.24324813019484 76.96297503934170 321.64640835158752
35040.0 -0.00226094329510 19.94963406319900 -155.72317181407450 350015.16566719673574 76.81020253141540 322.56226696833727
35070.0 -0.00090055110013 19.96304402607572 -155.71932650142327 350004.34419750515372 76.65476546585276 323.45808381617553
35100.0 -0.00182425049952 19.97645158519373 -155.71543697300586 349988.74380811583251 76.49673140384189 324.33499772438989
35130.0 -0.00167633705109 19.98984209019711 -155.71151671854318 349968.45446889568120 76.33627834731537 325.19188617404160
35160.0 -0.00176287075001 20.00334665961257 -155.70764980716652 350019.52276381943375 76.17347677194358 326.02980512063044
35190.0 -0.00144188990374 20.01671738721205 -155.70365495163384 349989.77731007803231 76.00842125000310 326.84922323968777
35220.0 -0.00056649393490 20.03021175913361 -155.69970682913311 350031.29628153890371 75.84117669783254 327.65099460626459
35250.0 -0.00358913162719 20.04356782868802 -155.69563066214141 349992.07509483490139 75.67184904456595 328.43526015682971
35280.0 -0.00027066940181 20.05704159152286 -155.69160954488342 350024.14089449122548 75.50058272433706 329.20167345066227
35310.0 -0.00206573928717 20.07037658319624 -155.68745648476272 349975.51389614958316 75.32736507535154 329.95197949820431
35340.0 -0.00156665978042 20.08384284140230 -155.68334784729041 349998.03230764716864 75.15230834319314 330.68613778135477
35370.0 -0.00150930669566 20.09729650928535 -155.67920422976371 350015.85489154700190 74.97554899802218 331.40388496224165
35400.0 -0.00183934310554 20.11074098299523 -155.67502187974614 350028.95715019758791 74.79713530478250 332.10600326392694
35430.0 -0.00122656320903 20.12402845935660 -155.67071669447552 349961.61895894911140 74.61712286624976 332.79310261830653
35460.0 -0.00143786560276 20.13761440183605 -155.66652724835086 350040.88781072013080 74.43551739351837 333.46622234574005
35490.0 -0.00198323107111 20.15088076460303 -155.66214157315304 349964.18916577473283 74.25251051751245 334.12450053811494
35520.0 -0.00076572106193 20.16444734533533 -155.65787577798486 350034.02303151413798 74.06811562739628 334.76887154818002
35550.0 -0.00212309119006 20.17784961151561 -155.65348912854068 350023.54399802908301 73.88239121533918 335.39976345424674
35580.0 -0.00137145813625 20.19124653676266 -155.64905710790467 350008.31892209872603 73.69535331121099 336.01792991495734
35610.0 -0.00110883733641 20.20463493685364 -155.64458241333719 349988.38855557888746 73.50708540786603 336.62349456514670
35640.0 -0.00195102957199 20.21800663641386 -155.64007282869250 349963.86830101348460 73.31772306110548 337.21618018636508
35670.0 -0.00143987834419 20.23154538411803 -155.63558901538340 350009.90643299184740 73.12718227746868 337.79744054508762
35700.0 -0.00140566883116 20.24490747103057 -155.63098587157396 349975.87206645496190 72.93555951050530 338.36723542568893
35730.0 -0.00140868617049 20.25842922244533 -155.62641834104465 350012.47552004642785 72.74298291942507 338.92532540576519
35760.0 -0.00202347762654 20.27176481896040 -155.62173686511699 349969.18285006470978 72.54946112038058 339.47234532922130
35790.0 -0.00123662455242 20.28527038588033 -155.61708287889431 349996.35409527830780 72.35501724837550 340.00877543336020
35820.0 -0.00139460052612 20.29877668615896 -155.61237664068219 350018.65933780930936 72.15961346446548 340.53545272534126
35850.0 -0.00172061027126 20.31226939611829 -155.60763240591751 350036.33353918883950 71.96345146311691 341.05162534539755
35880.0 -0.00141271165335 20.32575400759097 -155.60284402294508 350049.28973024897277 71.76650558762798 341.55803347741823
35910.0 -0.00120543237872 20.33903908106292 -155.59794476887294 349982.64444043021649 71.56881062907506 342.05499109834147
35940.0 -0.00104142054449 20.35250912251641 -155.59306322304417 349986.14932317472994 71.37034861764792 342.54309804200460
35970.0 -0.00154955561485 20.36597194519056 -155.58813506025572 349984.91923581343144 71.17119012507609 343.02240459501684
36000.0 -0.00074660297305 20.37941948215644 -155.58316827437895 349979.10946996789426 70.97146630064456 343.49263492446829
36030.0 -0.00135837708978 20.39306630845880 -155.57821073898205 350043.11850387509912 70.77104478755601 343.95496437881519
36060.0 -0.00124769522122 20.40650670085408 -155.57314203926430 350027.68439576495439 70.57001307575482 344.40931450213805
36090.0 -0.00112594150198 20.41993214851915 -155.56803285041423 350007.67001256439835 70.36849633755271 344.85543203682261
36120.0 -0.00076572224381 20.43334604443523 -155.56287908075791 349983.01065276935697 70.16647720614594 345.29380693213022
36150.0 -0.00127888503117 20.44675001568052 -155.55767847996631 349953.67315302696079 69.96395850455670 345.72479461074312
36180.0 -0.00141472557666 20.46036497913651 -155.55247992576764 349993.83822357468307 69.76087399186380 346.14905504714403
36210.0 -0.00090155924366 20.47396749643246 -155.54723938589157 350029.35685131791979 69.55743493177255 346.56590708125634
36240.0 -0.00090759510419 20.48734357702354 -155.54189627028140 349985.91587400343269 69.35359064471115 346.97592745783908
36270.0 -0.00057152519754 20.50092935159371 -155.53655977539205 350011.97286830656230 69.14936191184475 347.37933254369597
36300.0 -0.00111889986168 20.51451220729926 -155.53116929586409 350033.16130080819130 68.94470794728475 347.77659531009613
36330.0 -0.00071842932055 20.52786189304593 -155.52567714454207 349975.56646873150021 68.73969344517781 348.16770565027116
36360.0 -0.00115713485756 20.54142161842788 -155.52019440210137 349987.43426150362939 68.53444859953798 348.55238599425968
36390.0 -0.00132617913630 20.55497974256636 -155.51465447439440 349994.38612137828022 68.32880858124454 348.93159536220026
36420.0 -0.00022237069877 20.56853142628356 -155.50906210500574 349996.53575285430998 68.12285657952715 349.30522633853047
36450.0 -0.00074760993470 20.58206904339803 -155.50342524247179 349994.08001263067126 67.91671823410584 349.67301704707160
36480.0 -0.00081200702354 20.59559596176556 -155.49773959647072 349986.93196399416775 67.71035927826649 350.03534819728827
36510.0 -0.00096696447603 20.60911372835146 -155.49200286688910 349975.04773686267436 67.50377013498525 350.39248281393458
36540.0 -0.00046184556311 20.62287279089399 -155.48624975589473 350031.72740961331874 67.29686604594497 350.74494891631844
36570.0 -0.00128593021711 20.63637365633388 -155.48040904106921 350010.30905581731349 67.08986697657046 351.09212501444540
36600.0 -0.00063290376517 20.64986312883721 -155.47451804374575 349984.20596756134182 66.88270620807141 351.43446767287435
36630.0 -0.00025255591082 20.66359232742604 -155.46861529655578 350026.67756100278348 66.67539649117664 351.77212432069172
36660.0 -0.00065906467623 20.67706544970524 -155.46261614462119 349990.99804234225303 66.46788126599756 352.10547617449072
36690.0 -0.00092269125585 20.69052780978997 -155.45656420557344 349950.60004060622305 66.26022344199819 352.43447374090647
36720.0 -0.00046385712266 20.70423004584317 -155.45050318796291 349978.74523222260177 66.05255392506039 352.75884506701487
36750.0 -0.00046688155327 20.71793097539483 -155.44438026047732 350001.86072954349220 65.84468561336776 353.07938931319546
36780.0 -0.00149220016632 20.73162581789839 -155.43820030713417 350020.08374491054565 65.63669989292801 353.39598389113286
36810.0 -0.00015193774941 20.74530697740543 -155.43197162143073 350033.65288368146867 65.42872450448017 353.70836779634567
36840.0 -0.00100922140913 20.75897778641070 -155.42568970066819 350042.45836289227009 65.22071383556991 354.01684458226219
36870.0 -0.00091061717104 20.77263970648288 -155.41935219238204 350046.44598578009754 65.01265065435500 354.32161321624994
36900.0 -0.00044373679965 20.78629903963155 -155.41295092109138 350045.39161399099976 64.80443782819790 354.62310681476640
36930.0 -0.00083212971031 20.79994208752491 -155.40650157844829 350039.75418097805232 64.59630273666235 354.92075740373639
36960.0 -0.00072949762560 20.81357393477089 -155.39999749213001 350029.35628009401262 64.38816816740498 355.21493566043722
36990.0 -0.00061680537937 20.82719436074922 -155.39343829934583 350014.19957292731851 64.18004232631922 355.50574268991039
37020.0 -0.00093073867593 20.84080769917745 -155.38681809275923 349994.11936236917973 63.97185718011804 355.79349517921986
37050.0 -0.00099412998499 20.85441031454174 -155.38014060208599 349969.23579740058631 63.76367605530429 356.07812004160809
37080.0 -0.00055441866820 20.86828101354773 -155.37343417683809 350011.85101874824613 63.55563113056581 356.35935645436246
37110.0 -0.00114707233229 20.88215014243997 -155.36666085504731 350049.30156273115426 63.34751959125079 356.63788560446932
37140.0 0.00024752464818 20.89572194775337 -155.35980880381760 350009.90157219581306 63.13942221540459 356.91357943216275
37170.0 -0.00164413673385 20.90927537559299 -155.35290629875476 349965.95822498295456 62.93146942450613 357.18618403811058
37200.0 0.00018715304221 20.92310930413310 -155.34596275700196 349989.00804991833866 62.72360764871566 357.45594883643832
37230.0 -0.00066711327819 20.93693406269522 -155.33895890214200 350007.14008622430265 62.51581483385200 357.72302870326791
37260.0 -0.00057051823588 20.95075579159092 -155.33188626337812 350020.09114887658507 62.30798533245338 357.98778817921357
37290.0 -0.00124769403934 20.96456103633277 -155.32476107387583 350028.39596532471478 62.10035254958432 358.24970695018789
37320.0 0.00028676896948 20.97805020599821 -155.31756792830794 349960.54405376687646 61.89283225082811 358.50909387577019
37350.0 -0.00113902491222 20.99213652413385 -155.31033210534389 350030.44523851294070 61.68543012897777 358.76601904840419
37380.0 -0.00032399700371 21.00560187682125 -155.30301602845819 349952.87787045445293 61.47806935297753 359.02075347649134
37410.0 -0.00034714057546 21.01967383462957 -155.29564931431966 350012.63603638764471 61.27081481124122 359.27321057832080
37440.0 -0.00056347423182 21.03341807128861 -155.28822395765638 349996.69282947294414 61.06379996803594 359.52314324526378
37470.0 -0.00073352310845 21.04715551000796 -155.28072937634701 349975.62364805303514 60.85681063468769 359.77114425826915
37500.0 -0.00068321284587 21.06119919070551 -155.27317069811926 350020.35112865641713 60.64992749142213 0.01708575608271
37530.0 0.00057353557521 21.07490847319459 -155.26555574380370 349989.63669478707016 60.44328369863442 0.26072398470674
37560.0 -0.00069729849024 21.08860210572902 -155.25788092638160 349954.15593319665641 60.23681985253513 0.50226981639155
37590.0 -0.00041254462594 21.10260551530645 -155.25013928482446 349984.28025665227324 60.03051080682135 0.74184733879393
37620.0 0.00007345265245 21.11660483200233 -155.24232360410849 350009.06853162962943 59.82424490171867 0.97977060282708
37650.0 -0.00049605743990 21.13058686866392 -155.23445069691178 350029.13267678208649 59.61826026756821 1.21556112256388
37680.0 -0.00031896810484 21.14455636671920 -155.22651347279032 350044.23395493719727 59.41246789053088 1.44948238291256
37710.0 -0.00032299240582 21.15818033370541 -155.21852221535590 349984.33043039403856 59.20687215933015 1.68158341605950
37740.0 -0.00014388560181 21.17212621451424 -155.21045065589453 349989.38096341118217 59.00138917251842 1.91210229004259
37770.0 0.00031494025822 21.18605969188073 -155.20231217198207 349989.40959845017642 58.79608595566126 2.14094503109797
37800.0 -0.00088545967598 21.19997339043574 -155.19411612112594 349984.77906856406480 58.59109703586154 2.36787884349885
37830.0 -0.00028878052903 21.21421992935879 -155.18582892662445 350044.51178804226220 58.38619982270372 2.59342891478914
37860.0 -0.00033003404612 21.22811495825667 -155.17748778690247 350029.43698670901358 58.18147506768477 2.81747057057977
37890.0 -0.00017206043619 21.24198994269283 -155.16908708697241 350009.67219956777990 57.97705849563670 3.03977120833094
37920.0 -0.00071541316311 21.25584806582954 -155.16062163020428 349985.03643270675093 57.77288625010609 3.26051366339914
37950.0 -0.00045882822379 21.26969052751285 -155.15208892468135 349955.44831556733698 57.56893118497062 3.47980003711807
37980.0 -0.00005534152522 21.28387424827024 -155.14345535867773 349989.68630769290030 57.36507731197307 3.69790635494479
38010.0 -0.00062988406208 21.29803925576616 -155.13475972211180 350019.11185994837433 57.16156634701881 3.91439047583151
38040.0 0.00048901579960 21.31183497048913 -155.12602242002802 349974.54754456412047 56.95830599892601 4.12948180099404
38070.0 -0.00048801001982 21.32596918523285 -155.11718943756969 349993.92291982844472 56.75530009166631 4.34321474923301
38100.0 -0.00000100577977 21.34009308230954 -155.10827972552784 350007.95142039842904 56.55245881749472 4.55580311340161
38130.0 -0.00047191045214 21.35420276271682 -155.09929799223960 350016.83205346856266 56.34985160912162 4.76714912532050
38160.0 0.00006741561004 21.36829101986441 -155.09025392543708 350020.97068533953279 56.14761375343961 4.97703381688778
38190.0 -0.00040650640166 21.38200423381925 -155.08116579364008 349951.30131855607033 55.94551636548501 5.18592964086007
38220.0 -0.00036827140577 21.39643286471660 -155.07193165295115 350013.17004244029522 55.74364027498935 5.39371650971074
38250.0 -0.00047392201169 21.41047468001319 -155.06266901520345 350001.89191049337387 55.54212350825811 5.60017286133666
38280.0 -0.00010967727066 21.42449775599657 -155.05333656940337 349985.62927074264735 55.34089869087008 5.80546066264622
38310.0 0.00008452213937 21.43887585600366 -155.04388927550076 350032.22158041410148 55.13993739114391 6.00966592201094
38340.0 0.00008351399584 21.45287112297376 -155.03440100496272 350005.31559881195426 54.93912046699410 6.21303537619895
38370.0 0.00004930448281 21.46684177556655 -155.02484905044147 349973.72485875431448 54.73869225274796 6.41515830934074
38400.0 -0.00041556314715 21.48117052378637 -155.01517832324532 350004.74555006995797 54.53855822133948 6.61623792878503
38430.0 0.00013684396151 21.49548223082544 -155.00543289088864 350030.56953008845448 54.33872209711454 6.81629826304535
38460.0 0.00087640647613 21.50939911525837 -154.99565608785088 349983.51387033145875 54.13908898521570 7.01553483540392
38490.0 -0.00081905220948 21.52367946941631 -154.98575277047507 349998.66184324678034 53.93973083095058 7.21384816752627
38520.0 0.00065604615503 21.53793607661986 -154.97578224017229 350008.98049688246101 53.74078336996925 7.41103212483265
38550.0 -0.00069226959136 21.55217992389562 -154.96572620548446 350013.69245788920671 53.54201296328090 7.60751724653059
38580.0 0.00083917489626 21.56640662663045 -154.95559047766540 350013.06144969258457 53.34350045408880 7.80318854045040
38610.0 0.00053429598143 21.58060900191022 -154.94538550662148 350007.56143548060209 53.14538588741342 7.99783482230442
38640.0 -0.00018313110499 21.59479004847221 -154.93510555130538 349996.95812505576760 52.94759902794459 8.19160218352346
38670.0 0.00070534945596 21.60934548415821 -154.92468483592447 350047.71958842314780 52.75011064137988 8.38456456226166
38700.0 -0.00022438462208 21.62349295908517 -154.91423814002459 350026.17052422091365 52.55279927870850 8.57694566454910
38730.0 0.00057957498138 21.63761324444652 -154.90372286485157 349999.84977963939309 52.35591108452781 8.76836191077480
38760.0 0.00031896810484 21.65171049966910 -154.89313123668012 349968.42698751483113 52.15935004111083 8.95899594757044
38790.0 0.00008452095749 21.66618585421303 -154.88239293831629 349998.01784277800471 51.96312007362358 9.14886422712336
38820.0 0.00025155131292 21.68064523301367 -154.87156656244599 350021.93261608667672 51.76712180000773 9.33814826338071
38850.0 0.00034814635523 21.69467944696406 -154.86073153405425 349974.57109023071826 51.57142969532649 9.52674804622982
38880.0 0.00041858048647 21.70909034161572 -154.84975221902690 349988.27377650886774 51.37617965581034 9.71446909520738
38910.0 0.00015495745249 21.72348502209283 -154.83868169885329 349996.19858059473336 51.18113444428394 9.90170808548124
38940.0 -0.00013282084241 21.73785920215620 -154.82752600782419 349998.63603570498526 50.98637482616429 10.08835514739721
38970.0 -0.00014690530489 21.75220583921285 -154.81629611234473 349996.11275947652757 50.79204259386912 10.27420857824512
39000.0 0.00066208201556 21.76652781609953 -154.80498597887686 349988.36618334520608 50.59806512926888 10.45940215254678
39030.0 0.00054536310459 21.78082600012457 -154.79359295485261 349975.28828267566860 50.40441273243322 10.64400054400924
39060.0 0.00046989771071 21.79552234404174 -154.78202004079637 350021.43711659125984 50.21096227485053 10.82820901365710
39090.0 0.00216736559211 21.80977296755539 -154.77045856024614 349997.58182952832431 50.01796104193881 11.01166743628287
39120.0 0.00008653251704 21.82399702088955 -154.75881552646348 349968.50611490104347 49.82531207279683 11.19454201080854
39150.0 0.00008351517772 21.83861549834121 -154.74699857097548 349998.89137185830623 49.63301969196029 11.37684352394358
39180.0 0.00052322649450 21.85321400396151 -154.73508772509595 350023.43315968289971 49.44098048538428 11.55874257635174
39210.0 0.00067315150248 21.86778850459216 -154.72308891825364 350042.43056354578584 49.24927142806458 11.74013926301919
39240.0 0.00076169557907 21.88190598853055 -154.71111112325272 349992.13229272980243 49.05802832303517 11.92084956084755
39270.0 0.00005332878379 21.89642785852885 -154.69894009987371 350000.30078108888119 48.86701122066776 12.10124239234275
39300.0 0.00077377202765 21.91092508402107 -154.68667837878382 350002.83869946468621 48.67630071290127 12.28121279022957
39330.0 0.00040549944000 21.92539078954579 -154.67433747626887 350000.32769710477442 48.48604009256874 12.46056757312774
39360.0 0.00030186157551 21.93982772487520 -154.66191105238440 349992.47566161770374 48.29615471720086 12.63943079395181
39390.0 0.00083012051452 21.95467069513215 -154.64928858861700 350042.83991856221110 48.10661466273579 12.81785986253199
39420.0 0.00019721556748 21.96905789143969 -154.63667319684444 350023.43740973807871 47.91729559682437 12.99604502898743
39450.0 0.00066912601962 21.98341051931136 -154.62397932960377 349999.09368412569165 47.72844539349352 13.17364648580045
39480.0 0.00079791901541 21.99773225487331 -154.61119869902473 349969.41446406207979 47.53996655962928 13.35081705250291
39510.0 -0.00006037042409 22.01246228216767 -154.59821583680446 349997.60031903255731 47.35186395289692 13.52756317252147
39540.0 0.00147106933601 22.02716752103406 -154.58513324993686 350019.77811141591519 47.16403048344046 13.70404683662861
39570.0 -0.00008150125441 22.04140109929473 -154.57207697240588 349973.36395389959216 46.97654557212339 13.88016855781318
39600.0 0.00103739624351 22.05648516869945 -154.55869932436104 350047.71169472113252 46.78954471163363 14.05575363738486
39630.0 -0.00066912483774 22.07065513090881 -154.54546228792870 349990.35673040430993 46.60278708202371 14.23114651066418
39660.0 0.00086432884567 22.08523980570936 -154.53200731456187 349990.02421994227916 46.41635066932751 14.40624975713176
39690.0 0.00031393566033 22.09978820333016 -154.51846822923554 349984.56190457008779 46.23038123820498 14.58087626088546
39720.0 0.00029683149475 22.11475273244250 -154.50470869475242 350035.93440120853484 46.04480239776350 14.75514228787846
39750.0 0.00049203313892 22.12878458109861 -154.49111499509763 349957.15399648435414 45.85958417675074 14.92909944104359
39780.0 0.00106355833646 22.14369021079325 -154.47715337880325 349996.55993262212723 45.67460140624606 15.10292558354254
39810.0 0.00055039436722 22.15855909450405 -154.46310432012407 350030.69355455413461 45.49010209464748 15.27629856046031
39840.0 -0.00074056593064 22.17293943939636 -154.44909707970376 349997.35069695394486 45.30598853043931 15.44936014681993
39870.0 -0.00020526653320 22.18728290462067 -154.43499823172351 349958.59824607893825 45.12226619571411 15.62211337429885
39900.0 0.00058561084191 22.20205109810555 -154.42065603441998 349975.45527698751539 44.93882461056003 15.79471337579354
39930.0 0.00042964879152 22.21678482960065 -154.40621522472918 349986.52489601541311 44.75574557638609 15.96706120126864
39960.0 -0.00009458230088 22.23147801707606 -154.39168746976645 349992.44517148286104 44.57316409330004 16.13899044137011
39990.0 0.00052322649450 22.24613973148083 -154.37705126417950 349992.08987510111183 44.39083671148163 16.31082769173769
40020.0 0.00021734061802 22.26076605212356 -154.36231340911826 349985.83509576506913 44.20884341661146 16.48247673765445
40050.0 0.00028475504617 22.27535053305876 -154.34748662227821 349974.38018501549959 44.02732987472986 16.65375868780897
40080.0 -0.00030689283814 22.28989560025903 -154.33256391066581 349957.36964230705053 43.84621816323408 16.82478349335076
40110.0 0.00068925107016 22.30486823340507 -154.31738589775301 349995.28392123244703 43.66547839565942 16.99559803256139
40140.0 0.00006238434740 22.31980850787977 -154.30209353865354 350026.64690966252238 43.48498485382305 17.16636982373421
40170.0 -0.00009760082208 22.33423720258321 -154.28686963636471 349992.31435432564467 43.30498530782685 17.33679209968888
40200.0 0.00120341963729 22.34862392216932 -154.27154877638182 349952.43954856134951 43.12538207029735 17.50699740019057
40230.0 0.00003320491513 22.36391011542691 -154.25580123037369 350027.24899313412607 42.94618131063911 17.67698601229557
40260.0 -0.00013986130083 22.37821696759186 -154.24027266402226 349975.55728439334780 42.76726939241106 17.84690757149641
40290.0 0.00095589262535 22.39342750239484 -154.22430587511445 350037.89598135650158 42.58873042841972 18.01666366832017
40320.0 0.00182726783884 22.40764440629460 -154.20858621790245 349975.36867835000157 42.41069877532227 18.18609525563161
40350.0 -0.00092872593450 22.42277215876040 -154.19240946512215 350025.81536859646440 42.23292993817030 18.35551260136120
40380.0 0.00047291623192 22.43690653733402 -154.17647316527211 349951.10559092741460 42.05550349194746 18.52482329244980
40410.0 0.00002414816964 22.45194620803071 -154.16009157316697 349990.01343599986285 41.87856603029128 18.69385434626814
40440.0 0.00049102735915 22.46694202029903 -154.14360472147473 350023.01201275456697 41.70203827195392 18.86271054057266
40470.0 0.00041757588858 22.48189429193819 -154.12700976240177 350049.95974581316113 41.52589051499712 19.03143484766184
40500.0 0.00091162058705 22.49584484996479 -154.11066402137178 349952.38241704646498 41.34999671883766 19.20018605649786
40530.0 -0.00016199791092 22.51070578767349 -154.09385641435722 349967.49420504085720 41.17460411084806 19.36867085879522
40560.0 0.00024752583006 22.52551999508653 -154.07694261164187 349976.71399474702775 40.99961521673625 19.53701398403469
40590.0 0.00033707805019 22.54028645141249 -154.05992318944979 349980.09242479875684 40.82503693637172 19.70521345988655
40620.0 -0.00003421069491 22.55500850743052 -154.04278707935293 349977.01593979354948 40.65075267098332 19.87341450011513
40650.0 0.00073352310845 22.56968227712120 -154.02554229510224 349967.95565881766379 40.47684877554035 20.04151917252869
40680.0 0.00033003640988 22.58430230195613 -154.00820145628296 349953.65227524004877 40.30345884042818 20.20937497025626
40710.0 0.00044272865611 22.59985209227517 -153.99034104069898 350048.75881239306182 40.13033767116066 20.37727824413739
40740.0 0.00014288100391 22.61437848668333 -153.97276435261983 350021.50127530843019 39.95756437582324 20.54514001376252
40770.0 0.00114204343342 22.62884944238474 -153.95508972893077 349988.94651376269758 39.78528633594097 20.71279248763486
40800.0 0.00069729849024 22.64326697502719 -153.93730946918726 349950.66877180431038 39.61342305137126 20.88033617044975
40830.0 0.00067315150248 22.65861428505175 -153.91900253724634 350021.43155758082867 39.44194508084549 21.04781075799265
40860.0 0.00061680301561 22.67293059537267 -153.90098847667866 349970.44219175167382 39.27072624135202 21.21536760684058
40890.0 0.00047492779147 22.68817446156624 -153.88245023117000 350028.66653009410948 39.10001297009592 21.38272522030095
40920.0 0.00105047847187 22.70237718714495 -153.86422832507131 349966.54344572592527 38.92970815355313 21.55000165628030
40950.0 0.00075767245997 22.71751226077809 -153.84546448361664 350012.63331562187523 38.75981945155548 21.71719304054983
40980.0 0.00086433002755 22.73210054614855 -153.82679462463295 349995.08453555312008 38.59022746565828 21.88444103066457
41010.0 0.00087740989214 22.74663234245519 -153.80801148767199 349971.47775161825120 38.42102072685071 22.05164807006651
41040.0 0.00027268096136 22.76159986938498 -153.78890317082642 349999.13469703681767 38.25233196024562 22.21866746840573
41070.0 0.00082408229023 22.77651443094510 -153.76966581547154 350019.83893551025540 38.08391554803054 22.38578363643566
41100.0 0.00065000793074 22.79137257768951 -153.75030712386356 350034.06050039641559 37.91585008604848 22.55291068271584
41130.0 0.00122253890805 22.80616876228454 -153.73084186990351 350042.69697431288660 37.74828362548099 22.71988536702049
41160.0 0.00050108988442 22.82090471844807 -153.71126196607767 350045.28438775986433 37.58113456117700 22.88680464196906
41190.0 0.00114002951011 22.83558048050461 -153.69156450892362 350041.66512623056769 37.41437377069599 23.05370541835733
41220.0 0.00004528018183 22.85019901617424 -153.67173674003061 350031.08566328231245 37.24787507153126 23.22073267502719
41250.0 0.00114505959086 22.86475190895739 -153.65180346378079 350015.05389003269374 37.08188391129175 23.38761531521421
41280.0 0.00100016939116 22.87924126575064 -153.63175498263772 349993.00293183233589 36.91630365239472 23.55446564713689
41310.0 0.00091665066780 22.89366596599393 -153.61159221293934 349965.00424988102168 36.75114273443927 23.72127816110017
41340.0 0.00060976137530 22.90903766300773 -153.59080618186206 350040.71324021555483 36.58627909675629 23.88819166499075
41370.0 0.00010565060592 22.92333619710463 -153.57039450378497 349999.64464396052063 36.42180338392314 24.05510885698276
41400.0 0.00118732243337 22.93756447027044 -153.54987901853306 349953.31269960757345 36.25784737773258 24.22188822747164
41430.0 0.00158074542479 22.95274141169569 -153.52872378524495 350009.78669816162437 36.09416525699100 24.38880388588017
41460.0 -0.00000301733932 22.96683969985933 -153.50795343699733 349950.10301628056914 35.93083506977769 24.55577271522298
41490.0 0.00127888621305 22.98188068537040 -153.48655747146336 349994.16844232287258 35.76800543772184 24.72263545847132
41520.0 -0.00014690648677 22.99685312604605 -153.46503806035079 350031.87853573076427 35.60559374381927 24.88948610155170
41550.0 0.00111588134047 23.01073963857549 -153.44392188891365 349954.52639260794967 35.44357122894704 25.05635915910562
41580.0 -0.00046184674499 23.02557608677839 -153.42214124103452 349978.65065321978182 35.28181182408893 25.22339409976595
41610.0 0.00162300708542 23.04033866304526 -153.40024678774961 349997.06051665823907 35.12055982836205 25.39032901285672
41640.0 0.00016099213114 23.05502906338808 -153.37822853239354 350009.15165590401739 34.95971916946542 25.55727121164487
41670.0 0.00128391747568 23.06964609331882 -153.35608757327080 350015.00744150765240 34.79929907945969 25.72421375169995
41700.0 0.00051115122780 23.08419206462011 -153.33381070313550 350013.81459100823849 34.63917495181521 25.89129317581254
41730.0 0.00040550062188 23.09866353151151 -153.31140787874469 350006.20750214904547 34.47943948714687 26.05841230753970
41760.0 0.00051215818946 23.11305618556410 -153.28889330965018 349993.09415626991540 34.32022346373801 26.22543426047477
41790.0 0.00105550973450 23.12737537441933 -153.26624066666980 349972.83058812841773 34.16128103061187 26.39262421384493
41820.0 0.00056850549445 23.14213103119364 -153.24317194188370 349999.03647409286350 34.00268966131190 26.55990154039455
41850.0 0.00116216612020 23.15680636004160 -153.21998504363552 350019.41400185599923 33.84459846566672 26.72711046301606
41880.0 0.00050008410464 23.17088875155580 -153.19696235481078 349980.59839937556535 33.68692389095271 26.89434248213151
41910.0 0.00055139896512 23.18591909914083 -153.17322715675638 350040.87000014167279 33.52963757514142 27.06163002756723
41940.0 0.00062183664200 23.19984370587964 -153.14993563150563 349988.35452061612159 33.37261365139755 27.22910777824088
41970.0 0.00076068861742 23.21471291361097 -153.12593502263820 350035.26216180808842 33.21609514564514 27.39652196265987
42000.0 0.00053329020165 23.22846944749738 -153.10240440781598 349970.99063028022647 33.05998661932468 27.56397552317128
42030.0 0.00078685071036 23.24317204148972 -153.07814598152868 350005.07018544338644 32.90429810464079 27.73146023303464
42060.0 0.00130504830599 23.25779287202156 -153.05374287597593 350031.76438551396132 32.74890254755750 27.89911085930037
42090.0 0.00032902944823 23.27181263764579 -153.02951411055747 349999.86906422115862 32.59389465231708 28.06683022029691
42120.0 0.00061780761350 23.28574298078658 -153.00517103194724 349962.51432611327618 32.43940414904581 28.23448556389398
42150.0 0.00047694171478 23.30010490949043 -152.98037300052755 349969.57677853573114 32.28518529203730 28.40233429555649
42180.0 0.00113298668793 23.31437956241213 -152.95543713111837 349969.73142324574292 32.13131496114934 28.57029802188281
42210.0 0.00070937375694 23.32856274948294 -152.93038058547339 349964.10524690803140 31.97794268715752 28.73822400042929
42240.0 0.00079590863774 23.34265526175837 -152.90519408398220 349952.10635324381292 31.82498404370028 28.90620164578758
42270.0 0.00059969766815 23.35769166157410 -152.87922843776983 350035.79028429090977 31.67241109105536 29.07426155501347
42300.0 0.00021733943614 23.37160373101468 -152.85375699708325 350009.49725762475282 31.52009823310917 29.24253422084289
42330.0 0.00075163541756 23.38542021634059 -152.82816641467724 349977.56687091104686 31.36828712722943 29.41077310523993
42360.0 0.00024350271096 23.40017805112505 -152.80178499852511 350040.77648291084915 31.21688301994557 29.57907730008843
42390.0 0.00067616765993 23.41380421430230 -152.77593156301148 349996.05457082577050 31.06589674735707 29.74743741327389
42420.0 0.00080898850233 23.42837238572208 -152.74926411999576 350045.09710740204901 30.91519889119017 29.91598684929583
42450.0 0.00079691559939 23.44180675172121 -152.72313127364814 349986.51688046753407 30.76488611209408 30.08462829388203
42480.0 -0.00070535063784 23.45617734029431 -152.69620129580548 350022.97833660058677 30.61508706052428 30.25323270068899
42510.0 0.00197316736396 23.46941364828996 -152.66980279065183 349951.47653778083622 30.46555619884143 30.42205068330317
42540.0 -0.00006339012718 23.48358736102306 -152.64257787111001 349973.22836539987475 30.31636980081728 30.59100585323808
42570.0 0.00045077962183 23.49765782143631 -152.61522559332488 349989.01542127504945 30.16767776417874 30.75994810918429
42600.0 0.00104343446780 23.51162541350432 -152.58773625700874 349998.19803125225008 30.01939483922592 30.92896511485477
42630.0 0.00032299240582 23.52548948573849 -152.56010692597317 350000.58532136958092 29.87149352688066 31.09808584054432
42660.0 -0.00017709288070 23.53925085391553 -152.53232290850977 349995.19143320340663 29.72384855340180 31.26743710207790
42690.0 0.00129901008170 23.55290465213223 -152.50441327427214 349983.97839951049536 29.57670013743006 31.43677880933199
42720.0 0.00097601767588 23.56645127757886 -152.47636716177487 349966.22051578387618 29.42995424767722 31.60620664115738
42750.0 0.00009860778374 23.58092747666543 -152.44745538427784 350039.85030214674771 29.28358260182873 31.77574997222662
42780.0 0.00110682577686 23.59425795479995 -152.41911878988051 350007.91170049272478 29.13752966888531 31.94546509679096
42810.0 0.00074056711252 23.60747646022334 -152.39065978778461 349970.39552748948336 28.99198583720127 32.11516331033987
42840.0 0.00130806564532 23.62162228239334 -152.36130763075121 350022.67333930730820 28.84670575969020 32.28508980691291
42870.0 0.00119939533631 23.63461897953885 -152.33254933433648 349970.38614248856902 28.70176513843015 32.45516986601412
42900.0 0.00238571198990 23.64853735498549 -152.30291619072594 350009.33167597372085 28.55731426889129 32.62525540318848
42930.0 0.00042260596933 23.66234034932167 -152.27313936233435 350041.44622915145010 28.41326709143251 32.79543281676337
42960.0 0.00159785195413 23.67499106409749 -152.24397740774813 349970.15590366441756 28.26959655870102 32.96572969965008
42990.0 0.00127687465350 23.68856213957410 -152.21389729031415 349987.41523568052799 28.12617771302966 33.13626989102653
43020.0 0.00045279118138 23.70201334835971 -152.18368554319076 349998.67658706475049 27.98324939636976 33.30681862399560
43050.0 0.00172463575412 23.71534461068862 -152.15333105036905 350003.17477406375110 27.84071829480985 33.47746874277513
43080.0 0.00040851796121 23.72855505506859 -152.12283075412341 350000.69727342389524 27.69855633155445 33.64824852438534
43110.0 0.00079691441751 23.74164402525152 -152.09217806199268 349990.78275812231004 27.55670773597534 33.81921316181420
43140.0 0.00116719856471 23.75460857268928 -152.06139743038449 349975.13230847753584 27.41536245113230 33.99017728167599
43170.0 0.00022237188065 23.76744978491984 -152.03045834189356 349951.61552055738866 27.27427536560134 34.16138126809584
43200.0 -0.00013885788481 23.78119844754149 -151.99856864759431 350015.31056908518076 27.13352160915568 34.33275191343298
43230.0 0.00166426296627 23.79378623240062 -151.96734713822406 349978.56500119250268 26.99325184644982 34.50414289441098
43260.0 0.00014992500798 23.80727753381483 -151.93517408350539 350029.18427449185401 26.85337923569036 34.67563954490547
43290.0 0.00054938740557 23.81960769199233 -151.90366600308516 349978.90828790701926 26.71387718883249 34.84726820159732
43320.0 0.00059466640552 23.83283876354335 -151.87117772969066 350014.19415746629238 26.57462108697071 35.01915003984629
43350.0 0.00161093418248 23.84593639327802 -151.83855269151920 350043.33485480863601 26.43584836792759 35.19105511211215
43380.0 0.00093878845977 23.85787111314820 -151.80661213804700 349972.59137199260294 26.29746644894591 35.36307369654917
43410.0 0.00065503919337 23.87070038173275 -151.77369288468805 349987.84697237983346 26.15944746827525 35.53523307695921
43440.0 0.00173369131774 23.88339360811990 -151.74061566682747 349995.43589732144028 26.02173542859371 35.70758748509774
43470.0 0.00018816000386 23.89594871880117 -151.70740590782040 349997.16291767265648 25.88451981055726 35.87995452799397
43500.0 0.00079590745586 23.90836554243448 -151.67403204794493 349990.76652167830616 25.74755576771619 36.05257031122409
43530.0 0.00099111146379 23.92064246675026 -151.64050440892038 349976.97065192088485 25.61091786052054 36.22536300092921
43560.0 0.00055844415106 23.93380182014232 -151.60598040500554 350048.73775429464877 25.47475710180103 36.39818780716161
43590.0 0.00189870774986 23.94579382884029 -151.57217044339555 350022.05397217161953 25.33898588944052 36.57112917326179
43620.0 0.00064698822765 23.95764224321670 -151.53821358719122 349988.43553697876632 25.20357809945588 36.74421228232750
43650.0 0.00111286400115 23.97036713919143 -151.50321528141461 350037.48911700397730 25.06840946643379 36.91755591698630
43680.0 -0.00215327758398 23.98192369603595 -151.46895973203243 349989.73614737391472 24.93371600937414 37.09093450555922
43710.0 0.00370585053816 23.99435208874262 -151.43367320726182 350025.65384628251195 24.79940588384979 37.26443599241915
43740.0 -0.00051416974901 24.00561192075269 -151.39912500863997 349964.15159578155726 24.66545145042485 37.43808675637892
43770.0 0.00017206043619 24.01773897172467 -151.36352562028233 349985.09026684705168 24.53179649400244 37.61194018868087
43800.0 0.00157269800471 24.02971304276295 -151.32779017964833 350000.07373039424419 24.39863002504978 37.78581656648593
43830.0 -0.00150025113204 24.04153260956157 -151.29188608412869 350006.70300189685076 24.26570747759484 37.95994818095469
43860.0 0.00116719738283 24.05319640386938 -151.25582406663028 350005.74199352134019 24.13310284894912 38.13426444759713
43890.0 -0.00015394930896 24.06470353489928 -151.21962566844056 349998.75625521130860 24.00096748605625 38.30862190713607
43920.0 0.00218547553746 24.07605261810124 -151.18327957028490 349984.89852089155465 23.86921304301373 38.48310426337619
43950.0 0.00039946476135 24.08724233685126 -151.14678300367905 349963.94560503493994 23.73781386251035 38.65773563307533
43980.0 -0.00015898057159 24.09927919598801 -151.10918487085073 350022.88000030629337 23.60664604031945 38.83263264170284
44010.0 0.00215931462639 24.11014496944934 -151.07238269262865 349987.47195606213063 23.47594417318751 39.00757370317279
44040.0 0.00045882940567 24.12185327920653 -151.03449031980315 350033.05086794216186 23.34561715686989 39.18264462928884
44070.0 0.00048096601576 24.13239021946143 -150.99738925337945 349983.60105122998357 23.21563757916235 39.35787096918139
44100.0 -0.00066208319744 24.14376383941199 -150.95917765266083 350013.87906315084547 23.08594901310697 39.53330537757260
44130.0 0.00103035460321 24.15396725711371 -150.92178781187732 349951.04833795502782 22.95673999935561 39.70877052772623
44160.0 0.00098909872236 24.16500149552230 -150.88327103556242 349966.97498924564570 22.82776625590603 39.88449530220184
44190.0 -0.00040147632090 24.17586294096658 -150.84459346555849 349975.14741074293852 22.69910122603395 40.06041025479774
44220.0 0.00106758381932 24.18655156315734 -150.80577757801711 349977.23085427004844 22.57089658301868 40.23637307726695
44250.0 0.00058158654093 24.19706542153423 -150.76681164860014 349972.31833810824901 22.44306324917099 40.41246686506546
44280.0 0.00014791226655 24.20740301757203 -150.72769298588008 349960.17816896550357 22.31557603452765 40.58871474327211
44310.0 -0.00072849184582 24.21855354386061 -150.68741416719172 350025.25510089751333 22.18831139785483 40.76523138499513
44340.0 0.00210095457997 24.22853286854977 -150.64798564457320 349998.39441902562976 22.06150252019289 40.94179884664754
44370.0 0.00074962267613 24.23932064471816 -150.60740929921892 350049.95599749404937 21.93505903466482 41.11850098225935
44400.0 -0.00010565178780 24.24893684593541 -150.56767837396848 350008.81689437199384 21.80895375965818 41.29536257546597
44430.0 0.00129297303929 24.25836954238251 -150.52778997568277 349959.92344396002591 21.68313005921205 41.47243563465641
44460.0 0.00080496301947 24.26860295615281 -150.48675673068266 349990.08662832714617 21.55777601231553 41.64954498725834
44490.0 0.00106657685766 24.27864592121308 -150.44554966919929 350011.50933632533997 21.43264761359758 41.82691646240254
44520.0 0.00153949308958 24.28849796965300 -150.40418038309622 350025.03985334653407 21.30781776414227 42.00448165316494
44550.0 0.00093577112045 24.29816002074308 -150.36267230545360 350032.44835639838129 21.18343846175809 42.18209924356783
44580.0 0.00024651886841 24.30762953706231 -150.32101330861278 350032.76421104092151 21.05941990466825 42.35985183496499
44610.0 0.00207177514770 24.31690484288233 -150.27920079408926 350025.74680632632226 20.93573736964127 42.53776162468353
44640.0 0.00083414481550 24.32598252729871 -150.23721744660995 350010.00647128466517 20.81226767514076 42.71594151156788
44670.0 0.00051517671066 24.33486516697544 -150.19509885228689 349988.26697970647365 20.68924260176554 42.89417689358336
44700.0 -0.00024853279172 24.34451752430851 -150.15177678692513 350042.50808486994356 20.56657251337674 43.07254981892213
44730.0 0.00146905895834 24.35300078917948 -150.10935533101949 350006.30547272600234 20.44423046102777 43.25108436062195
44760.0 0.00069729967212 24.36128208993535 -150.06677601292799 349962.20635879971087 20.32215960022073 43.42983195883098
44790.0 0.00196612335990 24.37032501912295 -150.02299728741920 349994.82236739061773 20.20054756305687 43.60861938249079
44820.0 0.00028274348662 24.37915795515369 -149.97904447930486 350018.53866831026971 20.07915060438232 43.78766971752388
44850.0 -0.00082307414670 24.38778089191873 -149.93492962388450 350034.24805754516274 19.95804109711251 43.96691550859424
44880.0 0.00175381400451 24.39619579270374 -149.89067712064679 350043.83062526676804 19.83737136739281 44.14621629232321
44910.0 0.00065403341360 24.40439948070928 -149.84627444609913 350046.24815009627491 19.71705089344191 44.32565427516636
44940.0 0.00078182062961 24.41239010923142 -149.80171911134434 350041.25071070436388 19.59705541702094 44.50525078174977
44970.0 0.00003421187679 24.42016339368593 -149.75699340687649 350027.36928009241819 19.47726210846874 44.68511709152844
45000.0 0.00054234340151 24.42772350593219 -149.71213401894454 350007.47338090930134 19.35790137125336 44.86504168051335
45030.0 -0.00053630635910 24.43506709652242 -149.66712855889941 349980.52110698167235 19.23888429010169 45.04510492323416
45060.0 0.00205366402047 24.44313278389845 -149.62085857987012 350026.75013792794198 19.12018414971115 45.22533022926859
45090.0 -0.00003018521205 24.45003418355201 -149.57554270653588 349984.23604627884924 19.00174389543170 45.40576853815639
45120.0 -0.00099111264567 24.45765368272459 -149.52897534841088 350016.22919154353440 18.88375073358056 45.58624837390190
45150.0 0.00173469591563 24.46410958954454 -149.48336571508514 349959.24780856445432 18.76596115441913 45.76699035002294
45180.0 -0.00092268889209 24.47127125262796 -149.43647056803547 349974.29427429940552 18.64844701911289 45.94792788506503
45210.0 0.00020727691087 24.47820611433292 -149.38944068352001 349983.23424089793116 18.53136099103483 46.12892124630030
45240.0 0.00087036825184 24.48491031454066 -149.34226315275077 349984.95778697635978 18.41461182910523 46.31005233132512
45270.0 -0.00074559837515 24.49138184344033 -149.29493561278790 349979.20526364259422 18.29817573775254 46.49134163940961
45300.0 0.00045681666424 24.49853571470083 -149.24628531346886 350043.39293476566672 18.18193022752999 46.67289896501119
45330.0 -0.00005433574544 24.50453470874733 -149.19865451354653 350022.41316367872059 18.06610435506595 46.85451563249237
45360.0 0.00066711564195 24.51029769477637 -149.15088086120244 349994.33114624861628 17.95060991348716 47.03627045759083
45390.0 -0.00119235369600 24.51673464241901 -149.10179240180290 350037.24493064917624 17.83542042133757 47.21818622691854
45420.0 0.00065202067217 24.52201532105683 -149.05371490117778 349993.44629313610494 17.72047861052224 47.40031343780464
45450.0 0.00104242868803 24.52796633650039 -149.00433671417605 350022.08141791541129 17.60597128822808 47.58248220685939
45480.0 0.00123461299287 24.53276199929660 -148.95597294907913 349963.71062063984573 17.49165514820298 47.76491091065224
45510.0 -0.00113097512838 24.53821367101256 -148.90627415807825 349975.18582484498620 17.37760155824115 47.94753377327878
45540.0 0.00082810659121 24.54341915186674 -148.85644546828198 349980.59784852527082 17.26396353276196 48.13021168693447
45570.0 0.00074559837515 24.54837385231657 -148.80647359370647 349978.76036420371383 17.15064910918454 48.31302631455118
45600.0 0.00081904984572 24.55307560884939 -148.75635631192156 349969.40345557220280 17.03763495177279 48.49599737100525
45630.0 -0.00015495390685 24.55751824801847 -148.70607519654848 349950.88731364067644 16.92479889639533 48.67923328198044
45660.0 0.00058661662168 24.56259568689841 -148.65445695559953 350003.13575013168156 16.81236868945305 48.86252802089479
45690.0 0.00070635523573 24.56741102137951 -148.60269161410321 350047.89532409235835 16.70025681781236 49.04595894448072
45720.0 -0.00086030572657 24.57108177100911 -148.55199802568836 350008.45666865352541 16.58843703368730 49.22954825105723
45750.0 0.00142780544125 24.57449036560480 -148.50115620803678 349960.80447937268764 16.47685185060797 49.41334604620725
45780.0 0.00196310483869 24.57851753705523 -148.44896776220872 349983.64621855970472 16.36568770857640 49.59718389835270
45810.0 -0.00000905556361 24.58227130539513 -148.39661563754217 349997.20773391425610 16.25470146657339 49.78127815097707
45840.0 0.00045077962183 24.58575332777331 -148.34411321206309 350002.52509891893715 16.14396401930776 49.96556377390677
45870.0 0.00237866798584 24.58896931995970 -148.29148778267586 350001.84124359395355 16.03362875059616 50.14990219365152
45900.0 -0.00083615519317 24.59191391527139 -148.23872569722491 349993.88853078987449 15.92360297150596 50.33437490207026
45930.0 0.00149723024708 24.59458480755871 -148.18582488719943 349978.38622700609267 15.81386380313523 50.51900086508984
45960.0 0.00180815093184 24.59782944802958 -148.13150795617514 350028.60722897108644 15.70428938921101 50.70388723951994
45990.0 0.00069931359543 24.59994494268914 -148.07832745359684 349997.71393664646894 15.59510620789976 50.88883047625214
46020.0 0.00120643815849 24.60178386614963 -148.02501656047485 349959.67209010384977 15.48622742359876 51.07390655934610
46050.0 0.00005433574544 24.60418836479608 -147.97030034548837 349988.64736738801003 15.37762702160319 51.25913712870614
46080.0 0.00257085229068 24.60630280108655 -147.91543408479305 350008.99276041425765 15.26924729114312 51.44457194125110
46110.0 0.00094381972241 24.60813560423796 -147.86045127654478 350023.52966799773276 15.16127434153040 51.63004389648230
46140.0 0.00072044324386 24.60967277519659 -147.80531246492612 350028.67750706151128 15.05346515317655 51.81576748023537
46170.0 0.00100217976883 24.61091662638496 -147.75003146607281 350025.52367677539587 14.94589016997588 52.00167835587733
46200.0 0.00098507442138 24.61187434851796 -147.69463651741430 350016.44424622040242 14.83870316763928 52.18763840776704
46230.0 0.00029381179167 24.61253974866459 -147.63911361445142 350000.08517508488148 14.73181072379339 52.37372901057000
46260.0 0.00192084317807 24.61291039075421 -147.58346085427263 349976.15436160750687 14.62519041336908 52.55996841203489
46290.0 0.00147509600075 24.61379471430298 -147.52635099630103 350016.02907261997461 14.51872066819608 52.74646258556621
46320.0 -0.00004729055950 24.61438057728851 -147.46912422582369 350049.70178091060370 14.41262674521712 52.93301031285002
46350.0 -0.00028978749069 24.61385244717778 -147.41308473619571 350003.00630227383226 14.30682246887319 53.11968627981955
46380.0 0.00181821227523 24.61383008943654 -147.35560049142035 350021.53920109663159 14.20128205696007 53.30651159351464
46410.0 -0.00114606773440 24.61349564261579 -147.29797604809559 350031.38476955797523 14.09594756731435 53.49353569901769
46440.0 0.00100519947192 24.61206102642581 -147.24157591864980 349963.08682068437338 13.99100481945710 53.68059272432973
46470.0 0.00071440501957 24.61190499839896 -147.18236958955453 350030.15499081648886 13.88621086687181 53.86789544715317
46500.0 -0.00033808501184 24.61063556584660 -147.12436152596092 350016.43374570459127 13.78163572631952 54.05538017960158
46530.0 -0.00000503126263 24.60905985075384 -147.06625079769876 349996.87066995352507 13.67743359193179 54.24290920046045
46560.0 0.00062585857922 24.60795395164727 -147.00667579807578 350041.85104384087026 13.57351029884187 54.43056381221447
46590.0 -0.00008955222013 24.60574513711104 -146.94832507475033 350007.25914771296084 13.46984387303640 54.61836157118115
46620.0 -0.00033506530876 24.60321102448895 -146.88983633405491 349963.14532269351184 13.36631301297298 54.80640733974383
46650.0 0.00150326965325 24.60113716163378 -146.82989131121118 349984.58868055790663 13.26314180561121 54.99450210649386
46680.0 0.00013885552105 24.59873738092590 -146.76982868109764 349998.57378538139164 13.16024471706410 55.18271932330823
46710.0 0.00137749517866 24.59600878664937 -146.70964615168396 350004.73169221729040 13.05759619720116 55.37107958618461
46740.0 0.00006439590695 24.59294606311038 -146.64933559469347 350002.14223223645240 12.95513806465407 55.55963205937401
46770.0 0.00045178776537 24.58956142285940 -146.58893233068653 349993.94237367063761 12.85305589386454 55.74821201363336
46800.0 0.00008854525847 24.58583622711213 -146.52839530719297 349976.12961500231177 12.75110675899265 55.93703064465637
46830.0 0.00142377877651 24.58252165930287 -146.46635409691055 350020.42010683938861 12.64935918113359 56.12602600082940
46860.0 -0.00029884187242 24.57812933766838 -146.40560474850236 349988.29387295059860 12.54796997374910 56.31505847048047
46890.0 -0.00053530057932 24.57414201990010 -146.34335865993708 350019.13395974691957 12.44684314224799 56.50421042824795
46920.0 0.00168639957636 24.56907433663671 -146.28239621608054 349971.95637656748295 12.34595716140174 56.69349876222599
46950.0 0.00041858048647 24.56439014956491 -146.21990791818712 349985.11858114227653 12.24519097335039 56.88302728449861
46980.0 0.00220559940612 24.55936646844698 -146.15732935384116 349992.23440350033343 12.14476755018815 57.07259908722518
47010.0 -0.00021130239373 24.55399570608285 -146.09464764748219 349991.90207230858505 12.04460198075768 57.26228644300263
47040.0 -0.00032198662604 24.54827481897093 -146.03186064074580 349983.73281752970070 11.94466894680716 57.45210945543516
47070.0 0.00224081824456 24.54291199924470 -145.96754325021459 350036.21456962637603 11.84491001946324 57.64211703365858
47100.0 -0.00050913848637 24.53648916403255 -145.90456147898482 350013.58830169774592 11.74551057626888 57.83214552088558
47130.0 0.00194197400838 24.52970347243103 -145.84146061794320 349981.22217249870300 11.64622765634329 58.02240463558331
47160.0 -0.00013483122008 24.52326062972749 -145.77682712730129 350009.44941358081996 11.54713049950878 58.21283187861135
47190.0 0.00161697122489 24.51646314792290 -145.71211269178320 350031.75102418940514 11.44837423090244 58.40329017533903
47220.0 0.00037933852893 24.50930198481411 -145.64730241680368 350046.48279627971351 11.34986316652675 58.59386078736017
47250.0 -0.00009257192321 24.50108643210039 -145.58383499666618 349984.60794635768980 11.25157622808784 58.78455995491972
47280.0 0.00155961814012 24.49318493972795 -145.51881455550307 349981.51824388373643 11.15339257763200 58.97549048977525
47310.0 0.00518899868651 24.48560299564501 -145.45227312028831 350040.91616509947926 11.05553413046154 59.16645750333314
47340.0 -0.00426630743065 24.47696975128423 -145.38708912401384 350024.28000359516591 10.95791657906896 59.35753213530430
47370.0 -0.00102733608200 24.46796864869484 -145.32182304914474 350000.41280629858375 10.86054880547339 59.54870456839244
47400.0 0.00273486412491 24.45858765597823 -145.25645538828320 349967.15224130358547 10.76331117592478 59.74007632975771
47430.0 0.00024853279172 24.44949433949322 -145.18954159337824 349994.03564611822367 10.66628570757354 59.93157410419599
47460.0 0.00030387431694 24.44003008051507 -145.12256316638286 350015.29637070372701 10.56960096811136 60.12308444989179
47490.0 0.00195102957199 24.42951905338033 -145.05694726427043 349958.68901248555630 10.47301396462113 60.31481550738216
47520.0 0.00286567222589 24.41992197368034 -144.98830077061191 350028.80235092248768 10.37659356484500 60.50670537379129
47550.0 0.00106355715458 24.40865560355738 -144.92254057258992 349957.82764968089759 10.28049536549287 60.69861735610526
47580.0 -0.00067818158324 24.39828889527292 -144.85375200263547 350014.34931345656514 10.18462292420921 60.89063265521917
47610.0 0.00165923170363 24.38689161306864 -144.78636391492302 349995.43359514418989 10.08895560869867 61.08276685971482
47640.0 -0.00038235823202 24.37509303858256 -144.71887982743809 349966.33253578282893 9.99337280236300 61.27512172779711
47670.0 0.00099111146379 24.36353850696329 -144.64985314805747 349998.42495185043663 9.89809536139677 61.46750447653472
47700.0 0.00225490507081 24.35158566192245 -144.58075477513719 350022.85278217401356 9.80303957968671 61.65998508457922
47730.0 -0.00047995905410 24.33923471219233 -144.51158924514263 350039.84501498099416 9.70821443235404 61.85255357209601
47760.0 0.00036525170269 24.32647218160758 -144.44233692751936 350047.10745327174664 9.61350031320937 62.04531059146479
47790.0 0.00061378449440 24.31330583558331 -144.37301599328688 350046.27524934150279 9.51897890106420 62.23818347646473
47820.0 -0.00079792019729 24.29974894887718 -144.30365353565205 350039.94484017882496 9.42477876084234 62.43105942572851
47850.0 0.00182525509741 24.28577440377284 -144.23420661995601 350023.35245670471340 9.33065679561018 62.62414508117296
47880.0 0.00019721793124 24.27138873956747 -144.16469099275571 349997.88412881456316 9.23668153511372 62.81737911183163
47910.0 -0.00022237306253 24.25660868818709 -144.09513903157628 349966.71467389725149 9.14300909612672 63.01062518236591
47940.0 0.00123561995452 24.24200290975747 -144.02401474141936 349994.11980589013547 9.04954225989658 63.20396445312097
47970.0 -0.00118329695051 24.22697860084282 -143.95283135028410 350013.37953840568662 8.95626083958837 63.39741187920177
48000.0 -0.00260405838770 24.21095105153074 -143.88309585657228 349956.10853307601064 8.86304440997542 63.59106820274087
48030.0 0.00037229570675 24.19565511500123 -143.81027228557988 350024.74639458954334 8.77011284422019 63.78474268588045
48060.0 -0.00128693481500 24.17881046054832 -143.74046163341762 349953.95325982011855 8.67738301542816 63.97850418368682
48090.0 -0.00028475622805 24.16266781329404 -143.66754238658189 350007.29283642489463 8.58486400439065 64.17234255751298
48120.0 0.00102934764155 24.14553212257361 -143.59609412275645 349984.97859112452716 8.49243620086001 64.36635761888590
48150.0 -0.00241187171909 24.12797246698698 -143.52460218669526 349954.51475641876459 8.40018097974450 64.56047733284954
48180.0 -0.00301962153484 24.11054389081999 -143.45154884911543 349984.06344103626907 8.30822695244412 64.75458951779993
48210.0 0.00045782480777 24.09266608431214 -143.37843004645688 350002.97607990819961 8.21633084452762 64.94889937530512
48240.0 -0.00250645756561 24.07434663249889 -143.30526184596499 350012.70999771263450 8.12456088292581 65.14334612814571
48270.0 -0.00059869070650 24.05560467015910 -143.23207729122410 350016.63505503907800 8.03307375592665 65.33779378679056
48300.0 0.00018816000386 24.03642756345961 -143.15886075946935 350012.73136209696531 7.94177144943549 65.53232348349141
48330.0 -0.00065403341360 24.01681233413662 -143.08561156809603 350000.62335250992328 7.85063422288422 65.72694955561121
48360.0 -0.00259802016341 23.99674285156838 -143.01230975241060 349977.75522600580007 7.75954181231434 65.92177175685461
48390.0 -0.00182726783884 23.97675057224464 -142.93743499054290 350013.71433695778251 7.66871318589958 66.11660135188056
48420.0 -0.00235854411718 23.95631042789990 -142.86253443716365 350041.78559682611376 7.57806577443357 66.31150610226913
48450.0 0.00166627452582 23.93493023634477 -142.78918390544504 349997.55045141745359 7.48760877804645 66.50647571468890
48480.0 -0.00548683241540 23.91358489046632 -142.71422457097282 350007.84502807166427 7.39722255074683 66.70160918425819
48510.0 0.00073050340537 23.89178640977094 -142.63924332444475 350009.73197979573160 7.30698819932620 66.89683509592265
48540.0 -0.00148415156436 23.86955209826295 -142.56426812762794 350006.11391165945679 7.21703443267475 67.09204187679835
48570.0 -0.00115411633636 23.84684827659707 -142.48925530401723 349991.63362221233547 7.12711772439717 67.28743332765006
48600.0 0.00077175810434 23.82415015114327 -142.41263705474736 350032.11117043625563 7.03730603494289 67.48294921224567
48630.0 -0.00345530618689 23.80054118947665 -142.33761242162504 350002.46667089313269 6.94775667791109 67.67845388618805
48660.0 0.00047794749455 23.77647924399303 -142.26258409387231 349964.90284322854131 6.85837082457358 67.87402845883827
48690.0 -0.00143585404321 23.75241165227298 -142.18595993657863 349983.09834560006857 6.76912918233009 68.06968666397559
48720.0 -0.00063692806615 23.72785961129560 -142.10930662218598 349990.13335388991982 6.67991161912745 68.26552728541473
48750.0 0.00390910669369 23.70285431581549 -142.03266952178757 349991.02101934794337 6.59093627718387 68.46136356405617
48780.0 -0.00419486870152 23.67738380851473 -141.95603607384874 349983.94133265409619 6.50212112442752 68.65726219162806
48810.0 -0.00025255591082 23.65144934290464 -141.87941134870667 349969.15737563371658 6.41347549494324 68.85321272481059
48840.0 -0.00077779632863 23.62545592662424 -141.80117193104280 350007.67108318861574 6.32487967596215 69.04931335803315
48870.0 -0.00282441634504 23.59898126185116 -141.72293564935407 350037.51898706611246 6.23641454268012 69.24549329078530
48900.0 -0.00031494262198 23.57163282020000 -141.64633885103603 349998.15097999200225 6.14820895377594 69.44164155665385
48930.0 -0.00117323560712 23.54420294679510 -141.56812377878612 350011.18614526558667 6.06001905643851 69.63796057818057
48960.0 0.00035116605832 23.51628404915375 -141.48991267902051 350014.55405988730490 5.97191258176417 69.83439065233490
48990.0 0.00263424359974 23.48790057453850 -141.41173946586071 350012.04446063470095 5.88404752431693 70.03079648938498
49020.0 -0.00508535727637 23.45903715525987 -141.33358817767092 350001.34674784261733 5.79632422109631 70.22725917463491
49050.0 0.00209793605877 23.43007501349597 -141.25383958093539 350045.37401236873120 5.70872383063592 70.42379185078634
49080.0 0.00285762126017 23.39984221271463 -141.17733045695053 349951.29348278325051 5.62112632410148 70.62049234262378
49110.0 0.00162703138640 23.36989910060825 -141.09762646885977 349977.55762095656246 5.53374909706655 70.81717585541772
49140.0 -0.00022840774118 23.33946431087011 -141.01795305597844 349995.60845472197980 5.44651063540205 71.01390802897049
49170.0 0.00195405045696 23.30853949137678 -140.93831544094138 350005.72256481833756 5.35942042267688 71.21067827526821
49200.0 -0.00310816797520 23.27710494545744 -140.85869378991814 350004.99829716701061 5.27235864895557 71.40758399633995
49230.0 0.00172161841480 23.24517386450255 -140.77910710404831 349995.43787177000195 5.18540599504126 71.60455500604559
49260.0 0.00112996698484 23.21276804596555 -140.69958374910144 349980.28178985789418 5.09869152252566 71.80148095012169
49290.0 0.00058158654093 23.17984665102241 -140.62007976239639 349953.51330202445388 5.01197097853078 71.99856288033199
49320.0 -0.00215025906278 23.14708752944526 -140.53733887434268 350042.54560595471412 4.92531190230871 72.19574162366270
49350.0 0.00512661197534 23.11317334872651 -140.45793700020326 349999.84806363098323 4.83887302630797 72.39288226385959
49380.0 -0.00412443338839 23.07908716653789 -140.37694906433791 350011.54641060344875 4.75255383375233 72.59006585508160
49410.0 0.00056749971468 23.04449270296366 -140.29601125568652 350014.34869611449540 4.66633593858339 72.78730496045327
49440.0 0.00115713485756 23.00936898955952 -140.21510375272237 350005.22613611631095 4.58009938787568 72.98469644961341
49470.0 -0.00342109431011 22.97375431022343 -140.13427190510598 349989.72934902645648 4.49406090924072 73.18205749309175
49500.0 0.00155559265726 22.93793361264390 -140.05185692580480 350028.44798626657575 4.40813948872606 73.37945269192673
49530.0 -0.00266040687457 22.90130560973952 -139.97115541620840 349996.41187568102032 4.32234477574789 73.57687131933180
49560.0 0.00101727237485 22.86415349087775 -139.89050267087785 349953.19668814726174 4.23655683401343 73.77440998654301
49590.0 -0.00088143419312 22.82677341558136 -139.80826650257956 349963.39878401625901 4.15085618734990 73.97199912633575
49620.0 -0.00312225361956 22.78889654999051 -139.72612338390849 349967.87301142979413 4.06537215357838 74.16952900948462
49650.0 0.00009559044441 22.75047824158550 -139.64402942739423 349960.24707493372262 3.97986000772894 74.36719931098975
49680.0 -0.00187455958022 22.71179493506107 -139.56034565778623 350004.68849625624716 3.89438713484414 74.56495138876052
49710.0 0.00036122740171 22.67260134392929 -139.47675893649557 350042.99699326418340 3.80911306281186 74.76265072720454
49740.0 0.00251852928667 22.63262689144845 -139.39491122344825 350010.19944051932544 3.72393640185483 74.96037833703491
49770.0 -0.00204863157596 22.59213255225619 -139.31314702710762 349968.24850570131093 3.63883922681879 75.15814621248620
49800.0 0.00083011815076 22.55157655807723 -139.22812522062929 350038.49051062110811 3.55370163497257 75.35605026599708
49830.0 -0.00204158875377 22.51002740234491 -139.14653100628433 349977.59966431837529 3.46873976325793 75.55390964531060
49860.0 -0.00070132397310 22.46842021580761 -139.06170714143724 350032.50603127572685 3.38387308168527 75.75178792190029
49890.0 0.00166124326318 22.42583115068520 -138.98030887580040 349954.56534011103213 3.29911142260879 75.94967423677690
49920.0 -0.00154351739056 22.38313986778281 -138.89566174862173 349989.36523698829114 3.21433469573496 76.14766440616985
49950.0 -0.00318061366599 22.33990532375435 -138.81111091459564 350014.67571005597711 3.12962330501330 76.34568949062152
49980.0 0.00109978177279 22.29615422337482 -138.72668469567586 350034.11243901122361 3.04510687781483 76.54364040494518
50010.0 0.00091262991246 22.25183795104172 -138.64233938217117 350040.92802100814879 2.96054014688586 76.74171543009717
50040.0 0.00331242281922 22.20697040564126 -138.55809131104979 350036.98517429735512 2.87599038092860 76.93985645910431
50070.0 -0.00070534945596 22.16158506929843 -138.47397460829180 350026.79318629205227 2.79161796054926 77.13792941187607
50100.0 -0.00584001003326 22.11566193316578 -138.38997299200858 350007.53734366875142 2.70732060439025 77.33601523868438
50130.0 0.00328022604762 22.06919813815928 -138.30608644879604 349978.75368856079876 2.62308085492111 77.53412537497226
50160.0 -0.00057454253686 22.02233850694302 -138.22062213744860 349999.08264111727476 2.53877883557510 77.73235476905950
50190.0 -0.00053831910053 21.97494770238367 -138.13529616574158 350012.60706871282309 2.45463016776405 77.93052456728613
50220.0 -0.00301559487011 21.92685257555223 -138.05177142614770 349955.08979689609259 2.37055479106877 78.12869731740714
50250.0 0.00522220123788 21.87852809366784 -137.96502860313842 350012.85612509772182 2.28656273842465 78.32686203548280
50280.0 -0.00124266277671 21.82947733996136 -137.88007265296750 349996.45470128767192 2.20253373937022 78.52511373386102
50310.0 -0.00144792930991 21.77987556516459 -137.79524735335733 349970.21186877228320 2.11854811487846 78.72338411305388
50340.0 0.00095790773054 21.72988541019043 -137.70890300332275 349999.90725895576179 2.03473585406863 78.92156475669118
50370.0 0.00365654841911 21.67930882854450 -137.62267252733292 350016.42055569216609 1.95085108043467 79.11985252420141
50400.0 0.00025859413511 21.62816113573952 -137.53657205876760 350021.70768724475056 1.86696098350625 79.31818985126429
50430.0 -0.00098004315874 21.57647908935715 -137.45063549058955 350020.54457776900381 1.78322685319161 79.51644313464132
50460.0 0.00046989652883 21.52424097916800 -137.36484649160604 350009.92920648586005 1.69954549883813 79.71469324309574
50490.0 0.00024652005029 21.47144402375266 -137.27920509038174 349989.37979260645807 1.61589993820034 79.91295106319237
50520.0 -0.00150226269159 21.41806194212909 -137.19369187371299 349955.32046266738325 1.53217029904626 80.11131056800950
50550.0 0.00102632912035 21.36432691230607 -137.10498802997935 350038.09203623142093 1.44857175926573 80.30959493189690
50580.0 0.00542344110634 21.30984535415248 -137.01980620982749 349987.56141375191510 1.36502471555289 80.50786568204367
50760.0 0.00443736326894 20.97165796495895 -136.49865877259816 349962.81225222162902 0.86414467822628 81.69759055340394
50790.0 0.00195606083463 20.91334140667406 -136.41128413370092 349965.67607870418578 0.78078689514000 81.89582348524735
50820.0 0.00166828726725 20.85445332595341 -136.32408981520467 349958.66299412399530 0.69745979562106 82.09403660981876
50850.0 0.00378836111798 20.79502174185598 -136.23539210205121 350003.28829912655056 0.61414688133178 82.29224027462995
50880.0 0.00007647117365 20.73497566235174 -136.14685539142408 350033.78898245468736 0.53072826478191 82.49052746317993
50910.0 0.00821062941714 20.67435042067177 -136.06020657272191 349994.90031143091619 0.44741874862281 82.68872341360999
50940.0 -0.00650007930739 20.61317133673437 -135.97206639275220 350008.23006806522608 0.36413917599279 82.88688863380762
51060.0 0.00641053063290 20.36262510422922 -135.61976113019580 350017.94542238675058 0.03107264331503 83.67938239656208
