# sod		dsTEC/dt [TECU/s]		lat		lon		h_ipp		ele		azi
41970.0 0.00201613224311 26.02218260529538 -165.02683832043624 350046.86200991645455 9.90373656795475 308.30295924135351
42000.0 -0.00205466861837 26.01189458782761 -164.94410261879031 350010.31251582503319 10.02616232080199 308.48128794860696
42030.0 -0.00057957379950 26.00118308227244 -164.86161454243540 349963.70154583547264 10.14907185244134 308.65952158939120
42060.0 -0.00289283891673 25.99173723324859 -164.78206141817506 350036.76427205000073 10.27232766706608 308.83755253854383
42090.0 -0.00148918164512 25.98017306351050 -164.70014159727722 349962.80852780956775 10.39582775334384 309.01530059278366
42120.0 0.00041757352482 25.96989816677028 -164.62112712797543 350010.37328326143324 10.51975332824641 309.19290402564030
42150.0 -0.00602012143517 25.95921785864933 -164.54237371847776 350045.88049559760839 10.64405129307630 309.37032038021431
42180.0 -0.00172664849555 25.94727512327892 -164.46256745056147 350003.11146270483732 10.76875921153284 309.54757713959862
42210.0 -0.00544557771642 25.93578416254668 -164.38436310896120 350012.67726865876466 10.89372716592059 309.72455723064820
42240.0 -0.00081905102760 25.92389984463027 -164.30640818307938 350011.70698098652065 11.01916767995033 309.90142307889420
42270.0 0.00051920101164 25.91161812287867 -164.22873138421156 349997.60279535129666 11.14494416747333 310.07806792466869
42300.0 0.00193694392762 25.89981906494751 -164.15261332144237 350038.74323165044188 11.27111663912825 310.25453661391515
42330.0 0.00015294234730 25.88675541031585 -164.07548684557659 349999.00536685064435 11.39760781706613 310.43076815935405
42360.0 -0.00713801551707 25.87418164714498 -163.99993329094855 350012.79834317043424 11.52439216147505 310.60674148283380
42390.0 -0.00457722456977 25.86123412115632 -163.92462668557744 350016.26994529459625 11.65167534435288 310.78261375710781
42420.0 0.00064095354900 25.84790924073086 -163.84959577887815 350006.82696570735425 11.77931683972812 310.95827528366414
42450.0 -0.00264330034524 25.83420551745175 -163.77486158202638 349982.61682061571628 11.90721519667943 311.13364651144451
42480.0 -0.00351467437685 25.82102694771287 -163.70165250773189 350015.03024518676102 12.03555120393526 311.30886546631041
42510.0 -0.00201341391940 25.80748596195650 -163.62871035951707 350035.07234211545438 12.16427418926240 311.48389176649681
42540.0 -0.00093275141736 25.79358624917000 -163.55603082291273 350043.24766943231225 12.29341954241526 311.65875138558158
42570.0 -0.00524534599150 25.77932472626841 -163.48364362404811 350036.89093597419560 12.42283614404519 311.83332654771471
42600.0 -0.00272077611678 25.76471161724815 -163.41151159362573 350019.55770142935216 12.55273907595307 312.00778176745723
42630.0 0.00062284005802 25.74974441369977 -163.33966194928752 349988.81353074032813 12.68299027775618 312.18200936546043
42660.0 -0.00231829519799 25.73534007211298 -163.26931536691995 350014.92019516415894 12.81365057750403 312.35605498623761
42690.0 0.00090960784562 25.72059190242298 -163.19924831930453 350027.47292535752058 12.94464054820877 312.52985617373503
42720.0 -0.00272782012085 25.70458351078670 -163.12824750697325 349956.30573895946145 13.07593536071498 312.70339256932482
42750.0 -0.00319369353058 25.69007834532566 -163.05993637102665 350013.79406981170177 13.20774308077725 312.87682337455880
42780.0 -0.00199530397405 25.67431976171538 -162.99068384958773 349988.42949451040477 13.33992009389546 313.05003669566821
42810.0 -0.00056951127423 25.65915212564087 -162.92293325668419 350018.40849924646318 13.47236551898914 313.22295358165593
42840.0 -0.00577460834653 25.64273276884321 -162.85424099437381 349966.29812873620540 13.60525970763348 313.39571192977917
42870.0 -0.00164816339859 25.62691856757261 -162.78702080402152 349971.84641782939434 13.73855446407916 313.56827344768453
42900.0 0.00011672009285 25.61078614928635 -162.72006446184946 349965.26624450739473 13.87228295892245 313.74066259855363
42930.0 -0.00180613819041 25.59527130377408 -162.65458385936356 350015.02469165530056 14.00629284475637 313.91276078691169
42960.0 -0.00104947151021 25.57850994614366 -162.58817035405414 349982.73298269044608 14.14080182070009 314.08473482134326
42990.0 -0.00406707793987 25.56237816194090 -162.52321217239148 350008.21450533904135 14.27567031722694 314.25647598778852
43020.0 -0.00544155577921 25.54594242974490 -162.45851658339336 350021.38761939574033 14.41095999328040 314.42803079281629
43050.0 0.00300150804386 25.52920323344575 -162.39409906512563 350020.91356380842626 14.54658923524703 314.59933523186731
43080.0 -0.00272882590062 25.51216254872849 -162.32996512643496 350006.35875593498349 14.68253393905373 314.77036966532887
43110.0 -0.00328022722950 25.49482724187189 -162.26608086009853 349980.83606911636889 14.81900460563855 314.94129552470145
43140.0 -0.00202146606699 25.47815134920086 -162.20362033342587 350014.33114100061357 14.95585447633647 315.11199857650900
43170.0 -0.00258493793505 25.46118527995619 -162.14144356276049 350033.36440554074943 15.09298325342850 315.28240040885663
43200.0 -0.00006842257169 25.44393488517284 -162.07952201233627 350040.54952670447528 15.23057083628608 315.45263892898129
43230.0 -0.00621432084520 25.42640154518187 -162.01786477437125 350035.11782079748809 15.36857155911976 315.62267795060870
43260.0 -0.00303773266207 25.40858806807169 -161.95646824017504 350017.43618596158922 15.50701632583619 315.79254042461844
43290.0 0.00344222632230 25.39049423211130 -161.89535892383418 349985.18461148161441 15.64575153874057 315.96210679904959
43320.0 -0.00274995673093 25.37309450686409 -161.83561886703717 350015.01414491795003 15.78499756837607 316.13154641487711
43350.0 -0.00251752468877 25.35542475660117 -161.77614538425743 350031.68501364346594 15.92461330490588 316.30074938924008
43380.0 -0.00361227401706 25.33651537984211 -161.71582341995727 349962.07418696396053 16.06466124995877 316.46976316470744
43410.0 0.00029783727453 25.31928589686987 -161.65798648982150 350026.74518949165940 16.20505756772042 316.63852209413176
43440.0 -0.00187757691954 25.30082000588153 -161.59932068240275 350003.47607300989330 16.34577889487723 316.80700725648194
43470.0 -0.00242696550699 25.28209546273286 -161.54089959681613 349969.12752651423216 16.48703820300220 316.97538254759041
43500.0 0.00269058972286 25.26409360570043 -161.48383380032283 349996.30656036827713 16.62868553729224 317.14353122485869
43530.0 -0.00559852360937 25.24583868794411 -161.42704422313503 350009.20508938282728 16.77062120067242 317.31137534515165
43560.0 0.00310816797520 25.22733491125713 -161.37050376666679 350010.23639599699527 16.91302461875823 317.47905298590030
43590.0 -0.00262820655733 25.20858399039694 -161.31422039833728 349998.72615525778383 17.05585271199105 317.64653008714333
43620.0 -0.00182726783884 25.18958836495552 -161.25819085739084 349974.98350836057216 17.19913406780890 317.81382808406318
43650.0 0.00182122961455 25.17133938422357 -161.20349948918476 350012.74665140453726 17.34271382103454 317.98082630983811
43680.0 -0.00049303773682 25.15285427178094 -161.14904319828636 350039.49451885093004 17.48681506101340 318.14769691356850
43710.0 0.00176991239031 25.13314013815441 -161.09379613510313 349976.88750130590051 17.63129511072572 318.31432868859696
43740.0 -0.00323092274669 25.11418569834528 -161.03985264204024 349978.17497899010777 17.77621732516386 318.48077010034513
43770.0 -0.00002314475362 25.09500044849219 -160.98617267435870 349966.02981093898416 17.92149561015017 318.64695374669128
43800.0 0.00006339249094 25.07658554103293 -160.93379369280163 350017.14076941180974 18.06710736163346 318.81286142681728
43830.0 -0.00453093979005 25.05694784795645 -160.88061266676218 349980.39613577816635 18.21326805207767 318.97865977442478
43860.0 -0.00159181609360 25.03808827726965 -160.82871479046111 350008.03787917830050 18.35982448005976 319.14422933810442
43890.0 0.00017206161807 25.01900971953495 -160.77708240326263 350021.70744212809950 18.50667757124776 319.30949256419240
43920.0 -0.00270166039166 24.99971489062955 -160.72568981136374 350023.63235982414335 18.65400624859012 319.47458788437893
43950.0 -0.00037430726630 24.98020573387640 -160.67454395288863 350013.22463434748352 18.80177007802523 319.63948339095776
43980.0 -0.00221264459206 24.96048436335500 -160.62364191028439 349990.74223590549082 18.94999527813646 319.80419899771658
44010.0 -0.00175180126308 24.94156230080789 -160.57400389272371 350032.85801754333079 19.09852570420239 319.96861274055874
44040.0 -0.00101526081530 24.92142414467789 -160.52359942502312 349985.18707776814699 19.24758720439883 320.13289989554966
44070.0 -0.00184437318629 24.90209233143539 -160.47443828511663 350003.48501750174910 19.39703551215781 320.29694775386389
44100.0 0.00048499031674 24.88255933957254 -160.42551539948337 350009.79441146552563 19.54693484117388 320.46080590265859
44130.0 -0.00278014312486 24.86282732651076 -160.37684418114532 350002.97886967565864 19.69719681306744 320.62440506029378
44160.0 -0.00247023294739 24.84289849397977 -160.32842835249232 349982.72932535875589 19.84779959792714 320.78772774579039
44190.0 -0.00083011815076 24.82379170680050 -160.28120304887042 350031.74996815994382 19.99896118520962 320.95094364279805
44220.0 -0.00308703596300 24.80347593456465 -160.23325543283653 349988.04711138084531 20.15052508925312 321.11393036573850
44250.0 0.00002716787272 24.78398935435607 -160.18652524363719 350010.95166649390012 20.30239288194393 321.27661065907751
44280.0 -0.00439912709118 24.76431605020745 -160.14002287430219 350022.37205846793950 20.45474294689650 321.43912351987939
44310.0 0.00124568129791 24.74445810242733 -160.09375432588723 350021.79908820614219 20.60753755688242 321.60143922598968
44340.0 -0.00235753715553 24.72441733884062 -160.04771701890516 350009.44543681293726 20.76080050680120 321.76357616138642
44370.0 -0.00139258778469 24.70419662331387 -160.00193321383790 349983.43991687428206 20.91437436631526 321.92541085584065
44400.0 -0.00138453681897 24.68482145114075 -159.95730098584855 350028.26214880030602 21.06848777348088 322.08712208053390
44430.0 -0.00004226047875 24.66424601256082 -159.91197808967138 349978.62039204407483 21.22299485490214 322.24859542007283
44460.0 -0.00007345265245 24.64452234963599 -159.86780871086000 349999.26992875430733 21.37796068801100 322.40988170107897
44490.0 -0.00163206501279 24.62462824705582 -159.82387683470185 350007.23060863465071 21.53329457945114 322.57090961116802
44520.0 -0.00241086593932 24.60456588654613 -159.78018570954296 350002.22883981000632 21.68897549348002 322.73166239476529
44550.0 -0.00082710081144 24.58433534717426 -159.73670642120450 349986.65864210110158 21.84522394945489 322.89231315224077
44580.0 -0.00040550062188 24.56496977689309 -159.69435856911383 350042.14822224061936 22.00188013728656 323.05273629587680
44610.0 -0.00001609956768 24.54441298810522 -159.65135494941629 350000.92715867329389 22.15884630505730 323.21285476833845
44640.0 -0.00290189329846 24.52472576861375 -159.60946273010833 350032.07552458811551 22.31630025189526 323.37280837397816
44670.0 -0.00241790994338 24.50384829044862 -159.56690722735493 349967.44404517672956 22.47420702031657 323.53256961929441
44700.0 -0.00076873958314 24.48384557275816 -159.52545567997944 349975.44199634622782 22.63258792505046 323.69215534740465
44730.0 -0.00299547218333 24.46368987413781 -159.48424176713777 349970.34451374597847 22.79128424957963 323.85144034261884
44760.0 -0.00152540508145 24.44338040887653 -159.44323600443221 349954.56107268109918 22.95052744322140 324.01060729722451
44790.0 -0.00148616430579 24.42395512736836 -159.40331940420333 350011.79601323232055 23.11017001362933 324.16953985520718
44820.0 0.00036122740171 24.40334677764986 -159.36275572589531 349972.32382655330002 23.27027790275079 324.32829021973231
44850.0 -0.00197719402870 24.38362766334334 -159.32327511641691 350006.03927689604461 23.43075807739679 324.48678487503815
44880.0 0.00006138093139 24.36376550192511 -159.28401887349077 350027.38316295202821 23.59159031515395 324.64500779920843
44910.0 -0.00154653709365 24.34375900467669 -159.24495929246976 350038.59575604833663 23.75299766502476 324.80313593235843
44940.0 -0.00031494262198 24.32257554885286 -159.20528148287335 349951.27723909448832 23.91481696175174 324.96104017749326
44970.0 -0.00111588134047 24.30332819426143 -159.16750535022211 350024.44155299570411 24.07695116276419 325.11864356378112
45000.0 -0.00020023527056 24.28290633191683 -159.12910158887524 349999.80595027841628 24.23957742819925 325.27608698025779
45030.0 -0.00035820769862 24.26234877780362 -159.09091042414315 349963.67255772463977 24.40266363449906 325.43334521818912
45060.0 -0.00288780765409 24.24269476055250 -159.05374533299840 350003.95395023655146 24.56622855728541 325.59043356502730
45090.0 -0.00067717580346 24.22291131075098 -159.01680053494246 350031.81104174721986 24.73011220081121 325.74722478702716
45120.0 -0.00166023748341 24.20299628546948 -158.98004777212597 350049.49994780682027 24.89454883469622 325.90390599041655
45150.0 -0.00187757691954 24.18191553271992 -158.94270534900636 349966.90340055990964 25.05938934215062 326.06035861162286
45180.0 -0.00227503012135 24.16174608804147 -158.90637084460386 349961.57499454636127 25.22470052591459 326.21663639102127
45210.0 0.00019822252913 24.14249168298117 -158.87104072191266 350033.39904592838138 25.39038699226325 326.37266341036826
45240.0 -0.00287170808642 24.12207749775840 -158.83513235506501 350004.09512909967452 25.55642935140584 326.52842439491280
45270.0 -0.00049505166013 24.10153948902135 -158.79941426953582 349964.65149090904742 25.72305316935658 326.68410061583910
45300.0 0.00152238774213 24.08192095660112 -158.76468133937635 350003.46779957972467 25.89009190251932 326.83955911208750
45330.0 -0.00307395491653 24.06218686267496 -158.73016006971983 350030.16239656787366 26.05744925511313 326.99472287607148
45360.0 -0.00111688712025 24.04129702275101 -158.69506517978965 349955.75342358276248 26.22530168349934 327.14973420037393
45390.0 -0.00009558926253 24.02133053282429 -158.66093490061138 349960.82129423040897 26.39361996282873 327.30457023389238
45420.0 -0.00216736559211 24.00125014546170 -158.62699780911964 349955.16518390830606 26.56242026897451 327.45924469002273
45450.0 -0.00057051823588 23.98209879693668 -158.59402234563413 350028.73367035016418 26.73154134117008 327.61362800566542
45480.0 -0.00051316396923 23.96179700818555 -158.56047701849707 350001.02644706703722 26.90122026518321 327.76791227372200
45510.0 -0.00098105012040 23.94138769326017 -158.52713400692377 349961.80598663352430 27.07130630099289 327.92197641805723
45540.0 -0.00085829180326 23.92190829229481 -158.49472046563497 350003.95300701539963 27.24186710369541 328.07587590591038
45570.0 -0.00068120128632 23.90232469337620 -158.46250289900851 350034.83273686002940 27.41280490299975 328.22953218702366
45600.0 -0.00090558354464 23.88160229730524 -158.42975866338776 349961.36687295697629 27.58410116113083 328.38293075485797
45630.0 -0.00286667800566 23.86181109312890 -158.39791684082951 349971.00875571276993 27.75598393396558 328.53625778383270
45660.0 -0.00187355261857 23.84191946360966 -158.36626688567623 349969.63356013130397 27.92828328544749 328.68937603910285
45690.0 -0.00055140132888 23.82193121330568 -158.33481939610644 349956.39565939176828 28.10090370841086 328.84220834086989
45720.0 -0.00317759396290 23.80287875964257 -158.30425995276400 350026.83428446110338 28.27402087951010 328.99489875341902
45750.0 -0.00107160693842 23.78269381587263 -158.27317675989138 349992.86013233661652 28.44760853724233 329.14742687765749
45780.0 -0.00256079094730 23.76344690635959 -158.24297346030826 350042.96281508728862 28.62168019513194 329.29980483047933
45810.0 -0.00089149671839 23.74307514352426 -158.21227264725431 349986.75081942044199 28.79607335106368 329.45190036487458
45840.0 -0.00256481643015 23.72364139855316 -158.18243366947823 350015.78500252030790 28.97102788608194 329.60391122741140
45870.0 -0.00213315253345 23.70411694224495 -158.15277799938389 350034.11760275904089 29.14639144687615 329.75571348165278
45900.0 -0.00094985794670 23.68450149759700 -158.12329834215655 350042.28316145576537 29.32223252635660 329.90736454633497
45930.0 -0.00125473686153 23.66479907835405 -158.09400542526512 350039.43460920825601 29.49845096752373 330.05878297503585
45960.0 -0.00153144448762 23.64501165090090 -158.06490105013543 350025.41133177746087 29.67502910361245 330.20995506067038
45990.0 -0.00106456411623 23.62513462995234 -158.03596089793524 350002.04120048042387 29.85219743651458 330.36107255005106
46020.0 -0.00202448458820 23.60517397593285 -158.00720333326026 349967.89524909853935 30.02978263556999 330.51199346207380
46050.0 -0.00022337647855 23.58616150799313 -157.97928939508250 350019.51357455551624 30.20769002628352 330.66264029458671
46080.0 -0.00104645298901 23.56603759267038 -157.95089352451907 349963.93321335501969 30.38609441846426 330.81315931190971
46110.0 -0.00303672570042 23.54685895065641 -157.92331582097975 349995.85834867600352 30.56497257757837 330.96353268901225
46140.0 -0.00065403341360 23.52759882529603 -157.89590400496689 350018.03059022594243 30.74433529133434 331.11377092069728
46170.0 -0.00174576422067 23.50826314336605 -157.86867484616596 350029.16040954086930 30.92401884916886 331.26373867044447
46200.0 -0.00184839866915 23.48884648309750 -157.84160350172797 350031.09147779550403 31.10426588877702 331.41364012062883
46230.0 -0.00076974536291 23.46935451440285 -157.81470569045140 350022.61368819326162 31.28492246215411 331.56334807643589
46260.0 -0.00322790422549 23.44978662239580 -157.78797435667931 350004.22868202161044 31.46605787918091 331.71292217674841
46290.0 -0.00222773837997 23.43014712294626 -157.76141977916399 349975.14022958744317 31.64756959271526 331.86227777478939
46320.0 -0.00262015677349 23.41145705075529 -157.73565161868447 350035.22008768469095 31.82944082552573 332.01140200843292
46350.0 -0.00119134555247 23.39167156260158 -157.70942558971038 349986.45342048816383 32.01190446221649 332.16049298357899
46380.0 -0.00129901008170 23.37283426270114 -157.68397083695638 350027.82407104317099 32.19478378488375 332.30940342319315
46410.0 -0.00288982157740 23.35291443552162 -157.65809439376886 349957.70460876915604 32.37798500708412 332.45805534492223
46440.0 -0.00084621653656 23.33394077030933 -157.63297166408947 349978.87572027277201 32.56168196779554 332.60659771113473
46470.0 0.00142579151794 23.31489823658958 -157.60800594192673 349990.54935234133154 32.74585452104080 332.75501542871632
46500.0 -0.00136944421295 23.29578783521614 -157.58319642570393 349992.75581230688840 32.93051066430366 332.90331734213970
46530.0 -0.00171759175006 23.27661591904499 -157.55855898598062 349984.30129076167941 33.11548552324446 333.05136456165224
46560.0 -0.00156364244110 23.25737617845409 -157.53406982303733 349966.90642428863794 33.30102443150518 333.19936862702252
46590.0 -0.00209290597801 23.23908270848362 -157.51030976827937 350042.18182226736099 33.48697187622302 333.34719862974407
46620.0 0.00007144109290 23.21971716609101 -157.48613554744125 350005.43255980685353 33.67339795536213 333.49491675218303
46650.0 -0.00265537324817 23.20029350408710 -157.46212757947384 349958.34243641234934 33.86019773644616 333.64243479709518
46680.0 -0.00157269800471 23.18181732632482 -157.43883918503332 350004.43808458745480 34.04735534923155 333.78974081229353
46710.0 -0.00124668825957 23.16327562044597 -157.41568683527245 350042.27167065814137 34.23510597551990 333.93704019411842
46740.0 -0.00234244218574 23.14367454118153 -157.39214457869144 349966.33369540888816 34.42326953562691 334.08417973483517
46770.0 -0.00084722704386 23.12502144250384 -157.36931115964188 349984.19302210211754 34.61175318529624 334.23108079574990
46800.0 -0.00118732006961 23.10630958445469 -157.34662289642446 349993.04690441489220 34.80072967646335 334.37789562742768
46830.0 -0.00289787017936 23.08754067991564 -157.32408122616820 349992.76245915051550 34.99018251215082 334.52461287407806
46860.0 -0.00282743368436 23.06871569976582 -157.30168571837186 349983.34196157660335 35.18011581664015 334.67123809360862
46890.0 -0.00143685982298 23.04984137043342 -157.27945134224410 349963.68637582194060 35.37036412590997 334.81762911761854
46920.0 -0.00055542681174 23.03190172986842 -157.25787086168739 350041.48202819470316 35.56117538374938 334.96400593794743
46950.0 -0.00176890661054 23.01291918996441 -157.23592281533448 350003.82666833698750 35.75239255473028 335.11023341011469
46980.0 -0.00071038071859 22.99388535237917 -157.21412070804928 349956.93889582064003 35.94408648701935 335.25637665340184
47010.0 -0.00168337987327 22.97579100730902 -157.19297610254520 350007.11478954274207 36.13614987728169 335.40234351696097
47040.0 -0.00049907832487 22.95764833609374 -157.17197903800496 350047.86716785561293 36.32856777836164 335.54812305082316
47070.0 -0.00133322077661 22.93846791296037 -157.15061504968511 349973.06706822570413 36.52157755760055 335.69392905297548
47100.0 -0.00038135127036 22.92022363424809 -157.12989112686881 349996.45156755764037 36.71499581566245 335.83960164566071
47130.0 -0.00137346969580 22.90193567138159 -157.10931751393673 350010.14176882337779 36.90873071210943 335.98506134729251
47160.0 -0.00152037618258 22.88359912251809 -157.08887889276670 350015.18852325901389 37.10295377792777 336.13046439931134
47190.0 -0.00243903840993 22.86521552916982 -157.06857634580351 350011.48749814927578 37.29765121577194 336.27580184910920
47220.0 -0.00109676443347 22.84678587081447 -157.04840953848233 349999.03373255580664 37.49282524870272 336.42107915648171
47250.0 -0.00154351739056 22.82831718325137 -157.02839273088179 349976.80824888125062 37.68830886242782 336.56614864999375
47280.0 -0.00135636434835 22.81028598142459 -157.00873524078162 350001.17406027019024 37.88435249561186 336.71124008534076
47310.0 -0.00158376630976 22.79221257258776 -156.98921503129264 350016.60096897650510 38.08079764690930 336.85621348181161
47340.0 -0.00237061702012 22.77361309489516 -156.96959895537617 349968.32600162271410 38.27771586597046 337.00113737972100
47370.0 -0.00014791226655 22.75593950474212 -156.95057662080802 350021.21677841059864 38.47499750473556 337.14591521078597
47400.0 -0.00191782702062 22.73726624387829 -156.93124593680776 349954.18764092493802 38.67262855301531 337.29053715780134
47430.0 -0.00235049315146 22.71950846587280 -156.91248084257487 349990.22189637552947 38.87084842156515 337.43522675899482
47460.0 -0.00118732125149 22.70171145507315 -156.89384758516658 350017.57221490051597 39.06947045438065 337.57981660411218
47490.0 -0.00102632793847 22.68387958582684 -156.87535347805007 350035.71694948524237 39.26840388240478 337.72422617269325
47520.0 -0.00107865212436 22.66600755283538 -156.85698407751661 350045.61671029031277 39.46781886186402 337.86861654428907
47550.0 -0.00168136831372 22.64809671003519 -156.83874008956158 350047.19613517820835 39.66770484460774 338.01298232005519
47580.0 -0.00119134673435 22.63014804826971 -156.82062139502639 350040.43613576516509 39.86806107061542 338.15732723723664
47610.0 -0.00134227634022 22.61216887395544 -156.80264153623858 350024.39757231622934 40.06871958172152 338.30149822362728
47640.0 -0.00145899761495 22.59415063436347 -156.78477956237938 350000.46787621174008 40.26993316101321 338.44573638681601
47670.0 -0.00041858048647 22.57610033679926 -156.76704832134735 349967.75548247527331 40.47154191494195 338.58989621928254
47700.0 -0.00146704621691 22.55895372241212 -156.74984434633004 350040.62930822465569 40.67361803307183 338.73405028631265
47730.0 -0.00090860324773 22.54083859318241 -156.73236696910467 349990.80879364069551 40.87604956230623 338.87809706898145
47760.0 -0.00153144330574 22.52362897309845 -156.71541804614367 350046.49585872422904 41.07882344050311 339.02202806846390
47790.0 -0.00032097848251 22.50544884513670 -156.69818520989148 349980.09031968470663 41.28218094342550 339.16607819360405
47820.0 -0.00101827933651 22.48816913677793 -156.68146796319630 350020.04809043183923 41.48593224623289 339.31007149264929
47850.0 -0.00062585976110 22.47039911366435 -156.66468778621189 349993.56693596765399 41.68998772463766 339.45392620589456
47880.0 -0.00120342081917 22.45259821276439 -156.64802613998822 349958.96764643583447 41.89451598323812 339.59780928717481
47910.0 -0.00082408110835 22.43522756746701 -156.63167028201039 349974.24401415325701 42.09950976410052 339.74171935697660
47940.0 -0.00097501189611 22.41782566305204 -156.61542930634585 349981.62083907704800 42.30496526086122 339.88565843154771
47970.0 -0.00055542562986 22.40040003491617 -156.59931608679028 349980.23452274408191 42.51071368146279 340.02946722567174
48000.0 -0.00213717919819 22.38294150542002 -156.58331053763362 349971.37087889574468 42.71700996098576 340.17340014483705
48030.0 0.00005232418589 22.36545731351271 -156.56742491210301 349954.20756980590522 42.92369290677934 340.31730535949561
48060.0 -0.00162401522895 22.34885193504982 -156.55200697925940 350046.68003860767931 43.13083527134035 340.46126022556956
48090.0 -0.00135636434835 22.33131506945477 -156.53635391821720 350013.35845489334315 43.33832285211832 340.60515766258834
48120.0 -0.00009659504231 22.31375731763689 -156.52082394144256 349971.46792019344866 43.54614354194084 340.74899075594141
48150.0 -0.00079288893465 22.29706793358080 -156.50574003481984 350040.65403457079083 43.75454025985398 340.89300779712732
48180.0 -0.00076974654479 22.27945640956912 -156.49042917753079 349983.33035879861563 43.96332012894956 341.03702310901252
48210.0 -0.00072144902364 22.26272060420943 -156.47557720443046 350036.30444637220353 44.17239474944238 341.18095349899181
48240.0 -0.00125674960296 22.24506685831239 -156.46049961155359 349962.55308383423835 44.38193097393626 341.32497308740335
48270.0 -0.00027167518158 22.22827813777133 -156.44586024876992 350000.45769917406142 44.59192485781241 341.46908513233052
48300.0 -0.00118228998886 22.21146303926376 -156.43132553898471 350030.91942544095218 44.80236948994894 341.61328997178367
48330.0 -0.00072748606605 22.19418892072308 -156.41674859891347 349993.02962250076234 45.01309537742093 341.75742117065892
48360.0 -0.00135837590790 22.17732827220212 -156.40243037230027 350008.06272484734654 45.22435936384448 341.90174885089073
48390.0 -0.00079691559939 22.16000929850459 -156.38806619161608 349954.88442747853696 45.43599907336671 342.04611394705921
48420.0 -0.00027871682188 22.14310603067788 -156.37396290260054 349954.49586694873869 45.64808772478491 342.19059959399169
48450.0 -0.00080697694278 22.12661950748342 -156.36012294750523 350006.80394125729799 45.86050894047994 342.33509245502603
48480.0 -0.00038839527443 22.10968079140260 -156.34624191058748 349990.51131445728242 46.07325156900842 342.47958758507667
48510.0 -0.00089954768411 22.09314755863088 -156.33260290244320 350028.24593276437372 46.28655989780999 342.62434917922189
48540.0 -0.00122153076452 22.07616470559852 -156.31892251968196 349997.29787190817297 46.50023814930088 342.76918044419216
48570.0 -0.00052222071473 22.05916944808069 -156.30535621055699 349958.13302813470364 46.71419923382670 342.91399658775237
48600.0 -0.00119738377676 22.04300861826614 -156.29217596637702 350034.31438150815666 46.92860801637628 343.05898053202213
48630.0 -0.00008854644035 22.02597383552218 -156.27880954966207 349980.43986562080681 47.14346387820344 343.20414102304773
48660.0 -0.00040046935925 22.00976894661319 -156.26582196640609 350042.42677620239556 47.35875674412164 343.34947683135073
48690.0 -0.00077377084577 21.99270561633807 -156.25266773671345 349973.01171775721014 47.57431657959199 343.49481329439578
48720.0 -0.00083011933264 21.97646337209311 -156.23987810222351 350020.40055258292705 47.79040183030427 343.64043930668720
48750.0 -0.00106959537887 21.95978496852427 -156.22705469113734 349998.35271796490997 48.00684907923104 343.78618752249031
48780.0 -0.00069226959136 21.94308961200542 -156.21432855607893 349969.02362327370793 48.22373188968612 343.93214815890684
48810.0 -0.00119033977269 21.92679807951577 -156.20183680987671 349994.33906665537506 48.44093180479805 344.07820084419245
48840.0 -0.00005332878379 21.91049316873336 -156.18944692961315 350012.13047790899873 48.65843862038665 344.22434317058980
48870.0 -0.00020325260989 21.89416499677437 -156.17714169376464 350023.39520775899291 48.87649765125989 344.37085845260503
48900.0 -0.00163206501279 21.87782276287935 -156.16493447868646 350027.32237479183823 49.09491041088543 344.51753714758894
48930.0 0.00001609956768 21.86147085900592 -156.15283076595603 350023.57434189319611 49.31359121042146 344.66429276223397
48960.0 -0.00022237069877 21.84510292045612 -156.14081909840672 350012.80355881433934 49.53270265224445 344.81131914246635
48990.0 -0.00053731450263 21.82871947633208 -156.12889899313717 349995.01678282581270 49.75224743096716 344.95863170306222
49020.0 -0.00106456411623 21.81232174997222 -156.11707104314399 349970.15856010187417 49.97221224942439 345.10622788553894
49050.0 -0.00092369467187 21.79631899210825 -156.10546136583002 350001.10081493575126 50.19242672154883 345.25392357254691
49080.0 -0.00065302763382 21.78029579030716 -156.09393367204976 350025.59367669466883 50.41315050824059 345.40203036813551
49110.0 -0.00041556196527 21.76386237741027 -156.08238713824647 349979.19709844142199 50.63421932284760 345.55037146772833
49140.0 -0.00042361174911 21.74781307146064 -156.07104129764031 349989.66657510958612 50.85570691812077 345.69904593341533
49170.0 -0.00033003640988 21.73175442573945 -156.05979053774760 349992.88138178270310 51.07749287781158 345.84792550920463
49200.0 -0.00124366737460 21.71568748345542 -156.04863507096695 349988.81518512964249 51.29956792207025 345.99701117879033
49230.0 -0.00032399936747 21.69960196364309 -156.03755835489997 349978.38047402072698 51.52217796687836 346.14660956559231
49260.0 -0.00120342081917 21.68389578474963 -156.02667627402269 350025.31652589794248 51.74512205593737 346.29649646916675
49290.0 0.00036324132502 21.66779459724988 -156.01578628229620 350000.48997292201966 51.96831599455259 346.44658373072082
49320.0 -0.00026664510083 21.65168216058505 -156.00498222479732 349968.83709777519107 52.19191979447202 346.59707894454641
49350.0 -0.00060774745199 21.63594160062146 -155.99436133404964 349995.26384167931974 52.41593941741537 346.74800587743539
49380.0 -0.00082005680738 21.62018763744458 -155.98382307072663 350015.09043231979012 52.64035828459583 346.89936110940403
49410.0 -0.00056347541370 21.60442848639551 -155.97337806215464 350027.71866200864315 52.86500588237553 347.05094969728577
49440.0 0.00017508013927 21.58865300396740 -155.96300920054802 350034.06626145355403 53.09014259468084 347.20311114395571
49470.0 -0.00097400611633 21.57286915406028 -155.95272673630546 350033.55650753434747 53.31560347014802 347.35565789334800
49500.0 -0.00068019314279 21.55707415587095 -155.94252559834678 350026.44694920908660 53.54146224878014 347.50870030604341
49530.0 -0.00067415846414 21.54127408695224 -155.93241319095355 350012.32297019939870 53.76759670090645 347.66210136886514
49560.0 -0.00052121375307 21.52546989285467 -155.92238962283736 349991.16631624475121 53.99399842466060 347.81586677457358
49590.0 -0.00085426750228 21.50965092916178 -155.91243899043781 349963.80746321007609 54.22091339760566 347.97033205132675
49620.0 -0.00072044324386 21.49419231905503 -155.90265704534178 349995.62953058630228 54.44813848772445 348.12525614047956
49650.0 0.00029683031287 21.47872903990860 -155.89296207666408 350020.56173227448016 54.67559108520783 348.28054952655179
49680.0 -0.00004225929687 21.46289306117972 -155.88326374644075 349972.80685036536306 54.90342820997160 348.43643742812168
49710.0 -0.00095488920933 21.44740918631940 -155.87372296032513 349984.90738641470671 55.13165899439704 348.59295443519665
49740.0 -0.00053932606218 21.43191544109684 -155.86425890993226 349990.60655218828470 55.36026350916879 348.75009714801121
49770.0 -0.00012577565646 21.41642016518339 -155.85488174930467 349989.36545853596181 55.58907137441252 348.90765833332387
49800.0 -0.00010363904637 21.40091183679195 -155.84557500303350 349982.01750762667507 55.81834306143644 349.06601242153926
49830.0 0.00050612114705 21.38574975675025 -155.83642083932770 350034.99223981704563 56.04791319389230 349.22495977105609
49860.0 -0.00041455500361 21.37022654834199 -155.82726814689423 350014.74698959663510 56.27785522798684 349.38462557428039
49890.0 -0.00039141379563 21.35470168461680 -155.81819798165844 349987.72988938819617 56.50804529193189 349.54486328130781
49920.0 0.00020124105034 21.33952098485422 -155.80927813249454 350021.25161559227854 56.73847577627403 349.70568538898414
49950.0 -0.00065805889646 21.32432431255954 -155.80042251103654 350048.98623321857303 56.96939202227576 349.86746402911740
49980.0 0.00036324014314 21.30878088296629 -155.79157843047139 350002.74654986988753 57.20058907854974 350.02993882654050
50010.0 -0.00046285370665 21.29357858809991 -155.78288137219263 350017.31298180576414 57.43198599705324 350.19301975477754
50040.0 -0.00038839527443 21.27803125773755 -155.77419361277384 349957.89587589353323 57.66373629770501 350.35695516898710
50070.0 -0.00056146267227 21.26281393353172 -155.76563911062689 349960.03025014232844 57.89585210839903 350.52179423816739
50100.0 -0.00025859413511 21.24758945999877 -155.75715561027539 349955.96193294133991 58.12831005671062 350.68753523108535
50130.0 -0.00067415610038 21.23269638693733 -155.74881022328648 350013.37649563234299 58.36094019441393 350.85395721699211
50160.0 -0.00071943746409 21.21746047386524 -155.74047082738960 349996.80822003912181 58.59400223957856 351.02147938892551
50190.0 0.00009357770298 21.20254797585561 -155.73226021510672 350042.24188921414316 58.82733066313725 351.18988884185268
50220.0 -0.00038034667247 21.18730212332665 -155.72406321489817 350013.19851450156420 59.06099825894248 351.35933089351209
50250.0 -0.00031795996131 21.17205721649824 -155.71594273518997 349977.62283714208752 59.29487970309089 351.52964904542313
50280.0 -0.00078987159533 21.15713319655409 -155.70794894007020 350004.26210652384907 59.52896802353828 351.70086604957453
50310.0 -0.00019721556748 21.14219517379569 -155.70001404565215 350025.26695491466671 59.76350699640382 351.87340161932286
50340.0 -0.00105047728999 21.12693860422580 -155.69210233216907 349971.09553362242877 59.99829027223882 352.04697351245943
50370.0 0.00020425957154 21.11231194684437 -155.68436022062730 350048.49426526669413 60.23323860403050 352.22149310026418
50550.0 0.00021603345887 21.02256365065986 -155.63901462487507 349972.17259598709643 61.64903390943574 353.29518257618389
50580.0 -0.00051417211277 21.00789132980758 -155.63172453932140 350008.10795762110502 61.88596144338646 353.47891626817716
50610.0 0.00012879417767 20.99321978561387 -155.62450553566174 350037.83099576923996 62.12300680641849 353.66388121383562
50640.0 -0.00038034430871 20.97824465824626 -155.61730863002583 349991.89500801451504 62.36042657837463 353.85057926148249
50670.0 0.00070736101551 20.96356075679764 -155.61021183303831 350009.97117432020605 62.59805552198131 354.03877931604524
50700.0 -0.00082810659121 20.94858304906633 -155.60314421444878 349951.95535308308899 62.83596454119251 354.22866711338281
50730.0 -0.00022639618163 20.93389521411215 -155.59617626190280 349958.05219123978168 63.07402709891478 354.42007494892027
50760.0 0.00016904309686 20.91920811935355 -155.58927530883383 349958.06337170768529 63.31223619521261 354.61304846659857
50790.0 -0.00010464718991 20.90451011841615 -155.58242733537372 349952.55994810722768 63.55083129953083 354.80809743614157
50820.0 -0.00001911572512 20.89008972698696 -155.57566965324710 350011.78352630697191 63.78960549976358 355.00490840510844
50850.0 0.00027167399970 20.87539263312001 -155.56895261126670 349994.23339561372995 64.02848107210018 355.20340039438457
50880.0 0.00012678380000 20.86096559399928 -155.56231862360508 350041.78966918215156 64.26760108440854 355.40391755222987
50910.0 -0.00049304128246 20.84625902531383 -155.55571781328348 350012.75094983540475 64.50698186347664 355.60657114966955
50940.0 -0.00047794631267 20.83155033171780 -155.54917626431012 349977.87707247119397 64.74659213743818 355.81138262259327
50970.0 0.00003018521205 20.81711426751031 -155.54272269015399 350008.03414408303797 64.98626407125495 356.01809778231996
51000.0 0.00026664391895 20.80266735278665 -155.53632011631927 350032.76235578581691 65.22624998105957 356.22730917627041
51030.0 0.00021331513516 20.78795676822374 -155.52995974778500 349980.28982851281762 65.46638509299696 356.43877440650226
51060.0 -0.00043166153295 20.77350414823610 -155.52367333397046 349993.51767420116812 65.70673781758134 356.65272792247862
51090.0 -0.00026060687654 20.75905241889237 -155.51744873865914 350000.86357855610549 65.94718046545344 356.86899783791250
51120.0 0.00021029779583 20.74460210123544 -155.51128578288245 350002.32857899088413 66.18770559052477 357.08766192175960
51150.0 0.00004024537356 20.73014130664963 -155.50517092403797 349998.41003733221442 66.42854708834415 357.30933122269545
51180.0 -0.00000905438173 20.71568072042804 -155.49911504640588 349988.68855855986476 66.66949774608830 357.53366883348804
51210.0 0.00011873283428 20.70122438074176 -155.49312175308521 349973.02568914461881 66.91048106607950 357.76061225869245
51240.0 -0.00030991017747 20.68700948701100 -155.48719209023704 350023.79481162503362 67.15163287306271 357.99058111774735
51270.0 0.00050410722374 20.67254442191231 -155.48130497442341 349996.96638687700033 67.39297022586123 358.22374268586992
51300.0 -0.00065805771458 20.65807766543954 -155.47547208061081 349964.47154557704926 67.63445710717160 358.46014765974491
51330.0 -0.00008854644035 20.64385460432841 -155.46970765838520 349998.35762421134859 67.87592697361738 358.69953477862623
51360.0 0.00083414363362 20.62962073874623 -155.46398952449164 350026.93762039020658 68.11762493873235 358.94262932433986
51390.0 -0.00022438344020 20.61538461157348 -155.45832604012028 350049.90777807962149 68.35938668491684 359.18918624358093
51420.0 0.00051819641375 20.60091362995335 -155.45271058199762 349994.78374354634434 68.60127632863919 359.43951846581251
51450.0 -0.00027670644421 20.58667535296352 -155.44715542636862 350006.49253077153116 68.84316476167366 359.69346232347948
51480.0 -0.00007043531312 20.57243854045914 -155.44165682816771 350012.50520487595350 69.08504274710721 359.95115336968189
51510.0 -0.00060573471056 20.55819108475077 -155.43620168822682 350013.24657529685646 69.32713507969110 0.21335545404547
51540.0 0.00043971131679 20.54394386048585 -155.43080060546330 350008.35489864833653 69.56923445560813 0.47971661380106
51570.0 0.00025960227864 20.52970082083516 -155.42545696277455 349997.71576663479209 69.81126456134524 0.75021681310638
51600.0 -0.00015696901204 20.51545502591750 -155.42016303425464 349981.57167994417250 70.05335104435608 1.02539724295084
51630.0 -0.00000805096572 20.50141672244443 -155.41491196352197 350033.17304718960077 70.29550938026571 1.30552190575227
51660.0 -0.00050008292276 20.48716265585718 -155.40971444238392 350006.12988938484341 70.53769717707075 1.59070298723828
51690.0 0.00002515394941 20.47291549299149 -155.40457456925157 349973.30893655028194 70.77974872461363 1.88069166718101
51720.0 0.00011772587262 20.45886578491686 -155.39947032872874 350008.57030705455691 71.02189692162922 2.17642068041577
51750.0 0.00005433692732 20.44481337773875 -155.39441600965682 350038.36909903958440 71.26397714912217 2.47766691407045
51780.0 -0.00034613479568 20.43055631342235 -155.38941782514749 349989.21711085923016 71.50604576389526 2.78487967120417
51810.0 0.00017407317762 20.41650089097830 -155.38446239792643 350008.04884289950132 71.74797100035232 3.09793550592818
51840.0 0.00033003522800 20.40244642193619 -155.37955873615294 350021.34473162237555 71.98973889945097 3.41708129675044
51870.0 0.00039946357947 20.38819000717615 -155.37470746207194 349955.63120425119996 72.23155885290372 3.74332887895535
51900.0 -0.00065403341360 20.37431447932675 -155.36987897727693 350032.08399592339993 72.47322271946345 4.07634033622248
51930.0 0.00013684396151 20.36006658324763 -155.36513167660075 349955.15785762947053 72.71465162792406 4.41619274266975
51960.0 0.00051618249044 20.34618601159289 -155.36039907227882 350020.79447347577661 72.95595537242403 4.76363968271650
51990.0 -0.00066610749842 20.33211540837135 -155.35572516006556 350007.11475904937834 73.19714288984751 5.11912632968243
52020.0 -0.00057856801972 20.31804225793034 -155.35109620423299 349988.04014471080154 73.43816147975362 5.48289872163370
52050.0 0.00029481757144 20.30415012782202 -155.34650100890272 350037.61243578419089 73.67884400365003 5.85477418967776
52080.0 -0.00014589834324 20.29007354297070 -155.34196350467369 350007.73069834429771 73.91940160834127 6.23603725714598
52110.0 0.00020627113109 20.27599863234604 -155.33747335297377 349972.37091053649783 74.15966634894546 6.62655268340785
52140.0 0.00028274466850 20.26208856415863 -155.33300464043575 350006.08138108626008 74.39967935969264 7.02702807074374
52170.0 0.00005936464432 20.24817819213095 -155.32858352686642 350034.38265153765678 74.63930213031546 7.43746230647693
52200.0 -0.00018413333913 20.23410634217352 -155.32423342027874 349982.69517690781504 74.87850898074959 7.85833335573407
52230.0 0.00050209448231 20.22018604396209 -155.31989543021626 350000.40671999938786 75.11748120414728 8.29109240169256
52260.0 -0.00003722921611 20.20626442702659 -155.31560249026910 350012.74937919154763 75.35600588210296 8.73550109796131
52290.0 -0.00041355040572 20.19234526428762 -155.31135759543125 350019.65160861890763 75.59399415173979 9.19186428853872
52320.0 0.00024551427051 20.17842166130938 -155.30715374994898 350021.26606895308942 75.83152746331437 9.66134198055695
52350.0 0.00018011022003 20.16449205590654 -155.30298900312934 350017.62570575997233 76.06859642784723 10.14474865391932
52380.0 0.00019721674936 20.15055873273670 -155.29886499106087 350008.68518769368529 76.30512769578417 10.64263545634623
52410.0 -0.00012476987669 20.13663053031863 -155.29478937962185 349994.27842176146805 76.54094479781762 11.15502958944440
52440.0 -0.00012577565646 20.12283372485853 -155.29071841724618 350049.73349540121853 76.77621645773152 11.68386935602173
52470.0 0.00061277871463 20.10889482771552 -155.28672037654417 350024.81345627643168 77.01076132486776 12.22928093699712
52500.0 -0.00006942716959 20.09495264667510 -155.28276145903925 349994.59699734020978 77.24458713537874 12.79250418190882
52530.0 -0.00048197297741 20.08101426607648 -155.27884763849642 349958.96320105437189 77.47753577354766 13.37387063812422
52560.0 0.00038436979157 20.06720867290986 -155.27494442723736 349993.20030623953789 77.70955132606548 13.97436976474212
52590.0 0.00011873165240 20.05338891296450 -155.27107228986262 350022.34572988376021 77.94075769538433 14.59630261743281
52620.0 -0.00025557443202 20.03944305910104 -155.26727683784699 349970.82476342562586 78.17092263880251 15.23976224201353
52650.0 0.00036625748246 20.02562418646500 -155.26349026464044 349989.30233305972070 78.39992582570960 15.90559692268736
52680.0 -0.00040751218143 20.01179937256934 -155.25974080618496 350002.55603529140353 78.62778898835323 16.59580432810043
52710.0 -0.00013382425842 19.99796682553306 -155.25602639824518 350010.61045208945870 78.85445309080214 17.31199593576370
52740.0 0.00004024773732 19.98412897663876 -155.25234876977507 350013.42749507445842 79.07979455409274 18.05542886609831
52770.0 -0.00005836004642 19.97029469643330 -155.24871536048082 350010.88597245328128 79.30360145227594 18.82669594154254
52800.0 0.00055643022775 19.95645030257242 -155.24511349678332 350003.17512180469930 79.52594893243675 19.62902825246097
52830.0 -0.00023947604622 19.94260463191593 -155.24155058572015 349990.17483214102685 79.74660954329111 20.46322489218140
52860.0 0.00021734061802 19.92875392957336 -155.23802283073053 349971.93380071409047 79.96550829840794 21.33164631193197
52890.0 0.00033204796943 19.91500371780954 -155.23449343110343 350024.16117332130671 80.18242686782999 22.23542661041149
52920.0 -0.00055844415106 19.90115460759220 -155.23104656784787 349995.31169986166060 80.39722615116824 23.17665398842931
52950.0 0.00035518917742 19.88729494195762 -155.22762862031479 349961.28455304726958 80.60989695519835 24.15928399625724
52980.0 0.00004427322018 19.87352621523533 -155.22420440621164 349997.86375341285020 80.82013907461518 25.18420692203889
53010.0 0.00011772705450 19.85975647460386 -155.22082000845052 350029.17768318019807 81.02773692579098 26.25340388156425
53040.0 0.00081904984572 19.84589462049664 -155.21751535571468 349979.30636622104794 81.23256751830540 27.37046249548638
53070.0 -0.00044373679965 19.83211006494136 -155.21419637206029 350000.20773261506110 81.43443514488820 28.53848765087598
53100.0 -0.00011671891097 19.81831826989688 -155.21091046892323 350015.89919079374522 81.63308124267296 29.76001972463494
53130.0 0.00068723832873 19.80445228919365 -155.20771328187956 349950.20987046044320 81.82817955071710 31.03663537542757
53160.0 0.00004326625852 19.79065278341617 -155.20449631104984 349955.40927886776626 82.01958072747297 32.37364688259918
53190.0 -0.00019117852507 19.77684997668062 -155.20131449389686 349955.36076660081744 82.20691776063890 33.77278593843079
53220.0 -0.00024953857149 19.76304005043756 -155.19816412101071 349950.09045815188438 82.38990575549954 35.23791164046070
53250.0 0.00076873958314 19.74929480519792 -155.19499988462894 350015.76388816908002 82.56815867495072 36.77092881461606
53280.0 0.00008753947870 19.73548237111087 -155.19192285656982 349999.97725049220026 82.74132392602637 38.37492145406991
53310.0 -0.00017206161807 19.72165717713722 -155.18887118418550 349978.99426880106330 82.90908620447954 40.05538104032149
53340.0 0.00026563932105 19.70788691509438 -155.18580134145716 350029.04106897301972 83.07096801021611 41.81297305668929
53370.0 0.00017004887664 19.69406028637126 -155.18282130911021 349997.52707522641867 83.22652723096597 43.64952915388643
53400.0 0.00019218430484 19.68022939713882 -155.17987255240649 349960.75998587068170 83.37533487925162 45.56859074581653
53430.0 -0.00022036032110 19.66643942300125 -155.17689780942897 349995.11746310070157 83.51691085042995 47.57238647041612
53460.0 0.00024450849074 19.65263997957873 -155.17395268840997 350024.25432519521564 83.65074307995417 49.66146815108740
53490.0 -0.00003823499589 19.63879830685716 -155.17110044036247 349971.72069110814482 83.77631309825540 51.83418012502932
53520.0 0.00015797360994 19.62498662019070 -155.16821714575602 349990.36871839873493 83.89310172591976 54.09306886850030
53550.0 0.00109374591227 19.61116932091007 -155.16536546069801 350003.77000362519175 84.00057785643531 56.43450674908930
53580.0 0.00029381060979 19.59734253270377 -155.16254175097305 350011.92790683172643 84.09821005723093 58.85657346863513
53610.0 -0.00038336401179 19.58351365041362 -155.15975174313172 350014.82472105510533 84.18550874537705 61.35341964449031
53640.0 0.00037531422795 19.56968258313564 -155.15699492699301 350012.46123852487653 84.26199965634883 63.91955892363293
53670.0 0.00036324014314 19.55583628890703 -155.15426012375286 350004.84281629789621 84.32716293884296 66.55120381538163
53700.0 -0.00024350152908 19.54198663788510 -155.15155673381489 349991.95306741725653 84.38064641880253 69.23726067898126
53730.0 0.00024551427051 19.52813703292272 -155.14888712555128 349973.79167311917990 84.42213430024228 71.96737368550554
53760.0 0.00024048300788 19.51429662448979 -155.14618397557260 350026.91307513136417 84.45129766278342 74.73243786022840
53790.0 0.00019721556748 19.50042848751897 -155.14356722002236 349998.20127320941538 84.46789707120340 77.52141354662830
53820.0 0.00035217183809 19.48655420422863 -155.14097794934150 349964.19791059568524 84.47182526861017 80.32138202803038
53850.0 -0.00012476869481 19.47268983923203 -155.13835994657893 350001.50191510189325 84.46314738831273 83.11786694207805
53880.0 0.00013080573722 19.45880832423877 -155.13576329229153 350033.50896535720676 84.44174135144195 85.90148729069330
53910.0 0.00037128992697 19.44491734785149 -155.13325909036422 349983.62945463228971 84.40784649960764 88.65818326967562
53940.0 0.00030387195318 19.43101851570813 -155.13071597069907 350005.03781000245363 84.36161993252772 91.37733739401945
53970.0 0.00020526771508 19.41711511088564 -155.12820323741889 350021.15821346826851 84.30346102458155 94.04707296747404
54000.0 -0.00027268096136 19.40321435291793 -155.12578611758929 349955.37613768409938 84.23372989133155 96.65828285022555
54030.0 -0.00008150361817 19.38929121944067 -155.12332259545951 349960.84842319600284 84.15260861578261 99.20527060342276
54060.0 0.00031192410078 19.37536221224585 -155.12088722257471 349961.00826081819832 84.06074529492672 101.67937128475933
54090.0 -0.00020023645244 19.36143063887118 -155.11848224420407 349955.86931452434510 83.95868784380991 104.07502663218945
54120.0 -0.00004628359785 19.34747092527854 -155.11603429485342 350022.00329695828259 83.84682124661404 106.38946374090666
54150.0 0.00040147513902 19.33351552595493 -155.11367580298793 350006.15729609224945 83.72560331449458 108.62043940303377
54180.0 0.00028576200783 19.31955139734523 -155.11134161251800 349984.95244139060378 83.59560663616155 110.76610191510387
54210.0 0.00011873283428 19.30555974658609 -155.10896930690456 350035.04499309882522 83.45752762393282 112.82510403252225
54240.0 0.00042260478745 19.29157888382968 -155.10668496880015 350003.11923981830478 83.31157416631640 114.79952260663877
54270.0 0.00038135245224 19.27759302157737 -155.10442672687464 349965.83719417173415 83.15841844561642 116.68960337280032
54300.0 0.00014690530489 19.26356166841642 -155.10212049333325 349999.73897590488195 82.99844245439333 118.49752622346327
54330.0 -0.00011168883021 19.24952311091490 -155.09984153070795 350028.28347179107368 82.83225633715355 120.22495137968455
54360.0 0.00092168429420 19.23551947026712 -155.09766070839683 349974.90314736869186 82.66027979284863 121.87462042093730
54390.0 -0.00032802366845 19.22145568649291 -155.09542475137624 349992.59447620809078 82.48261518785175 123.45029755844075
54420.0 0.00060372315101 19.20738336980254 -155.09321387487569 350004.88852735981345 82.29990501308068 124.95417662579956
54450.0 -0.00026563932105 19.19330573432580 -155.09103021028261 350011.81191056594253 82.11257235421529 126.38927414640186
54480.0 0.00066409712075 19.17921632652369 -155.08886831237567 350013.28946596942842 81.92079637584122 127.75913243894649
54510.0 0.00030789743604 19.16511224408004 -155.08672554221425 350009.27562557905912 81.72481140841504 129.06700331234114
54540.0 0.00032299358770 19.15099672511131 -155.08460406250029 349999.79270894359797 81.52497083825953 130.31581822402691
54570.0 0.00035720191885 19.13687876493451 -155.08251050153410 349984.93914358876646 81.32174240571658 131.50830453318764
54600.0 0.00020828387252 19.12274392335119 -155.08043323060332 349964.52959803491831 81.11503146484223 132.64789678089545
54630.0 -0.00044675532085 19.10853261256198 -155.07830370477981 350015.08216790761799 80.90527086759585 133.73711405692887
54660.0 0.00089149790027 19.09437530049085 -155.07626856352755 349983.67649693973362 80.69257179279872 134.77876991146005
54690.0 0.00086432884567 19.08013935738933 -155.07418247979814 350023.21894175373018 80.47730330832243 135.77527633226083
54720.0 0.00068623254895 19.06597066546476 -155.07219653990177 349980.92852733936161 80.25963275972427 136.72913435475240
54750.0 -0.00042059322790 19.05170382447504 -155.07014755858933 350009.32451673503965 80.03940805727821 137.64289045429749
54780.0 0.00029682913099 19.03742571253891 -155.06812074498947 350032.19511853903532 79.81706614567851 138.51853272541035
54810.0 0.00073956133274 19.02313945173582 -155.06611812425001 350049.57894338574260 79.59281729765651 139.35812756575578
54840.0 0.00056649275302 19.00892791132148 -155.06421238704570 349985.12159572914243 79.36663874227256 140.16371646827645
54870.0 -0.00016803613521 18.99461246625070 -155.06224522560447 349991.27624752279371 79.13857376681898 140.93715513177938
54900.0 0.00075565971854 18.98028281417910 -155.06029648214653 349991.80812855251133 78.90881015481021 141.68013995052203
54930.0 0.00029179905024 18.96594797144097 -155.05837269056869 349986.85871649812907 78.67765898515204 142.39426954342224
54960.0 0.00020426075342 18.95159337289652 -155.05646232068710 349976.16458814498037 78.44487037780655 143.08113056141949
54990.0 0.00040751218143 18.93712430939928 -155.05449227751862 350035.95877491030842 78.21074455144108 143.74212905219707
55020.0 0.00026463117752 18.92274156097896 -155.05261824073642 350013.94218169339001 77.97526543285646 144.37861817983861
55050.0 -0.00010363904637 18.90835199493820 -155.05076640008954 349986.36920624505728 77.73868875196285 144.99187282304015
55080.0 0.00069528811257 18.89395522522661 -155.04893607308253 349953.22503292374313 77.50107263420171 145.58309760202673
55110.0 0.00020425957154 18.87942222382200 -155.04703557038539 349990.17768486309797 77.26216607448806 146.15336803393356
55140.0 0.00049505166013 18.86487519462395 -155.04515444197116 350021.43359248992056 77.02231821925312 146.70376776907878
55170.0 0.00042562567242 18.85043863022267 -155.04337635991936 349971.17828023619950 76.78165312624652 147.23530657958358
55200.0 0.00026462999564 18.83586629909358 -155.04153304218724 349991.03969325684011 76.54007530698355 147.74888278045671
55230.0 -0.00005433338168 18.82127340038888 -155.03970302227228 350005.02352715190500 76.29755389032077 148.24533995227588
55260.0 0.00071339805792 18.80666352073206 -155.03788865264687 350013.18644674401730 76.05421554104853 148.72551422753179
55290.0 0.00042964997340 18.79204569918829 -155.03609639408899 350015.71340293064713 75.81030951401425 149.19024736820720
55320.0 0.00087036706996 18.77740525156600 -155.03431477347900 350012.26141904573888 75.56553321600249 149.64014605379208
55350.0 0.00017709288070 18.76275140294661 -155.03255039006879 350003.01969391386956 75.32013481941634 150.07596541352581
55380.0 0.00035720191885 18.74808007768755 -155.03079979484042 349987.87706795893610 75.07405265380000 150.49830933800195
55410.0 0.00016602339378 18.73339919545796 -155.02906858002700 349967.00504413899034 74.82749908931447 150.90785915953728
55440.0 0.00101827933651 18.71856050864153 -155.02727153816951 350015.83503549639136 74.58049121649439 151.30518558594341
55470.0 -0.00046486644808 18.70384318276136 -155.02556681106614 349983.06181525252759 74.33274551034587 151.69068236283434
55500.0 0.00037531422795 18.68896131823987 -155.02379426800908 350019.82948356773704 74.08457566214001 152.06498815119991
55530.0 0.00091262754871 18.67422220590555 -155.02212554553878 349975.45003385841846 73.83607110337768 152.42861806698360
55560.0 0.00035619613907 18.65930953694543 -155.02038529869537 350000.39558653254062 73.58711297475557 152.78195597398320
55590.0 0.00080798272256 18.64437340124951 -155.01865554400473 350019.20169031899422 73.33764046835314 153.12538472467051
55620.0 0.00091765881134 18.62941756659231 -155.01693873508205 350031.94513843860477 73.08775805279119 153.45935077253617
55650.0 0.00042461871076 18.61445109616134 -155.01524128051130 350038.85499961115420 72.83768829322059 153.78434894669107
55680.0 0.00040449366023 18.59945919277084 -155.01355172230438 350039.50701761897653 72.58711171674153 154.10055632288996
55710.0 0.00073553584988 18.58445113892004 -155.01187663072287 350034.13630463927984 72.33625363730610 154.40843074886783
55740.0 0.00011269460999 18.56942283225235 -155.01021255748336 350022.60705481283367 72.08503537091323 154.70824336680593
55770.0 0.00074660415493 18.55438230209117 -155.00856512000701 350005.13173127733171 71.83365077047631 155.00040657666221
55800.0 0.00072144902364 18.53932903153801 -155.00693354314774 349981.68213898316026 71.58209973062995 155.28520693953342
55830.0 0.00014690648677 18.52424944795742 -155.00530731159137 349951.83488088939339 71.33008893707688 155.56273865527072
55860.0 0.00126580516657 18.50896774066802 -155.00360740411469 349990.58352373540401 71.07791535312413 155.83343461737201
55890.0 0.00116417767975 18.49366952691881 -155.00192323602769 350023.23311098571867 70.82565201089236 156.09758415700190
55920.0 0.00022840892306 18.47854317513648 -155.00033858359316 349975.07905882969499 70.57317374180909 156.35534251756584
55950.0 0.00078282759126 18.46319910137579 -154.99867323608066 349995.04765508789569 70.32040546643162 156.60688198323683
55980.0 0.00149018742489 18.44783272334161 -154.99701814935511 350008.66983911022544 70.06744329566168 156.85247066068379
56010.0 0.00106859078097 18.43245312917243 -154.99537970050488 350016.21965397987515 69.81449588790487 157.09243975161627
56040.0 0.00069729967212 18.41704541517760 -154.99374640413399 350017.18957989849150 69.56123942267536 157.32677385796862
56070.0 0.00111286281927 18.40161892248780 -154.99212482267848 350011.86186920199543 69.30788714615451 157.55578865436470
56100.0 0.00049102735915 18.38616952668842 -154.99051149454587 350000.07561957277358 69.05435369681746 157.77960150717550
56130.0 0.00121650186564 18.37070536805945 -154.98891207958644 349982.08599507994950 68.80082365652360 157.99849573843969
56160.0 0.00051115004592 18.35522586856698 -154.98732574967676 349957.85718552209437 68.54728855867498 158.21262339434614
56190.0 0.00135234122925 18.33949704434201 -154.98565134402722 350000.73173623438925 68.29345353490770 158.42194182368124
56220.0 0.00153647456838 18.32374639782801 -154.98398826714202 350037.13821599818766 68.03960606411215 158.62678086508345
56250.0 0.00123662573430 18.30820278911159 -154.98242921473030 349993.47124923672527 67.78580979074948 158.82731922848046
56280.0 0.00113902254846 18.29241104537822 -154.98078755933429 350016.94613845925778 67.53193958131600 159.02360535953079
56310.0 0.00100721103146 18.27682224716222 -154.97924222386030 349960.10333066713065 67.27791217838734 159.21570870294951
56340.0 0.00117423902314 18.26097974603308 -154.97761320044060 349970.19307998940349 67.02382070946436 159.40380972255576
56370.0 0.00106456647999 18.24512161857496 -154.97599809676242 349973.93200117256492 66.76986508926458 159.58815523104028
56400.0 0.00123964425550 18.22923285900436 -154.97438535462564 349970.72697499021888 66.51572191451847 159.76863990659572
56430.0 0.00080999310023 18.21332286925535 -154.97278155121305 349960.90890284255147 66.26159680899794 159.94550485154701
56460.0 0.00144994086946 18.19714138331003 -154.97109078404321 350017.38849534653127 66.00740185204805 160.11879176974114
56490.0 0.00148515852602 18.18118605011067 -154.96950341152350 349994.18306955974549 65.75331617864944 160.28871625059776
56520.0 0.00160992840270 18.16496114703299 -154.96783354098480 350037.35300010628998 65.49932659950088 160.45536183337927
56550.0 0.00155861117846 18.14895376245526 -154.96625595461913 350000.38985629659146 65.24513994897271 160.61862091770115
56580.0 0.00080898732045 18.13292798957972 -154.96468734646479 349956.80283504072577 64.99103734965865 160.77876616622444
56610.0 0.00171658597028 18.11662616213455 -154.96303595808428 349979.32869456801564 64.73707607950486 160.93591739989859
56640.0 0.00110783155663 18.10029721928142 -154.96139007897804 349994.87517978530377 64.48313360164833 161.09007078180903
56670.0 0.00095388224768 18.08393698628035 -154.95974617673855 350003.23515786416829 64.22912113604534 161.24124189261468
56700.0 0.00134227515834 18.06754980060184 -154.95810705044360 350004.55976830795407 63.97513111631544 161.38956475580468
56730.0 0.00166929422890 18.05114480810955 -154.95647908205555 349999.21672096569091 63.72135704789275 161.53523831277175
56760.0 0.00119838955653 18.03470690057358 -154.95485058993654 349986.52443888597190 63.46747791260613 161.67811422174196
56790.0 0.00202750310940 18.01796825533197 -154.95313382219530 350038.93546397611499 63.21369375503343 161.81839058373299
56820.0 0.00090357080321 18.00147647848964 -154.95151381372634 350011.99526691809297 62.95991590043171 161.95606973616776
56850.0 0.00189267188933 17.98496547029933 -154.94990217093695 349978.22048023901880 62.70631978215832 162.09132843854042
56880.0 0.00206271840220 17.96814881770849 -154.94820307490278 350009.32772171217948 62.45288914973771 162.22421287193222
56910.0 0.00157269918659 17.95129287727940 -154.94650035608845 350032.68382820021361 62.19933393360283 162.35458419157840
56940.0 0.00225289232938 17.93441087571332 -154.94480343904974 350048.86097407434136 61.94593038804533 162.48268009616200
56970.0 0.00178400039844 17.91779952890212 -154.94320917803333 349986.49563714116812 61.69273087661547 162.60858650690338
57000.0 0.00179909300446 17.90086781970853 -154.94152240512247 349988.32090689148754 61.43961655617690 162.73227327138147
57030.0 0.00222069437590 17.88390268344168 -154.93983457797532 349982.53022189997137 61.18649442053880 162.85372593665880
57060.0 0.00219855658393 17.86660618648738 -154.93805280594447 350040.44400913733989 60.93345725462783 162.97305219699660
57090.0 0.00218950220220 17.84958966725796 -154.93637500339679 350020.09234672784805 60.68069332268746 163.09042136357780
57120.0 0.00190072049129 17.83253823059804 -154.93469364617278 349991.94877162761986 60.42788486370733 163.20566475066784
57150.0 0.00242595972722 17.81546141270157 -154.93301541744532 349956.44742570072412 60.17522737622194 163.31895345244206
57180.0 0.00224786106674 17.79804148020211 -154.93124027955889 349984.04732326976955 59.92263229142489 163.43026842136911
57210.0 0.00199932709315 17.78059496098459 -154.92947028229526 350004.22128944564611 59.67027220349751 163.53976231771966
57240.0 0.00236659390102 17.76312112063880 -154.92770440706380 350016.90406964533031 59.41812863570111 163.64745969532396
57270.0 0.00255576086654 17.74560615491081 -154.92593178780834 350021.35087881144136 59.16591525029275 163.75320710421789
57300.0 0.00225188536772 17.72806345224445 -154.92416201634612 350018.21327721420676 58.91390419665558 163.85721900609769
57330.0 0.00259097615934 17.71049553861404 -154.92239652154433 350007.59425502922386 58.66214369787434 163.95956039011483
57360.0 0.00320979309826 17.69289697074595 -154.92063071836918 349989.17655585054308 58.41051908413154 164.06018786546340
57390.0 0.00316853839929 17.67526315964231 -154.91886064897011 349962.67800241243094 58.15893383256703 164.15906928847124
57420.0 0.00276303895929 17.65726331983651 -154.91699177168309 349998.08442392945290 57.90748157498191 164.25629654386344
57450.0 0.00234747463026 17.63923673929888 -154.91512790593458 350025.85223438963294 57.65634597297087 164.35201917738226
57480.0 0.00337279797083 17.62116812185708 -154.91325696818149 350045.11002750415355 57.40521293340950 164.44605959934910
57510.0 0.00297534713279 17.60341076560132 -154.91148379071842 349986.93634812999517 57.15427397542148 164.53857066985080
57540.0 0.00258695304024 17.58527585232029 -154.90960873060922 349989.99961811676621 56.90344107746240 164.62952137405475
57570.0 0.00350863378880 17.56711297438591 -154.90773574464680 349985.21640476491302 56.65288444736338 164.71904836737298
57600.0 0.00366258546152 17.54856953280003 -154.90576515424280 350041.54525136761367 56.40258316743067 164.80716056062525
57630.0 0.00349354236466 17.53033259828560 -154.90388290061028 350019.96157451346517 56.15225628873038 164.89370335034178
57660.0 0.00340097280521 17.51206661391126 -154.90200034927869 349990.35958053451031 55.90217159278097 164.97887222380581
57690.0 0.00326211492039 17.49377402678143 -154.90011885723712 349952.84946170356125 55.65237361818578 165.06271841907409
57720.0 0.00334361735668 17.47472443683798 -154.89803575697550 350044.14070700667799 55.40275206805920 165.14519219190393
57750.0 0.00379037385941 17.45635789303354 -154.89614276175789 349989.54338683374226 55.15320733955269 165.22625044828118
57780.0 0.00395035902890 17.43759170922702 -154.89414596879692 349994.88568599056453 54.90383414360544 165.30597512373060
57810.0 0.00384068294012 17.41879770079355 -154.89215100422396 349992.16009493079036 54.65481191856806 165.38450174358792
57840.0 0.00363944188978 17.39958725623985 -154.89004588177826 350048.39877400454134 54.40583044288490 165.46164973373598
57870.0 0.00463256609499 17.38108972159671 -154.88813634117699 349960.13751524128020 54.15707759075949 165.53755890080345
57900.0 0.00373805085540 17.36180274218005 -154.88601986807910 349998.82167937792838 53.90846613045488 165.61219142389223
57930.0 0.00437095225680 17.34248152954858 -154.88390189518844 350028.94572839327157 53.66016413195528 165.68567272200769
57960.0 0.00448968509108 17.32350906181680 -154.88188141170471 349982.95604924671352 53.41214986218790 165.75800574194162
57990.0 0.00399262068952 17.30410647277708 -154.87974686422388 349994.99567577801645 53.16414521191922 165.82902933661313
58020.0 0.00438302752350 17.28466866331420 -154.87760834623660 349998.28528768103570 52.91641518229651 165.89892913207942
58050.0 0.00461948504852 17.26519801893128 -154.87546714467726 349992.93934066593647 52.66900092436412 165.96774682774725
58080.0 0.00396947711778 17.24529511367863 -154.87321795003601 350045.49938291870058 52.42179657847373 166.03543006969491
58110.0 0.00482877588270 17.22574092915002 -154.87105762201486 350021.62564963661134 52.17469976310726 166.10192865551042
58140.0 0.00454100231532 17.20614896073900 -154.86888898986422 349988.65962473861873 51.92780636684959 166.16731802842082
58170.0 0.00442428104059 17.18612641246399 -154.86661757488071 350013.66688815318048 51.68129184913212 166.23172327271479
58200.0 0.00537011468631 17.16605470777037 -154.86433153746202 350028.79699604399502 51.43484996554128 166.29496390261698
58230.0 0.00411738820245 17.14635091866909 -154.86213939016926 349968.44937012251467 51.18866515721984 166.35716994349946
58260.0 0.00586416174854 17.12578902816082 -154.85973284675336 350030.90481789875776 50.94265112448339 166.41829969807989
58290.0 0.00527553002167 17.10601222379219 -154.85752444243059 349952.19736844021827 50.69697394076844 166.47847034327347
58320.0 0.00523528464811 17.08537504078442 -154.85510616093958 349996.17410126794130 50.45161056662994 166.53767922259641
58350.0 0.00516484697123 17.06468327629858 -154.85266955842880 350029.69640947598964 50.20628716087291 166.59576589017996
58380.0 0.00487808036551 17.04437097429652 -154.85032718915025 349988.20329012069851 49.96126540438227 166.65290641950403
58410.0 0.00534998963577 17.02360277394801 -154.84787602604521 350002.91039353422821 49.71658327329008 166.70913557102023
58440.0 0.00538017721158 17.00279127515158 -154.84541353063381 350007.79735334869474 49.47213934075181 166.76440045731871
58470.0 0.00519302180561 16.98193129018057 -154.84293490151751 350002.43819148838520 49.22782867638911 166.81864603042769
58500.0 0.00557336729620 16.96102822279470 -154.84044377184443 349987.16423230525106 48.98374837410223 166.87194339067653
58530.0 0.00617205918458 16.93965864567608 -154.83784404063837 350027.33299079816788 48.74007008507446 166.92440955062099
58560.0 0.00553211259723 16.91867005445145 -154.83532829581330 349992.15534210018814 48.49649159767488 166.97586565952707
58590.0 0.00561462317705 16.89720421898746 -154.83269772649132 350011.59571882337332 48.25319406505854 167.02643415720831
58620.0 0.00590742564330 16.87568977910345 -154.83005123507959 350020.56535093206912 48.01009220809718 167.07607117507217
58650.0 0.00585913166778 16.85457862539069 -154.82749900097437 349955.57546285353601 47.76735018658364 167.12488764059142
58680.0 0.00632198301067 16.83254135690559 -154.82472891709031 350008.84470988716930 47.52494378687780 167.17287701906349
58710.0 0.00592956343527 16.81089248174330 -154.82203963628945 349986.92168373893946 47.28260347372892 167.21988072586950
58740.0 0.00601106705343 16.78920327658842 -154.81933831422407 349954.93203376140445 47.04058769063498 167.26606724585443
58770.0 0.00627972371381 16.76702323110318 -154.81652188646490 349976.48643550649285 46.79893140488708 167.31146607821302
58800.0 0.00622337522693 16.74479536502447 -154.81368961061438 349987.36060591135174 46.55753758147576 167.35602495965301
58830.0 0.00655441741659 16.72251429509099 -154.81083633035641 349987.07185765262693 46.31629893073744 167.39968535952184
58860.0 0.00741371499963 16.70018566327633 -154.80796590456211 349975.99871409218758 46.07531374075558 167.44251543912947
58890.0 0.00673653919617 16.67781891190780 -154.80508536221018 349954.83520058263093 45.83474998407764 167.48462579424773
58920.0 0.00631292744706 16.65446834544694 -154.80197097576811 350047.65148511435837 45.59430951020769 167.52583991347393
58950.0 0.00779205011255 16.63199911222145 -154.79905000444771 350004.10825231391937 45.35417029121898 167.56627420483503
58980.0 0.00695086129298 16.60901204625736 -154.79600312698045 350011.87161788903177 45.11424812738490 167.60588363556587
59010.0 0.00665101364078 16.58598136929348 -154.79294224567414 350008.94302963651717 44.87470531517705 167.64477428103703
59040.0 0.00685023958593 16.56290615016728 -154.78986582893012 349995.19290533382446 44.63551657012359 167.68293681798212
59070.0 0.00742880878753 16.53977235583281 -154.78676136293367 349969.39685180597007 44.39641667765505 167.72021503486522
59100.0 0.00685225469112 16.51611481477600 -154.78353390965947 349994.38356296718121 44.15766089719643 167.75677129166928
59130.0 0.00750226143998 16.49241043203538 -154.78029025947387 350008.24332188721746 43.91928132644323 167.79263095229666
59160.0 0.00699110903030 16.46865458757265 -154.77702571955911 350010.52621792256832 43.68118526039205 167.82774301403086
59190.0 0.00682810533960 16.44484170004140 -154.77373473302444 350000.68812707159668 43.44326321617435 167.86204629337689
59220.0 0.00720543112711 16.42097765680196 -154.77042141394759 349979.16036628372967 43.20561464303996 167.89560697341091
59250.0 0.00772765302372 16.39658062994977 -154.76698600896185 350007.57669866364449 42.96840394106844 167.92853044456345
59280.0 0.00771658235491 16.37212148570648 -154.76352088966823 350023.29449118487537 42.73133703286639 167.96064276460868
59310.0 0.00763306835908 16.34810637117215 -154.76014116107359 349966.58447994105518 42.49458879486251 167.99205546183052
59340.0 0.00722656195742 16.32304304242115 -154.75652024826732 350018.62143578380346 42.25807614750195 168.02272293514781
59370.0 0.00829414459486 16.29842898700007 -154.75298747256491 349998.55962249543518 42.02195955635235 168.05274743490995
59400.0 0.00766124201157 16.27376720897639 -154.74943377295779 349966.78982422873378 41.78621275209879 168.08211755461983
59430.0 0.00679389228094 16.24853829282516 -154.74573791864020 349981.82853178214282 41.55057484124148 168.11067959998155
59460.0 0.00768337862166 16.22325748475360 -154.74201931478126 349984.71368683222681 41.31529793627195 168.13859094635134
59490.0 0.00773670976921 16.19792694695227 -154.73827894455849 349975.57728763576597 41.08041138793430 168.16587360400851
59520.0 0.00794800861730 16.17254223489515 -154.73451203032749 349953.94511964824051 40.84582674809347 168.19247816606372
59550.0 0.00835049426361 16.14606855330980 -154.73049456856134 350037.52973873633891 40.61143249062665 168.21834129831342
59580.0 0.00749119195306 16.12056550502219 -154.72666652635078 349989.82526763342321 40.37732918166998 168.24352789410798
59610.0 0.00861210573804 16.09398015707526 -154.72259899597344 350047.95956797897816 40.14367774114681 168.26813906177043
59640.0 0.00896427757614 16.06836827434784 -154.71871429163886 349974.76471750717610 39.91018816578460 168.29200338807567
59670.0 0.00845614368766 16.04165941041008 -154.71458231980432 350006.02767429966480 39.67703230929077 168.31522841057901
59700.0 0.00850142386949 16.01488754705898 -154.71041726376941 350023.65009616687894 39.44412824186956 168.33776830710821
59730.0 0.00803756201930 15.98806225489236 -154.70622663050307 350028.47279024124146 39.21163462079742 168.35972229002977
59760.0 0.00855475028952 15.96118256341254 -154.70200857372100 350020.33205556031317 38.97952426694062 168.38107733478506
59790.0 0.00840482882718 15.93423436016306 -154.69774939654653 349997.77018916141242 38.74754059824722 168.40168219839185
59820.0 0.00820660511616 15.90723241298353 -154.69346130146539 349962.14589277934283 38.51593260888369 168.42169019309461
59850.0 0.00870266373794 15.87910504883525 -154.68892273211083 350028.39061471540481 38.28472701533247 168.44112053475916
59880.0 0.00877209208941 15.85199115662480 -154.68457323855071 349966.05789270158857 38.05383954539170 168.45992557045122
59910.0 0.00856179429358 15.82373283802107 -154.67996090783214 350003.69474054314196 37.82315676940528 168.47804011048908
59940.0 0.00963038507455 15.79541030467767 -154.67531290850826 350027.05873492173851 37.59278031933397 168.49552827365201
59970.0 0.00904276149122 15.76703327709169 -154.67063704674254 350037.05429787840694 37.36286771990870 168.51248761506463
60000.0 0.00899848708916 15.73858580116949 -154.66591756294849 350031.97017959412187 37.13313303426089 168.52874905634130
60030.0 0.00937380368088 15.71007825348279 -154.66116284766088 350012.77651215251535 36.90374515949262 168.54441685459153
60060.0 0.00924903262231 15.68150653642845 -154.65636796908453 349978.96184862498194 36.67462333762413 168.55944516006298
60090.0 0.00895421386899 15.65177197944038 -154.65131443027551 350043.36426891759038 36.44592443495700 168.57393077272164
60120.0 0.00933254898190 15.62308614376048 -154.64645249190318 349981.61757841985673 36.21762043030060 168.58785936063146
60150.0 0.00976823481583 15.59321381112292 -154.64131438531427 350015.59175009559840 35.98945903566979 168.60108194669957
60180.0 0.00958913155746 15.56327843300575 -154.63613936018450 350034.86839331127703 35.76168615185582 168.61374854833687
60210.0 0.00966358762592 15.53328210476647 -154.63092821057546 350039.58613536972553 35.53432596636643 168.62587599686665
60240.0 0.00960422298161 15.50322077208334 -154.62567590387476 350029.22152799926698 35.30729829816739 168.63741844801459
60270.0 0.00964246034125 15.47308827060966 -154.62037532184178 350003.00800431426615 35.08048794492558 168.64830901630651
60300.0 0.00926714493142 15.44289129704731 -154.61503155575363 349961.57208897266537 34.85399755094206 168.65861144880520
60330.0 0.00935568900801 15.41149767402837 -154.60942203770560 350014.88096701446921 34.62798132534945 168.66842033970386
60360.0 0.00946033737980 15.38059811140447 -154.60387533438151 349997.04645283054560 34.40215738396638 168.67756866548282
60390.0 0.01070601749583 15.34963421467703 -154.59828516725943 349963.80498132016510 34.17669172904215 168.68615798703266
60420.0 0.00879825300048 15.31802476532019 -154.59253005413666 349968.53772572893649 33.95150479110615 168.69414252384226
60450.0 0.00974911672695 15.28635278258856 -154.58673400314541 349957.96100157313049 33.72675166035881 168.70161717716385
60480.0 0.00986482985814 15.25345488029153 -154.58066111462509 350039.00265871826559 33.50240353575848 168.70856651609162
60510.0 0.01065268871204 15.22163760350596 -154.57476278525888 349995.30591124948114 33.27821240023035 168.71484357783802
60540.0 0.00956196132098 15.18858745746443 -154.56858472169858 350042.40032936073840 33.05442108457800 168.72059574214873
60570.0 0.00939996459194 15.15664333444201 -154.56259671685490 349967.28121046908200 32.83105134746179 168.72583776269715
60600.0 0.01048867805969 15.12345652873331 -154.55632324487124 349981.80518102552742 32.60802701152576 168.73052559836870
60630.0 0.01051383200911 15.09019112927683 -154.54999136366493 349978.72859771456569 32.38523122600019 168.73459073696375
60660.0 0.00966761310878 15.05685413901479 -154.54360657311588 349958.75794502906501 32.16276759269626 168.73809688174268
60690.0 0.00997350016715 15.02226527146141 -154.53693944252774 350027.49394635669887 31.94078708181384 168.74113615997871
60720.0 0.01025121475490 14.98878489804949 -154.53044756033785 349973.48148675169796 31.71901184284643 168.74354327658034
60750.0 0.00966358880780 14.95403937729492 -154.52366355205393 350006.55767305660993 31.49760504234872 168.74541758920449
60780.0 0.01087807793202 14.91921493020035 -154.51681978378548 350021.59806127380580 31.27648831208070 168.74671342181162
60810.0 0.01026630499716 14.88432175425762 -154.50992512941153 350019.72810985706747 31.05581497967186 168.74752421073939
60840.0 0.01018983500539 14.84935886068996 -154.50297708012974 350000.72369459923357 30.83555552241754 168.74783356541531
60870.0 0.01050377066572 14.81431201281696 -154.49595935334759 349962.71133946627378 30.61546616624415 168.74749625091141
60900.0 0.01114975311360 14.77797958831670 -154.48864371656927 350009.39654074702412 30.39578669498486 168.74665758396281
60930.0 0.01062149772022 14.74157323411036 -154.48127205049624 350038.27216963097453 30.17653653540872 168.74533047486307
60960.0 0.01066274887355 14.70508932399557 -154.47383894557845 350048.76826540566981 29.95764342282511 168.74347264529737
60990.0 0.01159650843445 14.66852131796431 -154.46633582547577 350039.92999210208654 29.73898897758137 168.74101396346038
61020.0 0.01109541855003 14.63187653488872 -154.45876866531353 350012.55480864550918 29.52067770384720 168.73801836622081
61050.0 0.01007412069232 14.59516506230002 -154.45114651077608 349967.81875172909349 29.30285740725113 168.73457593509320
61080.0 0.00994834503586 14.55713105000760 -154.44320332927961 350003.16130060609430 29.08525424789679 168.73052275401810
61110.0 0.01147475707897 14.51901758320485 -154.43519449613791 350019.45085109863430 28.86802861392160 168.72595640267298
61140.0 0.01089216594014 14.48082068866523 -154.42711394759817 350016.03844569064677 28.65110334791476 168.72083130511655
61170.0 0.01035585958105 14.44255079926161 -154.41897115927571 349994.16518475674093 28.43463002775474 168.71523980834365
61200.0 0.01095555606732 14.40420692050115 -154.41076351055813 349953.58942301012576 28.21857897528038 168.70916653324221
61230.0 0.01071205335636 14.36451707292118 -154.40222240313742 349990.04889005329460 28.00270964336559 168.70246393056345
61260.0 0.01087405481292 14.32474765814811 -154.39361273942419 350006.99643421638757 27.78725926471874 168.69527762566275
61290.0 0.01160958829904 14.28490072148705 -154.38493493630787 350004.58223132044077 27.57224502455666 168.68761886445697
61320.0 0.01055206818687 14.24497284791828 -154.37618335522757 349982.21525765396655 27.35759848503329 168.67944707732823
61350.0 0.01206841770471 14.20368544140146 -154.36709452383431 350035.12283516395837 27.14319984933328 168.67069047380519
61380.0 0.01154720513352 14.16358633320798 -154.35818217268502 349971.24997396022081 26.92915446880419 168.66141346740957
61410.0 0.01258258863560 14.12213859208662 -154.34894703902057 349984.08976929821074 26.71560705676934 168.65170445990327
61440.0 0.01166996226877 14.08059769772029 -154.33962266900423 349974.93731339555234 26.50228775805289 168.64140055573768
61470.0 0.01278081116473 14.03768903786067 -154.32996220267867 350039.99117047246546 26.28935423772258 168.63059793045107
61500.0 0.01193962352704 13.99597665405071 -154.32047289509816 349988.57521819695830 26.07673055630060 168.61925107826707
61530.0 0.01324567761281 13.95289642741013 -154.31064940014812 350011.29233414307237 25.86456655416444 168.60745158922140
61560.0 0.01065067597061 13.90973311151678 -154.30074590163144 350013.06942746881396 25.65283142653119 168.59518139353744
61590.0 0.01194767449276 13.86647238413991 -154.29074363957420 349991.69569394178689 25.44128978849074 168.58229779920416
61620.0 0.01241555828017 13.82182787093382 -154.28039756641908 350042.30004530586302 25.23017539836516 168.56894348495302
61650.0 0.01340767670561 13.77840343638225 -154.27023036734329 349978.76476299948990 25.01950328964298 168.55512817300021
61680.0 0.01157940308699 13.73358460547153 -154.25970861393515 349985.60086215380579 24.80916611581809 168.54078691573423
61710.0 0.01289048843540 13.68867229087744 -154.24908964771427 349969.44423283450305 24.59912272745798 168.52589495981078
61740.0 0.01232801998335 13.64236562280525 -154.23812360692250 350023.82509807031602 24.38958318110988 168.51058098490770
61770.0 0.01139627316388 13.59727633058404 -154.22731811998059 349962.79995285812765 24.18028117792208 168.49468267088469
61800.0 0.01466945638932 13.55078099399048 -154.21615286361413 349970.48860970791429 23.97137195068808 168.47829521094249
61830.0 0.01136508099018 13.50419148486270 -154.20488601888155 349954.65945125464350 23.76278067186050 168.46137311760171
61860.0 0.01367935306907 13.45619015812406 -154.19325945914449 350006.83608776237816 23.55465568229405 168.44400760201043
61890.0 0.01322052248152 13.40809831416404 -154.18153679529499 350035.97459330782294 23.34696556561565 168.42617982472044
61920.0 0.01228273980152 13.35990158991270 -154.16969786056467 350039.68936625029892 23.13947873001123 168.40774784570328
61950.0 0.01399027020819 13.31161654996132 -154.15776046340224 350020.36039676237851 22.93242630601898 168.38885378666109
61980.0 0.01316920525728 13.26324522419553 -154.14572467840148 349978.14678859990090 22.72582128265337 168.36950597920350
62010.0 0.01230487641161 13.21343756776614 -154.13330681296205 350000.18620495684445 22.51955971397432 168.34964069978400
62040.0 0.01404561173341 13.16352994067639 -154.12077401128465 349997.09421788249165 22.31360032122143 168.32923261164365
62070.0 0.01396611967479 13.11353751680329 -154.10814277581849 349971.10645963065326 22.10815024538316 168.30840967016383
62100.0 0.01516149071012 13.06209035638056 -154.09511246603185 350006.54375187493861 21.90294672193002 168.28700983094964
62130.0 0.01346805067534 13.01054726033909 -154.08196984902420 350017.20506916567683 21.69814259413322 168.26512756174085
62160.0 0.01525607301100 12.95890440208188 -154.06870723410930 350002.28654651809484 21.49366415091434 168.24271734690541
62190.0 0.01427100213526 12.90581079038020 -154.05505631623410 350049.53014616668224 21.28965823804661 168.21987024984682
62220.0 0.01382927571329 12.85398696319113 -154.04157217388558 349986.07331208791584 21.08609287029154 168.19656667574534
62250.0 0.01561830855624 12.80069111536177 -154.02767196827159 349981.17981749959290 20.88274022049914 168.17266518382593
62280.0 0.01506690840924 12.74730239114525 -154.01365490752818 349951.35975363478065 20.67982880338063 168.14830767234170
62310.0 0.01581552530560 12.69244894386698 -153.99923655682412 349981.47367777023464 20.47736963801417 168.12350115646828
62340.0 0.01354351370546 12.63749320672629 -153.98468856252288 349984.98867709748447 20.27526211739614 168.09818303484573
62370.0 0.01383631971735 12.58243355634432 -153.97000564755427 349961.42430111952126 20.07346486178366 168.07232738208455
62400.0 0.01704611281561 12.52590309307394 -153.95491799086219 349996.88944589346647 19.87218213458526 168.04606173552531
62430.0 0.01522387742129 12.46926179897879 -153.93968523651489 350003.96686993446201 19.67115468385310 168.01922403074371
62460.0 0.01549152593813 12.41252145765786 -153.92432013464730 349984.47218600288033 19.47053300399106 167.99190824776903
62490.0 0.01633070201626 12.35428760149770 -153.90852335993515 350020.19589226879179 19.27024450389281 167.96406879101772
62520.0 0.01760455460292 12.29595694729754 -153.89259625023186 350029.62388256937265 19.07043453756889 167.93579679262666
62550.0 0.01451349552081 12.23752858874705 -153.87653440066217 350012.40824812464416 18.87107059189947 167.90707190554920
62580.0 0.01748180101330 12.17758922158661 -153.86001984144016 350047.41919056884944 18.67192857622263 167.87775294067976
62610.0 0.01642729587669 12.11895105447810 -153.84366098946379 349973.87473523896188 18.47323439969315 167.84798188841350
62640.0 0.01451047581773 12.05741172235832 -153.82657070312666 350035.90513844043016 18.27499718368898 167.81776450602604
62700.0 0.01385342506481 11.93541375998008 -153.79222172885969 349992.33527467492968 17.87956019185661 167.75577949296772
62730.0 0.01813885058434 11.87215067273413 -153.77437807040442 350049.57151112053543 17.68252038370601 167.72411274252778
62760.0 0.01724332838309 11.81018523203251 -153.75666497318798 349996.37540751229972 17.48574441434138 167.69187658993934
62790.0 0.01803823124105 11.74670304130346 -153.73849427304788 349994.44709280692041 17.28938046751239 167.65916474987256
62820.0 0.01780982113611 11.68311232759179 -153.72015715216574 349962.85095413587987 17.09335707491428 167.62593149174000
62850.0 0.01875766752326 11.61800282831091 -153.70136208064420 349982.32132707536221 16.89781810039699 167.59226822134886
62880.0 0.01929699240356 11.55279074603303 -153.68240688917874 349973.11027348414063 16.70273054243050 167.55815383385317
62910.0 0.01951131450037 11.48603447846308 -153.66295815697697 350010.33346734102815 16.50787401978165 167.52344715023784
62940.0 0.01836122246499 11.41917386731602 -153.64334368344828 350018.38153558690101 16.31347184373394 167.48829055404195
62970.0 0.01893978930283 11.35221098681827 -153.62356276426209 349997.43300066143274 16.11953130791079 167.45268859018003
63000.0 0.01883111899383 11.28370617513667 -153.60329167577476 350023.41907982248813 15.92595830014739 167.41658061433861
63060.0 0.01838436367298 11.14637072720432 -153.56220728536570 349984.02979802712798 15.53998897816119 167.34289272989167
63150.0 0.01785409553817 10.93378055324104 -153.49790756472285 349997.94170990493149 14.96382343985758 167.22857605262939
64980.0 0.01870937000210 5.04893374386653 -151.36216861588048 349995.32407638058066 4.05244943558961 163.94666015854031
65220.0 0.01809558550770 4.04121219142775 -150.92809115963470 350032.51773961260915 2.73917129470578 163.37893802247328
65280.0 0.01785510368170 3.78248361972038 -150.81303094166503 350001.90842758491635 2.41533280379871 163.23198793447389
65310.0 0.01769813348778 3.65071305654147 -150.75408933404904 350039.70480434596539 2.25409123109533 163.15775900038992
