# sod		dsTEC/dt [TECU/s]		lat		lon		h_ipp		ele		azi
24240.0 0.01447727208448 9.15381930754072 -158.28108101291448 350000.00883495435119 10.60112144677039 197.27258046986921
24270.0 0.00954183863420 9.24891974489449 -158.24609178418703 349997.18580450117588 10.79634767889952 197.23816544403991
24300.0 0.00086734973064 9.34388090625473 -158.21135470062498 349954.16477036941797 10.99199400541336 197.20430162349828
24330.0 -0.00345631433043 9.43583363275338 -158.17771035961422 350010.39512426871806 11.18812946959005 197.17095129845032
24360.0 -0.00741170225820 9.52763782771268 -158.14432947714144 350024.03416786994785 11.38451435384620 197.13824488929922
24390.0 -0.01314606286742 9.61930059494099 -158.11119423182495 349997.14909134246409 11.58126684594512 197.10611760220991
27660.0 -0.01992184520301 15.52654078418943 -156.33748956478999 349990.55515000689775 35.05607591285916 197.26373321398452
27750.0 -0.01932818339538 15.61882004405290 -156.31750917059949 350002.60931644588709 35.75126509107666 197.38353356511433
27780.0 -0.01715377734484 15.64908008040321 -156.31102834000029 350010.54791071359068 35.98355162222063 197.42507446201554
27810.0 -0.01794264197852 15.67926785195217 -156.30458205211625 350002.08129673730582 36.21605798882038 197.46745355813098
27840.0 -0.01793056671182 15.70937939919281 -156.29817266080497 349976.87273485865444 36.44872363099836 197.51070280589241
27870.0 -0.01918127809049 15.73888347429915 -156.29196895924744 349990.46978939231485 36.68155293591829 197.55482547737805
27900.0 -0.01731476947599 15.76832084422481 -156.28579460600631 349988.52839695848525 36.91465933347166 197.59977695824418
27930.0 -0.01645748345250 15.79769547572370 -156.27964488586525 349971.59592709504068 37.14812714661442 197.64552585417957
27960.0 -0.01676035080778 15.82646670894914 -156.27370243765407 349993.98179163318127 37.38166936427361 197.69220416480178
27990.0 -0.01669796527850 15.85517006801199 -156.26779044828442 350000.90641955006868 37.61542123622876 197.73975814202817
28020.0 -0.01591916435197 15.88328666482641 -156.26207562788821 350048.99671877827495 37.84941410928013 197.78818001116437
28050.0 -0.01644037692317 15.91237679894124 -156.25605008426368 349969.19297518022358 38.08366439311909 197.83746874670223
28080.0 -0.01496327054475 15.94036451219492 -156.25038804463512 349987.51873540226370 38.31817677178643 197.88762862510760
28110.0 -0.01563641850159 15.96827937356443 -156.24475995815274 349990.14980688504875 38.55276810531672 197.93874592898669
28140.0 -0.01492805288819 15.99613651860599 -156.23915139503760 349978.82134585268795 38.78772959143210 197.99070021147173
28170.0 -0.01665168049877 16.02392599813425 -156.23357005820560 349952.55900674033910 39.02288715237547 198.04357408821346
28200.0 -0.01535367737873 16.05063046272739 -156.22835404207041 350026.04525111801922 39.25817730505026 198.09740189023717
28230.0 -0.01592016894987 16.07828095934606 -156.22283070404140 349969.73311986029148 39.49360565148997 198.15218801371464
28260.0 -0.01490692205788 16.10486080348432 -156.21766524987981 350014.66851298511028 39.72928684212776 198.20788987815357
28290.0 -0.01591111338626 16.13138743018295 -156.21251748475009 350046.35926406923681 39.96530662542148 198.26447785997158
28320.0 -0.01502062244764 16.15834243272010 -156.20723308949584 350005.00789309013635 40.20137292186957 198.32208558938282
28350.0 -0.01622001778395 16.18473500646326 -156.20213980091998 350007.68374967575073 40.43762250873012 198.38066151708730
28380.0 -0.01433338766455 16.21106619555887 -156.19706828307872 349996.55092355795205 40.67408590513575 198.44020030057013
28410.0 -0.01551366136633 16.23684573455925 -156.19218389793019 350030.51439304649830 40.91078301841861 198.50070141650252
28440.0 -0.01520576393030 16.26305709226929 -156.18715233156939 349992.27530642319471 41.14771518567362 198.56217253631834
28470.0 -0.01478114758329 16.28871068459037 -156.18231483819832 349998.59472510125488 41.38469649463939 198.62470156346083
28500.0 -0.01458694817326 16.31431243784114 -156.17749079993169 349992.30967964883894 41.62202337486524 198.68817023862277
28530.0 -0.01333321827339 16.33937101549681 -156.17285384300715 350032.00015262793750 41.85951907931222 198.75266292733860
28560.0 -0.01456481156317 16.36484791817180 -156.16807378366434 349998.60955309681594 42.09711709261951 198.81821680617989
28590.0 -0.01412811994947 16.39025917854044 -156.16331611169846 349951.51777631230652 42.33482421244258 198.88483794138475
28620.0 -0.01257152151244 16.41513582540402 -156.15874101063170 349951.34984113648534 42.57275623929900 198.95248644910646
28650.0 -0.01362300340032 16.43948896103569 -156.15434379029105 349999.09654423221946 42.81100028812797 199.02113515338780
28680.0 -0.01328592653201 16.46377960907490 -156.14997095985348 350033.49802193511277 43.04925913841070 199.09091961291008
28710.0 -0.01287841198682 16.48848200448984 -156.14545055788452 349994.77603140287101 43.28767101659421 199.16179121892205
28740.0 -0.01215696414506 16.51265996727324 -156.14111173860351 350003.97047548182309 43.52626550683880 199.23374772194609
28770.0 -0.01210665388248 16.53678411347817 -156.13678747129680 350000.89239533897489 43.76506605844530 199.30678978683301
28800.0 -0.01161562770521 16.56039359141301 -156.13264238335591 350046.59411118645221 44.00407048467176 199.38092914500996
28830.0 -0.01257252729221 16.58485922420125 -156.12818898541494 349957.14280714467168 44.24309003647299 199.45625576324915
28860.0 -0.01119905759641 16.60835964357612 -156.12407374343624 349978.45282298047096 44.48242633839661 199.53265467088784
28890.0 -0.01219721188238 16.63180586729017 -156.11997378772267 349987.66088504437357 44.72189989304799 199.61021248450646
28920.0 -0.01086801658863 16.65519395779276 -156.11589154531433 349984.48991887085140 44.96144102606375 199.68896985637517
28950.0 -0.01103605154195 16.67852396268856 -156.11182615859641 349969.02754316106439 45.20105769066033 199.76893529518620
28980.0 -0.00998457083595 16.70135563297475 -156.10793650290452 350003.88664313033223 45.44086674127504 199.85007258521830
29010.0 -0.01052590491204 16.72414377469178 -156.10405396479732 350027.79560614284128 45.68095657408584 199.93235798236006
29040.0 -0.01032969630622 16.74731361261931 -156.10002661388896 349977.07098094001412 45.92102474350357 200.01592929399689
29070.0 -0.00954083403631 16.76954906328212 -156.09634016941712 350039.48403500858694 46.16121081786529 200.10074194518995
29100.0 -0.01118396380850 16.79261009199104 -156.09233722366054 349965.41058894246817 46.40154331233772 200.18679772053514
29130.0 -0.00961227276544 16.81474865535060 -156.08867148995435 350005.45439869724214 46.64204923623054 200.27409946596069
29160.0 -0.01027938722552 16.83684111119033 -156.08501500322075 350034.56479907594621 46.88272267482812 200.36266390514078
29190.0 -0.01009122485789 16.85930612087597 -156.08121168138683 349988.78370220959187 47.12337195820194 200.45258363329242
29220.0 -0.01018782344584 16.88129905112448 -156.07757554117470 349995.65804072283208 47.36430382793275 200.54374864323461
29250.0 -0.01059634022517 16.90324151935777 -156.07395000421869 349991.43163185659796 47.60533593179727 200.63624845577937
29280.0 -0.00977225911681 16.92470843067809 -156.07050056351821 350039.50525450985879 47.84639528274737 200.73012806872413
29310.0 -0.01032969866998 16.94654473662096 -156.06690017176274 350012.80680120643228 48.08749091691722 200.82539954447938
29340.0 -0.00992721302367 16.96833236847100 -156.06330681782666 349975.36511562578380 48.32874060769419 200.92203176409376
29370.0 -0.00977930430276 16.98966183645366 -156.05987921051096 349991.70920433197170 48.57023390783566 201.02000585690143
29400.0 -0.01032466504359 17.01093621432567 -156.05646617749457 349996.81959155946970 48.81166304163819 201.11946223723913
29430.0 -0.01053798136062 17.03216222651129 -156.05306166776796 349991.31117142643780 49.05316876787844 201.22036197953017
29460.0 -0.00967968955736 17.05334094792083 -156.04966415637605 349975.33416569791734 49.29477835854608 201.32271225980682
29490.0 -0.00995538785804 17.07407012261041 -156.04643422526840 350013.79763966426253 49.53652235869732 201.42651956489283
29520.0 -0.00996645616309 17.09475756312954 -156.04320937932107 350042.25621304754168 49.77839088019955 201.53180693780817
29550.0 -0.00924903380419 17.11579182714652 -156.03983476107771 349994.94831052608788 50.02018921503873 201.63867035640550
29580.0 -0.00885963156811 17.13638866782431 -156.03662189695075 350003.06657784804702 50.26222908136571 201.74700731116260
29610.0 -0.00856883829764 17.15693966671619 -156.03341544937334 350001.03784181643277 50.50432513069071 201.85691111393712
29640.0 -0.00878014305513 17.17744085523653 -156.03021790702252 349988.62106288876384 50.74640086572162 201.96843233809378
29670.0 -0.00688243753941 17.19750440452127 -156.02718992552218 350031.55717242695391 50.98846628153974 202.08158822574805
29700.0 -0.00817440834457 17.21791466046619 -156.02400337037696 349999.16812578681856 51.23063987555673 202.19635487164950
29730.0 -0.00674358320023 17.23828509973784 -156.02081600380868 349957.32373297959566 51.47301217041883 202.31272041242715
29760.0 -0.00778098062562 17.25783959726597 -156.01796163891891 350037.11900954786688 51.71526991962649 202.43082829316137
29790.0 -0.00709575385644 17.27811139177265 -156.01478953973492 349975.03087075334042 51.95755485221553 202.55064764203476
29820.0 -0.00744289679566 17.29758538844170 -156.01194269171773 350035.85773299541324 52.19989275902959 202.67219301437686
29850.0 -0.00733221256334 17.31776876746246 -156.00877544859600 349954.51513034012169 52.44231762923185 202.79547671702105
29880.0 -0.00816635737885 17.33716533732747 -156.00593137676071 349996.80935157928616 52.68481528960207 202.92053003550907
29910.0 -0.00795203528204 17.35651568157670 -156.00309559233466 350029.33354838844389 52.92718782334576 203.04745338021417
29940.0 -0.00799228301935 17.37619950455751 -156.00009536993358 349986.26299636997283 53.16975168655915 203.17615558088426
29970.0 -0.00901559361849 17.39547563512062 -155.99725833631570 350000.75202568527311 53.41231833160375 203.30673499342308
30000.0 -0.00750930544404 17.41470736805464 -155.99442645281869 350005.76553381979465 53.65480748307819 203.43924954769548
30030.0 -0.00796813366783 17.43389508825636 -155.99159885154160 350001.38857613876462 53.89722988837836 203.57372408545544
30060.0 -0.00921482192740 17.45304433373892 -155.98877068418656 349988.05784482415766 54.13970447781888 203.71014508601988
30090.0 -0.00765822349037 17.47180785115966 -155.98609800189053 350033.74695484619588 54.38232245820620 203.84851089149802
30120.0 -0.00868052830974 17.49087586359152 -155.98327230454018 350002.31631854828447 54.62476491097317 203.98896851531009
30150.0 -0.00812510149800 17.50990094105638 -155.98044784696350 349961.78095195163041 54.86717420526054 204.13149875481989
30180.0 -0.00776085675697 17.52819720182477 -155.97794221558172 350048.34968471340835 55.10957430991074 204.27612650318437
30210.0 -0.00592553913429 17.54714541444480 -155.97511553770519 349990.26909032464027 55.35200245547815 204.42287319029921
30240.0 -0.00792587437097 17.56571424179334 -155.97244642523017 349991.65063382219523 55.59443976594554 204.57178118263471
30270.0 -0.00663793259431 17.58423754999561 -155.96978226881035 349983.87307986337692 55.83668485515449 204.72295684227493
30300.0 -0.00639744840455 17.60239763813947 -155.96726993248754 350036.53177325334400 56.07905851982041 204.87632620053361
30330.0 -0.00713700855541 17.62085351293158 -155.96459791305071 350012.06993275415152 56.32136870881933 205.03199449071118
30360.0 -0.00722756891907 17.63926574174940 -155.96192785087064 349978.72049765754491 56.56353098498413 205.19002963620298
30390.0 -0.00701928386467 17.65731016992442 -155.95941740382034 350005.52016879525036 56.80555650519692 205.35046774000020
30420.0 -0.00772765184184 17.67532234614124 -155.95690302958775 350024.16500083357096 57.04756418382497 205.51331047521455
30450.0 -0.00738956564811 17.69330647789288 -155.95438101144742 350034.95593713782728 57.28964546271148 205.67857124882869
30480.0 -0.00722153069479 17.71124738446710 -155.95186248189114 350036.99472945556045 57.53147544860101 205.84640137272928
30510.0 -0.00752238530864 17.72915169522197 -155.94934186733190 350030.74097370263189 57.77319663876102 206.01679881586091
30540.0 -0.00647492890362 17.74702039854398 -155.94681792184645 350016.29981248732656 58.01483066896196 206.18980328290294
30570.0 -0.00806674145157 17.76485533593086 -155.94428875255784 349993.82501307502389 58.25641762328324 206.36545040615584
30600.0 -0.00575046017690 17.78265537366473 -155.94175474495719 349963.28942741639912 58.49793332811703 206.54379789674806
30630.0 -0.00664296149318 17.80010818359418 -155.93938007279280 349994.10938899591565 58.73917251776318 206.72496033316241
30660.0 -0.00614690523516 17.81753709414268 -155.93699509708750 350017.51906568091363 58.98045966625881 206.90888997965550
30690.0 -0.00679892472545 17.83523045058550 -155.93444911389295 349962.85565815027803 59.22159874495448 207.09570170238464
30720.0 -0.00557839855883 17.85229210823136 -155.93221610918872 350040.43423774093390 59.46250057676082 207.28547739628766
30750.0 -0.00615495265524 17.86990659914684 -155.92966699131091 349969.42763009574264 59.70317615622810 207.47827004660053
30780.0 -0.00525238999557 17.88690645702380 -155.92742469537126 350031.56105352658778 59.94374366714823 207.67410390554460
30810.0 -0.00598993504124 17.90417148289337 -155.92501509420109 350015.90650911070406 60.18429406150705 207.87301492427892
30840.0 -0.00525138185203 17.92139474582925 -155.92260603373163 349992.05800788663328 60.42449599681412 208.07515974809328
30870.0 -0.00497065110684 17.93830202179144 -155.92034823205049 350031.28151888772845 60.66449127928642 208.28056198893978
30900.0 -0.00496461406443 17.95545864801390 -155.91792797218818 349992.07741174381226 60.90429841191708 208.48928301734009
30930.0 -0.00537011350443 17.97230781224114 -155.91565548060620 350016.40695463120937 61.14395962750718 208.70138057175106
30960.0 -0.00511856337339 17.98940155123879 -155.91321937676142 349962.20453042909503 61.38344455988467 208.91693419757593
30990.0 -0.00474626766664 18.00618275595194 -155.91093791675161 349971.25883754249662 61.62254339991243 209.13607011725310
31020.0 -0.00555525616897 18.02294165980178 -155.90864339708577 349973.33449928928167 61.86158317779467 209.35878087912715
31050.0 -0.00686734729714 18.03966933566491 -155.90634217765475 349967.99094975553453 62.10036312364578 209.58519517695885
31080.0 -0.00511453670865 18.05636169568781 -155.90403693610918 349955.05440893117338 62.33878841047400 209.81541493767972
31110.0 -0.00606640857865 18.07276086581560 -155.90188158042733 350006.30779860727489 62.57686890480873 210.04951873515807
31140.0 -0.00332349348802 18.08939216011224 -155.89956167410662 349978.75968434661627 62.81472088705729 210.28756484348023
31170.0 -0.00741673470271 18.10574553928030 -155.89738307564861 350016.16847495548427 63.05243361593255 210.52962336978669
31200.0 -0.00532584028425 18.12231470650667 -155.89504760744876 349974.09626394789666 63.28966853421455 210.77585772530301
31230.0 -0.00529867359341 18.13860315889614 -155.89285863894199 349996.83139078877866 63.52656540422007 211.02633030082347
31260.0 -0.00531175463988 18.15486473627502 -155.89066057757140 350012.54350351449102 63.76313829759765 211.28113468922206
31290.0 -0.00523226376315 18.17110165686789 -155.88845131629176 350021.37315651029348 63.99943033758172 211.54036309128236
31320.0 -0.00545664838523 18.18731252982957 -155.88623149852305 350023.28305989876390 64.23540355163857 211.80412678350882
31350.0 -0.00481770875953 18.20348809184931 -155.88400777036563 350017.86353754810989 64.47084248588777 212.07256875271807
31380.0 -0.00466073974749 18.21964328094773 -155.88176833756452 350005.86184110864997 64.70607479969621 212.34574382158718
31410.0 -0.00444641765068 18.23576925720414 -155.87951952765758 349986.88794049527496 64.94089371767771 212.62380080351443
31440.0 -0.00506120910674 18.25186189284313 -155.87726408350997 349960.78529453370720 65.17519727745639 212.90687080250240
31470.0 -0.00427838269735 18.26769719572381 -155.87515356404833 350000.49253308400512 65.40899256305175 213.19507140533599
31500.0 -0.00494046471291 18.28351097873090 -155.87303049441351 350033.60719481669366 65.64239197223858 213.48851260705291
31530.0 -0.00313935778514 18.29952652526520 -155.87073914493456 349987.30150170437992 65.87548102678778 213.78731663724329
31560.0 -0.00629280476028 18.31528803630254 -155.86859486279013 350006.93754209857434 66.10791269031378 214.09165528539731
31590.0 -0.00354485840702 18.33102390653974 -155.86643997738750 350019.88610191456974 66.33982238903464 214.40164996918682
31620.0 -0.00547173980937 18.34694553157358 -155.86412199265766 349952.91168367117643 66.57121758938561 214.71744252912694
31650.0 -0.00406909304506 18.36263139473688 -155.86194178852315 349952.67106792237610 66.80214006828456 215.03917869577660
31680.0 -0.00474224218378 18.37808851124214 -155.85989946004855 350019.37933284603059 67.03254192610048 215.36701618958404
31710.0 -0.00529062380957 18.39372023476834 -155.85769943494046 350005.81513003911823 67.26220020943325 215.70112182549860
31740.0 -0.00476538457364 18.40933378096904 -155.85548112790852 349986.02874136529863 67.49143983902452 216.04164687891370
31770.0 -0.00489015445033 18.42472412296444 -155.85340113365592 350033.39546189736575 67.72004590444935 216.38876898720858
31800.0 -0.00491329802207 18.44028249281560 -155.85116147150782 350000.42087624315172 67.94790682334697 216.74266145708123
31830.0 -0.00494348205223 18.45581058039367 -155.84891165371113 349960.81065614428371 68.17502403285873 217.10350081855040
31860.0 -0.00522019086021 18.47112606022602 -155.84679672204206 349988.76589930150658 68.40150264542709 217.47147537312955
31890.0 -0.00486298657760 18.48642657200734 -155.84466300280653 350010.68056727480143 68.62742091604929 217.84678634425092
31920.0 -0.00441623243863 18.50187933912706 -155.84237241319207 349951.89293106645346 68.85242123450406 218.22961393586158
31950.0 -0.00484286270895 18.51694491347535 -155.84036672363149 350034.99945475254208 69.07663074289627 218.62016858557979
31980.0 -0.00441522665886 18.53234623392428 -155.83804931227718 349963.49789820052683 69.30004660503256 219.01866316380116
32010.0 -0.00445949869715 18.54737521056689 -155.83601239640041 350034.36716246418655 69.52270529529935 219.42532468985760
32040.0 -0.00446855426077 18.56272935607457 -155.83366336389074 349950.42241725977510 69.74454510692991 219.84037710498427
32070.0 -0.00400066929148 18.57771190442853 -155.83160129324182 350008.78511709347367 69.96533247361764 220.26401813713693
32100.0 -0.00413248317223 18.59284917477666 -155.82937040415086 349986.85219614859670 70.18538365152516 220.69654649594739
32130.0 -0.00348146827984 18.60796200752672 -155.82712500068547 349958.72141683846712 70.40447202534227 221.13817738353157
32160.0 -0.00455207062036 18.62288720635031 -155.82501483781303 349998.93706556409597 70.62247223747946 221.58914131319523
32190.0 -0.00377226036842 18.63779040222028 -155.82289143235658 350033.02748999558389 70.83937515507286 222.04969965287376
32220.0 -0.00330638814057 18.65283015049891 -155.82060400300415 349986.40867342613637 71.05527275959909 222.52015492803361
32250.0 -0.00400268321479 18.66770133303847 -155.81844174426141 350008.77577071730047 71.27022997249171 223.00082298169826
32280.0 -0.00361730409781 18.68254541769371 -155.81626909113231 350024.91574148274958 71.48387527553658 223.49188302305052
32310.0 -0.00415663134187 18.69751337410058 -155.81393534036403 349960.09151708800346 71.69632078690974 223.99367319401370
32340.0 -0.00376219902503 18.71231392121737 -155.81173058876854 349964.26076761446893 71.90754717469285 224.50650299040566
32370.0 -0.00400268203291 18.72709724909312 -155.80950666099059 349962.61311277560890 72.11757880943868 225.03071378863351
32400.0 -0.00348247405961 18.74186155691765 -155.80726459141931 349955.11033026315272 72.32633383920125 225.56661343872437
32430.0 -0.00409525277424 18.75646482862230 -155.80515516731734 350016.70882222428918 72.53356309087857 226.11442688180759
32460.0 -0.00394130346528 18.77119082558200 -155.80287786868084 349997.52151576988399 72.73956404328494 226.67466516546480
32490.0 -0.00315344697515 18.78576777671159 -155.80072695440523 350047.78902380261570 72.94409272454644 227.24757636003181
32520.0 -0.00394130228340 18.80044883386524 -155.79841816483989 350016.80057444982231 73.14700345660280 227.83345076667004
32550.0 -0.00402582560465 18.81510480703321 -155.79609418721159 349979.88900822959840 73.34826855135620 228.43265314074210
32580.0 -0.00317759396290 18.82962238221941 -155.79389295839968 350012.72633904404938 73.54795731958887 229.04563229190913
32610.0 -0.00299245129836 18.84413013201696 -155.79166766871452 350040.06906600296497 73.74611152459458 229.67284736423628
32640.0 -0.00334864980119 18.85872632972940 -155.78928767253194 349985.92300630267709 73.94234131092841 230.31442849409967
32670.0 -0.00286969534499 18.87318879580686 -155.78703145760488 350001.62563729006797 74.13673306546902 230.97086850457174
32700.0 -0.00258695304024 18.88763393557790 -155.78475601434653 350011.67955481726676 74.32924156448900 231.64257507315494
32730.0 -0.00262921233711 18.90206463503673 -155.78245869195354 350016.18453031126410 74.51986854286875 232.33001435410296
32760.0 -0.00259802016341 18.91647895436806 -155.78014065965024 350015.10463767591864 74.70850295298425 233.03355748889919
32790.0 -0.00276001925620 18.93086799965342 -155.77780862742711 350008.22175902966410 74.89487390391821 233.75339526115181
32820.0 -0.00269360942594 18.94524652271237 -155.77545051042327 349995.95209539309144 75.07924390567487 234.49030142803500
32850.0 -0.00285762244205 18.95960600871480 -155.77307271698160 349978.08678454067558 75.26134499829101 235.24448249461773
32880.0 -0.00088545967598 18.97394215973483 -155.77067832717310 349954.53794459439814 75.44100317582358 236.01622159540472
32910.0 -0.00388395038052 18.98816920970521 -155.76840454943004 350001.34398412890732 75.61816178504216 236.80593942388512
32940.0 -0.00260003172296 19.00238495184657 -155.76610769306066 350042.74884822405875 75.79285472114856 237.61419672101152
32970.0 -0.00268958630684 19.01667456928690 -155.76364646892483 350002.80434852186590 75.96508789829974 238.44154764343764
33000.0 -0.00256783376948 19.03093684872104 -155.76117046402155 349957.16766123194247 76.13445138384851 239.28789702942873
33030.0 -0.00248934985440 19.04510283406002 -155.75881104625805 349982.15076413284987 76.30099290675781 240.15382416032116
33060.0 -0.00272983404416 19.05925417294234 -155.75642977653348 350001.72353862784803 76.46463179087786 241.03971689650842
33090.0 -0.00224584832531 19.07339390233800 -155.75402383694211 350015.97172590158880 76.62533605102215 241.94605282489144
33120.0 -0.00263122507854 19.08751994278898 -155.75159453559800 350024.86303945910186 76.78295858128122 242.87309237839429
33150.0 -0.00196713032155 19.10162348854223 -155.74914864847548 350028.22306290920824 76.93720602287374 243.82075158675690
33180.0 -0.00201844518203 19.11571922668828 -155.74667391033466 350026.38947989977896 77.08828810509408 244.78997198661040
33210.0 -0.00307798039939 19.12979871809994 -155.74417679829574 350019.19487889949232 77.23591369340579 245.78063502001555
33240.0 -0.00212711667292 19.14385761975203 -155.74166049780038 350006.56898159720004 77.37988033888425 246.79273121920329
33270.0 -0.00209592331734 19.15789700891807 -155.73912379126634 349988.55650243069977 77.52009911545446 247.82647001822232
33300.0 -0.00373604047773 19.17192205286292 -155.73656210643537 349965.27990425564349 77.65656266968851 248.88226085114513
33330.0 -0.00282743368436 19.18589056013040 -155.73410397312131 350013.26902042049915 77.78923715303408 249.96045625472598
33360.0 -0.00209994880020 19.19988379363589 -155.73149568912484 349979.41864008549601 77.91771035813136 251.06025955253187
33390.0 -0.00195908053771 19.21381812825908 -155.72899596466212 350016.76200104970485 78.04199072658328 252.18199505298995
33420.0 -0.00199228545284 19.22777820345589 -155.72634077223091 349972.38497730623931 78.16196976986274 253.32561386524890
33450.0 -0.00227100345661 19.24168890698419 -155.72378934912996 349999.34643631801009 78.27758847542952 254.49118859064112
33480.0 -0.00199630975382 19.25558860598318 -155.72121179030253 350021.13634497579187 78.38868069371958 255.67836769504970
33510.0 -0.00231326511723 19.26949765744420 -155.71848556386325 349961.05821375083178 78.49496002807774 256.88621902293391
33540.0 -0.00198423566900 19.28334344867066 -155.71598636015503 350049.06619331240654 78.59658541945963 258.11544275898819
33570.0 -0.00199630975382 19.29722816503532 -155.71320419294938 349978.74009081162512 78.69327923885848 259.36497795952249
33600.0 -0.00200335375789 19.31106882139328 -155.71052901859932 349979.77513664122671 78.78484756763946 260.63391910890675
33630.0 -0.00194700645289 19.32489274621873 -155.70783066361247 349975.62604404799640 78.87120247824477 261.92169815204846
33660.0 -0.00196209905892 19.33869032613752 -155.70523130692953 350043.02914713695645 78.95232692177311 263.22802145031869
33690.0 -0.00234747463026 19.35250983895657 -155.70234667590165 349952.12424312997609 79.02818420548171 264.55247358948264
33720.0 -0.00192889414378 19.36628394665263 -155.69969449761780 350009.32135818619281 79.09843227286203 265.89288309296523
33750.0 -0.00230521415151 19.38005431274102 -155.69689046169191 349984.75724702142179 79.16308472020714 267.24879174104268
33780.0 -0.00199630975382 19.39380961148777 -155.69406004237416 349955.11081345099956 79.22206368211862 268.61916981091605
33810.0 -0.00234043298995 19.40755276323793 -155.69132414303860 349997.13496578298509 79.27534013522130 270.00319431003953
33840.0 -0.00191480849942 19.42128752842926 -155.68855917669552 350034.13047507032752 79.32280202752538 271.39941054459899
33870.0 -0.00171557782675 19.43499996528408 -155.68564916054257 349989.29665246326476 79.36425850820936 272.80560562474273
33900.0 -0.00249639385846 19.44871236869531 -155.68282781615417 350016.23264559637755 79.39986719115636 274.22192431106623
33930.0 -0.00167231156823 19.46240297568022 -155.67985650733431 349961.42681287880987 79.42945907406799 275.64607005720575
33960.0 -0.00183229910147 19.47608653914734 -155.67698282192617 349978.28260763455182 79.45294027898916 277.07605751067854
33990.0 -0.00199127849119 19.48975606911383 -155.67408302379238 349990.11336442548782 79.47030588510934 278.51046841239207
34020.0 -0.00168237527538 19.50341659797807 -155.67115241202120 349996.98294084426016 79.48160549932460 279.94831508660025
34050.0 -0.00152339234002 19.51707221999700 -155.66818705352233 349998.93793984223157 79.48687805980026 281.38851782208008
34080.0 -0.00198826115186 19.53070884417679 -155.66519873575203 349995.85901525616646 79.48596312269018 282.82784248758531
34110.0 -0.00193694274574 19.54433250480552 -155.66218188402772 349987.81734570674598 79.47895173717687 284.26540400539574
34140.0 -0.00193996363071 19.55794365674301 -155.65913572951277 349974.82967432960868 79.46587686788801 285.69968817659685
34170.0 -0.00150930669566 19.57154575013891 -155.65605688342060 349956.93409611750394 79.44680900632393 287.12957884331178
34200.0 -0.00169344239854 19.58517285640464 -155.65306340293782 350010.83507624641061 79.42176779094740 288.55327115779670
34230.0 -0.00172765427533 19.59874613787886 -155.64992919473204 349983.05168947763741 79.39073668509839 289.96823902764993
34260.0 -0.00206372654574 19.61235597741952 -155.64687312529426 350027.11594665143639 79.35390757156733 291.37487641937452
34290.0 -0.00176991239031 19.62591256073699 -155.64367138869912 349989.57067048922181 79.31128343822353 292.77081717801599
34320.0 -0.00250746216351 19.63949866288176 -155.64055684841864 350023.79860784113407 79.26291829770149 294.15421944361674
34350.0 -0.00147710874218 19.65302262132207 -155.63730008785060 349976.44241980463266 79.20891881100981 295.52403708128128
34380.0 -0.00180311848732 19.66658791066122 -155.63412297231133 350000.90032353438437 79.14941712795306 296.87978570729865
34410.0 -0.00157571652592 19.68015073086757 -155.63090781398139 350020.50972561631352 79.08453608961266 298.22095375900045
34440.0 -0.00143887256441 19.69369711245036 -155.62766665022619 350035.21949434932321 79.01431087734659 299.54482339122387
34470.0 -0.00125775538273 19.70717111036531 -155.62428356300430 349968.43997740093619 78.93889354325552 300.85130210172269
34500.0 -0.00187657232165 19.72069408775242 -155.62097899843266 349973.45208304841071 78.85840724977828 302.13968104768497
34530.0 -0.00174978970353 19.73421052672663 -155.61763840219783 349973.63306842651218 78.77298752200203 303.40974294628438
34560.0 -0.00094884980316 19.74778806533010 -155.61437183789045 350045.56289240438491 78.68274886705680 304.66057311604288
34590.0 -0.00159081031382 19.76120745055511 -155.61086220951921 349959.49353332072496 78.58780069985740 305.89062460782969
34620.0 -0.00113097512838 19.77476965741772 -155.60752714932451 350021.74676790647209 78.48830761342113 307.10128150903938
34650.0 -0.00147207629766 19.78824738167135 -155.60405144073411 350002.62645134329796 78.38438093277468 308.29119967306121
34680.0 -0.00188763944481 19.80170917303577 -155.60054619548967 349978.70359735190868 78.27615039373075 309.45958112228510
34710.0 -0.00130605408577 19.81524046694822 -155.59711431800815 350026.47626853827387 78.16375498067283 310.60641841657645
34740.0 -0.00214925328301 19.82868057098343 -155.59354133179869 349992.96606046427041 78.04732937925893 311.73220363387634
34770.0 -0.00218245701626 19.84211489459451 -155.58992829787067 349954.68037376459688 77.92699865993953 312.83736810226566
34800.0 -0.00038034667247 19.85562207821894 -155.58638968846245 349988.05198312085122 77.80289960060695 313.92028087970453
34830.0 -0.00331544370418 19.86912102321392 -155.58281603956945 350016.62498214095831 77.67516029624716 314.98172584494387
34860.0 -0.00152440048356 19.88261203877496 -155.57920664090474 350040.40620628651232 77.54390729255435 316.02187029385470
34890.0 -0.00223779854148 19.89599808111504 -155.57545785173727 349983.05798976775259 77.40925588136733 317.04130918402188
34920.0 -0.00197417314373 19.90947508255922 -155.57177216165056 349997.28807404171675 77.27133072829193 318.03993094114094
34950.0 -0.00133221499683 19.92293672251355 -155.56805639478998 350006.76845928933471 77.13027597413048 319.01705304491952
34980.0 -0.00187154224090 19.93639719200304 -155.56429681356173 350011.45890460256487 76.98616459328242 319.97454957922088
35010.0 -0.00200435835578 19.94984844123530 -155.56050052688298 350011.39092007186264 76.83913283043555 320.91182786668452
35040.0 -0.00193794970740 19.96328592238036 -155.55667141583953 350006.59278000518680 76.68931064405228 321.82873850283181
35070.0 -0.00100419251026 19.97671092916102 -155.55280785910352 349997.06985116470605 76.53680365285311 322.72579611538436
35100.0 -0.00134529604331 19.99012825390016 -155.54890488080176 349982.80519813392311 76.38169430379504 323.60389082940060
35130.0 -0.00198624841043 20.00366441159029 -155.54505143172443 350039.86231957934797 76.22405937246496 324.46381355749861
35160.0 -0.00158678483096 20.01706330154343 -155.54107293581038 350016.12458060961217 76.06406794117770 325.30454862124526
35190.0 -0.00215629492331 20.03045052047633 -155.53705752221600 349987.68609693273902 75.90178616798924 326.12711592846051
35220.0 -0.00052624619759 20.04382631384249 -155.53300453126258 349954.55257247947156 75.73730415319002 326.93196453193281
35250.0 -0.00264229338358 20.05732784279762 -155.52899957859916 349992.63767340965569 75.57068456292673 327.71989243422888
35280.0 -0.00160489477631 20.07082422510796 -155.52495352190272 350025.95191774796695 75.40202872433014 328.49103516938186
35310.0 -0.00148717244933 20.08416847175813 -155.52078599203401 349978.71163651719689 75.23147699687209 329.24503720908064
35340.0 -0.00136642569174 20.09764943227887 -155.51665961645270 350002.55665942281485 75.05900761469384 329.98367323728354
35370.0 -0.00150729395423 20.11112308119485 -155.51249284813352 350021.65938474237919 74.88475201194866 330.70660838293509
35400.0 -0.00190172627106 20.12443806606069 -155.50820452295810 349960.33760143630207 74.70882005527321 331.41385390708325
35430.0 -0.00170048640260 20.13803600683888 -155.50404856344301 350045.78195075225085 74.53127403183177 332.10596946928922
35460.0 -0.00135938286956 20.15132920598039 -155.49968085594270 349975.10975983086973 74.35214260463819 332.78380088357773
35490.0 -0.00104242750615 20.16476984561966 -155.49534992049632 349975.34165521804243 74.17145386611905 333.44809370920450
35520.0 -0.00168539379658 20.17819495542769 -155.49098445626629 349970.94392224401236 73.98938833310433 334.09806712692432
35550.0 -0.00193191148311 20.19177020679899 -155.48665894568001 350037.36485546361655 73.80595753243193 334.73462602543128
35580.0 -0.00143786678464 20.20517833189603 -155.48221073852648 350023.54947234131396 73.62121732030764 335.35818194540116
35610.0 -0.00119335829390 20.21858060565121 -155.47771693229416 350005.00258483551443 73.43518435524862 335.96944375524788
35640.0 -0.00106858959909 20.23197400215548 -155.47318008233566 349981.76350799668580 73.24793873482614 336.56853134440888
35670.0 -0.00184135466509 20.24535039364880 -155.46860797175566 349953.94813443813473 73.05961326676596 337.15515956568646
35700.0 -0.00176387652978 20.25889684535843 -155.46406168137216 349996.62352319154888 72.87011482617851 337.73081469454087
35730.0 -0.00093174445571 20.27243754100907 -155.45947105897693 350034.53975745942444 72.67956870086776 338.29521234536304
35760.0 -0.00188160358428 20.28578948168302 -155.45476668602666 349992.61812859587371 72.48806909617389 338.84834445029924
35790.0 -0.00183330606313 20.29930816641292 -155.45009504655931 350021.19860429596156 72.29564587719385 339.39066530143714
35820.0 -0.00143987716231 20.31263883446540 -155.44530462206319 349969.96557516977191 72.10228913554610 339.92285801171744
35850.0 -0.00126681212823 20.32614985663695 -155.44053518533951 349988.99094652291387 71.90799238051639 340.44552058877355
35880.0 -0.00095488802745 20.33964687440537 -155.43572746145236 350003.40050993580371 71.71294457113058 340.95796988693047
35910.0 -0.00149018978865 20.35313539852543 -155.43087524273312 350013.10636625532061 71.51711948966089 341.46092835170538
35940.0 -0.00038235705014 20.36661551405454 -155.42597793454814 350018.10846074577421 71.32055023405591 341.95470143992185
35970.0 -0.00116116034042 20.38009117962427 -155.42103084967604 350018.33396753668785 71.12322109287919 342.43985761711690
36000.0 -0.00180714515206 20.39355924127981 -155.41603676548712 350013.83793331682682 70.92519977071862 342.91644845167610
36030.0 -0.00122656320903 20.40701167978384 -155.41100367704246 350004.77592792268842 70.72661535494409 343.38419460975780
36060.0 -0.00041656774504 20.42046220678610 -155.40591651461929 349990.88289578724653 70.52732577942000 343.84430729422587
36090.0 -0.00127989199282 20.43390304791330 -155.40078299716413 349972.30788503587246 70.32745395215987 344.29650578202131
36120.0 -0.00122354586971 20.44753872455478 -155.39566858228972 350023.59506039693952 70.12708558025157 344.74073520708538
36150.0 -0.00157772808547 20.46095482569340 -155.39044822799440 349995.76353537943214 69.92622930682023 345.17733858682317
36180.0 -0.00088143655688 20.47457664722359 -155.38523745834831 350037.54712379071862 69.72485017766789 345.60684816879041
36210.0 -0.00077477662555 20.48798208039205 -155.37991295662857 350000.15633321832865 69.52291930958197 346.02972747198282
36240.0 -0.00141874869575 20.50136960658220 -155.37454842047723 349958.26694291271269 69.32063391003365 346.44535491848092
36270.0 -0.00100117398906 20.51496631939986 -155.36919289033671 349985.88165209628642 69.11794329707618 346.85429764073012
36300.0 -0.00127284917064 20.52855552144361 -155.36378814634077 350008.74587346147746 68.91486693554447 347.25676891113460
36330.0 -0.00040952374098 20.54191457025046 -155.35827607764432 349952.77641632594168 68.71136715355254 347.65321964895139
36360.0 -0.00141069891192 20.55572018059020 -155.35281900417564 350039.99485924281180 68.50750591625052 348.04364403097492
36390.0 -0.00073151036703 20.56905285105272 -155.34721507374016 349974.80424636416137 68.30341166252373 348.42776378974105
36420.0 -0.00012778957977 20.58261349962606 -155.34160451294898 349978.60341561678797 68.09890907909647 348.80657439712024
36450.0 -0.00103337194253 20.59616531233925 -155.33594333315619 349977.66658716928214 67.89412134619067 349.17979776151839
36480.0 -0.00052624501571 20.60994260597404 -155.33028342899817 350045.74337871186435 67.68913049021219 349.54734389377478
36510.0 -0.00095891232843 20.62322984765702 -155.32448106953225 349961.91454832814634 67.48393146743453 349.90947115024329
36540.0 -0.00096092506986 20.63699214453516 -155.31871722636541 350020.42523002345115 67.27847327530516 350.26659774912048
36570.0 -0.00090457776487 20.65050893837587 -155.31284903876852 350000.49982484895736 67.07271264886627 350.61908658806180
36600.0 -0.00026966362203 20.66400864071893 -155.30693677383289 349976.05479227844626 66.86685445921617 350.96636808185576
36630.0 -0.00135233886549 20.67774759498610 -155.30101503762512 350020.19712639413774 66.66083218785224 351.30889389071211
36660.0 -0.00117424138690 20.69122596144552 -155.29499980403713 349986.33977288752794 66.45465738669014 351.64681126124322
36690.0 -0.00055139896512 20.70495239577915 -155.28896678191171 350020.78702380601317 66.24827706752282 351.98048519571751
36720.0 -0.00027066940181 20.71841414123935 -155.28284069250535 349977.35413552448153 66.04175139206978 352.30987171430814
36750.0 -0.00115009321726 20.73211758285384 -155.27670608243727 350002.39979159552604 65.83520964857965 352.63469948753226
36780.0 -0.00062082731659 20.74582010429023 -155.27050812893074 350022.40394210256636 65.62845349207851 352.95580293268546
36810.0 -0.00086835314665 20.75951413500011 -155.26425503831592 350037.59371782187372 65.42160757294482 353.27291240398603
36840.0 0.00066006809225 20.77319500824703 -155.25795171562939 350048.11570815648884 65.21475289783862 353.58591740907247
36870.0 -0.00154955443297 20.78659400039269 -155.25156495014633 349981.30441105738282 65.00787532538368 353.89501708257797
36900.0 -0.00053429361767 20.80025318343269 -155.24515238783209 349982.33429488446563 64.80091340281518 354.20054771504590
36930.0 -0.00124366973836 20.81390837465233 -155.23867676418445 349978.37057971674949 64.59381442824690 354.50280050418411
36960.0 -0.00027368792301 20.82782387451289 -155.23217987330750 350042.21374738961458 64.38678989704979 354.80125295519906
36990.0 -0.00131209112818 20.84145292832950 -155.22559949977142 350028.86126632895321 64.17976284547547 355.09627344546129
37020.0 -0.00087942263357 20.85507014647162 -155.21896358914711 350010.76592521928251 63.97274029385125 355.38796431689906
37050.0 -0.00151836225927 20.86867965405489 -155.21226644631926 349987.76980821602046 63.76565803768794 355.67662970499583
37080.0 0.00040147513902 20.88227796672659 -155.20551164624001 349959.98838706780225 63.55857658975000 355.96220230707348
37110.0 -0.00022438344020 20.89614604475036 -155.19872831593923 349999.63965288270265 63.35162657990180 356.24442242750195
37140.0 -0.00109173317084 20.91001288626450 -155.19187661656926 350034.11144459526986 63.14459328524502 356.52400454770026
37170.0 -0.00079791901541 20.92357791702198 -155.18494740955862 349991.90793132968247 62.93760315298799 356.80069151166771
37200.0 0.00028274348662 20.93742044250760 -155.17798247026607 350016.81728416867554 62.73073751733749 357.07436272066008
37230.0 -0.00102632912035 20.95125096069346 -155.17096046144033 350036.92977277748287 62.52397590084311 357.34517654863424
37260.0 -0.00067415610038 20.96477370019566 -155.16386208378611 349980.57924751937389 62.31724988843597 357.61341053943522
37290.0 -0.00021029661395 20.97858960374215 -155.15671049960253 349990.68632818106562 62.11050040317916 357.87930486324291
37320.0 -0.00069629507422 20.99238849178120 -155.14950608903243 349996.16899729054421 61.90394437584516 358.14237940003471
37350.0 -0.00036122621983 21.00617529529345 -155.14224191031025 349996.81775005906820 61.69749780583845 358.40294214432544
37380.0 -0.00053731450263 21.01994977671381 -155.13491756384303 349992.63234669342637 61.49116517667186 358.66106506220478
37410.0 0.00023645752502 21.03371607753557 -155.12752696548210 349983.42210115399212 61.28487363781353 358.91700899253010
37440.0 -0.00086835432853 21.04747061276117 -155.12007398833148 349969.32575515378267 61.07868519337321 359.17069297221468
37470.0 -0.00057051705400 21.06152120477300 -155.11257111248946 350021.50424624606967 60.87273180155344 359.42187113653773
37500.0 -0.00053429479955 21.07525216771614 -155.10499263515334 349997.60253449901938 60.66678680927249 359.67116740812850
37530.0 0.00050612114705 21.08896931405538 -155.09735224059554 349968.86647357232869 60.46097836526155 359.91833878837730
37560.0 -0.00086533698921 21.10298977965167 -155.08965438370191 350006.05134431552142 60.25538876313340 0.16326092597022
37590.0 0.00000503126263 21.11699742416413 -155.08189460966850 350038.34071690868586 60.04999288557202 0.40606389514861
37620.0 0.00008552910103 21.13067013452488 -155.07407085177073 349995.17802435252815 59.84471758517049 0.64698244656382
37650.0 0.00030789625416 21.14466121378653 -155.06617134661980 350017.19658182468265 59.63949935842808 0.88621984120487
37680.0 -0.00127184220898 21.15830414694166 -155.05822132569651 349964.35489400196820 59.43455942571578 1.12333347625115
37710.0 -0.00005232182213 21.17226216516944 -155.05020117570618 349976.83170772623271 59.22980896866055 1.35858676904597
37740.0 -0.00001710534745 21.18620676319081 -155.04211602896041 349984.36940124444664 59.02525113338194 1.59203086986852
37770.0 -0.00074760993470 21.20014207989348 -155.03395938802620 349986.74254731927067 58.82080609140498 1.82389529874570
37800.0 0.00018312874123 21.21406443966159 -155.02573544735924 349984.11529359314591 58.61653792368308 2.05409136572234
37830.0 -0.00058561084191 21.22796652151054 -155.01745356868017 349976.84942294470966 58.41257968447066 2.28238747161658
37860.0 -0.00005534152522 21.24186074579094 -155.00909568590782 349964.28583638928831 58.20869586351196 2.50933787009672
37890.0 -0.00099413116687 21.25608476794580 -155.00065312568276 350016.22587326355278 58.00501604243682 2.73471381967911
37920.0 -0.00006439590695 21.26994634353362 -154.99216562566642 349993.89729247149080 57.80162373186491 2.95839082675655
37950.0 -0.00000905674549 21.28413846769476 -154.98359338602202 350036.01344394776970 57.59849025207303 3.18047895737165
37980.0 -0.00070635523573 21.29796918525600 -154.97497050868031 350003.76073216274381 57.39553919796643 3.40118110727998
38010.0 0.00008552673727 21.31178856826281 -154.96627213098392 349966.28400350827724 57.19270392375282 3.62067324397746
38040.0 0.00016501879588 21.32593953642770 -154.95748887619169 349993.15899487584829 56.99020891771645 3.83854559448786
38070.0 0.00004930448281 21.34007573908780 -154.94863589892230 350014.97653826326132 56.78796203889164 4.05502793993370
38100.0 -0.00061780997726 21.35383788445199 -154.93974190532194 349963.02543723303825 56.58596583631337 4.27015686973387
38130.0 -0.00009961356351 21.36830672015629 -154.93071300384017 350043.18707047868520 56.38413463183916 4.48413878308114
38160.0 -0.00046989889259 21.38203905841156 -154.92167294633731 349981.00979742500931 56.18253486662163 4.69688081717781
38190.0 -0.00030588587649 21.39611028132682 -154.91253957545638 349982.72051983233541 55.98130038509106 4.90816509281056
38220.0 -0.00059869307026 21.41017160679219 -154.90332472052245 349978.96886045951396 55.78018901294784 5.11849123587683
38250.0 0.00024853515548 21.42458463140142 -154.89400061957809 350038.32218892499804 55.57933144563120 5.32764402601171
38280.0 -0.00015495745249 21.43823890070527 -154.88468497012471 349956.52157852333039 55.37881247726013 5.53550075664376
38310.0 -0.00009659622419 21.45261399645091 -154.87522275237620 350005.94557738211006 55.17860057650686 5.74215704741380
38340.0 0.00048901698148 21.46697627327127 -154.86568197654242 350049.99569069873542 54.97861709000082 5.94779153851104
38370.0 -0.00012175135548 21.48057633628586 -154.85614481245707 349952.97902080882341 54.77879310748563 6.15255954308552
38400.0 -0.00001811230911 21.49490359434219 -154.84645583504602 349986.77078330330551 54.57935550797814 6.35607983560631
38430.0 0.00073553703176 21.50921372595205 -154.83669192842902 350015.38180417940021 54.38020986962653 6.55855625456199
38460.0 0.00069931123167 21.52350622837456 -154.82685288614726 350038.81853383779526 54.18135861399553 6.76001496103129
38490.0 -0.00057353675709 21.53740151822441 -154.81698210751898 349989.49549417477101 53.98271100906350 6.96064494005469
38520.0 -0.00046385948642 21.55166125178702 -154.80698463941485 350002.31582799926400 53.78433597477206 7.16035125039927
38550.0 0.00065805771458 21.56589665297128 -154.79691960002057 350010.33115729503334 53.58636783386501 7.35892872573585
38580.0 -0.00059667914695 21.58011938697800 -154.78676744121623 350012.71252431906760 53.38855935979663 7.55683339597700
38610.0 0.00091866459111 21.59432260151571 -154.77653798487421 350009.89716037828475 53.19104204834624 7.75386245393181
38640.0 -0.00075163541756 21.60850172623884 -154.76623759716847 350002.17964868154377 52.99390194868268 7.94989592233417
38670.0 0.00038738831277 21.62265800941439 -154.75586331445578 349989.44841910339892 52.79710516569181 8.14501876906273
38700.0 0.00034714175734 21.63719113997960 -154.74534542875051 350037.90943744685501 52.60057151051062 8.33939076426822
38730.0 0.00063793384592 21.65131327434548 -154.73480242439115 350014.23131368868053 52.40423042958226 8.53315124302000
38760.0 -0.00047291623192 21.66540754896813 -154.72419062697628 349985.81249554455280 52.20831045385034 8.72594374445732
38790.0 0.00024551308863 21.67947812562487 -154.71350218715043 349952.32062890660018 52.01271562854764 8.91795168570724
38820.0 0.00042260596933 21.69433088296348 -154.70259643524767 350045.79731403850019 51.81744855349181 9.10919357367844
38850.0 0.00041656892692 21.70836041220592 -154.69174300408918 350001.60504502058029 51.62241402640527 9.29984503986882
38880.0 0.00053731450263 21.72236585821277 -154.68081028510227 349952.26436644047499 51.42768347463158 9.48981027426340
38910.0 0.00075163423568 21.73715713917351 -154.66965719932705 350029.59066886082292 51.23339141094705 9.67889565036825
38940.0 0.00083213089219 21.75111559245467 -154.65856277453145 349969.78760106395930 51.03928677067197 9.86752185690229
38970.0 -0.00052423345616 21.76587116857978 -154.64723050142683 350035.74170612078160 50.84550156563424 10.05549727793809
39000.0 0.00056951245611 21.77977604510047 -154.63598118995583 349965.85316237527877 50.65212302719366 10.24270504132062
39030.0 0.00105047847187 21.79448136566678 -154.62449019964930 350021.44529071077704 50.45911524394923 10.42922210655977
39060.0 0.00021633365636 21.80875040371839 -154.61299459709940 350006.30631040036678 50.26639700935227 10.61519327302806
39090.0 0.00136139561099 21.82299921403445 -154.60140695354960 349985.46363472286612 50.07389657907029 10.80074526553276
39120.0 0.00022639499975 21.83763664762543 -154.58965680035109 350024.61734514869750 49.88184352033910 10.98554310875102
39150.0 -0.00023746330479 21.85182857908336 -154.57791172742614 349993.63984671235085 49.69014089644004 11.16975384643608
39180.0 0.00096796789204 21.86599258091156 -154.56608481527837 349957.48952060565352 49.49879168904389 11.35339022771987
39210.0 0.00012074439383 21.88055717489546 -154.55407318867128 349980.23629158549011 49.30769666915633 11.53661748742857
39240.0 0.00146704621691 21.89509703797339 -154.54197327769319 349997.46975396666676 49.11692975098874 11.71933962135986
39270.0 0.00038537793510 21.90960563495290 -154.52979589343371 350009.72924514859915 48.92662538371577 11.90137335922785
39300.0 0.00076169439719 21.92409370433575 -154.51751985050083 350016.00642144680023 48.73652959742662 12.08311034724404
39330.0 0.00035116724020 21.93855478273826 -154.50515576881276 350016.82960942387581 48.54677467266694 12.26436895749820
39360.0 0.00064296392667 21.95298442781786 -154.49271074029045 350012.56277344003320 48.35744893235371 12.44503548030081
39390.0 0.00086634276898 21.96738376221336 -154.48018143502517 350003.06238242611289 48.16851470502915 12.62518074872180
39420.0 0.00100016702740 21.98175579853113 -154.46756079780488 349987.99813007935882 47.97989015130501 12.80493747572039
39450.0 -0.00001207408482 21.99610308470618 -154.45484247590460 349967.06909792125225 47.79150267454138 12.98442225438690
39480.0 -0.00031594840176 22.01085328106592 -154.44193354184480 350004.57986763305962 47.60358236801123 13.16331878065919
39510.0 0.00061479027418 22.02557474758731 -154.42893364838585 350036.53970242384821 47.41603172756257 13.34178075473464
39540.0 -0.00061479027418 22.03982561761188 -154.41595880308097 349999.87481920607388 47.22885425495224 13.51981648818521
39570.0 0.00058863054499 22.05404791086083 -154.40288809892141 349957.49703958723694 47.04194704155281 13.69758302253874
39600.0 0.00058057957927 22.06912569355411 -154.38948790346791 350035.42031792551279 46.85538644224582 13.87498450897734
39630.0 -0.00018816000386 22.08327960805086 -154.37624527263253 349982.61064936965704 46.66930777253013 14.05184544173609
39660.0 0.00010967490690 22.09829862720598 -154.36265420779068 350049.07928720302880 46.48345255308539 14.22853632023335
39690.0 0.00108368220512 22.11239220590891 -154.34921764713437 349984.78910583909601 46.29795430783477 14.40488285412649
39720.0 0.00089049212050 22.12734579503454 -154.33544322603839 350040.25320430099964 46.11290235689619 14.58077437977699
39750.0 0.00097903737897 22.14136513359564 -154.32183537402335 349965.70544176734984 45.92825746370134 14.75627697254921
39780.0 0.00035720310073 22.15625376151404 -154.30787073082723 350009.88561179675162 45.74393744714888 14.93151343640922
39810.0 0.00057756105807 22.17111495376407 -154.29379869248496 350047.79017784073949 45.55986911699677 15.10659209467046
39840.0 -0.00155357991583 22.18502884064266 -154.27991140979748 349956.80416183639318 45.37628267132720 15.28121290944593
39870.0 0.00060170922770 22.19981563952279 -154.26565962969593 349984.06860201340169 45.19308035560723 15.45551854929297
39900.0 0.00040248210068 22.21456741766080 -154.25131178860789 350005.69834943488240 45.01026628660657 15.62951382395765
39930.0 0.00018715422409 22.22928778762347 -154.23685835634819 350021.20946153067052 44.82773415496874 15.80334925887066
39960.0 0.00010364022825 22.24397286329458 -154.22230603816129 350030.96910681482404 44.64556269713491 15.97692931337792
39990.0 0.00000100577977 22.25861662689063 -154.20766650452271 350035.61266340035945 44.46388561827054 16.15008817222200
40020.0 -0.00006641101214 22.27322868974018 -154.19291677536748 350033.94026960060000 44.28244517055068 16.32317304878609
40050.0 0.00111185703949 22.28780306691634 -154.17806836967850 350026.57735673338175 44.10137357560285 16.49601903073897
40080.0 0.00029381179167 22.30233552611638 -154.16312920268851 350013.96460897289217 43.92076105927227 16.66851829526168
40110.0 -0.00051416974901 22.31682701717796 -154.14809554929209 349995.92275979742408 43.74056697217148 16.84073317617007
40140.0 0.00102733490012 22.33128007259191 -154.13295989340509 349972.06546801980585 43.56070901480082 17.01277824289200
40170.0 0.00027972378354 22.34616536129595 -154.11755619212900 350002.45100390911102 43.38111360414777 17.18475497487291
40200.0 0.00090256620532 22.36100707154758 -154.10206001265971 350027.53738646488637 43.20201069651972 17.35637754701584
40230.0 0.00037229452487 22.37533742307446 -154.08662592230303 349986.70826115924865 43.02330253241229 17.52777939170509
40260.0 -0.00030689165626 22.39009608394392 -154.07092938363709 350000.43410844262689 42.84499390941273 17.69896249083218
40290.0 0.00131812817059 22.40481676478126 -154.05512162178289 350007.89523490704596 42.66697534560532 17.87007215685320
40320.0 0.00229213546880 22.41949562533963 -154.03920987291198 350009.50216707307845 42.48932789487751 18.04101319069625
40350.0 -0.00203052163061 22.43412694685449 -154.02320627021550 350005.94040146656334 42.31218464816397 18.21162707922042
40380.0 0.00096796789204 22.44871968948614 -154.00708688163803 349995.90908163040876 42.13528671419130 18.38224385097616
40410.0 -0.00052121375307 22.46326814866959 -153.99086371299231 349980.08465797454119 41.95876605274221 18.55270553575954
40440.0 0.00031393684221 22.47824679798424 -153.97436646776399 350018.18782242573798 41.78271371055649 18.72290690579014
40470.0 -0.00019419822815 22.49270040599014 -153.95794634431041 349991.41111181024462 41.60708774705771 18.89290732245796
40500.0 0.00119738259488 22.50710873995655 -153.94141911361271 349958.70893877465278 41.43180591715979 19.06281443029695
40530.0 0.00079792137917 22.52195536065483 -153.92459246862271 349978.54477154463530 41.25679440320049 19.23272397556471
40560.0 -0.00053026931669 22.53675156976047 -153.90766868901358 349993.02953213732690 41.08228263559461 19.40236259107480
40590.0 0.00064497666810 22.55150013298039 -153.89063856349790 350001.66524215135723 40.90817304125929 19.57185588979948
40620.0 0.00008452095749 22.56620007887343 -153.87350254926963 350004.49542007688433 40.73447114447792 19.74120351825437
40650.0 -0.00012275595338 22.58085458878917 -153.85624987822010 350000.92605030350387 40.56106448016050 19.91054660727685
40680.0 0.00076370950238 22.59545990021962 -153.83888835390650 349991.41411947738379 40.38803635496220 20.07979026144119
40710.0 0.00074358445184 22.61001062348909 -153.82143059506348 349976.69681956432760 40.21551912212242 20.24878245878971
40740.0 0.00055341170655 22.62451500362586 -153.80385168066780 349955.36824492085725 40.04325311288476 20.41783856024446
40770.0 0.00150226387347 22.63994634780093 -153.78575796108962 350043.74218570813537 39.87136990761869 20.58680673548876
40800.0 0.00044172405822 22.65434514580511 -153.76796610035169 350010.91052431240678 39.69996129711105 20.75558409359135
40830.0 0.00084219223558 22.66868898637850 -153.75007028481451 349972.50250342115760 39.52898414849041 20.92422761617152
40860.0 0.00115914878087 22.68396387031799 -153.73164279172451 350042.86539046093822 39.35835640543116 21.09283906278889
40890.0 -0.00036827140577 22.69820513614629 -153.71351123390824 349991.73855058383197 39.18800414073576 21.26150932569908
40920.0 0.00101727355673 22.71337402396760 -153.69485391067909 350049.75478496123105 39.01815602777172 21.42997599200171
40950.0 -0.00051819641375 22.72749985051874 -153.67651443217028 349987.58719052374363 38.84871482952241 21.59835798930515
40980.0 0.00045782362589 22.74255805833289 -153.65763118650750 350033.55345039628446 38.67968682850049 21.76665299377128
41010.0 0.00128593021711 22.75657177852280 -153.63906411048524 349959.26310414168984 38.51095673562102 21.93499878415527
41040.0 0.00075163423568 22.77152038429731 -153.61994107794976 349992.42915257439017 38.34261004739473 22.10330068952192
41070.0 0.00069126262971 22.78640808871272 -153.60071317254494 350020.10694981645793 38.17477828005368 22.27141246426559
41100.0 0.00099714968808 22.80124231470593 -153.58135442858116 350040.78066803701222 38.00720127972127 22.43963687072475
41130.0 0.00173771325496 22.81551874492167 -153.56210839477487 349999.02769201900810 37.84001015327662 22.60782751218507
41160.0 0.00127687465350 22.82973138081148 -153.54275853563345 349951.89063725806773 37.67329736721705 22.77588357957815
41190.0 0.00045480510469 22.84438150927415 -153.52306532714442 349955.06858414970338 37.50701867776711 22.94386013915916
41220.0 0.00119939533631 22.85897153767983 -153.50325102836479 349951.87921854853630 37.34109232165201 23.11185390262959
41250.0 0.00111286281927 22.87400488021677 -153.48306825942566 349997.55902210902423 37.17544436198485 23.27995161334584
41280.0 0.00070132397310 22.88897299605678 -153.46277537528593 350037.57318438123912 37.01030252796962 23.44790052149840
41310.0 0.00137850095844 22.90337450965528 -153.44260708022694 350015.93876287620515 36.84557003570536 23.61581378836422
41340.0 0.00052322649450 22.91771042526391 -153.42232434555382 349988.39626052789390 36.68125394743697 23.78368739325287
41370.0 0.00146905895834 22.93198332159746 -153.40191504606446 349954.22622108459473 36.51723628444625 23.95165644039970
41400.0 -0.00049304010058 22.94720037965898 -153.38088509451930 350024.01960765663534 36.35360467353045 24.11962638154584
41430.0 0.00062887710043 22.96133684750389 -153.36024969291341 349978.29454403836280 36.19048971547095 24.28745611923269
41460.0 0.00124266395859 22.97642181921475 -153.33897081382565 350035.22049018368125 36.02763100392129 24.45543753547445
41490.0 0.00205165009716 22.99042566346603 -153.31808253510087 349976.36717487405986 35.86515909858201 24.62342904651012
41520.0 0.00003320491513 23.00537213241114 -153.29656476109372 350021.09664041176438 35.70316708144014 24.79133168221615
41550.0 -0.00073251614680 23.01923206081494 -153.27545234679528 349950.92888337466866 35.54160966553804 24.95919896281884
41580.0 0.00018312874123 23.03403857167944 -153.25368781302279 349983.04166442714632 35.38040546130284 25.12712323395315
41610.0 0.00103337194253 23.04877729510277 -153.23178544863632 350007.98918527830392 35.21948060151406 25.29518766293367
41640.0 0.00043065575317 23.06344112716636 -153.20976940269759 350027.27684875484556 35.05906172178655 25.46314805055851
41670.0 0.00091765762946 23.07803173759952 -153.18762959018707 350040.29710168763995 34.89905258210672 25.63111254514577
41700.0 0.00021331631704 23.09254797126078 -153.16536697779063 350047.12438277900219 34.73946103865284 25.79907563624155
41730.0 0.00152037618258 23.10699199173161 -153.14296870021857 350046.96977342199534 34.58016653689501 25.96717031421128
41760.0 -0.00056347423182 23.12136046338108 -153.12044447776830 350040.44985587429255 34.42125877873461 26.13530204055871
41790.0 0.00164111703077 23.13564915304402 -153.09780851039949 350028.46773354988545 34.26286738874754 26.30333431497800
41820.0 0.00081804642971 23.14986368439548 -153.07503268067541 350009.27352466993034 34.10473189188432 26.47154957872552
41850.0 0.00068824292662 23.16399977605172 -153.05213119059917 349983.76775900274515 33.94698224416949 26.63981051635881
41880.0 0.00009055918178 23.17805418663423 -153.02911446037504 349952.62014272529632 33.78971209096952 26.80801976974909
41910.0 0.00106154677691 23.19305455229084 -153.00539291598506 350021.09565342776477 33.63287515878830 26.97622961090382
41940.0 0.00031493907634 23.20694777456546 -152.98212241496861 349977.27841510064900 33.47639049307527 27.14452858089957
41970.0 0.00067918972677 23.22179004420129 -152.95812055133578 350031.51671299058944 33.32018435938637 27.31299674109235
42000.0 -0.00011370275352 23.23551813822469 -152.93459655404124 349975.09000850003213 33.16448218215866 27.48139748187933
42030.0 -0.00014589834324 23.25019161866758 -152.91034617874379 350017.15788333117962 33.00918833502998 27.64983456196439
42060.0 0.00025960109676 23.26426507703316 -152.88626967015338 350000.64843018073589 32.85431147667296 27.81830113968995
42090.0 0.00103840438705 23.27825498738772 -152.86205372389614 349977.08501901477575 32.69972857350668 27.98692856037897
42120.0 0.00071138531649 23.29267419526400 -152.83739927720546 349999.00969392526895 32.54553135179258 28.15562217919530
42150.0 0.00079892715894 23.30700353788155 -152.81262568213941 350015.25977414287627 32.39184841468335 28.32424960962468
42180.0 0.00176588808933 23.32124757058567 -152.78770369175294 350023.96026856452227 32.23841936108516 28.49308506806019
42210.0 0.00012678261812 23.33540244045973 -152.76264811149250 350026.07349200546741 32.08537350218171 28.66199502886262
42240.0 0.00047895327433 23.34946518378160 -152.73746993877074 350022.32265731133521 31.93280500188727 28.83088353717108
42270.0 0.00082005562550 23.36343579450810 -152.71216408836744 350012.38993618171662 31.78066664757262 28.99980185996236
42300.0 0.00065604615503 23.37731485773909 -152.68672157435546 349995.69949158374220 31.62887796576602 29.16883520000098
42330.0 0.00040550062188 23.39110271455123 -152.66113409264162 349971.71428243070841 31.47736540417811 29.33806090244017
42360.0 -0.00044272865611 23.40582914207289 -152.63476918587716 350043.80975176673383 31.32635308585339 29.50724911480819
42390.0 0.00100821681124 23.41942491930987 -152.60892841146455 350007.71991474926472 31.17574605037623 29.67649972661195
42420.0 0.00013080573722 23.43292371631249 -152.58295954881783 349965.46350375004113 31.02555376388943 29.84580468685735
42450.0 0.00140969195026 23.44736271924479 -152.55617465937354 350016.98734571691602 30.87565079496823 30.01529409247733
42480.0 0.00107362086173 23.46066746280188 -152.52992703925651 349960.99773420393467 30.72613084879853 30.18487307706044
42510.0 -0.00041958744813 23.47490673824193 -152.50287996098848 350000.04153051413596 30.57712147519776 30.35441294397326
42540.0 0.00102431637892 23.48904799103714 -152.47567657165101 350031.22378811985254 30.42836245542890 30.52418071821227
42570.0 0.00171960449149 23.50205131816947 -152.44902585909679 349955.70376520976424 30.27998242726653 30.69404624400168
42600.0 0.00092168193044 23.51598706656584 -152.42155733678268 349974.25027665216476 30.13207603545033 30.86391477934514
42630.0 0.00051215818946 23.52981854695799 -152.39395421725010 349986.39491687808186 29.98459516804603 31.03383678674022
42660.0 -0.00061479027418 23.54354591982549 -152.36620727183140 349991.52619278151542 29.83745986555305 31.20389452149610
42690.0 0.00107663938293 23.55716912729038 -152.33830794771268 349989.07194665540010 29.69059679657407 31.37416293755525
42720.0 0.00153244908552 23.57068369645406 -152.31028341559440 349980.85890392120928 29.54422871556985 31.54441821738525
42750.0 -0.00001307986459 23.58408998442832 -152.28212272715677 349966.15774039272219 29.39826136627035 31.71475681863386
42780.0 0.00058058076115 23.59842318182917 -152.25309877171301 350043.17764983791858 29.25270502420137 31.88516957578169
42810.0 0.00111688593837 23.61161097137067 -152.22464879804090 350014.45079653244466 29.10743192845354 32.05578567487717
42840.0 -0.00018916696552 23.62468740914981 -152.19606109833583 349979.13545765914023 28.96253772268537 32.22650991704594
42870.0 0.00105047728999 23.63868572040831 -152.16660773109714 350035.66014878079295 28.81814888283505 32.39721692388416
42900.0 0.00298440387828 23.65153607598390 -152.13773989401065 349986.94667090941221 28.67400545158993 32.56816741249878
42930.0 0.00058661662168 23.66530724603788 -152.10798081487945 350028.52252144645900 28.53023537630240 32.73923422765778
42960.0 0.00102632912035 23.67792591445019 -152.07884573647192 349967.29282233584672 28.38693375114201 32.91032366814571
42990.0 -0.00043468005415 23.69146214822394 -152.04881595592502 349996.31377047114074 28.24405159811617 33.08148555901359
43020.0 0.00116518464140 23.70488022577688 -152.01863604413583 350018.09579274896532 28.10150949429728 33.25279953743286
43050.0 0.00163005227136 23.71817966661608 -151.98829720777778 350032.02995995897800 27.95923435811831 33.42433843978816
43080.0 0.00182123079643 23.73135701920203 -151.95782767818881 350040.05932848434895 27.81744752876478 33.59588385533812
43110.0 0.00079490049420 23.74441212268978 -151.92721622575124 350041.41077829245478 27.67605548025298 33.76752917999381
43140.0 0.00106154559503 23.75734373785140 -151.89646475643329 350036.21514941845089 27.53506929775769 33.93926420750625
43170.0 0.00074559837515 23.77015183226825 -151.86555722269404 350023.35514369979501 27.39435894709219 34.11121750270077
43200.0 0.00017709169882 23.78283433979309 -151.83450646456171 350003.71614981163293 27.25402197542114 34.28329342914132
43230.0 0.00292201953088 23.79538958425431 -151.80332178818585 349977.94364044349641 27.11412699701572 34.45542525487375
43260.0 -0.00053329138353 23.80884819661646 -151.77117396223468 350038.81506733410060 26.97451932317185 34.62776517719585
43290.0 0.00168338223703 23.82114593447220 -151.73970078143930 349999.43186624627560 26.83537419636507 34.80014201671818
43320.0 -0.00002414935152 23.83331325683221 -151.70809161437700 349953.75968575756997 26.69664178840240 34.97260521682879
43350.0 0.00129800430193 23.84637818740169 -151.67551158450038 349994.51423995662481 26.55824320244472 35.14523223966204
43380.0 -0.00005735426665 23.85930983417602 -151.64276671082331 350027.16604437492788 26.42010560642020 35.31809418285486
43410.0 0.00062787132065 23.87107857120372 -151.61072162767326 349960.84822646901011 26.28244899663661 35.49097712885010
43440.0 0.00125373226363 23.88373888890557 -151.57769912998711 349980.82690908480436 26.14518056354811 35.66397191293062
43470.0 -0.00013382544030 23.89626176145786 -151.54452641401292 349993.71264770720154 26.00827200663397 35.83710631910034
43500.0 0.00106959419699 23.90864614441320 -151.51119686087361 349999.02447295002639 25.87166886638198 36.01043327590131
43530.0 0.00171054892787 23.92089034984852 -151.47772829834352 349998.02098957169801 25.73550158473643 36.18382666997846
43560.0 0.00325004083557 23.93299364625873 -151.44410074414887 349989.26664222124964 25.59961473032283 36.35743700805375
43590.0 0.00191279457611 23.94495435122484 -151.41033819792287 349974.46489677019417 25.46418416764607 36.53109457326966
43620.0 0.00020124223222 23.95779260726089 -151.37556347063838 350044.42809482757002 25.32915922623042 36.70484863111826
43650.0 0.00080596998113 23.96946409081060 -151.34150393143136 350015.69674743898213 25.19446151612401 36.87877482088509
43680.0 -0.00310313553068 23.98098967598469 -151.30728435334339 349979.08197484631091 25.06001844658147 37.05294280191860
43710.0 0.00344926914448 23.99338609667045 -151.27204837998994 350027.28671715501696 24.92604875864888 37.22714241089878
43740.0 0.00159684735623 24.00461502566699 -151.23755218912265 349978.12855804804713 24.79246033600005 37.40146232118373
43770.0 0.00136340598866 24.01671032287240 -151.20201460495824 350012.22817980311811 24.65922509336616 37.57592947087199
43800.0 -0.00019419704627 24.02865252816171 -151.16631532760351 350038.52956944238394 24.52628832446545 37.75059608297305
43830.0 -0.00164313213596 24.03942694719550 -151.13137977207916 349968.74549648910761 24.39378041158128 37.92533743230285
43860.0 0.00095992047196 24.05106042372033 -151.09537857344873 349980.81689587142318 24.26154520263735 38.10030254869065
43890.0 0.00172966583488 24.06253732925736 -151.05923850795813 349986.70168399531394 24.12975916521840 38.27532298790558
43920.0 -0.00100218095071 24.07385636881567 -151.02295332034888 349985.92752638272941 23.99837080233638 38.45044790416176
43950.0 0.00117222864547 24.08501603943478 -150.98651301133788 349977.74146692361683 23.86730223129115 38.62575126251186
43980.0 0.00119134673435 24.09601470523241 -150.94990822877983 349961.43060876522213 23.73648111202910 38.80130140270729
44010.0 0.00052020797330 24.10785801493228 -150.91223249459060 350027.49948049522936 23.60612492515278 38.97689161968925
44040.0 -0.00062686790464 24.11853111961172 -150.87534387116520 349998.34551506582648 23.47614224936252 39.15260859229138
44070.0 0.00101626777696 24.12903993754758 -150.83830685771576 349962.18594172410667 23.34650521940949 39.32847847537759
44100.0 0.00032299240582 24.14038457517206 -150.80016171571734 350006.04089616239071 23.21715888738429 39.50455286908582
44130.0 0.00023746330479 24.15155999632822 -150.76187026386319 350043.30096521135420 23.08823357230736 39.68070829559441
44160.0 0.00117323560712 24.16156506654096 -150.72437413600952 349985.23571200016886 22.95957241734286 39.85709249643240
44190.0 0.00064296510855 24.17239880376571 -150.68577845413429 350008.21150250546634 22.83135248004926 40.03353812998287
44220.0 0.00064095118525 24.18305936762508 -150.64703462532449 350024.38285452686250 22.70352145041512 40.21009429723355
44250.0 -0.00019620978770 24.19354479989756 -150.60813249833350 350032.96073295734823 22.57600195019617 40.38683341972138
44280.0 -0.00028274348662 24.20385302738260 -150.56906255776184 350033.19585088454187 22.44872189664581 40.56382262119438
44310.0 0.00043669397746 24.21398489217416 -150.52985676649627 350027.46465550363064 22.32189751170502 40.74085839184764
44340.0 0.00168941691568 24.22393828832085 -150.49050306764988 350014.83070560637861 22.19543806738660 40.91802556322192
44370.0 0.00024652005029 24.23371165445968 -150.45099841335997 349995.03165528364480 22.06931592197844 41.09534956115294
44400.0 0.00153446300883 24.24330303038100 -150.41133571058270 349967.49395274557173 21.94347588889444 41.27288143542729
44430.0 0.00123964189174 24.25369657018462 -150.37052626233330 350018.83129080384970 21.81804822432194 41.45049882958593
44460.0 0.00008049902027 24.26291955529018 -150.33056020447231 349976.84277586732060 21.69287537712481 41.62834836328791
44490.0 0.00117927028577 24.27293887904478 -150.28944227016771 350013.60886446945369 21.56813498719671 41.80626364581258
44520.0 0.00106858959909 24.28276876834976 -150.24817436952574 350043.45025409664959 21.44377394283615 41.98429377560114
44550.0 0.00191279575799 24.29143039667350 -150.20777498244354 349981.26095405500382 21.31971536490748 42.16250974568802
44580.0 0.00059667796507 24.30087596552768 -150.16618194123075 349995.02451832965016 21.19588743200248 42.34097755445006
44610.0 -0.00022337647855 24.31012923711449 -150.12445185976026 350002.74109070654958 21.07250511562607 42.51949665383647
44640.0 -0.00043468123603 24.31918756001288 -150.08257251680928 350003.43091718014330 20.94947837640375 42.69815015770164
44670.0 0.00196813610132 24.32804918716439 -150.04054091354857 349996.81993455067277 20.82677979854373 42.87696280994223
44700.0 0.00072949880748 24.33671179410713 -149.99834981401250 349982.30057627428323 20.70435395796628 43.05598517353833
44730.0 0.00091262754871 24.34517647037620 -149.95601983483908 349961.43068165984005 20.58233105197641 43.23509590122566
44760.0 -0.00028173652497 24.35440122810403 -149.91246441858479 350015.20379434712231 20.46055284088840 43.41444063723306
44790.0 0.00087137284973 24.36246157975486 -149.86983432578148 349979.93664614390582 20.33919754419887 43.59385380711916
44820.0 0.00016401065235 24.37127765012723 -149.82598989963310 350020.45502910111099 20.21821125816152 43.77338455073054
44850.0 0.00054938740557 24.37892849067640 -149.78306344105721 349970.89472322352231 20.09751759488006 43.95310253421000
44880.0 0.00145296057254 24.38732485156563 -149.73889246980400 349995.01505917683244 19.97704499653905 44.13307270941930
44910.0 0.00100117398906 24.39551214260808 -149.69458463379436 350013.03274731244892 19.85700719795886 44.31309728347989
44940.0 0.00086935892643 24.40348714827136 -149.65012756352300 350023.92284697853029 19.73731484109415 44.49325776674603
44970.0 0.00054737702790 24.41124793792073 -149.60551832210760 350027.39895594306290 19.61794073772974 44.67357826198811
45000.0 0.00111487437882 24.41879180708949 -149.56074954028711 350022.81750672310591 19.49882922579914 44.85410890117311
45030.0 0.00002616091107 24.42612208830857 -149.51585109393164 350012.50135276094079 19.38016556632644 45.03467870744392
45060.0 0.00032299240582 24.43323093799390 -149.47078420816069 349993.29946730192751 19.26169099051187 45.21552408095948
45090.0 -0.00008049665651 24.44012015512884 -149.42556931190768 349966.77917738165706 19.14352951163980 45.39653019680551
45120.0 -0.00129096029786 24.44772579830778 -149.37909975386293 350014.60364260338247 19.02577951174314 45.57760603735280
45150.0 -0.00030890557957 24.45417351378493 -149.33361009692302 349975.17362988367677 18.90838631711810 45.75880074744759
45180.0 0.00003119217370 24.46132659807605 -149.28683830233155 350008.15484673250467 18.79127404433248 45.94018265922319
45210.0 0.00350461185158 24.46731986984161 -149.24103572839911 349952.48724455479532 18.67437141980713 46.12181565808064
45240.0 0.00046386066830 24.47401491692742 -149.19396608393990 349970.71504058502614 18.55789086808403 46.30350474650943
45270.0 0.00008250703418 24.48047828946779 -149.14674994473401 349981.76611665356904 18.44174373082978 46.48532982208527
45300.0 -0.00035720191885 24.48670786597246 -149.09938445170181 349985.33935144357383 18.32590305135693 46.66731434128565
45330.0 0.00027871800376 24.49270051521870 -149.05186210662333 349980.74963537696749 18.21031294196879 46.84950798320246
45360.0 -0.00012577565646 24.49937478041843 -149.00305153681333 350049.29680148418993 18.09515828941331 47.03174141580642
45390.0 0.00113097512838 24.50397945498092 -148.95639966829236 349951.10741268936545 17.98018050989671 47.21424856788394
45420.0 0.00128492325545 24.51016698588686 -148.90726898543790 350002.83957076258957 17.86550308891144 47.39691590313434
45450.0 0.00078785885390 24.51611190294567 -148.85800137605884 350048.16340470407158 17.75122482207038 47.57965260362024
45480.0 -0.00264933738765 24.52090839882149 -148.80977099627029 350008.30275337677449 17.63729027165650 47.76250786136288
45510.0 -0.00130404134434 24.52546081133618 -148.76139530264678 349960.76808577217162 17.52362404556189 47.94554876783362
45540.0 0.00073654281154 24.53066212616681 -148.71167319612726 349982.36351311299950 17.41015515156477 48.12883821453079
45570.0 0.00106959537887 24.53561623600223 -148.66182192294411 349997.88372433837503 17.29709473447431 48.31218380687339
45600.0 0.00007244569079 24.54031863349321 -148.61182883476383 350006.19611136894673 17.18435482213744 48.49566393460799
45630.0 0.00050813388848 24.54476701075187 -148.56169116315914 350006.98388068377972 17.07190868932648 48.67930144508928
45660.0 -0.00005936582620 24.54895779085992 -148.51140129226866 349999.51764881424606 16.95970021873092 48.86314561624301
45690.0 0.00097299915468 24.55289724717177 -148.46099107747764 349986.38788709603250 16.84791395261853 49.04702861522006
45720.0 0.00286667682378 24.55657346634809 -148.41041971510361 349964.06649814918637 16.73629145263148 49.23118212666075
45750.0 0.00039845779970 24.56086620592241 -148.35848487817410 350010.76185921300203 16.62495570789342 49.41549379494744
45780.0 -0.00017306857972 24.56402347578712 -148.30764816365931 349974.79809695016593 16.51400593252409 49.59987295405861
45810.0 0.00071843168431 24.56779058380901 -148.25544915576620 350008.21090895775706 16.40338592900420 49.78436887885123
45840.0 -0.00341505963146 24.57042034226248 -148.20433933717587 349957.57579200062901 16.29302078177253 49.96904750121936
45870.0 0.00454905209916 24.57450784127223 -148.15059432949016 350049.75797858089209 16.18283977544463 50.15397078087554
45900.0 0.00143082278057 24.57660157926102 -148.09921243652605 349984.35750655923039 16.07305281117462 50.33894876004493
45930.0 0.00152339470378 24.57928649159910 -148.04645274167041 349987.50442166626453 15.96357258750325 50.52405841170523
45960.0 0.00044675295709 24.58169671602359 -147.99355530082170 349983.09187840297818 15.85437261039034 50.70932200587586
45990.0 0.00042964997340 24.58467852177535 -147.93925127223068 350045.43515147734433 15.74539652756697 50.89478846376322
46020.0 -0.00135535738670 24.58568889452130 -147.88735683235024 349951.99261026456952 15.63682857142388 51.08029132641120
46050.0 0.00292403109043 24.58810825428597 -147.83277662117169 349999.06225143279880 15.52841040345788 51.26606023006887
46080.0 0.00129599156050 24.59024072746951 -147.77805536613548 350038.29735606722534 15.42026455079835 51.45198390605827
46110.0 0.00059667914695 24.59125351958387 -147.72449115522571 349996.79945542011410 15.31249065415851 51.63797180059330
46140.0 -0.00110783155663 24.59281958128411 -147.66952220190123 350022.80303535051644 15.20503175874586 51.82407330127474
46170.0 -0.00118329695051 24.59326360915162 -147.61570079270223 349966.55507383774966 15.09781340975999 52.01035325046823
46200.0 0.00220861910920 24.59424363511996 -147.56044464432236 349975.39077351335436 14.99076516277967 52.19687272903123
46230.0 -0.00230118985053 24.59493657428632 -147.50507514936848 349978.24132454115897 14.88409571618574 52.38344407380531
46260.0 0.00127586769184 24.59533654064283 -147.44957947316536 349973.85590081941336 14.77771842233940 52.57014291967553
46290.0 0.00099412998499 24.59544087226875 -147.39395506422926 349961.88351269159466 14.67160701799102 52.75699098656723
46320.0 0.00123863729385 24.59605713684711 -147.33688361209622 350014.79701188113540 14.56570490947740 52.94403687691434
46350.0 0.00057756342183 24.59556720316048 -147.28101545110485 349988.72266854997724 14.46019605839419 53.13111539892507
46380.0 0.00134026359879 24.59557505008795 -147.22368257829288 350026.16060185711831 14.35482217513675 53.31845430792924
46410.0 0.00114103647177 24.59447347301774 -147.16754222686529 349982.90505101066083 14.24970536211806 53.50594334122754
46440.0 0.00342310705154 24.59387338274806 -147.10997097586210 350006.39808612130582 14.14494569758214 53.69349202541105
46470.0 -0.00149119556843 24.59296540922261 -147.05228019946910 350022.81020099576563 14.04048547084453 53.88114988519057
46500.0 -0.00016803495333 24.59095388619757 -146.99579567546269 349958.64647956937551 13.93625067081018 54.06898073419538
46530.0 0.00176186497023 24.59020250377144 -146.93649739798670 350029.95403782185167 13.83217111769825 54.25704481868737
46560.0 0.00229817014745 24.58757182621461 -146.87977872723525 349950.88161298818886 13.72845435188295 54.44515664996267
46590.0 -0.00109978177279 24.58619171945542 -146.82025472571095 350008.71816030796617 13.62501436181341 54.63339059238866
46620.0 0.00227905324045 24.58371272284876 -146.76195841692154 349986.86673899367452 13.52182511458763 54.82176783919179
46650.0 0.00186349245706 24.58091202099800 -146.70353675783917 349956.52366569545120 13.41882976801149 55.01033670600069
46680.0 0.00148314460271 24.57856783246195 -146.64366230864269 349992.21521191019565 13.31621205588360 55.19893317862743
46710.0 0.00212208541028 24.57588660700834 -146.58364527638386 350017.99449538160115 13.21371368206350 55.38778327317978
46740.0 0.00097702463754 24.57287557231375 -146.52350938365578 350035.88938824832439 13.11145636404517 55.57677766380228
46770.0 0.00160087283909 24.56954089472192 -146.46327476665272 350047.61599229276180 13.00954063139172 55.76582593288722
46800.0 0.00070132397310 24.56512681447153 -146.40431198053028 349981.34838153608143 12.90790801758551 55.95497776183175
46830.0 0.00094281276075 24.56187864884321 -146.34247411861696 350048.65371578466147 12.80648384504356 56.14429711661667
46860.0 -0.00172463339036 24.55753827912946 -146.28188719531963 350035.66550861950964 12.70520036004750 56.33384120592086
46890.0 0.00032399700371 24.55287066222171 -146.22121159535797 350016.80558646749705 12.60426291830304 56.52342772543734
46920.0 0.00059064210454 24.54786845204807 -146.16043439166475 349990.69320829119533 12.50358612588268 56.71312982691435
46950.0 -0.00319369353058 24.54253137754706 -146.09955950607551 349957.53087460901588 12.40317877869258 56.90293784814126
46980.0 0.00453899075577 24.53757489060386 -146.03716476076585 349985.40351135842502 12.30292082952809 57.09295508277551
47010.0 0.00089652679915 24.53227015319267 -145.97466247258106 350005.41790056973696 12.20289593420058 57.28310609429651
47040.0 0.00162904530971 24.52662642582372 -145.91207796475894 350019.82107185292989 12.10323078090177 57.47327793647261
47070.0 0.00077075350645 24.52062178889143 -145.84936698608078 350024.18632821366191 12.00366707779267 57.66369479294199
47100.0 0.00079188315488 24.51355608822332 -145.78797252904852 349951.08587242942303 11.90432615742161 57.85424830524769
47130.0 0.00192587444070 24.50756343456754 -145.72365940265573 350011.05131522100419 11.80530898184534 58.04484816557898
47160.0 -0.00044373679965 24.50051147528217 -145.66067534749794 349994.39812766667455 11.70655633932766 58.23554417290997
47190.0 0.00303873962373 24.49310191569238 -145.59759086102949 349969.45020161382854 11.60799506878874 58.42639816773361
47220.0 0.00301559605199 24.48601909789132 -145.53296160099455 350004.05825467035174 11.50955551107457 58.61746877141531
47250.0 -0.00171356863096 24.47857964317195 -145.46825399210101 350032.62136514764279 11.41144297574107 58.80857471202442
47280.0 -0.00025758835533 24.47009271048090 -145.40489677869039 349984.87100875936449 11.31357268594637 58.99978790506955
47310.0 0.00048297875719 24.46192789778760 -145.34001467192272 349998.76929678488523 11.21595351821841 59.19109852288110
47340.0 0.00096595633249 24.45338633475559 -145.27502608538504 350003.24884346500039 11.11846547503352 59.38260890549500
47370.0 -0.00081904984572 24.44447454200961 -145.20994886236286 349999.85918320715427 11.02119184287029 59.57424432111172
47400.0 0.00180412544898 24.43520346868904 -145.14480893962204 349990.97775043360889 10.92425927600083 59.76589250595807
47430.0 -0.00095388342956 24.42620826027085 -145.07810121295043 350040.11634973250329 10.82740941289315 59.95777592496952
47460.0 0.00028173770685 24.41617448574810 -145.01276718660358 350012.99530837032944 10.73076325238218 60.14978713169178
47490.0 0.00024752701194 24.40577571956739 -144.94737177471188 349979.88231527246535 10.63442221363330 60.34183591299527
47520.0 0.00181619953380 24.39565187088063 -144.88043561530708 350007.58327282965183 10.53832633647116 60.53397219974205
47550.0 0.00175481978429 24.38513947444121 -144.81341171375684 350026.69178014807403 10.44240286281513 60.72625687958089
47580.0 0.00093878964165 24.37359365354402 -144.74776789947541 349968.29453977569938 10.34658238661152 60.91874777598176
47610.0 -0.00273687686634 24.36294481980284 -144.67911072417704 350039.20509339869022 10.25106916206265 61.11126568207089
47640.0 -0.00104947151021 24.35064539391973 -144.61334643853561 349967.56829577963799 10.15577900703244 61.30388132528356
47670.0 0.00107362086173 24.33921528000505 -144.54454637966492 350023.48273154255003 10.06072089029743 61.49658471578963
47700.0 -0.00053027049857 24.32675856452234 -144.47714596980677 350002.44581859186292 9.96577483298462 61.68947728704691
47730.0 0.00039644505827 24.31391052996426 -144.40967839859758 349973.50185463763773 9.87102378525938 61.88248498522165
47760.0 -0.00245715190092 24.30129244546408 -144.34067145038077 350006.14499757904559 9.77659441336291 62.07549619656483
47790.0 0.00243300254940 24.28825803404241 -144.27157151512580 350028.19821927230805 9.68222820911033 62.26873175600203
47820.0 -0.00047191045214 24.27481923766475 -144.20240400694652 350042.04748957697302 9.58804589109650 62.46208508542467
47850.0 -0.00120140571398 24.26098649432863 -144.13319092131820 350049.75224456563592 9.49414936306628 62.65546605934182
47880.0 0.00049002039749 24.24616358904546 -144.06543568280284 349983.60856411978602 9.40047791242668 62.84892474963584
47910.0 -0.00132818951397 24.23210908915747 -143.99459180163376 350041.93349730875343 9.30695916376551 63.04252112696427
47940.0 0.00104846454856 24.21704712195664 -143.92518485489325 350023.66617309395224 9.21352395411314 63.23631223983378
47970.0 -0.00163508235212 24.20158902671414 -143.85574408889053 349999.48977924138308 9.12037555114101 63.43012088751422
48000.0 0.00154653591177 24.18572486313935 -143.78625666035703 349967.78360005933791 9.02743034542787 63.62401664871683
48030.0 -0.00037430726630 24.17001951600242 -143.71519930969015 349994.85486555006355 8.93469741050691 63.81798937523362
48060.0 0.00098104893852 24.15388399605362 -143.64407390808961 350012.03643228765577 8.84205675470243 64.01213962996611
48090.0 -0.00078484033269 24.13677290409147 -143.57443308856816 349955.16040516272187 8.74959102652929 64.20639401759333
48120.0 0.00015596205039 24.12036379707489 -143.50170168747033 350024.54376984760165 8.65742695237633 64.40064155251414
48150.0 0.00006842257169 24.10241801624311 -143.43197596354989 349951.54193320032209 8.56530579829209 64.59510150575598
48180.0 -0.00196612454178 24.08513620542143 -143.35912728755028 350001.65882471390069 8.47334805812069 64.78966813445861
48210.0 -0.00309609152662 24.06743185919324 -143.28625240809126 350045.50025090016425 8.38165615004192 64.98425140139751
48240.0 -0.00254771108270 24.04823936442630 -143.21644077904477 349950.97749246470630 8.29016860460615 65.17890152375374
48270.0 -0.00485896227662 24.02967497868338 -143.14349155007542 349978.52914103679359 8.19881340914593 65.37367758443676
48300.0 0.00039845779970 24.01066129567774 -143.07048682965419 349995.68434544466436 8.10752163454228 65.56863587376085
48330.0 0.00145396517044 23.99122343066508 -142.99746822155976 350006.77395969908684 8.01649563246104 65.76360115546046
48360.0 -0.00355995101304 23.97135051278498 -142.92442301662163 350010.09048402775079 7.92565234479291 65.95864189124549
48390.0 0.00051718945209 23.95104336619576 -142.85135606595864 350005.88048289250582 7.83500096344842 66.15374777868503
48420.0 -0.00213617223653 23.93028583436503 -142.77824755001609 349991.59737749584019 7.74442145253064 66.34901853624437
48450.0 0.00173469473375 23.90908816768252 -142.70511627146922 349969.04782680142671 7.65399619474418 66.54438141444700
48480.0 -0.00046184792687 23.88795419312087 -142.63041812172420 350005.80564885120839 7.56385202657783 66.73972604368757
48510.0 -0.00299748256100 23.86635111921943 -142.55567279135008 350031.34381518885493 7.47372990825865 66.93527017657502
48540.0 -0.00070333789641 23.84381798903498 -142.48248319290622 349983.70734327565879 7.38375016573610 67.13090888219796
48570.0 -0.00000402311910 23.82132706376385 -142.40772133369637 349994.51130025833845 7.29401576358958 67.32655221929447
48600.0 0.00010061934329 23.79838781445298 -142.33295260961594 349997.75503921415657 7.20446447072916 67.52225055022623
48630.0 -0.00164011243287 23.77498998462281 -142.25816646893722 349991.88721373863518 7.11502461834235 67.71806209330482
48660.0 0.00039141261375 23.75112341424140 -142.18335290361526 349975.39347337558866 7.02562750239261 67.91404239249654
48690.0 0.00282341056526 23.72726602072516 -142.10696423108817 350017.06706823594868 6.93647463028331 68.11001814951507
48720.0 -0.00043266731272 23.70250112070529 -142.03216433327265 349986.56022997666150 6.84748347483270 68.30605673402542
48750.0 0.00065705075292 23.67772398300337 -141.95577680394882 350012.53779807593673 6.75866336092106 68.50214769406641
48780.0 0.00037531422795 23.65203364066157 -141.88096808742321 349964.03403575997800 6.66989417729847 68.69838992108120
48810.0 -0.00171759175006 23.62631410495747 -141.80456604557162 349971.07508237846196 6.58125807771148 68.89471130479245
48840.0 0.00039040919774 23.60014520823730 -141.72819270852807 349972.53615971375257 6.49288206009801 69.09100208822879
48870.0 -0.00344122054252 23.57348821213588 -141.65180147509054 349962.47543242294341 6.40450669854907 69.28747853267227
48900.0 -0.00443535052752 23.54677225223931 -141.57381266472430 350007.45620356593281 6.31625220903578 69.48403650464103
48930.0 0.00133120803518 23.51959043193178 -141.49585099002363 350046.04850437026471 6.22822213621016 69.68058617308287
48960.0 -0.00413851903276 23.49153281001752 -141.41951810543316 350013.19423102401197 6.14035348237036 69.87717804141255
48990.0 0.00132718491608 23.46299985128165 -141.34319751812066 349971.02402816619724 6.05257490470369 70.07386948136563
49020.0 0.00004125351709 23.43475933545067 -141.26364974919920 350044.97683386504650 5.96481791663999 70.27071529777405
49050.0 -0.00066409475699 23.40527405772228 -141.18737144974187 349985.63722529634833 5.87728325324849 70.46754411756140
49080.0 0.00330940666177 23.37607748667579 -141.10788695367026 350045.08380700647831 5.78988889907379 70.66442223751707
49110.0 -0.00453798261223 23.34564736376871 -141.03167293541918 349969.84424757491797 5.70264432748624 70.86133906142719
49140.0 0.00398054542282 23.31546579173649 -140.95222976090432 350010.57043327763677 5.61542932165759 71.05839266321377
49170.0 -0.00054838162580 23.28478946555352 -140.87281446547394 350042.45262021198869 5.52832584373064 71.25551157071688
49200.0 0.00575951574051 23.25328371399182 -140.79508180091975 350005.44105141982436 5.44146110537299 71.45258664418118
49230.0 0.00151333217851 23.22127289018100 -140.71736204133694 349956.53601121809334 5.35457521471933 71.64983266431989
49260.0 0.00050310262584 23.18912103310790 -140.63805086946928 349961.76760380715132 5.26778833644492 71.84714628833832
49290.0 0.00003119099182 23.15649010411347 -140.55879859113202 349960.55880564451218 5.18120463002386 72.04443781583127
49320.0 -0.00124065003528 23.12336976920135 -140.47959626973642 349951.39064670540392 5.09476032640934 72.24175788327926
49350.0 -0.00023645870690 23.09007537418754 -140.39879742721814 349995.47176173143089 5.00838439195716 72.43916302961799
49380.0 0.00089854190434 23.05625648030354 -140.31802490394486 350028.08063674625009 4.92200855131037 72.63670732376860
49410.0 -0.00137045117460 23.02163191500500 -140.23896016250563 349991.40683968365192 4.83583283861702 72.83422131712334
49440.0 0.00041958744813 22.98682522555530 -140.15831342720426 350009.19854406733066 4.74977573235407 73.03177024781458
49470.0 0.00149220253008 22.95151692911944 -140.07772780421803 350018.84661796409637 4.66384687085623 73.22934338118648
49500.0 -0.00249438229891 22.91538749548934 -139.99882805505342 349954.59918761812150 4.57792590234249 73.42703797651845
49530.0 0.00392017263497 22.87934695475145 -139.91669969454330 350006.71761019714177 4.49209463514408 73.62478320342773
49560.0 -0.00650511293378 22.84252319706448 -139.83630413371893 349990.35829192772508 4.40648054719264 73.82247055122104
49590.0 -0.00112594386574 22.80516810843655 -139.75595015817848 349961.57107666041702 4.32082320251162 74.02031331607068
49620.0 0.00201643480436 22.76757883418547 -139.67401353278910 349986.02842589374632 4.23524277300210 74.21820894645391
49650.0 -0.00150326965325 22.72948813930114 -139.59216543040083 350003.85827007889748 4.14984406871496 74.41606789836921
49680.0 0.00189669619031 22.69088477367971 -139.51039684273675 350013.43046446423978 4.06456254449672 74.61394093023485
49710.0 0.00034311627448 22.65175600317026 -139.42869757857565 350012.92105738632381 3.97932746075854 74.81188375793684
49740.0 -0.00460439362438 22.61208924146496 -139.34705796999410 350000.54339046683162 3.89407074813961 75.00994971474222
49770.0 0.00326010454272 22.57192247020915 -139.26551957711803 349981.59543590340763 3.80899181010480 75.20797128614616
49800.0 0.00266141147246 22.53124103450351 -139.18407019503476 349953.97451787721366 3.72400960300030 75.40601266156077
49830.0 -0.00991011122185 22.49051603402408 -139.09939492397154 350042.65189133305103 3.63913394702635 75.60406297460182
49860.0 0.00218950220220 22.44877568836000 -139.01811174954685 349995.00647199060768 3.55424432793258 75.80221866650579
49890.0 0.00122555742926 22.40673906933799 -138.93525958798520 350000.26412753108889 3.46942243760897 76.00040955690761
49920.0 -0.00778701884991 22.36419763071034 -138.85252623387524 349999.58908199612051 3.38479607271528 76.19852778230658
49950.0 0.00458930101835 22.32131129552571 -138.76820052190808 350048.15228093694896 3.30010417713881 76.39678513774562
50190.0 -0.01556296584914 21.95855587977191 -138.10084930991593 349985.78131687454879 2.62534628580356 77.98329026254703
50220.0 0.00861512307737 21.91098932944454 -138.01585597772231 350011.68525587394834 2.54122431323225 78.18171841698140
50430.0 0.00232604478434 21.56284143723884 -137.42291965541801 349990.93183001969010 1.95398893275457 79.57081518148344
50460.0 -0.00543149207206 21.51098554657053 -137.33731393094430 349999.26433774270117 1.87017986427858 79.76935880635206
50490.0 0.00054636652061 21.45859376399454 -137.25187263841116 350000.49832637794316 1.78650391037199 79.96782781339276
50520.0 0.01219922698757 21.40564942272457 -137.16658391870155 349992.30767680052668 1.70288094179544 80.16628431149822
50550.0 -0.00482072846262 21.35224703939358 -137.07977316611698 350037.00464779417962 1.61932119574956 80.36471719333802
50580.0 -0.00645580726909 21.29817197806126 -136.99477992153632 350007.02647199295461 1.53570375673344 80.56322123528831
50610.0 0.00097601885776 21.24354081957115 -136.90994336145425 349966.79717490635812 1.45211019394672 80.76172759585872
50640.0 0.00655642897614 21.18853041199440 -136.82192895846117 350044.18426860123873 1.36866909527937 80.96012978197578
50670.0 0.00348046250006 21.13277725133051 -136.73741343097905 349983.34607164375484 1.28511794890518 81.15863649475928
50700.0 -0.00039644505827 21.07658996855967 -136.64969867571980 350035.86559152882546 1.20157729353446 81.35714761866249
50730.0 -0.00013281847865 21.01973937003118 -136.56553262195752 349957.07847089972347 1.11815410548546 81.55557428029411
50760.0 -0.00034311509260 20.96244261695905 -136.47817993776073 349992.94666691217571 1.03478148747899 81.75396750878014
50790.0 -0.00702532208896 20.90456255855987 -136.39099357393354 350017.35915731638670 0.95138950533487 81.95238058234912
50820.0 0.00777393662156 20.84608402584501 -136.30396420283657 350028.21907150186598 0.86791069279197 82.15086460415385
50880.0 0.00672547325488 20.72746016471262 -136.13048395413026 350025.27692012023181 0.70120661279701 82.54762184908951
50910.0 -0.00052825775714 20.66730110481025 -136.04402632043255 350009.37947010621428 0.61791212936012 82.74594492928918
50940.0 -0.00450276613755 20.60655018516655 -135.95773936748819 349980.17573025170714 0.53453835776368 82.94432116496733
50970.0 0.00931443667280 20.54523507581685 -135.86995880609464 350002.30741790402681 0.45116685872009 83.14268240942930
51000.0 0.00281032833691 20.48337084529673 -135.78239367096344 350017.84915001131594 0.36792668940242 83.34092290166970
