# sod		dsTEC/dt [TECU/s]		lat		lon		h_ipp		ele		azi
12690.0 -0.01985141129337 24.50990931816371 -160.95176842376856 349990.72911439184099 18.52489693389148 315.39428824439563
12750.0 -0.01996712479390 24.48639127892627 -160.85579891520982 349978.22863897960633 18.78066486095959 315.72769833384842
12780.0 -0.01880697075032 24.47479112043379 -160.80862609602116 349999.26225244905800 18.90914914721797 315.89417780661427
12810.0 -0.01823343428870 24.46297735711680 -160.76165017836922 350009.73890065867454 19.03786528354557 316.06036818204512
12840.0 -0.01781284076533 24.45095559547098 -160.71482925418718 350013.23878692556173 19.16710253171702 316.22650499066322
12870.0 -0.01983833054236 24.43872306770018 -160.66821114665660 350005.77097935881466 19.29654562303379 316.39232963592178
12900.0 -0.01762669291196 24.42628462153645 -160.62175985528668 349990.40516832191497 19.42644522649852 316.55804630136606
12930.0 -0.01619285124084 24.41461290524012 -160.57657157732680 350046.65609617345035 19.55665514848032 316.72353454938354
12960.0 -0.01745563810781 24.40176592310988 -160.53048931495923 350012.43524490017444 19.68721536430196 316.88882627569359
12990.0 -0.01835317253342 24.38871749225095 -160.48457634019451 349970.21012987848371 19.81823779019504 317.05401246149921
13020.0 -0.01772328847134 24.37644472147961 -160.43993206112168 349998.65803025756031 19.94944977435686 317.21886875636835
13050.0 -0.01722823585093 24.36397749170665 -160.39544287994187 350019.96323072351515 20.08116787402109 317.38365406612832
13080.0 -0.01768304029082 24.35131580771296 -160.35113083836785 350032.32153810560703 20.21324695654690 317.54824863341412
13110.0 -0.01695253570357 24.33846021477539 -160.30701411299776 350034.26148789469153 20.34556662416406 317.71255276477939
13140.0 -0.01853227704754 24.32541458712748 -160.26305191614671 350029.18750331457704 20.47841817617935 317.87680517724607
13170.0 -0.01808753461585 24.31217797094250 -160.21929072431982 350013.28913664445281 20.61148274535464 318.04074299370671
13200.0 -0.01846486128976 24.29875373587335 -160.17569525968224 349989.50407566037029 20.74501437038610 318.20457452985494
13230.0 -0.01932214760872 24.28514238076446 -160.13228759688002 349956.04104627855122 20.87886391552141 318.36817638667543
13290.0 -0.01925372570184 24.25935164062675 -160.04803406424824 350030.74512252584100 21.14775402090088 318.69488400247235
13320.0 -0.01974374735507 24.24519173499996 -160.00517442177963 349969.30775224324316 21.28263150053034 318.85785397070197
13380.0 -0.01974475365192 24.21832693332894 -159.92196541663375 349991.41249577421695 21.55378872090940 319.18346700331927
13410.0 -0.01958778567402 24.20463110786906 -159.88064076498159 349987.77972679305822 21.68980011451406 319.34588723229399
13440.0 -0.01942779917492 24.19076230363699 -159.83946878575841 349977.13282615039498 21.82635352717021 319.50825894316307
13470.0 -0.01986449189664 24.17772244023364 -159.79947897622728 350041.27775436453521 21.96312643758645 319.67031465918404
13530.0 -0.01841656339927 24.14913333637760 -159.71803204983661 349973.90931808762252 22.23795101085805 319.99398977788542
13560.0 -0.01804225532043 24.13559170882124 -159.67854989464209 350012.47898739576340 22.37589518662826 320.15551916472134
13590.0 -0.01899613742037 24.12188641844067 -159.63922331075869 350043.54084853082895 22.51431766748647 320.31694528406820
13620.0 -0.01882910736041 24.10701177270774 -159.59913046028657 349977.46949849743396 22.65294416205217 320.47803975005809
13650.0 -0.01762568668898 24.09298231702499 -159.56015256258661 349990.70926696807146 22.79209789562009 320.63907089917848
13680.0 -0.01780579720447 24.07879346393984 -159.52134634401665 349995.19103997014463 22.93162648739150 320.79991168806691
13710.0 -0.01832902369897 24.06444694442593 -159.48272822116175 349989.62294159829617 23.07141111331514 320.96046266736403
13740.0 -0.01822437835575 24.04994347733046 -159.44425966707254 349977.07960133161396 23.21174723905000 321.12096980752210
13770.0 -0.01710849753235 24.03629794731831 -159.40691910659007 350041.91985636577010 23.35230863942935 321.28116067250204
13800.0 -0.01709642293046 24.02148683426771 -159.36879856175338 350011.41974825877696 23.49335624080511 321.44125274012094
13830.0 -0.01625624210669 24.00652366894688 -159.33085864809229 349971.50889238249511 23.63473490221308 321.60111615024937
13860.0 -0.01626429174280 23.99242512787245 -159.29401349559214 350011.19331515394151 23.77649162307213 321.76078987996817
13890.0 -0.01672513352056 23.97817846238757 -159.25732017176907 350043.45705750584602 23.91873367014804 321.92036357059169
13920.0 -0.01663859989551 23.96276939385990 -159.21990514297937 349976.41235685627908 24.06118591669281 322.07960643186067
13950.0 -0.01406774701388 23.94823087345767 -159.18355126469174 349991.18608719203621 24.20417498776843 322.23879209999109
13980.0 -0.01527619872635 23.93354885228637 -159.14736457459480 349997.35075603239238 24.34754479960897 322.39778956593238
14010.0 -0.01602783384844 23.91872555338880 -159.11136066065785 349993.69737652689219 24.49117733752502 322.55649938261081
14040.0 -0.01517960316697 23.90376026328139 -159.07550211832074 349983.14638392161578 24.63537018327838 322.71517166499325
14070.0 -0.01376991040416 23.88865677647465 -159.03983145338424 349962.39233678486198 24.77979336457609 322.87352861271961
14100.0 -0.01580143766681 23.87443600731720 -159.00519564399420 350024.54495684709400 24.92471131551861 323.03179281397439
14130.0 -0.01415629308490 23.85905813454182 -158.96985028102907 349987.18209449201822 25.06996583692558 323.18983086188041
14160.0 -0.01349823514871 23.84456783201401 -158.93554462915691 350032.08790366351604 25.21560632103251 323.34768431416700
14190.0 -0.01450443980946 23.82892047112237 -158.90052093080874 349978.39947793632746 25.36173844334269 323.50544253666425
14220.0 -0.01473284828932 23.81416620565337 -158.86654921101973 350005.77873258106411 25.50808623987938 323.66287203522006
14250.0 -0.01446419170281 23.79928029184242 -158.83271887438738 350026.29973854776472 25.65497976934535 323.82025220372543
14280.0 -0.01527821124617 23.78426560331792 -158.79905026323246 350038.39683710969985 25.80225919568869 323.97744781520680
14310.0 -0.01508300753372 23.76912479513684 -158.76555817375251 350040.93952771835029 25.94980733269367 324.13435933393481
14340.0 -0.01381619584869 23.75385581158810 -158.73220631031427 350036.70082844980061 26.09792389021415 324.29124142484932
14370.0 -0.01413013165676 23.73846381986422 -158.69903590799123 350022.53138926252723 26.24627511307585 324.44781046725785
14460.0 -0.01428005622153 23.69257608751586 -158.60129204619165 350024.84796844702214 26.69393612049696 324.91666078791417
14490.0 -0.01404862922047 23.67669744694947 -158.56876167188079 349977.35259479843080 26.84392246895246 325.07257136741976
14520.0 -0.01324869635562 23.66172676451722 -158.53719380885755 350016.29203990567476 26.99440666187506 325.22839413710733
14550.0 -0.01332818664142 23.64664201743881 -158.50580112722537 350045.54644329566509 27.14511171159141 325.38389214661964
14580.0 -0.01320039868673 23.63041165093554 -158.47374327006582 349973.42739062383771 27.29637134904413 325.53935160996804
14610.0 -0.01329598802313 23.61509518996149 -158.44264710114280 349987.45801688358188 27.44802182320486 325.69463255827384
14640.0 -0.01321750418192 23.59966783265011 -158.41172063735095 349992.20725308079273 27.59994671355428 325.84963509535339
14670.0 -0.01382525178165 23.58412615542395 -158.38092879794144 349990.29208564851433 27.75244805354311 326.00461940506187
14700.0 -0.01315612554042 23.56847673024205 -158.35031142386671 349978.73052528034896 27.90518804614688 326.15929499824438
14730.0 -0.01281300985688 23.55271646217983 -158.31983715604778 349959.85328088607639 28.05843840793114 326.31389645466714
14760.0 -0.01364514104455 23.53787780534531 -158.29029715314891 350028.42410082463175 28.21203461116427 326.46828224702369
14790.0 -0.01284722092113 23.52190409312367 -158.26013708722027 349992.70881563425064 28.36603093184878 326.62249964111351
14820.0 -0.01289350621793 23.50685169343851 -158.23088411309797 350046.24618237279356 28.52052983893661 326.77663796971740
14850.0 -0.01301324461037 23.49066987711880 -158.20104146966165 349993.42489085439593 28.67525352607207 326.93045682567089
14880.0 -0.01267012870524 23.47541055974196 -158.17209004420968 350030.82056792825460 28.83053919821883 327.08424934727572
14910.0 -0.01148180115690 23.45902143475904 -158.14253986932874 349962.69345887284726 28.98621926164524 327.23787071197728
14940.0 -0.01188629540806 23.44356219103043 -158.11390388801556 349982.89142094086856 29.14217817312579 327.39122071058222
14970.0 -0.01163977513617 23.42800002660080 -158.08539583109828 349996.61593187972903 29.29872009036941 327.54456511106207
15000.0 -0.01136508150726 23.41234269192338 -158.05705432886555 350001.03015131782740 29.45550338794390 327.69760645156657
15030.0 -0.01124735541303 23.39658601369092 -158.02884879477986 349998.35808744374663 29.61280336910213 327.85058590016911
15060.0 -0.01242058991214 23.38073448914049 -158.00079818016820 349987.20645934529603 29.77045235962804 328.00335751222934
15090.0 -0.01088512193608 23.36478818795269 -157.97289637617376 349968.00938765984029 29.92850709553267 328.15597163441123
15210.0 -0.01186114020290 23.30212699540029 -157.86417027213031 350011.38723978307098 30.56487273864731 328.76494767088002
15240.0 -0.01209357342694 23.28572166886775 -157.83699595123653 349952.81469473149627 30.72504961851683 328.91686910076157
15270.0 -0.01129364093143 23.27025275979671 -157.81066224225034 349986.74580394569784 30.88562435224040 329.06863129208085
15300.0 -0.01294784122469 23.25469907455060 -157.78448236436137 350012.04023839253932 31.04648213745524 329.22013318881477
15330.0 -0.01177158813051 23.23905473955111 -157.75842358863312 350031.02407759707421 31.20792961696434 329.37164802183105
15360.0 -0.01293878536561 23.22332882042990 -157.73252310549577 350041.03007265366614 31.36962086701337 329.52286934987183
15390.0 -0.01184403470772 23.20751594826882 -157.70675128285336 350044.15569608751684 31.53183512702603 329.67404673679005
15420.0 -0.01191446928216 23.19162125044306 -157.68112646568653 350039.08222744148225 31.69440131918869 329.82502881282477
15450.0 -0.01153814853576 23.17564445131471 -157.65564249433660 350026.23337674979120 31.85737871505128 329.97586952075852
15480.0 -0.01120308248833 23.15958422646657 -157.63028912738923 350006.31651200912893 32.02086648370328 330.12665900255831
15510.0 -0.01060137207874 23.14344856686497 -157.60509577073884 349977.24269552435726 32.18458488313661 330.27714747176537
15540.0 -0.01071607928242 23.12824816567853 -157.58067362007276 350044.76439807936549 32.34887847983732 330.42764556927676
15570.0 -0.00999261840377 23.11195150033329 -157.55574231410679 350001.35625797044486 32.51357164740419 330.57799692191867
15600.0 -0.00965252109370 23.09608971160842 -157.53128427472953 350001.03942560032010 32.67855052669324 330.72809987159303
15630.0 -0.00895723371981 23.08014691827893 -157.50694426242720 349994.39520314149559 32.84412382687725 330.87823465957553
15660.0 -0.00886063793882 23.06464059336523 -157.48307248325290 350031.06151064112782 33.00994180298367 331.02808630755470
15690.0 -0.00846620576972 23.04804235432245 -157.45869756793118 349956.52369442582130 33.17628727663028 331.17791243851326
15720.0 -0.00777393706477 23.03238639666467 -157.43508938191448 349978.47944538947195 33.34298599233082 331.32755642081844
15750.0 -0.00830521304764 23.01665739545522 -157.41161338434878 349993.00476701371372 33.51009971168752 331.47707579699238
15780.0 -0.00814422032555 23.00085372864856 -157.38825987152228 350000.75287732295692 33.67772582919096 331.62656116638834
15810.0 -0.00818849325026 22.98498408184611 -157.36505710838236 349999.75784115027636 33.84558388953843 331.77575772619917
15840.0 -0.00806171151855 22.96903995771024 -157.34197025120392 349992.40399625618011 34.01402188594268 331.92498555001333
15870.0 -0.00817742524069 22.95302730349566 -157.31901738761283 349977.42772477306426 34.18286025754167 332.07408206900453
15900.0 -0.00717926992057 22.93695035988953 -157.29620971359086 349954.04746089037508 34.35198612620965 332.22294487655131
15930.0 -0.00786047091142 22.92180689379613 -157.27410317012055 350031.17488590721041 34.52171021694850 332.37186202391706
15960.0 -0.00758175172578 22.90559581680465 -157.25155481100626 349993.02537609729916 34.69167899059424 332.52050912792384
15990.0 -0.00771155242189 22.88981818068742 -157.22941646967536 350001.74438325595111 34.86217882698148 332.66915270325171
16020.0 -0.00833640536907 22.87397734277672 -157.20741226376342 350002.71354062575847 35.03303228989709 332.81763038605817
16050.0 -0.00755961541116 22.85807244716504 -157.18553592351654 349996.34193024598062 35.20430363825209 332.96600362457389
16080.0 -0.00835652968094 22.84210164546128 -157.16377825006973 349983.23181652091444 35.37608844177822 333.11436367769124
16110.0 -0.00699312221493 22.82657332170228 -157.14244603850969 350015.78241958655417 35.54810559001866 333.26245010790507
16140.0 -0.00787153892099 22.81097761594442 -157.12122127213698 350042.28514375165105 35.72070645182247 333.41059345747885
16170.0 -0.00735837436082 22.79432559622490 -157.09957144086906 349952.47851594816893 35.89370751842695 333.55862441515018
16200.0 -0.00695488648037 22.77861376645881 -157.07861212357867 349963.46087240148336 36.06699693466454 333.70643966716148
16230.0 -0.00789468160633 22.76283678522980 -157.05775885070204 349968.42699029576033 36.24088737317366 333.85433599380275
16260.0 -0.00665201882962 22.74700659394516 -157.03704549906973 349965.10016580764204 36.41502154572589 334.00197862042728
16290.0 -0.00668723619071 22.73111518117945 -157.01644465511171 349955.28680094052106 36.58968934903582 334.14964391363134
16320.0 -0.00698809110003 22.71615723158753 -156.99650110321585 350048.28043812792748 36.76471017230224 334.29716324353541
16350.0 -0.00690759473899 22.70015386727257 -156.97614851222858 350023.87719431798905 36.94015077308455 334.44460232453298
16380.0 -0.00638436839222 22.68409265947179 -156.95591042989165 349992.79395324829966 37.11610469879757 334.59205317385005
16410.0 -0.00625054339513 22.66798358359077 -156.93581301397305 349953.29143532365561 37.29228959287565 334.73924838428132
16440.0 -0.00606037050210 22.65279793172326 -156.91633307538453 350019.08481333591044 37.46906364137849 334.88653353457659
16470.0 -0.00595974997693 22.63657755612162 -156.89646399820177 349966.15513885114342 37.64623386687191 335.03372665142456
16500.0 -0.00586214826843 22.62128887288129 -156.87723111737407 350017.23655586689711 37.82369315578963 335.18072686999841
16530.0 -0.00532684724591 22.60496381250322 -156.85759882970521 349950.24703210778534 38.00175631369668 335.32784103328117
16560.0 -0.00539828819107 22.58957055992762 -156.83859824758298 349987.50999902654439 38.18005938869001 335.47471996342239
16590.0 -0.00502599189338 22.57412165170465 -156.81970114262180 350018.65359978750348 38.35889950455163 335.62165465151008
16620.0 -0.00548985256168 22.55862419609357 -156.80092447194471 350042.56154603511095 38.53808889218683 335.76846570242202
16650.0 -0.00507932112037 22.54259174461525 -156.78202185464389 350002.90119929984212 38.71770122904768 335.91522784313946
16680.0 -0.00504510998226 22.52650889578193 -156.76322948103072 349956.62670110352337 38.89782355371769 336.06202979000068
16710.0 -0.00422605939787 22.51086909990379 -156.74480754569848 349959.15080873388797 39.07817610610212 336.20860002122208
16740.0 -0.00488713592912 22.49517605934026 -156.72648422948481 349955.76475800480694 39.25911940364140 336.35529640512260
16770.0 -0.00553110696519 22.47991847550017 -156.70850801155268 350002.63481785822660 39.44045649815392 336.50192871866153
16800.0 -0.00489719801118 22.46461783802613 -156.69065277438509 350042.13405485916883 39.62208143151382 336.64839496752631
16830.0 -0.00532785346889 22.44878481842174 -156.67266391064834 350018.43255492486060 39.80431073511964 336.79501300742021
16860.0 -0.00535099630196 22.43291420758344 -156.65480455125601 349986.78124042320997 39.98677686937609 336.94142077820294
16890.0 -0.00458728694731 22.41747351563025 -156.63727081003475 350006.68268342874944 40.16978033425352 337.08792164631689
16920.0 -0.00480965808928 22.40199110580280 -156.61985249172906 350019.49594761896878 40.35313022357362 337.23432852866330
16950.0 -0.00483883826023 22.38599001829702 -156.60232465390175 349967.49342500139028 40.53690270355190 337.38072149361301
16980.0 -0.00475934782670 22.37089332535196 -156.58533458949140 350025.51343836635351 40.72118277612226 337.52719058781634
17010.0 -0.00459936147533 22.35481359946517 -156.56803753794492 349959.24090401269495 40.90569032330282 337.67345636941508
17040.0 -0.00459433036043 22.33963265982477 -156.55126250969036 350003.95805736910552 41.09078893175869 337.81989145315924
17070.0 -0.00471507475426 22.32441039285989 -156.53459438439344 350042.04121756926179 41.27627770868460 337.96629653183055
17100.0 -0.00437900263158 22.30821198821949 -156.51762643700255 349955.29469470772892 41.46205190595133 338.11256830256661
17130.0 -0.00426731394910 22.29290771083118 -156.50116673606007 349980.37202273402363 41.64842964087556 338.25903707780469
17160.0 -0.00420191063729 22.27757028269646 -156.48482681660113 349997.97091185767204 41.83503990615886 338.40532642415417
17190.0 -0.00403890546925 22.26218931295118 -156.46858103087078 350009.64832951687276 42.02218646257430 338.55175362267960
17220.0 -0.00388093126837 22.24677273750780 -156.45244550741253 350014.39769189711660 42.20967531313710 338.69812309512292
17250.0 -0.00361529327693 22.23131842462181 -156.43641353734515 350012.61121255252510 42.39758508528769 338.84452088267471
17280.0 -0.00328223937999 22.21582402892150 -156.42047815442083 350004.69178896211088 42.58599866979104 338.99103873095123
17310.0 -0.00309508559911 22.20030085221440 -156.40466235708712 349989.22842908557504 42.77463571646170 339.13738826629412
17340.0 -0.00324098512423 22.18473587167382 -156.38893580709666 349968.03689533472061 42.96386271471309 339.28395876452123
17370.0 -0.00326010291764 22.16959677636763 -156.37350444466983 350000.13608595542610 43.15347487106609 339.43054087679275
17400.0 -0.00327217744566 22.15442662084642 -156.35818324174249 350025.23830688185990 43.34336870669935 339.57702980594621
17430.0 -0.00313533363189 22.13875720512851 -156.34276089563116 349984.56866873707622 43.53386375264709 339.72377002410644
17460.0 -0.00319369353058 22.12351831139647 -156.32763998410968 349996.80983397178352 43.72458568706777 339.87036900382736
17490.0 -0.00326110928835 22.10824090510327 -156.31260833834526 350003.24680134560913 43.91584138228463 340.01715976175763
17520.0 -0.00361126853275 22.09293330278469 -156.29768169518530 350002.92652545217425 44.10743381460268 340.16393729973737
17550.0 -0.00341103370539 22.07759310299378 -156.28285336379287 349996.22793404478580 44.29944403141509 340.31079439726193
17580.0 -0.00361931802112 22.06266819091833 -156.26829193934771 350044.51322199497372 44.49195272928061 340.45782494794440
17610.0 -0.00349253628941 22.04681928797075 -156.25349404488836 349963.48068597167730 44.68467947467297 340.60473048948643
17640.0 -0.00305584334610 22.03183129621416 -156.23912692112035 349999.08759346418083 44.87799345064334 340.75191922815708
17670.0 -0.00327620248532 22.01681241630342 -156.22485663311551 350028.36518964637071 45.07168602804771 340.89917067198098
17700.0 -0.00288881343387 22.00132242886171 -156.21052371084875 349989.31369989179075 45.26565506153476 341.04637834195552
17730.0 -0.00266040510175 21.98624059859514 -156.19643936564992 350006.30996180605143 45.46022128533527 341.19390289590564
17760.0 -0.00258493956014 21.97069406411353 -156.18230030892821 349954.44629479572177 45.65500725507201 341.34133371702472
17790.0 -0.00214019757166 21.95555698924513 -156.16841091370404 349958.56908686552197 45.85032276474176 341.48902173060674
17820.0 -0.00224081750589 21.94039444316817 -156.15462120722555 349956.11407394800335 46.04596784891572 341.63675145689263
17850.0 -0.00170954167075 21.92564176724524 -156.14108210927230 350009.64082890469581 46.24202591664556 341.78462335139011
17880.0 -0.00164615080490 21.91041900336668 -156.12747033824354 349995.22469589859247 46.43857537711715 341.93273401114624
17910.0 -0.00199530382631 21.89561275301399 -156.11412044220225 350036.16297654528171 46.63533588896097 342.08077355816232
17940.0 -0.00331041332796 21.88033686955532 -156.10069437736513 350009.27235356066376 46.83267906856389 342.22917184372392
17970.0 -0.00310313508748 21.86503721983512 -156.08736385416302 349975.95420729555190 47.03039254102896 342.37769596237922
18030.0 -0.00596578731481 21.83523131525633 -156.06128718194793 350015.63416629843414 47.42684576517281 342.67505547144333
18060.0 -0.00296830371967 21.81985537577665 -156.04822708969556 349963.88839256670326 47.62581657996882 342.82417522166566
18120.0 -0.00520006551420 21.78989912292748 -156.02268774983290 349966.91624247841537 48.02465452274917 343.12265153934197
18150.0 -0.00238772340172 21.77530443522274 -156.01018336547182 350023.15223410911858 48.22475182925422 343.27229521537765
18180.0 -0.00235854396945 21.76026494130963 -155.99763248250889 350009.60942451655865 48.42516788035643 343.42206473765964
18210.0 -0.00230622096543 21.74520238771228 -155.98516905144814 349990.00578210595995 48.62598836730346 343.57207080537546
18240.0 -0.00198423552127 21.73053266239667 -155.97292042795740 350028.52597727905959 48.82728929498428 343.72241477111925
18270.0 -0.00232936365077 21.71542965446035 -155.96063882204774 349996.40326812583953 49.02879044855180 343.87277071478826
18300.0 -0.00213516630902 21.70029823834690 -155.94843156727916 349958.87581854127347 49.23086567392696 344.02359854010422
18330.0 -0.00228106583414 21.68556185208826 -155.93644197060061 349979.35302526596934 49.43329882671986 344.17464917119446
18360.0 -0.00234747566440 21.67080842120304 -155.92454565767306 349993.43373617995530 49.63599055660282 344.32581135684040
18390.0 -0.00208888064289 21.65602476763367 -155.91271901892085 350002.36059179902077 49.83926325033731 344.47749066457578
18420.0 -0.00228911547024 21.64122783688651 -155.90098954526619 350004.65518461912870 50.04273379750875 344.62922828865470
18450.0 -0.00232433283134 21.62640470884720 -155.88933426783558 350001.51892408914864 50.24671711545588 344.78142412639232
18480.0 -0.00223276816525 21.61156478077062 -155.87776774226148 349992.16678179800510 50.45100759363817 344.93383557766805
18510.0 -0.00232433253587 21.59670484142743 -155.86628340751264 349976.92863737698644 50.65569307356004 345.08658394969910
18540.0 -0.00207479425984 21.58182225829892 -155.85487580433050 349956.07142512127757 50.86084702015556 345.23977513428622
18570.0 -0.00201140280305 21.56733016566041 -155.84367795735247 349993.83657635375857 51.06618980948415 345.39306810608059
18600.0 -0.00180915597294 21.55280894632213 -155.83254605405108 350026.57430785987526 51.27209691011252 345.54695260059822
18630.0 -0.00155357991583 21.53787167814819 -155.82138550742329 349987.95055144838989 51.47834874113681 345.70116363178778
18660.0 -0.00182123050096 21.52331890971256 -155.81042448730639 350008.53806205373257 51.68484751867992 345.85558777413399
18690.0 -0.00155961710597 21.50873828634063 -155.79952844246850 350024.09018857218325 51.89191579737876 346.01065664483389
18720.0 -0.00155056154236 21.49375549654206 -155.78861936235461 349967.33983983378857 52.09916830781990 346.16588440861182
18750.0 -0.00148113304316 21.47953240267838 -155.77798905364568 350037.08051384240389 52.30692189021556 346.32169949587671
18780.0 -0.00142377951518 21.46451517030201 -155.76723623737902 349968.77062003314495 52.51496844940496 346.47784426279350
18810.0 -0.00137648792154 21.45025679622150 -155.75676305776074 350027.01710463967174 52.72339782698282 346.63445258181838
18840.0 -0.00157269785698 21.43558993335478 -155.74626044986911 350013.65625404193997 52.93228080040150 346.79163612853785
18870.0 -0.00184034844211 21.42091575853543 -155.73584862401520 349993.86992606613785 53.14133862888832 346.94903668031765
18900.0 -0.00145698428258 21.40659896667692 -155.72559597680160 350035.55264380015433 53.35094788649590 347.10717900275876
18930.0 -0.00122052631436 21.39188614447924 -155.71532675553752 350004.83449214883149 53.56088575878196 347.26578018714832
18960.0 -0.00145698428258 21.37716497255389 -155.70514341341189 349967.89557878486812 53.77105610756328 347.42472463511439
18990.0 -0.00131510950165 21.36279692682812 -155.69511330207663 349992.77343828510493 53.98178116488227 347.58447477690117
19020.0 -0.00143082278057 21.34842074608074 -155.68516952744162 350011.45816117990762 54.19267395199347 347.74451383201381
19050.0 -0.00100821710671 21.33402248783278 -155.67529025176697 350024.99030136875808 54.40405273863085 347.90530393435154
19080.0 -0.00123863773705 21.31961214757107 -155.66548939686854 350032.68542128242552 54.61570716360614 348.06657050432375
19110.0 -0.00092973333936 21.30518601704801 -155.65576048698222 350034.83980650454760 54.82772886855417 348.22846253274685
19140.0 -0.00100721073599 21.29074142824182 -155.64609869916774 350031.66557574272156 55.04018576550472 348.39109915073988
19170.0 -0.00050310247811 21.27629154218763 -155.63652226325539 350022.28954413253814 55.25280033842687 348.55410253137211
19200.0 -0.00093174534212 21.26181950790531 -155.62700572711722 350007.89388987235725 55.46594961994693 348.71803903497664
19230.0 -0.00097803086052 21.24733612118562 -155.61756383919968 349987.77112510520965 55.67940781416036 348.88260551726245
19260.0 -0.00087439181414 21.23284619859155 -155.60820249767542 349961.63723237160593 55.89308050519847 349.04768439359447
19290.0 -0.00106053981525 21.21869174989207 -155.59897356609139 349998.59905661363155 56.10728899185349 349.21377497809590
19320.0 -0.00103236586729 21.20453082372682 -155.58982575548254 350029.58019008580595 56.32164513168937 349.38032489544651
19350.0 -0.00052523894046 21.18999651059180 -155.58066749102957 349987.19062266498804 56.53646799828579 349.54783659417859
19380.0 -0.00077880240387 21.17580606138431 -155.57165449697067 350007.38656583335251 56.75154522897994 349.71601642037086
19410.0 -0.00066208260650 21.16160105604089 -155.56270850925134 350022.20714702084661 56.96696999693375 349.88503188404042
19440.0 -0.00068824396077 21.14703230953736 -155.55375938783706 349963.15468446724117 57.18280712721944 350.05501187364257
19470.0 -0.00063893977343 21.13315272856776 -155.54502156772878 350035.48652982991189 57.39878072691049 350.22555620943200
19500.0 -0.00058963602930 21.11856292827439 -155.53621088211170 349965.33097335603088 57.61526746911346 350.39728128779512
19530.0 -0.00071038027539 21.10464800550672 -155.52759507639013 350027.42848583962768 57.83203888525286 350.56986110004283
19560.0 -0.00049505284201 21.09038528686140 -155.51899210039574 350014.81249380670488 58.04900234830716 350.74317659037041
19590.0 -0.00084319964044 21.07610246067199 -155.51044358760211 349997.28350541088730 58.26647745239674 350.91777184736168
19620.0 -0.00078584566926 21.06215265715378 -155.50203065630262 350043.09920685552061 58.48407555313911 351.09305337081241
19650.0 -0.00098104952946 21.04785037862277 -155.49361797827152 350014.57797629013658 58.70211572436966 351.26957254663142
19680.0 -0.00070333715773 21.03354255084746 -155.48527688749004 349980.36533442698419 58.92038391794625 351.44701428236664
19710.0 -0.00056045585835 21.01955307831559 -155.47705303739750 350010.37673367559910 59.13897447304038 351.62556924649789
19740.0 -0.00103639090694 21.00554707881625 -155.46888716661704 350035.33248006459326 59.35794884120665 351.80537934118104
19770.0 -0.00118430302576 20.99121421475893 -155.46074714215609 349984.64670119620860 59.57703321525766 351.98601894774669
19800.0 -0.00042663071352 20.97718650413759 -155.45270853812798 349998.93436294980347 59.79660285822666 352.16816558124424
19830.0 -0.00029481786691 20.96314942615612 -155.44473500392516 350007.83080176264048 60.01642700143501 352.35146744827148
19860.0 -0.00091061525048 20.94910771481486 -155.43683184871153 350011.10990744642913 60.23641484912490 352.53580511731911
19890.0 -0.00046687874630 20.93504623463204 -155.42897876154950 350009.58515740372241 60.45688329744593 352.72177794165532
19920.0 0.00027469385052 20.92098421134888 -155.42119972776302 350002.27343444712460 60.67744400216399 352.90874473145504
19950.0 -0.00104645298901 20.90690638624480 -155.41347441064912 349989.98124381806701 60.89841498698924 353.09731731672883
19980.0 -0.00162602664077 20.89313242500705 -155.40585498761553 350042.75019082613289 61.11958088886273 353.28715666768454
20010.0 -0.00058259246844 20.87903807782742 -155.39825547802087 350019.76871327869594 61.34103670498300 353.47848311370399
20040.0 -0.00085326157477 20.86493175531256 -155.39071240388881 349991.65572014357895 61.56284012588458 353.67145631601551
20070.0 -0.00076974654479 20.85082713947105 -155.38324216880301 349957.76300915610045 61.78471996240523 353.86562187156034
20100.0 -0.00029280542095 20.83700609078814 -155.37585478643601 349989.95939056109637 62.00704869063850 354.06173331770896
20130.0 -0.00038437023477 20.82317588038316 -155.36852794012967 350016.91678396146744 62.22959368196768 354.25940998166874
20160.0 -0.00021331557836 20.80904556083450 -155.36123584606483 349967.27354773506522 62.45226596366557 354.45853418321030
20190.0 -0.00014489344987 20.79519317193835 -155.35402177171562 349983.99014189559966 62.67537842305102 354.65977485392426
20220.0 -0.00016099257435 20.78134045514401 -155.34687692344684 349995.11183033324778 62.89854398646314 354.86243538821350
20250.0 -0.00024752612553 20.76747174956181 -155.33978142644619 350001.36731187533587 63.12207822214565 355.06720382587594
20280.0 -0.00007345294792 20.75359812538332 -155.33274809830809 350002.27110712137073 63.34576487339307 355.27371480898017
20310.0 0.00011671964964 20.73971496803071 -155.32577063227438 349998.04407642595470 63.56969886967696 355.48222772514691
20340.0 -0.00003924195754 20.72581971133017 -155.31884528518449 349988.80781341250986 63.79393358962653 355.69292713684752
20370.0 -0.00024249560157 20.71220598130306 -155.31200942684589 350045.79955007322133 64.01820106219445 355.90532649844226
20400.0 -0.00006640909159 20.69801569755486 -155.30517559299986 349954.38011476024985 64.24286912385888 356.12027597354330
20430.0 -0.00029884320204 20.68437562237431 -155.29844094895265 350001.49025183822960 64.46770378793651 356.33736306293258
20460.0 -0.00010062022970 20.67073072894611 -155.29176728384039 350043.32493737246841 64.69261779449292 356.55647582176744
20490.0 -0.00014086885342 20.65679467498007 -155.28511906654776 350008.36196722742170 64.91791823784037 356.77837288207985
20520.0 0.00002817394797 20.64286265522533 -155.27853801705413 349967.80367911513895 65.14322048168100 357.00229332476312
20550.0 0.00015898027612 20.62918460118865 -155.27201847381150 349994.65127953607589 65.36883570149121 357.22902366485374
20580.0 0.00038135156583 20.61550121281347 -155.26555668645122 350016.29500274267048 65.59454719731737 357.45817049821375
20610.0 -0.00008049606557 20.60180765547145 -155.25914639550876 350032.93419796228409 65.82044875696170 357.69004632485854
20640.0 0.00013986218724 20.58810602834203 -155.25278941224167 350044.49787630233914 66.04650077960801 357.92466279570527
20670.0 0.00027268125683 20.57413379284196 -155.24646942966919 349978.52829859033227 66.27281719683961 358.16240155510292
20700.0 0.00004125440350 20.56042323002464 -155.24022395821680 349979.70872840844095 66.49907926121072 358.40260628193795
20730.0 0.00021633424730 20.54694705673167 -155.23402565193885 350049.03664299845695 66.72566816248420 358.64631892890571
20760.0 -0.00002918031868 20.53321167773834 -155.22787407666445 350040.44163137208670 66.95234930164813 358.89309037563970
20790.0 0.00027570066444 20.51947584292488 -155.22178133905908 350026.54908435512334 67.17903673723879 359.14282325756369
20820.0 0.00021834580685 20.50572354100785 -155.21572878217478 350007.92504579387605 67.40602824005616 359.39640918444553
20850.0 -0.00001811142270 20.49197509653606 -155.20973864180525 349983.87824092432857 67.63294358465387 359.65300555750463
20880.0 0.00019520400793 20.47821409912082 -155.20379191566764 349954.97658206149936 67.86008569394996 359.91354492420970
20910.0 0.00020828416799 20.46468949180968 -155.19790013050343 349994.17436510510743 68.08723803737674 0.17760388802018
20940.0 -0.00010867030901 20.45115400788324 -155.19205551717911 350028.46878201980144 68.31449099408151 0.44557847585087
20970.0 -0.00002515513129 20.43737734559846 -155.18626306130380 349984.30625970661640 68.54180075509581 0.71751143738989
21000.0 0.00008653340345 20.42382080178010 -155.18051038698937 350008.78418129216880 68.76927501030980 0.99387942137531
21030.0 -0.00019419704627 20.41026646866673 -155.17481755143703 350027.96697590220720 68.99660042898489 1.27396431941659
21060.0 0.00026664391895 20.39646861971356 -155.16916803273097 349968.78288426529616 69.22414478526382 1.55901150924727
21090.0 0.00016602398472 20.38289268692199 -155.16356316427107 349978.19852284062654 69.45167339373188 1.84853674597007
21120.0 0.00005835975095 20.36931557292651 -155.15801263741039 349982.45320268627256 69.67910067944396 2.14247493341020
21150.0 0.00016099272208 20.35572099945608 -155.15249832211936 349982.02649641782045 69.90671035663371 2.44190672133209
21180.0 0.00006439708883 20.34212962372253 -155.14704191204405 349976.32849886734039 70.13412850477174 2.74589671408848
21210.0 0.00013483151555 20.32873741578307 -155.14161270688382 350039.91231216955930 70.36164453511807 3.05558607202654
21240.0 0.00044977354659 20.31491794216019 -155.13625917331530 349950.24077135231346 70.58904227371390 3.37052831474774
21270.0 -0.00004527929542 20.30151193261324 -155.13092445479916 350003.88518698234111 70.81640525282226 3.69124787312968
21300.0 -0.00008552762368 20.28789095812837 -155.12565012329807 349978.36861177813262 71.04368357795653 4.01784740927301
21330.0 0.00013181328981 20.27446171008289 -155.12039935356810 350022.33977868594229 71.27097466787977 4.35095013920752
21360.0 0.00030085490932 20.26083348011299 -155.11522157249453 349986.74296321999282 71.49797170842015 4.68977584955705
21390.0 -0.00002213661009 20.24738819985573 -155.11006027590793 350020.86406092625111 71.72502123082246 5.03586480562970
21420.0 0.00026463176846 20.23374101563072 -155.10496465045085 349975.49655636772513 71.95188846745279 5.38870885283362
21450.0 -0.00007546509841 20.22028912800421 -155.09990054027043 349999.55293913744390 72.17848596966645 5.74831070337973
21480.0 0.00026261902703 20.20681836008870 -155.09486888337966 350018.95355076063424 72.40507556257212 6.11603277474717
21510.0 0.00056246874751 20.19316222721188 -155.08991361337874 349958.48384651169181 72.63129146935395 6.49084118342562
21540.0 0.00010867001354 20.17968108624998 -155.08497209938923 349967.93035396002233 72.85740077587843 6.87418980251268
21570.0 0.00046889163547 20.16619695424296 -155.08007792473202 349972.35914531350136 73.08318685745814 7.26563134518722
21630.0 0.00117122197928 20.13920453698340 -155.07041399127630 349966.51053696125746 73.53395964900409 8.07529474238950
21660.0 0.00037430785724 20.12569942837165 -155.06564646604483 349956.16866879723966 73.75885206830910 8.49408513376183
21690.0 0.00091162147346 20.11235419102424 -155.06088623081607 350016.08491019811481 73.98348179501539 8.92318906826110
21720.0 0.00022941499830 20.09883553225624 -155.05620273415096 349995.89620535820723 74.20761381657219 9.36208439052267
21750.0 0.00076672772812 20.08547419975915 -155.05152628872841 350046.02287392877042 74.43138829212862 9.81201498616352
21780.0 0.00044977354659 20.07194476446139 -155.04692761820976 350015.94144375808537 74.65461025607875 10.27265597814994
21810.0 0.00072849214129 20.05839987804420 -155.04235977224957 349981.09607340861112 74.87750565010447 10.74581081378298
21840.0 0.00076874046955 20.04501976730206 -155.03780988398611 350016.44689942710102 75.09971761874442 11.23035778611971
21870.0 0.00042964908699 20.03162280367353 -155.03329181572846 350047.06308539118618 75.32147498004004 11.72824259570588
21900.0 0.00067918824942 20.01806756749942 -155.02885271675925 349997.28186313714832 75.54255701854807 12.23907223612159
21930.0 0.00028978689975 20.00465837734273 -155.02441651538143 350018.04545366857201 75.76300840735522 12.76393147733265
21960.0 0.00055240622224 19.99124144872000 -155.02001976383426 350033.91335033997893 75.98274984189189 13.30326490138448
21990.0 0.00062585946563 19.97766451169006 -155.01569386379771 349969.39138016942888 76.20182856973092 13.85833637613322
22020.0 0.00036726473958 19.96423504530987 -155.01137582034946 349975.41223196033388 76.42000723858497 14.42869961436861
22050.0 0.00017407347309 19.95079400675208 -155.00709210339221 349976.59074721205980 76.63738453133838 15.01606207834734
22080.0 0.00064296481308 19.93748991560718 -155.00281173912791 350048.50105534400791 76.85375783873081 15.62023583141123
22110.0 0.00039342624159 19.92389253171946 -154.99864072227004 349964.18721577432007 77.06929765754487 16.24365665656472
22140.0 0.00098104893852 19.91056915096829 -154.99443386033622 350026.36067062057555 77.28365260113198 16.88515669316101
22230.0 0.00234244484497 19.87026382181362 -154.98210150380780 350032.15471345372498 77.91994087170831 18.93512000145892
22260.0 0.00062485279945 19.85677587358626 -154.97808180244925 349998.90698931645602 78.12940273774069 19.66275084180140
22290.0 0.00120040200249 19.84328120559521 -154.97409749903596 349960.73145239148289 78.33743667561684 20.41462758663241
22320.0 0.00064900215096 19.82989875469046 -154.97010278460337 349993.65175947081298 78.54391789833028 21.19165091504076
22350.0 0.00096897514917 19.81650019010128 -154.96613715071211 350021.75061650481075 78.74882208686223 21.99582438176575
22380.0 0.00083917460079 19.80309890397844 -154.96221278849825 350044.88988035265356 78.95189112877162 22.82691340845150
22410.0 0.00133221499683 19.78957606080942 -154.95836957081949 349987.00898346211761 79.15313099876629 23.68751130388257
22440.0 0.00099513606024 19.77616144590389 -154.95451725983347 350000.29459268506616 79.35230599885732 24.57773143026259
22470.0 0.00110481303543 19.76272705924395 -154.95068896952006 350008.76227056607604 79.54946269794240 25.50116669544770
22500.0 0.00140365549879 19.74929474210091 -154.94690462344093 350012.22705619968474 79.74424255657104 26.45659944929925
22530.0 0.00127888591758 19.73584644635968 -154.94314701730084 350010.82763035222888 79.93667463924471 27.44792120670648
22560.0 0.00167432460513 19.72239486526300 -154.93942749633368 350004.46400121226907 80.12648102922512 28.47510130526679
22590.0 0.00146905895834 19.70893394902506 -154.93574003386851 349993.17582140024751 80.31354949738171 29.54061840392632
22620.0 0.00156263577491 19.69546645535609 -154.93208674797475 349976.94030203949660 80.49767683444131 30.64580806631213
22650.0 0.00129699763574 19.68207192834591 -154.92840435400876 350032.19166370201856 80.67872328179058 31.79339865585128
22680.0 0.00159181550266 19.66858849981848 -154.92481735739517 350006.07374104391783 80.85638347164453 32.98319327744939
22710.0 0.00144591627301 19.65509451788351 -154.92125964200378 349975.01414623390883 81.03052084491689 34.21853682752123
22740.0 0.00145497183662 19.64167874904246 -154.91768161281323 350015.43444184120744 81.20083668970952 35.49952771955615
22770.0 0.00152641263405 19.62816514052235 -154.91418434442491 349974.47394384257495 81.36719289694577 36.83062253281395
22800.0 0.00139862423616 19.61472902180816 -154.91066877183263 350005.01388646475971 81.52920865599327 38.20995366635718
22830.0 0.00123662543883 19.60120437330185 -154.90723808087421 349954.09604942053556 81.68671131992885 39.64209569250849
22860.0 0.00145195331542 19.58774625950340 -154.90378186254983 349974.73377537261695 81.83935744028221 41.12637600360517
22890.0 0.00151534432900 19.57427597573206 -154.90035455529934 349990.41801728494465 81.98687909621796 42.66516777522553
22920.0 0.00129196666858 19.56079639177673 -154.89695833896212 350001.13479149620980 82.12895830962022 44.25910249333200
22950.0 0.00086332365684 19.54730068293890 -154.89358672393669 350006.88514482881874 82.26528867231332 45.91032106412732
22980.0 0.00133322107208 19.53380230455789 -154.89025132284331 350007.64497165847570 82.39551471294192 47.61697303717046
23010.0 0.00138453770538 19.52029058985174 -154.88694222596047 350003.41815881803632 82.51931540372438 49.38129279246685
23040.0 0.00099211753903 19.50677628329530 -154.88366857225395 349994.19451430905610 82.63634337072810 51.20111951721789
23070.0 0.00145094724017 19.49324195781877 -154.88041453081965 349979.96384433284402 82.74624197329577 53.07924960601123
23100.0 0.00133825203924 19.47975454239421 -154.87713193408752 350037.41065166890621 82.84868367059272 55.01028328311207
23130.0 0.00121046393682 19.46620346082613 -154.87393834191909 350013.15977150667459 82.94329358262630 56.99625995825726
23160.0 0.00168438713040 19.45264920978786 -154.87077805469175 349983.88950286898762 83.02976277224064 59.03240167976453
23190.0 0.00113600491366 19.43912157249004 -154.86757553503270 350026.29505298379809 83.10774579972887 61.11718779818519
23220.0 0.00117222835000 19.42554836053662 -154.86447136577897 349986.96007692348212 83.17694285998923 63.24659287650726
23250.0 0.00135636375741 19.41199222142511 -154.86131947187303 350019.28462186735123 83.23702110805147 65.41795965619498
23280.0 0.00145497183662 19.39840270465865 -154.85827218213970 349969.85681951325387 83.28779763918938 67.62389924734664
23310.0 0.00175482096617 19.38482745938566 -154.85517757566424 349992.08983750175685 83.32896933908846 69.86132326994388
23340.0 0.00145899643307 19.37124665251187 -154.85211538654929 350009.29085755534470 83.36042410446106 72.12234239644610
23370.0 0.00115009203538 19.35764272136973 -154.84907003854403 350021.37176295276731 83.38184430619536 74.40424759296533
23400.0 0.00160389047388 19.34403821505722 -154.84606064091176 350028.42813216801733 83.39332703093734 76.69609527581088
23430.0 0.00113902343487 19.33041432549767 -154.84307058670211 350030.35548781417310 83.39460848852205 78.99478908872989
23460.0 0.00181418708784 19.31678433305575 -154.84011093237569 350027.21541645657271 83.38580801397343 81.29094779702284
23490.0 0.00124970618983 19.30314166113448 -154.83717564186844 350018.96059658378363 83.36687078762672 83.57898694134778
23520.0 0.00133925811449 19.28948942096091 -154.83426700268262 350005.60032425820827 83.33790260681963 85.85166294639667
23550.0 0.00131510964938 19.27582062574727 -154.83137867291020 349987.07362511847168 83.29891299769817 88.10374643063422
23580.0 0.00105953344454 19.26214876712647 -154.82852178189501 349963.46862835437059 83.25025069433894 90.32691494821715
23610.0 0.00133020255087 19.24845980990798 -154.82560874175877 350011.42019169870764 83.19194924958194 92.51735890111334
23640.0 0.00110380666471 19.23476845790675 -154.82280400288369 349977.55134120304137 83.12440661267773 94.66838147204120
23670.0 0.00108971954300 19.22104733700542 -154.81993531370870 350015.13805462885648 83.04758074302644 96.77814675806540
23700.0 0.00119939592725 19.20733460154209 -154.81717961670759 349970.94592964928597 82.96214226332995 98.83953767371388
23730.0 0.00119738348129 19.19359012947809 -154.81436126629819 349998.19652780424803 82.86805550685357 100.85198931811695
23760.0 0.00111889956621 19.17983650451240 -154.81157056986353 350020.29721124935895 82.76587963914783 102.81113048636792
23790.0 0.00115612937326 19.16608750511980 -154.80888301523058 349960.50111722759902 82.65581552432316 104.71584163769958
23820.0 0.00129196637311 19.15228479016786 -154.80605633722723 350048.83031423855573 82.53825670028772 106.56432006628951
23850.0 0.00146100946997 19.13850910659611 -154.80341149634418 349978.54969105497003 82.41339449730933 108.35639808145434
23880.0 0.00125373078628 19.12470381242940 -154.80071317266885 349979.76320465747267 82.28183509027832 110.09027224918185
23910.0 0.00155559236179 19.11088171203978 -154.79803423747410 349975.68035220913589 82.14369211509117 111.76700484903553
23940.0 0.00142679788865 19.09701866120490 -154.79529900775961 350043.01187462732196 81.99951294446555 113.38602764368044
23970.0 0.00177393905505 19.08320132771892 -154.79274494716367 349951.74391962401569 81.84923202481515 114.94950150059657
24000.0 0.00157169133853 19.06930768351796 -154.79005290198381 350008.48957983404398 81.69364837692557 116.45656678550118
24030.0 0.00149622653559 19.05543151755201 -154.78746070905407 349983.26061258371919 81.53263668826574 117.90984721807325
24060.0 0.00162300797183 19.04154880468771 -154.78489458425315 349952.80542208347470 81.36677792374265 119.30973927245040
24090.0 0.00168338046421 19.02760348625269 -154.78226167269133 349993.50088158808649 81.19618794959564 120.65819692881287
24120.0 0.00127888621305 19.01364233343854 -154.77965014846825 350028.84862028900534 81.02119744325930 121.95660998254093
24150.0 0.00188764003575 18.99971309996125 -154.77714153041680 349982.28206308092922 80.84188642590634 123.20699938343733
24180.0 0.00162099552587 18.98572238235137 -154.77457156160258 350006.90063027385622 80.65879239007886 124.41040324596322
24210.0 0.00160590262437 18.97171166929838 -154.77201848166220 350026.05744882766157 80.47189162714885 125.56906185304297
24240.0 0.00185242237919 18.95775511284505 -154.76957985072829 349963.55714411102235 80.28163443188981 126.68427541694570
24270.0 0.00176689564193 18.94371067583588 -154.76706274293122 349971.82118536438793 80.08779809065426 127.75844539510359
24300.0 0.00200134131193 18.92966218363962 -154.76457448042007 349974.85126543696970 79.89110282654497 128.79244667165074
24330.0 0.00168740506066 18.91559015123467 -154.76209878146400 349972.28672751132399 79.69126417068449 129.78860079900019
24360.0 0.00180211241208 18.90150842442794 -154.75964657825054 349964.36220787744969 79.48876533617474 130.74811268501560
24390.0 0.00194901830791 18.88740993303764 -154.75721174258595 349950.93218994792551 79.28359000020266 131.67276919722718
24420.0 0.00207378788913 18.87321740676080 -154.75470478772982 350008.21294367592782 79.07595998995951 132.56401298402065
24450.0 0.00190373871702 18.85908227658418 -154.75230297246466 349983.67738204728812 78.86583624564105 133.42346317085725
24480.0 0.00195404986602 18.84485366697249 -154.74983253719350 350029.87377149611712 78.65366052472872 134.25227516563152
24510.0 0.00197417314373 18.83069123724501 -154.74746986560629 349994.35016359481961 78.43929996481371 135.05200904958457
24540.0 0.00217038381785 18.81652197366127 -154.74513077046907 349953.44371242448688 78.22311335572429 135.82381070812923
24570.0 0.00198222292757 18.80223274251948 -154.74270621618470 349982.73142428509891 78.00477457149175 136.56916744818773
24600.0 0.00202448370179 18.78793632663520 -154.74030799693534 350006.64433761686087 77.78493241578354 137.28898445382336
24630.0 0.00213416038151 18.77361302745649 -154.73791987566469 350024.73147791717201 77.56320758291241 137.98461654999539
24660.0 0.00187858388120 18.75927687915145 -154.73555278920674 350037.28747490048409 77.34001526501598 138.65701194281979
24690.0 0.00218849494508 18.74502729700614 -154.73329636197613 349968.32357557490468 77.11526089780368 139.30726493311340
24720.0 0.00201240932150 18.73054795814803 -154.73086572122554 350045.32454990688711 76.88910221379577 139.93633172821512
24750.0 0.00224584862078 18.71626393344415 -154.72863870726653 349964.96140639763325 76.66143443504690 140.54517452247075
24780.0 0.00211705473859 18.70174488992701 -154.72624012922171 350030.49361417908221 76.43264096491576 141.13462672800026
24810.0 0.00222572475213 18.68731760727142 -154.72395112052010 350014.50387798529118 76.20253400777375 141.70556729363886
24840.0 0.00239074207066 18.67288026850137 -154.72168315307695 349992.95518715307117 75.97141947349574 142.25877964287167
24870.0 0.00237263064796 18.65829088547676 -154.71932323455192 350040.88368059508502 75.73892134582515 142.79503543164475
24900.0 0.00229012154549 18.64381798896298 -154.71708580946802 350007.79313873406500 75.50564640169401 143.31505277535527
24930.0 0.00236759938533 18.62932064650809 -154.71485683975985 349968.71234925929457 75.27116981436774 143.81950710354968
24960.0 0.00266543636438 18.61468055457706 -154.71254794953569 349999.36090441513807 75.03587009710475 144.30906618595301
24990.0 0.00231125208033 18.60001710575942 -154.71025146698784 350024.05190355423838 74.79961306158299 144.78433506674264
25020.0 0.00252456751096 18.58533404444828 -154.70797000134849 350042.86640047468245 74.56252451911423 145.24591008260091
25050.0 0.00268354778708 18.57076518520328 -154.70579780679071 349980.38272122852504 74.32446767356510 145.69431821807854
25080.0 0.00265637991436 18.55604463157464 -154.70354472639522 349987.40529599692672 74.08579301070976 146.13014476859180
25110.0 0.00272983345322 18.54130029948949 -154.70130224808526 349988.36685687210411 73.84628850889483 146.55384710195466
25140.0 0.00290491300155 18.52654273563443 -154.69907834803615 349983.55706340540200 73.60623042782765 146.96595977876277
25170.0 0.00287673875811 18.51160115979295 -154.69675642332425 350047.36207885295153 73.36522104566306 147.36683020876200
25230.0 0.00629280357840 18.48197792209141 -154.69236878608808 350007.49191131535918 72.88172713389082 148.13688204851275
25260.0 0.00300050255955 18.46713192085766 -154.69018927403661 349978.33833735249937 72.63894865487481 148.50676823135120
25290.0 0.00311923450742 18.45210882021355 -154.68792337144066 350018.01677985489368 72.39574170986302 148.86713503135837
25350.0 0.00712594113678 18.42215600489548 -154.68352655381290 350004.09587241802365 71.90765266622196 149.56055791390253
25380.0 0.00338084745920 18.40723616450939 -154.68139881616219 349950.71960447356105 71.66290340952423 149.89430464785357
25410.0 0.00342008941674 18.39194150340610 -154.67906879634589 350039.88146436121315 71.41754884024388 150.21975962916389
25440.0 0.00325305994772 18.37698183186479 -154.67696427754649 349974.18791838083416 71.17191680580747 150.53733457823469
25470.0 0.00352070964644 18.36182035981480 -154.67476314849284 349976.52958162967116 70.92578439310697 150.84721411933319
25500.0 0.00328425212142 18.34664311139192 -154.67257783644780 349972.82612957712263 70.67940748428200 151.14976267035166
25530.0 0.00324199134721 18.33124491407660 -154.67028779844296 350036.54053696896881 70.43237923744003 151.44505542057288
25560.0 0.00316350743212 18.31602076772618 -154.66812282969877 350020.16359797865152 70.18526335060108 151.73356918552031
25590.0 0.00358410095550 18.30076628836630 -154.66596108792564 349997.14809212088585 69.93760511337889 152.01533128252004
25620.0 0.00304376911354 18.28530064290584 -154.66370690592930 350041.89950946811587 69.68974965647443 152.29070937177949
25650.0 0.00274995702640 18.27000418347640 -154.66156702642053 350006.23139779362828 69.44153088261710 152.55983418830141
25680.0 0.00348649895153 18.25468832743470 -154.65943777103223 349964.24685334414244 69.19304976818447 152.82294811122102
25710.0 0.00320174360989 18.23914166874716 -154.65720528067700 349989.30010480154306 68.94414591169003 153.08016227691246
25740.0 0.00324802838961 18.22357601389637 -154.65498678613034 350008.05627763736993 68.69513454941890 153.33180590973214
25770.0 0.00331846281633 18.20798115534409 -154.65277389558068 350020.09609332773834 68.44579128411098 153.57794311874915
25800.0 0.00339594065616 18.19236758203295 -154.65057441931907 350025.80293899681419 68.19636051923743 153.81885774974432
25830.0 0.00330236354412 18.17671695854399 -154.64837360649167 350024.42185717634857 67.94643432895080 154.05450463771223
25860.0 0.00356196434541 18.16105351640292 -154.64619001429850 350016.89208667818457 67.69656584048379 154.28531004126543
25890.0 0.00392419811783 18.14535673948778 -154.64400718518729 350002.35991487931460 67.44629798613579 154.51118837367687
25920.0 0.00362837417567 18.12964143170906 -154.64183629224769 349981.39960555825382 67.19596923987505 154.73244932853370
25950.0 0.00378836052704 18.11389974970302 -154.63967079053879 349953.66196076571941 66.94540796859521 154.94913774914176
25980.0 0.00413952569895 18.09790644776131 -154.63740333099770 349992.18080458976328 66.69471188116600 155.16143096575030
26010.0 0.00395941518345 18.08187781610017 -154.63513729131952 350023.53826456144452 66.44371768128779 155.36936509494305
26040.0 0.00401173818747 18.06606239438323 -154.63299355464127 349975.57418445497751 66.19273095583912 155.57321742574763
26070.0 0.00416367445952 18.04998281654098 -154.63074259524743 349993.32778734061867 65.94152885209132 155.77298285835218
26100.0 0.00414254481109 18.03388175194717 -154.62850262957463 350004.42761458922178 65.69034696462876 155.96889461869631
26130.0 0.00452691430719 18.01774080081555 -154.62625884592043 350008.02927580755204 65.43877905967430 156.16083857594552
26160.0 0.00420291700801 18.00158439458053 -154.62402992860146 350005.18787953909487 65.18736982880864 156.34920679915137
26190.0 0.00412040761006 17.98539183024224 -154.62179925820098 349994.94460219237953 64.93566236198637 156.53384845064915
26220.0 0.00446956137016 17.96917810445140 -154.61957813771656 349977.94676992390305 64.68399042649352 156.71503620100376
26250.0 0.00479456489232 17.95268060906897 -154.61724732778870 350025.83060991764069 64.43217898817198 156.89276332122355
26280.0 0.00411940212576 17.93641009704370 -154.61503462647286 349994.60078300349414 64.18032428185471 157.06716738439195
26310.0 0.00438202100505 17.92010720947893 -154.61282139987799 349956.00133449211717 63.92826194024204 157.23823966679245
26340.0 0.00420291656480 17.90352247471936 -154.61050446569621 349982.36621914058924 63.67628953971159 157.40622289083862
26370.0 0.00430756198189 17.88690327005844 -154.60818834165713 350001.25413190666586 63.42418733032802 157.57107164236166
26400.0 0.00450477828804 17.87026001462928 -154.60588074684156 350013.13478124421090 63.17218358535212 157.73298563566487
26430.0 0.00431963636218 17.85357424674816 -154.60356676628021 350017.07187794893980 62.91987521136306 157.89181092311793
26460.0 0.00436793447427 17.83687060111043 -154.60126526142182 350014.24090579524636 62.66779966733507 158.04791479606905
26490.0 0.00437598396264 17.82012818912942 -154.59895940238317 350003.57399369031191 62.41550154452186 158.20110838394857
26520.0 0.00468790747248 17.80336220359485 -154.59666065226168 349985.79502877965569 62.16331097923980 158.35163937157671
26550.0 0.00433674200510 17.78656451375529 -154.59436217540295 349960.46113626752049 61.91105072442502 158.49946923594450
26580.0 0.00432768629375 17.76945447594830 -154.59195174713892 349998.63489804882556 61.65881651219385 158.64471035621415
26610.0 0.00484688760087 17.75230411077366 -154.58953773941030 350028.79485600721091 61.40644390897441 158.78732661797630
26640.0 0.00416870572216 17.73541751027911 -154.58724603109889 349980.95866462681442 61.15422343782038 158.92753640512049
26670.0 0.00477645361736 17.71820631290218 -154.58483711584751 349995.97699887491763 60.90193927884016 159.06527068772405
26700.0 0.00484487515491 17.70096874230828 -154.58243418771903 350003.60463985335082 60.64981325955897 159.20070580135729
26730.0 0.00465671500331 17.68368627903558 -154.58002218592802 350002.81072964984924 60.39744621560357 159.33366493211665
26760.0 0.00419285492594 17.66638376179447 -154.57762019988110 349994.89601365104318 60.14536907591435 159.46449630001808
26790.0 0.00448062908426 17.64873587538679 -154.57509425701269 350048.74916603881866 59.89312869194839 159.59298894066646
26820.0 0.00489015474580 17.63167074315529 -154.57280665977663 349954.96495157107711 59.64105217995029 159.71937276698986
26850.0 0.00444742431686 17.61395767545506 -154.57028240723244 349993.09169498924166 59.38896078220439 159.84358919750775
26880.0 0.00450578436329 17.59620977488500 -154.56775841103024 350023.20517372246832 59.13695026757127 159.96573409086758
26910.0 0.00455911344255 17.57841943775797 -154.56522815606408 350044.83230318780988 58.88485671683941 160.08575432260272
26940.0 0.00454502646856 17.56091797839848 -154.56281984279144 349989.23131190985441 58.63296418749852 160.20385024068599
26970.0 0.00485996805640 17.54306264737238 -154.56028937638001 349994.85954150650650 58.38106123826142 160.31993910177178
27000.0 0.00463256609499 17.52517889812835 -154.55776224554461 349992.68593711871654 58.12936379396787 160.43418012641732
27030.0 0.00491631595233 17.50724815590682 -154.55522319810692 349981.58202060684562 57.87747706783146 160.54638371525036
27060.0 0.00505114717241 17.48896689268527 -154.55257270787027 350031.94953455775976 57.62592587816901 160.65688271440885
27090.0 0.00461847941648 17.47096831893981 -154.55003094742824 350004.42182507086545 57.37425979299810 160.76545360311891
27120.0 0.00543652363016 17.45294214155528 -154.54749112071354 349968.98402290232480 57.12280325993097 160.87231305835923
27150.0 0.00473117432194 17.43454334305559 -154.54482645100595 349993.67661079857498 56.87137645316339 160.97738959814171
27180.0 0.00514573050743 17.41610794247276 -154.54215931913461 350009.90032856352627 56.62007548058256 161.08076790930701
27210.0 0.00512862486451 17.39762829924011 -154.53948308411776 350017.13827533740550 56.36873728928705 161.18238419721780
27240.0 0.00522220241976 17.37911792489961 -154.53680799954802 350016.18130263686180 56.11763984960665 161.28242485073375
27270.0 0.00469193192119 17.36056707853105 -154.53412573545322 350006.38003932870924 55.86657634333150 161.38079941738741
27300.0 0.00455609462587 17.34198608096774 -154.53144401290831 349988.34083374682814 55.61575714709802 161.47765404996341
27330.0 0.00497970667045 17.32300377499416 -154.52862647856657 350028.62881544698030 55.36479211838239 161.57279246188463
27360.0 0.00517088578646 17.30434783323903 -154.52593435427542 349993.08779743686318 55.11420021701158 161.66653469413106
27390.0 0.00513969331729 17.28528913859344 -154.52310792567900 350015.74769472051412 54.86353402197626 161.75865046563638
27420.0 0.00476538501684 17.26655645283275 -154.52040170701198 349962.40261062420905 54.61311551269027 161.84934621618930
27450.0 0.00440214531691 17.24742301258686 -154.51756544962396 349967.35893195122480 54.36276409373639 161.93854203476570
27480.0 0.00509139550066 17.22825153411171 -154.51472383457059 349963.36830791924149 54.11257637882473 162.02631484891734
27510.0 0.00503907293985 17.20866606951900 -154.51174791830195 350016.83870733622462 53.86239040531521 162.11259415356756
27540.0 0.00436089076568 17.18941406782632 -154.50889213880379 349994.54614320397377 53.61247831165135 162.19755514591614
27570.0 0.00483481336831 17.16974675642999 -154.50590358557560 350029.59272032231092 53.36263803303828 162.28110336833086
27600.0 0.00454502646856 17.15041877830158 -154.50303497051678 349989.11348239891231 53.11307464160357 162.36337463692510
27630.0 0.00496260117526 17.13066191644048 -154.50002512742688 350005.00708612147719 52.86340280501181 162.44416970283206
27660.0 0.00457219389808 17.11087513231462 -154.49701676472841 350012.29468179494143 52.61413577474832 162.52379770690106
27690.0 0.00479154622338 17.09103682012084 -154.49399166695048 350009.42168899532408 52.36482934547927 162.60202515646873
27720.0 0.00422907821454 17.07116300172552 -154.49096228532665 349997.45811519119889 52.11580313811412 162.67905033776779
27750.0 0.00492637803440 17.05085604314507 -154.48779703430625 350041.56333385128528 51.86687600328227 162.75478775831414
27780.0 0.00521213989449 17.03089637171296 -154.48474697733860 350010.25360160507262 51.61814514731559 162.82930883580605
27810.0 0.00482374506327 17.01088988822194 -154.48168149141983 349968.88835489749908 51.36944984758635 162.90253887197852
27840.0 0.00450980925521 16.99045348193253 -154.47848651850208 349983.77191508840770 51.12105659152436 162.97464383923045
27870.0 0.00507428985774 16.96996915747840 -154.47527767677693 349988.48230762686580 50.87276813187543 163.04552758526754
27900.0 0.00513566872084 16.94944718912406 -154.47206278730647 349983.72136298101395 50.62478441313482 163.11531751001772
27930.0 0.00553412519092 16.92886885576446 -154.46882571696312 349968.04259832296520 50.37672502102937 163.18381367751891
27960.0 0.00566392603477 16.90785310289599 -154.46546166755616 350008.08155302330852 50.12909758562463 163.25131582284661
27990.0 0.00566895714967 16.88677986294895 -154.46207688026306 350037.06777450721711 49.88146127022842 163.31758940707218
28020.0 0.00546771595160 16.86607717212333 -154.45880999216979 349991.70124673657119 49.63413339126689 163.38282608107059
28050.0 0.00607646962657 16.84491516340142 -154.45540154122972 350000.34419495146722 49.38693241181851 163.44693660979789
28080.0 0.00646184608432 16.82370836764149 -154.45198082831121 349998.71834695618600 49.13995616915547 163.50998843100948
28110.0 0.00601609757739 16.80244905315526 -154.44854068476161 349986.16194773185998 48.89304528586351 163.57190427331136
28140.0 0.00578970154350 16.78115075721459 -154.44509173477385 349963.67090022843331 48.64646073356170 163.63284234229667
28170.0 0.00617507785351 16.75937981066785 -154.44149843735326 349994.13697518222034 48.40001010676690 163.69270623781176
28200.0 0.00749119343041 16.73756577018094 -154.43789520046235 350014.31007174402475 48.15388835823607 163.75161634652412
28230.0 0.00754854740158 16.71568987480349 -154.43426547816679 350022.62696376163512 47.90772006459686 163.80937341605045
28260.0 0.00648700121562 16.69377807398818 -154.43063042582313 350021.10685080289841 47.66200728217976 163.86626900199747
28290.0 0.00694583062129 16.67180840466046 -154.42697073857340 350007.91391288302839 47.41631266447478 163.92206881482920
28320.0 0.00711487297947 16.64979733848141 -154.42329961655392 349984.32288324087858 47.17095124307934 163.97695902586753
28350.0 0.00766124215931 16.62729692518896 -154.41948040773724 350012.26599828246981 46.92574122946743 164.03084785422516
28380.0 0.00706456256915 16.60474672208382 -154.41564481907574 350029.07493483740836 46.68078110028494 164.08379983018281
28410.0 0.00765721756286 16.58258284794891 -154.41191422345560 349971.63396596070379 46.43591290082706 164.13573615821915
28440.0 0.00724567945536 16.55948725607032 -154.40791309833756 350028.21180410031229 46.19139219389937 164.18680839914424
28470.0 0.00732013877399 16.53678227358277 -154.40401904398399 350010.76175514515489 45.94703141501229 164.23692080586022
28500.0 0.00781720376649 16.51403426806936 -154.40011129211223 349982.48936308547854 45.70302063577262 164.28618781259866
28530.0 0.00824182218178 16.49077090621795 -154.39604310497177 350003.45073909312487 45.45898947413727 164.33441164682836
28560.0 0.00759684507047 16.46746709443789 -154.39196551674337 350013.76185425184667 45.21543443648812 164.38187672656895
28590.0 0.00732416351818 16.44410069594307 -154.38785855629024 350011.43360315542668 44.97192176770318 164.42834975090932
28620.0 0.00800234554462 16.42068842372798 -154.38373587481124 349997.85241490695626 44.72876421310075 164.47401232671606
28650.0 0.00813717676470 16.39722121132652 -154.37958876091074 349972.15235307253897 44.48577984891291 164.51877090603728
28680.0 0.00789568797704 16.37323924813380 -154.37529032875130 349995.65580487437546 44.24306778095775 164.56268788593636
28710.0 0.00783732793062 16.34919544542306 -154.37096334337781 350006.35433896165341 44.00047153681024 164.60568362479853
28740.0 0.00740465987922 16.32510339367433 -154.36661883835765 350005.39442122634500 43.75824136024110 164.64790393069782
28770.0 0.00779506745187 16.30095393871108 -154.36224790344843 349991.87612980511039 43.51619451055660 164.68925425991034
28830.0 0.01607210655154 16.25154762481904 -154.35317567246182 350048.68759869504720 43.03297803376687 164.76955272775081
28860.0 0.00786047061595 16.22722760082463 -154.34872508482491 349997.25395016279072 42.79154991139193 164.80837052599591
28890.0 0.00772563924814 16.20238679427886 -154.34412810865484 349994.35717000439763 42.55061767100137 164.84651696569171
28920.0 0.00733120678357 16.17699593285900 -154.33936317566028 350037.30894532985985 42.30975179397309 164.88376036305550
28950.0 0.00797417189212 16.15203783655657 -154.33471010586649 350008.41314734611660 42.06926229161238 164.92027805315064
28980.0 0.00744893295166 16.12702154188772 -154.33002705687971 349966.41490925196558 41.82896743491426 164.95597523981360
29010.0 0.00800637043654 16.10097093937511 -154.32505084786357 350029.77379276324064 41.58896678615066 164.99091251633291
29040.0 0.00814824506974 16.07583747345926 -154.32030782266668 349961.33000081684440 41.34910559453886 165.02500982366098
29070.0 0.00804359994812 16.04966641713980 -154.31527390475853 349997.93885617610067 41.10962851788020 165.05840757488096
29100.0 0.00818748702728 16.02343067188967 -154.31020737453386 350020.65305399894714 40.87035783439440 165.09101277579933
29130.0 0.00917558011760 15.99714048906265 -154.30511654640037 350030.39634189754725 40.63147386927520 165.12292997116847
29160.0 0.00823377239794 15.97077697407254 -154.29998314758561 350025.20731239020824 40.39261688822042 165.15396557751589
29190.0 0.00791883051464 15.94436686932787 -154.29483060187007 350007.66164801828563 40.15427164835235 165.18439179743416
29220.0 0.00828508903124 15.91788766107377 -154.28963723853104 349975.41929938364774 39.91601238906230 165.21397845704698
29250.0 0.00861109936733 15.89033867946349 -154.28414606140672 350045.25776586215943 39.67814680160116 165.24289976984386
29280.0 0.00953378885036 15.86374195029771 -154.27889044442335 349985.52451921813190 39.44049322344313 165.27106000887778
29310.0 0.00885560711939 15.83606328596139 -154.27333072880336 350026.64043993409723 39.20315179560264 165.29851869010290
29340.0 0.00831728772340 15.80882835344793 -154.26786708163516 349995.55330739915371 38.96596933831567 165.32519562850024
29370.0 0.00785342705509 15.78153966224288 -154.26237497349246 349950.97320231795311 38.72918534943262 165.35122687835110
29400.0 0.00894717134227 15.75314842226991 -154.25657034503806 350005.19602643232793 38.49262686429273 165.37652115704074
29430.0 0.00913835075375 15.72469605192587 -154.25073518871767 350045.16471551079303 38.25646959371173 165.40117913694581
29490.0 0.01872748068613 15.66862503853388 -154.23921135940628 349965.94233352039009 37.78466551420589 165.44821962201542
29520.0 0.00826395864414 15.63944962242464 -154.23312527840972 350017.23293228168041 37.54936554010145 165.47080042392071
29550.0 0.00923092149508 15.61072562439144 -154.22712902462868 349996.27998873963952 37.31417125006494 165.49259687885379
29580.0 0.00990306588817 15.58194413360179 -154.22109989799182 349960.98977262992412 37.07938755958095 165.51378028011595
29610.0 0.00966660806768 15.55256071645807 -154.21488824216087 349965.60052837524563 36.84483319483130 165.53425419472339
29640.0 0.00951265875873 15.52311233732157 -154.20863762624307 349954.95753376279026 36.61060869157814 165.55407722982250
29670.0 0.01068689925921 15.49251276973116 -154.20205914441343 350038.07635422423482 36.37656266939845 165.57316924761628
29700.0 0.01041522422537 15.46292835709968 -154.19572441532793 349996.03361865784973 36.14292920210588 165.59166219129037
29730.0 0.01096159325747 15.43218937302291 -154.18906285129177 350047.35205677617341 35.90954025886462 165.60946659831529
29760.0 0.01023913845406 15.40247545676170 -154.18264530306098 349974.23041259311140 35.67656676510968 165.62667950539409
29790.0 0.01046251596675 15.37158990811175 -154.17588847398073 349992.50638602022082 35.44365969513019 165.64311165178816
29820.0 0.01142042251540 15.34064687343464 -154.16909927581440 349995.95936658512801 35.21129207140019 165.65902623979790
29850.0 0.01237531083832 15.30962346646872 -154.16225382292970 349981.84531232062727 34.97904640754075 165.67419615339642
29880.0 0.01321951655401 15.27853750242686 -154.15536837491683 349952.11577154137194 34.74722524992821 165.68879062897739
29910.0 0.01217809467990 15.24626790610671 -154.14814678489228 350012.53423194959760 34.51564756110841 165.70271256937420
29940.0 0.01153412379157 15.21448227937761 -154.14102104406845 350002.69617506116629 34.28441438620379 165.71602014358783
29970.0 0.01152708037845 15.18261908222880 -154.13383957188958 349975.23854512255639 34.05337597627490 165.72863331135363
30000.0 0.01286835093890 15.15013029760521 -154.12647114962101 349984.61582215782255 33.82276139056412 165.74068065633077
30030.0 0.01436558369747 15.11756511517350 -154.11904867052507 349976.37893910985440 33.59240726186577 165.75207449812129
30060.0 0.01416333657189 15.08493383558866 -154.11158113274138 349951.65608993452042 33.36248005892502 165.76290886158708
30090.0 0.01333019901351 15.05108182720152 -154.10375822385888 350012.72333725448698 33.13263587783098 165.77299635346100
30120.0 0.01389166109484 15.01830398239284 -154.09618490062502 349953.03354517742991 32.90334221132797 165.78259688975101
30150.0 0.01283615268995 14.98430208999080 -154.08825639649987 349978.67662299890071 32.67418550953603 165.79148448970398
30180.0 0.01450142128826 14.95022988310914 -154.08027925289753 349987.05351920332760 32.44546592478688 165.79982675901968
30210.0 0.01541002394505 14.91607769153440 -154.07224193146033 349976.83648206666112 32.21700273108556 165.80752595892096
30240.0 0.01453965687509 14.88127461323581 -154.06400325890209 350000.14036686997861 31.98889744603998 165.81464004505864
30270.0 0.01498037456259 14.84638652948950 -154.05569924299357 350004.05621719080955 31.76100197504542 165.82108909190876
30300.0 0.01461914745635 14.81084589616382 -154.04719552581122 350041.24184917286038 31.53354043185166 165.82699871133980
30330.0 0.01519570243917 14.77638856097482 -154.03892343945640 349957.42001920752227 31.30635406116952 165.83228296624102
30360.0 0.01531342831180 14.74069529139151 -154.03030241361006 349957.50414703972638 31.07960494956923 165.83703319356451
30390.0 0.01514036120942 14.70373559817337 -154.02130821494086 350037.73250363022089 30.85295430969330 165.84106367471222
30420.0 0.01520173977705 14.66788230867882 -154.01256188809489 349999.44459672179073 30.62686410895327 165.84463160485976
30450.0 0.01542310454831 14.63075981693285 -154.00344238295537 350040.86652292311192 30.40092477935184 165.84751189644749
30480.0 0.01566861874496 14.59474641877444 -153.99456374514335 349963.64195600803941 30.17543405549026 165.84987091478416
30510.0 0.01729766383306 14.55746496910676 -153.98531609943845 349966.21693158242851 29.95021159389148 165.85161025968432
30540.0 0.01697366601681 14.51891126499928 -153.97570277400789 350048.22703205328435 29.72535934743804 165.85278786637338
30570.0 0.01700385218913 14.48145967866880 -153.96631412155250 350010.11373814288527 29.50073089549861 165.85332390654585
30600.0 0.01711554079774 14.44393492532257 -153.95686363150261 349952.99626309704036 29.27654547567290 165.85334136601972
30630.0 0.01530537889729 14.40512475119974 -153.94703715202192 349973.43644246459007 29.05264888997724 165.85275598770582
30660.0 0.01637396797932 14.36623618602746 -153.93714585965236 349974.11604096833616 28.82919891703957 165.85165670417217
30690.0 0.01797584585951 14.32725011210132 -153.92716657994387 349952.23172558750957 28.60586187623419 165.84985925361545
30720.0 0.01831292450063 14.28698019188462 -153.91682330639088 350008.27327838540077 28.38309421679244 165.84761864124761
30750.0 0.01887338035898 14.24661052027467 -153.90639183112438 350041.34838107321411 28.16049039271873 165.84471040280030
30780.0 0.01923662020665 14.20738172181479 -153.89619868102272 349958.02109159249812 27.93834569870968 165.84130002519595
30810.0 0.01703202598936 14.16561843620801 -153.88530839937360 350044.50810100883245 27.71648024133390 165.83728839627864
30840.0 0.01786516332614 14.12499330087033 -153.87464934704880 350013.89936460182071 27.49499637154646 165.83273360060900
30870.0 0.01773737529759 14.08427665802639 -153.86390306977958 349960.82859472837299 27.27374935963561 165.82755586520238
30900.0 0.01713465873889 14.04224674991352 -153.85277270216164 349981.56922898348421 27.05295363674046 165.82187586113537
30930.0 0.01856548181493 14.00012431505696 -153.84155592838161 349979.61758217681199 26.83245950526315 165.81561093328702
30960.0 0.01893777752168 13.95667713377163 -153.82995001318446 350049.98422849737108 26.61242050992100 165.80884786053531
30990.0 0.01941069367973 13.91436792392951 -153.81855489043375 350002.00114147458225 26.39250806311385 165.80140360489725
31020.0 0.01845983032260 13.87073678286322 -153.80677572392372 350026.67893470264971 26.17317310562321 165.79353148325302
31050.0 0.01786113850809 13.82700267084076 -153.79489511654779 350026.66654674988240 25.95401414901082 165.78500736668445
31080.0 0.01872043719914 13.78318475005127 -153.78293339391740 350004.66826436202973 25.73532402737247 165.77599620324528
31110.0 0.01824752111495 13.73927297627390 -153.77087636615212 349958.99432632327080 25.51692336175773 165.76639809561925
31140.0 0.01809055321092 13.69401197035720 -153.75841234236441 349981.97107906918973 25.29891486413257 165.75627143057486
31170.0 0.01804326161728 13.64865009328774 -153.74584588333894 349980.08865167107433 25.08115551042263 165.74553643143665
31200.0 0.01789937424265 13.60320154082030 -153.73319169968252 349955.35764999128878 24.86385499519191 165.73431173721741
31230.0 0.01818614262119 13.55638572453806 -153.72011662021316 349996.60586656536907 24.64686806250047 165.72251620853240
31260.0 0.01857453760015 13.50947928256021 -153.70695020981157 350014.30642640683800 24.43034409688892 165.71023469417977
31290.0 0.01887438650809 13.46246298682804 -153.69366632596112 350005.23322144523263 24.21395958692450 165.69728513868182
31320.0 0.01957269262480 13.41536606538701 -153.68029842982958 349973.82970947399735 23.99815997673841 165.68391964738132
31380.0 0.01956866780674 13.31830089499953 -153.65258365800517 350011.71662326343358 23.56741361235517 165.65543330934227
31410.0 0.01928994913817 13.26962109630557 -153.63856620265298 349992.61974840052426 23.35257840942842 165.64037642077537
31440.0 0.01841153250597 13.21955274450101 -153.62411588999544 350036.25501475948840 23.13814529455868 165.62480229128093
31470.0 0.01936138956626 13.17067441108758 -153.60987520887139 349965.47858489677310 22.92397296212847 165.60863106943813
31500.0 0.01985644233440 13.12040781631807 -153.59520243202672 349957.36810590606183 22.71026643995918 165.59197962080120
32610.0 0.01965721384082 10.85121469586104 -152.86851867876973 349984.39412523340434 15.06604239579384 164.60309310313912
32670.0 0.01936340204915 10.70149416581931 -152.81662627872009 350030.92534028738737 14.66796288920460 164.52924870581754
32700.0 0.01951735139505 10.62645693247005 -152.79036906733890 350002.59412107057869 14.46952981926337 164.49155278594344
32730.0 0.01840147038698 10.54988840003990 -152.76351058637675 350011.67449718154967 14.27140182956893 164.45328061412388
32760.0 0.01810061525605 10.47320776176441 -152.73644745523433 349987.28793908469379 14.07376540528574 164.41454420607297
32790.0 0.01774542497062 10.39499508524022 -152.70878073449143 350000.28114593308419 13.87649695451691 164.37526861057918
32820.0 0.01721414891388 10.31666998835205 -152.68090339021217 349979.52690666355193 13.67972575237366 164.33553171325821
32850.0 0.01544222261873 10.23679564342267 -152.65239194405555 349992.47051874268800 13.48315425195803 164.29515257457246
32880.0 0.01444004275757 10.15539780062961 -152.62329107966335 350045.08982671611011 13.28719935399849 164.25438388220414
32910.0 0.01305449895847 10.07528714899939 -152.59432367806639 349987.36381890438497 13.09148564171713 164.21299690813319
32940.0 0.01155726647691 9.99222216111425 -152.56435839782429 350038.71583003457636 12.89628995009132 164.17115979104966
32970.0 0.00811805900822 9.91045548161722 -152.53453461183994 349981.55769387073815 12.70143774634900 164.12876557574120
33000.0 0.01096964296744 9.82572084769060 -152.50369100185037 350030.92210908047855 12.50703281968993 164.08587720942364
33030.0 0.00893610338810 9.74228613540541 -152.47298030461107 349971.45725429337472 12.31294300987253 164.04241309963311
33060.0 0.00797316553988 9.65587902050682 -152.44124291530011 350018.02087002433836 12.11935047962179 163.99848456191179
33090.0 0.00714304672430 9.56934713814836 -152.40924518135921 350027.06865939404815 11.92613570219922 163.95401763394051
33120.0 0.00837464119597 9.48270177435644 -152.37700143542543 350000.90815768577158 11.73342422449166 163.90908926354589
33150.0 0.00801039512532 9.39448609187814 -152.34407024976514 350004.03954424150288 11.54092344260869 163.86351799539281
33180.0 0.00745698255083 9.30616594991887 -152.31090140551447 349973.82891908846796 11.34904483587943 163.81755789638578
33210.0 0.00707563102193 9.21627484641921 -152.27703917140283 349972.83957752678543 11.15741723387308 163.77097834480310
33240.0 0.00791279327833 9.12482986700597 -152.24251422450885 350005.42503338027745 10.96631487239262 163.72394902725489
33270.0 0.00667113675230 9.03325874942841 -152.20770087299505 349999.25103029515594 10.77556413492631 163.67636135597871
33300.0 0.00712392883856 8.94012536052915 -152.17220394291257 350024.74314246978611 10.58526890706658 163.62827947731554
33330.0 0.00651416882057 8.84686428527240 -152.13640613794362 350010.75763069838285 10.39529880316607 163.57962117177377
33360.0 0.00684319773326 8.75349114162066 -152.10033035621834 349960.76874185912311 10.20583172422027 163.53049722321882
33390.0 0.00462753513706 8.65709671175837 -152.06313358570608 350008.20558053907007 10.01675214708612 163.48083458909136
33420.0 0.00609558769699 8.56058807006321 -152.02564845825066 350019.23678831849247 9.82818195457153 163.43070939610911
33450.0 0.00469897565287 8.46394516509521 -151.98782918879061 349988.42817258276045 9.63983346663267 163.37993944418491
33480.0 0.00336172969810 8.36574524644393 -151.94931733848642 349990.96484628599137 9.45211274282707 163.32878055887957
33510.0 0.00338789101083 8.26741498672994 -151.91046788591112 349952.27269568480551 9.26465288834058 163.27699991416173
33540.0 0.00274090143509 8.16605873298870 -151.87047987533882 350011.33564136549830 9.07772551260624 163.22476900989821
33570.0 -0.00034512818951 8.06457774087154 -151.83015682658333 350030.65088475402445 8.89115796965865 163.17197748646390
33600.0 -0.00101324807041 7.96298234913874 -151.78951194018811 350012.48921989463270 8.70505420040988 163.11869080689442
33630.0 -0.00160952493918 7.86126468324630 -151.74852173209214 349954.38062199112028 8.51928560258453 163.06482603054678
33660.0 -0.00246318895300 7.75650940243026 -151.70635826597254 349992.05192000046372 8.33402587331000 163.01049356899247
33690.0 -0.00460841723977 7.65163516128689 -151.66384658392187 349990.69181651901454 8.14916343199332 162.95562123655029
33720.0 -0.00469092602369 7.54518510283236 -151.62057336107256 350018.64088641572744 7.96481655912956 162.90028444689094
33750.0 -0.00560154121877 7.43860465380809 -151.57691475682068 350004.06901332177222 7.78070248159054 162.84430003114605
33780.0 -0.00732818837317 7.33192809684908 -151.53293441952056 349955.76859080232680 7.59722183559052 162.78792594619642
33810.0 -0.00696494849780 7.22218315731144 -151.48769863782670 349996.42169240489602 7.41401203423838 162.73092685258595
33840.0 -0.00960522948620 7.11233381007480 -151.44211245955643 350001.14834820106626 7.23134202969096 162.67347632649941
33870.0 -0.01005299052681 7.00236867264412 -151.39614309336724 349966.38849818520248 7.04904020143965 162.61546209444384
33900.0 -0.01104208970161 6.88934483654664 -151.34892543572678 350024.10455446504056 6.86721050291015 162.55695105480822
33930.0 -0.01272245143225 6.77620287438744 -151.30130643347161 350041.63919509388506 6.68572612452550 162.49785945210905
33960.0 -0.01373972432417 6.66295906140390 -151.25331276652315 350023.06830851640552 6.50475661426971 162.43829747671478
33990.0 -0.01361998597789 6.54960714318528 -151.20492171616047 349966.17112474702299 6.32419427362916 162.37819374348979
34020.0 -0.01451550809604 6.43319514734549 -151.15525696171190 350002.23737317975610 6.14415384001887 162.31762305325563
34050.0 -0.01502565386724 6.31666169550526 -151.10515023693955 349996.09159499406815 5.96435743301184 162.25640104955085
34080.0 -0.01692637442316 6.20004193288297 -151.05467142874073 349957.30221620947123 5.78520025586039 162.19478818721424
34110.0 -0.01659734547354 6.08033784217758 -151.00284503885351 350005.29676516819745 5.60632406565622 162.13254630607258
34140.0 -0.01926680641591 5.96054047973015 -150.95061520660241 350018.57554012071341 5.42799512207128 162.06985131999838
