# sod		dsTEC/dt [TECU/s]		lat		lon		h_ipp		ele		azi
30.0 0.00207680641033 -26.08914561217953 -42.31738373013420 290027.06338959187269 33.30276967969454 135.93795952801892
60.0 0.00020828505440 -26.11150398630297 -42.30453704851389 290040.71007127035409 33.11492910798079 136.05868393157783
90.0 0.00055944993084 -26.13391067109036 -42.29163042639231 290040.20149382948875 32.92668237183093 136.17783673607548
120.0 0.00123058751001 -26.15635790835809 -42.27866707402433 290026.25499174650759 32.73816322986875 136.29538857697847
150.0 -0.00022035795734 -26.17884567882857 -42.26564600735151 289998.75324941985309 32.54936528372404 136.41135441071640
180.0 0.00104846573044 -26.20137541511938 -42.25256543512008 289957.41539108473808 32.36025582809970 136.52575663446405
210.0 -0.00068220824798 -26.22479555061362 -42.23849146298468 290004.59214796498418 32.17101753813888 136.63855413090113
240.0 -0.00384873272395 -26.24826490280465 -42.22435425159149 290037.09767014905810 31.98146467492906 136.74981445619548
270.0 -0.00232634498183 -26.27090419002614 -42.21110042531903 289955.57513400819153 31.79181487176889 136.85948775313719
300.0 -0.00024752583006 -26.29445692816124 -42.19684073393653 289959.93446765746921 31.60180968687672 136.96766013643597
330.0 -0.00073251732868 -26.31892692368369 -42.18157526367160 290049.92932192422450 31.41158203429389 137.07430588478380
360.0 -0.00042461871076 -26.34256891533943 -42.16718767054890 290025.16278279572725 31.22112535792770 137.17943895537789
390.0 -0.00132718255232 -26.36625501597218 -42.15273420439202 289985.63349693454802 31.03040461442063 137.28308055640531
420.0 0.00194901801244 -26.39086051159820 -42.13727360547959 290031.41422140970826 30.83960289324926 137.38519409429125
450.0 -0.00040952492286 -26.41462709576628 -42.12269047951629 289962.96565455291420 30.64853489546496 137.48584057864650
480.0 0.00264430494313 -26.43931794312605 -42.10709727395524 289979.20940361544490 30.45741566522186 137.58497638236497
510.0 0.00107060115864 -26.46406089129625 -42.09143112551310 289979.40693309530616 30.26598790307115 137.68267891279115
540.0 0.00250444482418 -26.48884801457142 -42.07569536518071 289964.35111220180988 30.07438361490081 137.77892574859729
570.0 0.00126982946755 -26.51458375088392 -42.05893689540546 290031.17838694434613 29.88259613129328 137.87372986170922
600.0 0.00001911690700 -26.53946403975182 -42.04305644040913 289984.69339121319354 29.69058814417240 137.96711121632083
630.0 -0.00078685071036 -26.56529089870554 -42.02615385548799 290020.24977131094784 29.49854305923273 138.05903739853082
660.0 -0.00236558693937 -26.59116941091104 -42.00917421617311 290039.24615139607340 29.30627620456111 138.14956329745095
690.0 -0.00098205708205 -26.61708700401651 -41.99212360527171 290043.08020516484976 29.11399991804286 138.23865094791987
720.0 -0.00155760539869 -26.64305741166510 -41.97499265857772 290029.89095049351454 28.92145827166710 138.32636965302936
750.0 -0.00151232521686 -26.66907261430744 -41.95778478518088 290000.51348127890378 28.72878231149053 138.41269999052000
780.0 0.00002213779197 -26.69513232910516 -41.94049884747479 289954.82385438028723 28.53596529737678 138.49765397409175
810.0 0.00087740989214 -26.72217146975063 -41.92217048703558 289986.95291015040129 28.34296772909521 138.58125029078778
840.0 -0.00191983858017 -26.74925263156380 -41.90376444795139 290002.96046698838472 28.14997324296977 138.66346040167687
870.0 0.00007948969486 -26.77638546653653 -41.88527354422321 290001.44141266401857 27.95679796225229 138.74433348104418
900.0 0.00012577683834 -26.80355737208577 -41.86670399027819 289983.85651978012174 27.76365142194670 138.82383671802825
930.0 0.00282240360361 -26.83172913969611 -41.84707857994657 290041.35573360510170 27.57027926869842 138.90203187809729
960.0 0.00114606655252 -26.85900180307314 -41.82833444981270 289988.27269424218684 27.37681154762820 138.97890227399259
990.0 -0.00210900554569 -26.88727259253002 -41.80853393716160 290010.32403513044119 27.18324148704816 139.05445899784891
1020.0 0.00055341407031 -26.91559593468639 -41.78864207792756 290014.01680910773575 26.98952746663376 139.12871944307156
1050.0 0.00125674842108 -26.94396053414918 -41.76866434335489 290000.67798254266381 26.79585327829527 139.20165867580610
1080.0 -0.00083615519317 -26.97237598448581 -41.74859327638692 289968.83675893954933 26.60203599076407 139.27332053901787
1110.0 -0.00080093871849 -27.00179677853369 -41.72745909056226 290011.00382959004492 26.40828225732410 139.34367692242367
1140.0 -0.00135334582715 -27.03127589027992 -41.70622490068561 290033.45010251924396 26.21433947893811 139.41278258342771
1170.0 -0.00102330941726 -27.06080504897326 -41.68489425105754 290037.10086725838482 26.02033666692223 139.48062333795852
1200.0 -0.00118128539096 -27.09038373676444 -41.66346583426614 290021.82730162516236 25.82626705479859 139.54720939953992
1230.0 -0.00391413559256 -27.12001355592753 -41.64193697626441 289987.20102149620652 25.63208697200562 139.61255686431736
1260.0 0.00122153312828 -27.15066612934095 -41.61932957570499 290023.84502666443586 25.43798030041613 139.67664416423574
1290.0 0.00063088984186 -27.18137414343959 -41.59661651837951 290040.29515410587192 25.24376518813318 139.73951017129696
1320.0 0.00045178540161 -27.21212485833331 -41.57380428793348 290038.14810620807111 25.04964534332996 139.80113107001290
1350.0 -0.00266845547653 -27.24293176079591 -41.55088239664584 290015.26741756219417 24.85537007913970 139.86155510255301
1380.0 0.00249136377771 -27.27378646925583 -41.52785450810726 289972.63098554592580 24.66106734762752 139.92077038418483
1410.0 -0.00022639618163 -27.30568687090624 -41.50372733374706 289997.54464787337929 24.46673042119079 139.97878629681264
1440.0 0.00400469595622 -27.33764214243640 -41.47948655703446 290001.39630112983286 24.27231364658735 140.03561764516064
1470.0 0.00177091817009 -27.36964052006368 -41.45513810024188 289985.68480404000729 24.07800093824257 140.09124601469171
1500.0 0.00063793502780 -27.40269883783216 -41.42967682729351 290035.16337537672371 23.88361164237482 140.14570564335861
1530.0 -0.00290491300155 -27.43479244574359 -41.40510168524419 289978.40933438297361 23.68934647201827 140.19897664725843
1560.0 0.00232533802017 -27.46795245016689 -41.37940598656271 289985.56684725172818 23.49495679035358 140.25110121032216
1590.0 -0.00644071584495 -27.50116290180896 -41.35359046940513 289971.29861069656909 23.30056947119117 140.30206956763223
1620.0 -0.00018111599980 -27.53544196940428 -41.32664959426854 290020.42044407036155 23.10617785623126 140.35189031865258
1650.0 -0.00127385613229 -27.56977801221247 -41.29958062637045 290046.77152150589973 22.91173437485057 140.40057698926236
1680.0 0.00172564153390 -27.60313446845943 -41.27339741219040 289967.70942160300910 22.71742292350271 140.44811413002839
1710.0 0.00249136259583 -27.63859423322134 -41.24506834762873 290034.25052216183394 22.52306415149449 140.49453165852071
1740.0 0.00030890557957 -27.67307083923928 -41.21762332704975 289995.43566077202559 22.32885573815420 140.53981329700900
1770.0 0.00277209452290 -27.70863487870523 -41.18902992700522 290016.32715349644423 22.13455121687525 140.58399559360757
1800.0 -0.00021935454133 -27.74425033762747 -41.16030150777731 290014.13365939259529 21.94027636908386 140.62707074496427
1830.0 0.00283347309053 -27.77991630473242 -41.13143644591597 289988.72440949454904 21.74602463353099 140.66904661798065
1860.0 -0.00207076936792 -27.81667511690047 -41.10141219281523 290021.66657216195017 21.55174658482775 140.70993547691106
1890.0 -0.00001811230911 -27.85243573883384 -41.07227144275765 289950.08064846321940 21.35762605707879 140.74972467008942
1920.0 -0.00300150686198 -27.89033727298989 -41.04094202031828 290017.46793464105576 21.16348509501222 140.78844008571997
1950.0 0.00177494483483 -27.92723682494617 -41.01049412393530 289980.38616512995213 20.96951831575602 140.82606876035123
1980.0 0.00482877588270 -27.96524185289494 -40.97886756797560 289998.83626731764525 20.77548152666435 140.86264199580927
2010.0 -0.00082307532858 -28.00329758315469 -40.94708933604274 289992.56536863837391 20.58149940743958 140.89815381052577
2040.0 0.00163105686926 -28.04245880467186 -40.91412643235837 290041.44941787328571 20.38756551846450 140.93261138843988
2070.0 0.00116921012426 -28.08061790343440 -40.88203542971155 289984.53476345539093 20.19362863968287 140.96602575232529
2100.0 -0.00092872593450 -28.11987639757719 -40.84875852612608 289983.29822060279548 19.99987250381679 140.99838689962965
2130.0 -0.00176085800858 -28.15918757674936 -40.81531745426236 289955.86680385563523 19.80612063198397 141.02971695839611
2160.0 0.00398758824501 -28.19960370241588 -40.78067968236105 289982.78193278703839 19.61256455913767 141.06000601733652
2190.0 0.00067918736301 -28.24007716868389 -40.74586793415704 289982.15025783516467 19.41896245576056 141.08928049039378
2220.0 -0.00163306961069 -28.28059887315579 -40.71088627255456 289955.19608167186379 19.22543789419794 141.11753609419728
2250.0 -0.00317457662358 -28.32223986845024 -40.67468637113158 289979.36839016061276 19.03198457869932 141.14477937820499
2280.0 0.00396746555823 -28.36393400706635 -40.63830597601650 289975.76192782726139 18.83854955137942 141.17102014551784
2310.0 -0.00026463235940 -28.40674502369837 -40.60070122005995 290023.20695534348488 18.64531640977636 141.19625091061027
2340.0 0.00066208319744 -28.44960964586277 -40.56290840480911 290042.16435365844518 18.45211022173324 141.22049028981419
2370.0 0.00840482646342 -28.49251451337816 -40.52493495585217 290034.66227931622416 18.25911942754595 141.24373118832574
2400.0 -0.00536306950036 -28.53547265413075 -40.48676742314279 289997.98194537311792 18.06610463703196 141.26599546138175
2430.0 0.00001811112723 -28.57955991697125 -40.44734967399295 290008.96241740789264 17.87318831249087 141.28728041442594
2460.0 0.00223578698193 -28.62369389933456 -40.40773518694225 289991.26217608060688 17.68036432186004 141.30759200929751
2490.0 -0.00641022807166 -28.66896539571794 -40.36685415426754 290019.05914529599249 17.48757802381527 141.32693885178517
2520.0 -0.00707190824806 -28.71427592539972 -40.32577436042625 290018.88433490879834 17.29501285073134 141.34531585615426
2550.0 0.00084521312055 -28.75963440742951 -40.28448508490098 289988.67603015992790 17.10249547836766 141.36273835581414
2580.0 0.00683414001825 -28.80612238773798 -40.24192139335437 290004.44206960685551 16.91021124632837 141.37920186027483
2610.0 0.00009055918178 -28.85266158051300 -40.19913663229246 289988.78835150320083 16.71792326795551 141.39472396798263
2640.0 0.00280328669660 -28.90034120531554 -40.15505737588415 290016.31508657243103 16.52575289594988 141.40930347624794
2670.0 0.00540130686001 -28.94806454775372 -40.11075389964306 290013.02738246414810 16.33369417888214 141.42294580421512
2700.0 0.00257487659166 -28.99583314326904 -40.06622108282940 289978.17862701509148 16.14169084408920 141.43565838249259
2730.0 -0.00131510964938 -29.04473749986649 -40.02038121880374 289986.22895342484117 15.94992613254449 141.44743842115898
2760.0 0.00368170355040 -29.09368578188570 -39.97430318812814 289962.11836033686996 15.75822838056938 141.45829818104949
2790.0 -0.00426731321043 -29.14377184787746 -39.92690397847363 289979.70253374800086 15.56677982650665 141.46823558474674
2820.0 0.00633808257835 -29.19390430189880 -39.87925394184222 289963.72909554559737 15.37534614105166 141.47726425044902
2850.0 0.00065332901319 -29.24518416258189 -39.83026106562309 289986.64548442978412 15.18404756967533 141.48538438139911
2880.0 0.00154623453240 -29.29650195318404 -39.78101369982615 289976.73002053331584 14.99287835717958 141.49260089673780
2910.0 0.00008552673727 -29.34897317264959 -39.73040409771817 290003.52839098591357 14.80178064834155 141.49892007325329
2940.0 0.00208284345274 -29.40147279771673 -39.67953698509471 289998.44190764985979 14.61093746999509 141.50434132476889
2970.0 -0.00048700305817 -29.45400947819380 -39.62840008877227 289959.18861991353333 14.42017886409596 141.50887403265526
3000.0 -0.00094482432030 -29.50880621353814 -39.57478026781830 290027.01074976567179 14.22968397202216 141.51251835996985
3030.0 0.00393828258032 -29.56252462087364 -39.52198461124579 289989.52145761344582 14.03922106593230 141.51528419772123
3060.0 0.00482374580194 -29.61739285567198 -39.46779333139882 289986.86425374075770 13.84890928882005 141.51717307885659
3090.0 -0.00207680641033 -29.67341295934764 -39.41219462255353 290018.03201964870095 13.65874309474808 141.51818946293182
3120.0 -0.00144792812803 -29.72946639240501 -39.35629574921751 290013.02175822295249 13.46866309274395 141.51833849298771
3150.0 0.00103840320517 -29.78553856113247 -39.30010549114861 289974.38454915117472 13.27885207555538 141.51762170528588
3180.0 -0.00275196947236 -29.84276446975519 -39.24248187234024 289967.37537738308311 13.08914182896531 141.51604577880511
3210.0 0.00031997388461 -29.90113355809463 -39.18342412062407 289993.63666841574013 12.89970840570659 141.51361296112103
3240.0 0.00065302645194 -29.95953308101638 -39.12404039679341 289981.88239197619259 12.71032271525323 141.51032964739900
3270.0 0.00264732346434 -30.01908248584047 -39.06319712336401 290000.60168715100735 12.52110280431651 141.50619863270637
3300.0 0.00349957940707 -30.07865166963565 -39.00202296127254 289982.32279519550502 12.33204334777052 141.50122395508836
3330.0 -0.00101727119297 -30.13937407465778 -38.93936606291297 289992.35879763588309 12.14308346302241 141.49540964232622
3360.0 0.00162501982685 -30.20010459813489 -38.87637401632588 289966.64399111177772 11.95440569142262 141.48875928155562
3390.0 0.00394130228340 -30.26198570752737 -38.81188112659417 289968.35755453258753 11.76584359470597 141.48127701156204
3420.0 -0.00546670854674 -30.32500570860401 -38.74588620919414 289999.35076593607664 11.57757014881470 141.47296702334813
3450.0 0.00219654384250 -30.38804375630346 -38.67951843223854 289990.12376557197422 11.38935892874836 141.46383242757958
3480.0 -0.00123159565355 -30.45222576191252 -38.61162098821705 290007.40024201665074 11.20132689265020 141.45387722155203
3510.0 0.00181720767733 -30.51641390161703 -38.54334501151723 289985.64817214570940 11.01346894603400 141.44310505756926
3540.0 0.00021331513516 -30.58174781816050 -38.47351393442640 289988.26377896219492 10.82572275654647 141.43151886480462
3570.0 0.00367465836446 -30.64707497784606 -38.40329931872225 289953.27634106762707 10.63827059912214 141.41912421856753
3600.0 -0.00303370717921 -30.71468334879270 -38.33033402999965 290005.84727633278817 10.45094783819320 141.40592286589768
3630.0 0.00398155238448 -30.78228087447992 -38.25696454315241 290019.97856006212533 10.26392453149683 141.39192081061583
3660.0 -0.00385879406734 -30.84987973474963 -38.18317034343139 289991.95174124371260 10.07697661179262 141.37711807693739
3690.0 -0.00336575514865 -30.91861034046512 -38.10776963406155 289986.89726638328284 9.89022014296594 141.36151980895056
3720.0 0.00171859752983 -30.98847135594475 -38.03074714987390 290004.03722909931093 9.70365026942970 141.34512930674330
3750.0 0.00641455375200 -31.05946534730684 -37.95208268410764 290041.58346873894334 9.51720324898088 141.32794841553698
3780.0 0.00105551091638 -31.13043415477552 -37.87297360249944 290039.52357082255185 9.33106107709760 141.30998464421168
3810.0 -0.00920878488499 -31.20138559526278 -37.79340301706679 289995.04472855012864 9.14506094263247 141.29123748382105
3840.0 0.00154754169154 -31.27459242095924 -37.71096839463562 290035.29260096047074 8.95936971448096 141.27171464074743
3870.0 0.00601911565539 -31.34777991491674 -37.62804401023713 290031.31866679899395 8.77376635796659 141.25141321857822
4170.0 -0.00525138185203 -32.12084026785499 -36.72388858961337 289956.11253200657666 6.92894617941145 141.00642653806275
4200.0 0.01786415688156 -32.20263440512099 -36.62518652887321 289961.66642259061337 6.74559914297414 140.97779607898718
4260.0 0.01775649353420 -32.36826759801183 -36.42344960162235 289961.11213259212673 6.37966308750367 140.91832519902709
4290.0 0.01036088847992 -32.45210397942995 -36.32037591408329 289952.39328049216419 6.19696985571730 140.88748501998134
4320.0 0.00244940349645 -32.53813573684663 -36.21411565015276 290017.36401184182614 6.01449307794100 140.85591352430089
4350.0 0.01084185567756 -32.62407362105372 -36.10718803902935 290035.71647847443819 5.83216656256836 140.82360959735638
50580.0 0.00509008715964 -27.45392049585346 -51.85512225855688 289994.37823006696999 15.72233191977848 235.69129436503800
50610.0 0.00442458478372 -27.41907498400809 -51.84613121109999 289994.32948498800397 15.79661283683900 235.89379258080993
50640.0 0.00454673679648 -27.38431073849604 -51.83709466447859 289978.50300903245807 15.87003447113436 236.09693433167274
50670.0 -0.00383766560079 -27.35037527289356 -51.82941633691209 290019.23507894854993 15.94259755636799 236.30071915957024
50700.0 0.00225892937179 -27.31650376761209 -51.82169517648062 290045.22872240655124 16.01434605388401 236.50520098359658
50730.0 0.00088344693455 -27.28198048947278 -51.81252175939506 289982.59819199517369 16.08515491534885 236.71022116552439
50760.0 0.00105450277284 -27.24826760400960 -51.80471002565617 289977.53598601184785 16.15512897958793 236.91590987049750
50790.0 0.00529464929243 -27.21536980197826 -51.79826279116752 290029.16724354308099 16.22415966427145 237.12212689084581
50820.0 0.00426026920636 -27.18180110218777 -51.79036206730969 289994.11324799526483 16.29238873348693 237.32905172940229
50850.0 0.00317356966192 -27.14902648342685 -51.78382879834092 290017.00078524276614 16.35973889868481 237.53658381740010
50880.0 0.00218749064265 -27.11631784998247 -51.77725211728985 290025.26964869815856 16.42621092387316 237.74472208805204
50910.0 0.00246117502002 -27.08366738398897 -51.77063206313537 290019.56404639780521 16.49184904583544 237.95352279739302
50940.0 0.00249136377771 -27.05109710812818 -51.76396678948840 289998.50273083336651 16.55653090597025 238.16282256388308
50970.0 0.00398859402478 -27.01928732331623 -51.75867675406936 290036.77786406222731 16.62035843712273 238.37275338668292
51000.0 0.00657051698427 -26.98685513298284 -51.75192243220638 289986.64498742576689 16.68322727163816 238.58317325054972
51030.0 0.00433271607904 -26.95516770529614 -51.74654591943732 289996.66598712559789 16.74527497526802 238.79426413082126
51060.0 0.00124769522122 -26.92354023025737 -51.74112621283569 289992.68794486206025 16.80642662509445 239.00592310721140
51090.0 0.00292906117118 -26.89265108299094 -51.73708887993376 290048.58595175668597 16.86668305754790 239.21814852101184
51120.0 0.00112694964552 -26.86113043364227 -51.73158348309698 290017.55176797136664 16.92608871597089 239.43099902449120
51150.0 0.00282743486624 -26.82968369807665 -51.72603288104474 289971.92507001664490 16.98452411576557 239.64430657608577
51180.0 0.00194700645289 -26.79895617040592 -51.72186826872913 289987.04409818444401 17.04208823958642 239.85820492353935
51210.0 0.00244205811302 -26.76829305832459 -51.71766077014911 289987.94775441382080 17.09868100789488 240.07255043534158
51240.0 0.00398960098644 -26.73766990105327 -51.71341114027320 289976.30039436928928 17.15443572739397 240.28752742605809
51270.0 0.00345228766569 -26.70710020537298 -51.70911831573504 289951.33368282672018 17.20927993486586 240.50303072377173
51300.0 0.00529666203386 -26.67722680624230 -51.70621879194832 289987.59014247450978 17.26321457916914 240.71905810282487
51330.0 0.00179708144491 -26.64738840024774 -51.70327869643695 290011.41609630547464 17.31628423830345 240.93567067042522
51360.0 0.00502297292897 -26.61760695815953 -51.70029673528545 290021.53170476388186 17.36837247767447 241.15269583357730
51390.0 0.00506020332696 -26.58786464543607 -51.69727322854911 290019.13865829911083 17.41957529085506 241.37026899848098
51420.0 0.00287372082785 -26.55817972598133 -51.69420710739276 290003.20431250520051 17.46979694653417 241.58824512744280
51450.0 0.00539225129640 -26.52852795745795 -51.69109884630159 289975.30530459340662 17.51916644027166 241.80681073244585
51480.0 0.00299144551859 -26.49953459932695 -51.68939373153862 290009.67740494292229 17.56761385433316 242.02585850665275
51510.0 0.00314338326800 -26.47057738724341 -51.68764828203584 290031.60531008057296 17.61514028736104 242.24538569057137
51540.0 0.00780110331240 -26.44104649391283 -51.68441310900926 289966.53914255369455 17.66179037694104 242.46545590340696
51570.0 0.00243199795151 -26.41276814340961 -51.68403489435548 290038.65003162063658 17.70745090437210 242.68589213425531
51600.0 -0.00058460506213 -26.38392040468705 -51.68216605203151 290023.67486324440688 17.75221484074874 242.90683135318847
51630.0 0.00343115683538 -26.35512265980506 -51.68025498797221 289995.77259757090360 17.79599084841017 243.12812734349149
51660.0 0.00502498803416 -26.32693127408191 -51.67975722438154 290031.87740675453097 17.83890356857597 243.34996866458516
51690.0 0.00227804627879 -26.29819348374439 -51.67776290955565 289980.47740381769836 17.88088570541015 243.57224600752488
51720.0 0.00228207294353 -26.27006481566980 -51.67718384464906 289992.60657216608524 17.92193854119137 243.79495611946143
51750.0 0.00228710302429 -26.24195623195902 -51.67656444478391 289993.39081438444555 17.96210669510671 244.01816518625449
51780.0 0.00503404241589 -26.21388977830961 -51.67590397164137 289981.64603434316814 18.00128031817880 244.24169193634157
51810.0 0.00598289103718 -26.18640176686623 -51.67666519838305 290034.24073362071067 18.03954933115300 244.46567480461829
51840.0 0.00325607905986 -26.15839677370992 -51.67592329048642 289998.73756076861173 18.07682681973583 244.68996663765648
51870.0 0.00774173866808 -26.13041013644163 -51.67513950476952 289952.27580684050918 18.11323303688553 244.91475788473488
51900.0 0.00434680290528 -26.10353086014687 -51.67724800326479 290046.14213387295604 18.14870337444221 245.13993738216402
51930.0 0.00595773945152 -26.07559677518354 -51.67638201840187 289976.61044001579285 18.18323932818249 245.36550143094701
51960.0 0.00540331841956 -26.04873973477021 -51.67841349623403 290048.27126036584377 18.21688541802430 245.59151883448658
51990.0 0.00421599716807 -26.02086266723489 -51.67746377918648 289955.70501737762243 18.24953530479358 245.81780423997907
52020.0 0.00314338208612 -25.99404574898245 -51.67941664210625 290004.44237450417131 18.28127583680916 246.04449744393284
52050.0 -0.00121146942113 -25.96725216538553 -51.68133111884551 290041.41068761609495 18.31202453607051 246.27145061085849
52080.0 0.00557839855883 -25.93995267630815 -51.68173066183986 289991.62471687979996 18.34189724302958 246.49885591543313
52110.0 0.00949353993117 -25.91317687712213 -51.68356570327381 290007.02273323945701 18.37083209127448 246.72660049920415
52140.0 0.00330739628410 -25.88641385530370 -51.68536118587373 290011.39988978113979 18.39883081532555 246.95468026974896
52170.0 0.00683313305660 -25.85965455303018 -51.68711663504244 290005.28829536959529 18.42593775260316 247.18316669430220
52200.0 0.00450176153966 -25.83292118979922 -51.68883188761421 289987.58956644404680 18.45205019842747 247.41187053810910
52230.0 0.00863222960670 -25.80667459801990 -51.69198967353235 290035.82579666655511 18.47725191238604 247.64093285173459
52260.0 0.00711990320796 -25.77997004355181 -51.69362471418767 289996.10574547760189 18.50146484844045 247.87020538203856
52290.0 0.00745496969860 -25.75373490200482 -51.69670423412814 290022.84701832477003 18.52480042004140 248.09988185801660
52320.0 0.01117189208744 -25.72750408015009 -51.69974475069571 290038.87413569632918 18.54719954422080 248.32984789714735
52350.0 0.00368572548762 -25.70082133002166 -51.70125699771827 289967.52584544941783 18.56866421448655 248.56009907055903
52380.0 0.00485292641609 -25.67504616331115 -51.70570700924298 290039.46049701236188 18.58923850037220 248.79070954940983
52410.0 0.00657252854382 -25.64883212562079 -51.70862827692465 290023.47632683068514 18.60882343979118 249.02148643377041
52440.0 0.00061881457516 -25.62261813870714 -51.71150888683177 289997.20453608687967 18.62749969329045 249.25257191652537
52470.0 0.00842696425538 -25.59685535033347 -51.71584328973969 290036.71360729262233 18.64519362467658 249.48381759762083
52500.0 0.00590440830397 -25.57064643220408 -51.71864306505493 289989.53730547893792 18.66201221594729 249.71541858338503
52530.0 0.00603119210397 -25.54486724645434 -51.72289825032576 290008.80811428371817 18.67789919624988 249.94725914612715
52560.0 0.00785141475687 -25.51908368315431 -51.72711409039380 290017.72415477316827 18.69285683296378 250.17933458016120
52590.0 0.00894213978417 -25.49328622185051 -51.73128982845387 290016.78413829486817 18.70692884092306 250.41172179359421
52620.0 0.00257588473520 -25.46749734984530 -51.73542590373790 290004.96736809145659 18.72002009092395 250.64422445234001
52650.0 0.00634814510362 -25.44169978005504 -51.73952127156421 289983.14180250931531 18.73220814029996 250.87698577572962
52680.0 0.00727888496143 -25.41630540683079 -51.74507986849789 290027.58852818887681 18.74342372274998 251.10985749052810
52710.0 0.00482776892104 -25.39049503507621 -51.74909433987121 289985.42450952436775 18.75376939460546 251.34303589817370
52740.0 0.00943115558376 -25.36506635334278 -51.75457336308921 290010.13687865342945 18.76319171226507 251.57640411000529
52770.0 0.01377292959017 -25.33962432377351 -51.76001290342366 290024.74597603175789 18.77169322665482 251.80995720480388
52800.0 0.01062350809789 -25.31378659554457 -51.76390332132655 289952.65325166005641 18.77931721004755 252.04377485192720
52830.0 0.00480865319592 -25.28869358882268 -51.77077152828783 290024.11732914391905 18.78597243794076 252.27765752535353
52860.0 0.00590440712209 -25.26321029653637 -51.77609006160593 290008.71671498473734 18.79173336647652 252.51174935072629
52890.0 0.00786248424379 -25.23772592621336 -51.78136816636100 289982.83407601434737 18.79653504175172 252.74590245505169
52920.0 0.00917859849107 -25.21256710088345 -51.78811774727585 290024.66425185650587 18.80047561054019 252.98031414802276
52950.0 0.00564883269007 -25.18704137412329 -51.79331304718488 289979.43309958744794 18.80350445813521 253.21486656706122
52980.0 0.01049471392022 -25.16184307291344 -51.79998215971496 290001.41573601868004 18.80562442313155 253.44955463609125
53010.0 0.00560154094869 -25.13661221878467 -51.80661032907631 290013.96173291653395 18.80687824735331 253.68446080079778
53040.0 0.01233003390666 -25.11137165856009 -51.81319863323108 290016.12170148454607 18.80717866375788 253.91938259300102
53070.0 -0.00202046028722 -25.08610418324075 -51.81974549736184 290008.67285827361047 18.80659703578166 254.15446492061338
53100.0 0.00440818147291 -25.06082624221640 -51.82625166095612 289990.95402282662690 18.80507264727919 254.38956058032727
53130.0 -0.00010162630494 -25.03582463175966 -51.83423689086640 290041.10488415136933 18.80269926206928 254.62486769953938
53160.0 0.00710783030502 -25.01048663750943 -51.84065907674108 290004.35713803954422 18.79942908251486 254.86026762873163
53400.0 0.00902494937960 -24.80911659714566 -51.90271613133764 289978.61335060931742 18.74138739133977 256.74624467054502
53430.0 0.00133292057912 -24.78405700713619 -51.91181232510941 290009.15516181942075 18.73019340961024 256.98225587345098
53460.0 0.00737950430472 -24.75895646362550 -51.92086617553325 290030.07522825431079 18.71813002283892 257.21829565094566
53490.0 0.00769042144384 -24.73380441024924 -51.92987612599444 290041.80455808620900 18.70523824352628 257.45445232017283
53520.0 0.01054703692424 -24.70862419409244 -51.93884404861690 290043.47191941924393 18.69144004934496 257.69051789550019
53610.0 0.01043937357688 -24.63283832807548 -51.96548318588852 289991.31124801188707 18.64491728347687 258.39879608374713
53640.0 0.01437896568011 -24.60749092203425 -51.97427263102703 289955.09559573139995 18.62772659066087 258.63493592368172
53730.0 0.01228475136107 -24.53179834711069 -52.00499235330784 290019.59270971454680 18.57108758786610 259.34324805963411
53850.0 0.00785010759772 -24.43033028032634 -52.04686071007676 290049.39233416318893 18.48393341603695 260.28734366054664
53880.0 0.01683108513651 -24.40479025885334 -52.05682544351790 290013.98425419721752 18.46008589192046 260.52325769274330
55080.0 0.01035183291631 -23.33694347735261 -52.60235966751461 290018.05555129610002 16.88301681398798 269.86348656034789
55680.0 0.01734867760965 -22.74222025154206 -52.96098840793226 289985.33346945419908 15.69741519276835 274.41592945206799
55740.0 0.00710279904239 -22.67958012485478 -52.99985472907253 289973.41005130670965 15.56666805001596 274.86548978361657
55770.0 0.01769481358721 -22.64795224825118 -53.01994244961295 289987.64337053056806 15.50053768556042 275.08991197239254
73620.0 -0.01114170332976 -17.30547840554932 -42.31632479513350 290004.20518106594682 17.43647466324023 23.59855742686180
73650.0 -0.01478517188427 -17.35527551209255 -42.31729836836458 289989.65377445053309 17.59052720436127 23.75556066191875
73680.0 -0.01390272954762 -17.40495472895149 -42.31850056949710 289959.13227924797684 17.74488403960555 23.91260243195008
73710.0 -0.01083883597448 -17.45320765559896 -42.31932990537209 289988.74837885890156 17.89959933518281 24.06983515901712
73740.0 -0.01529129184944 -17.50134858169757 -42.32037768710789 290002.87106763385236 18.05462009743877 24.22713340193738
73770.0 -0.01125943038426 -17.54939058189402 -42.32162344854769 290002.29221055563539 18.21001987135793 24.38470088738238
73800.0 -0.00341405266980 -17.59732438069321 -42.32307719302347 289986.44979678466916 18.36575246272142 24.54243006262816
73830.0 -0.00461747112521 -17.64384520327924 -42.32414028225827 290031.89043666515499 18.52181482497873 24.70032560538185
73860.0 -0.00654838037418 -17.69156995766003 -42.32599415792783 289986.01813636999577 18.67824361533845 24.85849640479623
73890.0 -0.00090155924366 -17.73787922276479 -42.32745922824100 290001.40647391695529 18.83495652590629 25.01673973269972
73920.0 -0.00279825543397 -17.78408593340844 -42.32911814553129 290001.99265858437866 18.99200706165850 25.17520885287751
73950.0 -0.00540835086407 -17.83017981739197 -42.33098186388143 289987.18151296954602 19.14934294822648 25.33377930702892
73980.0 -0.01214187035716 -17.87488843759719 -42.33241878323217 290035.72923713084310 19.30703681409018 25.49265582818019
74010.0 -0.01366325350139 -17.92077702599854 -42.33465999368874 289991.37515641748905 19.46504243941968 25.65173013381882
74040.0 -0.01170115326060 -17.96527747065389 -42.33647715086348 290010.35260640922934 19.62335648708287 25.81100693592542
74370.0 -0.01961596050840 -18.43661939453496 -42.36270005983509 289972.97281037922949 21.38454436916284 27.57878785752531
74430.0 -0.01988562058479 -18.51804804865410 -42.36818157070267 289970.38855847530067 21.70845253783146 27.90366979386629
74460.0 -0.01875666174348 -18.55738599424028 -42.37051199380419 290030.37653574161232 21.87080116095709 28.06653213369672
74490.0 -0.01568169868342 -18.59785657651414 -42.37365033941001 289994.13731794990599 22.03344896670895 28.22979639738026
74520.0 -0.01521884497677 -18.63700022559890 -42.37629722166999 290026.41933508310467 22.19631300638058 28.39324993509297
74550.0 -0.01437162147855 -18.67605003598520 -42.37909650445486 290045.07364622503519 22.35944411499349 28.55704928212393
74580.0 -0.01068991792815 -18.71499662856609 -42.38205710001187 290049.63284330442548 22.52279256353236 28.72107267272877
74610.0 -0.01210866544203 -18.75385241340292 -42.38516269815004 290040.72874350845814 22.68642733825884 28.88552885990654
74640.0 -0.01211269210677 -18.79260872019200 -42.38842139191777 290017.93148587364703 22.85030247590387 29.05030685171252
74670.0 -0.01460103499951 -18.83126453053496 -42.39183239374927 289981.19911439530551 23.01441366865136 29.21541154206411
74700.0 -0.01238537306812 -18.86863479603788 -42.39470914952171 290015.86916584428400 23.17879845632335 29.38096619836200
74730.0 -0.01244474007620 -18.90590403579391 -42.39773925128235 290036.79171830322593 23.34337394871953 29.54675442246798
74760.0 -0.00767029639331 -18.94426465474039 -42.40159280733189 289958.80619448330253 23.50818984276258 29.71293410089765
74790.0 -0.01325574013808 -18.98015718878411 -42.40423192300545 290038.30199630092829 23.67319738448434 29.87938428589255
74820.0 -0.01339761418034 -19.01714423262291 -42.40768738508069 290019.05461956467479 23.83846402421679 30.04631541916958
74850.0 -0.01163675735364 -19.05403380052601 -42.41128480981325 289986.26990656554699 24.00394400453555 30.21361541881884
74880.0 -0.01289652665969 -19.08965814310126 -42.41433161212937 290026.72585878893733 24.16963265706951 30.38128926448642
74910.0 -0.01050175674241 -19.12636175429079 -42.41819991383444 289967.41885751485825 24.33556745725576 30.54946428659209
74940.0 -0.01325473317643 -19.16180006208789 -42.42151849892048 289981.58049496263266 24.50166572690236 30.71792009739469
74970.0 -0.01700988937928 -19.19714866419071 -42.42496789317440 289982.81628070119768 24.66797589020801 30.88681606956649
75000.0 -0.01400033155158 -19.23239873863785 -42.42855586388387 289970.73269238043576 24.83445023005028 31.05603203658594
75030.0 -0.01301726868975 -19.26641680820660 -42.43156412548105 290034.22191381826997 25.00115448653770 31.22578030895133
75060.0 -0.01426898939384 -19.30148981669878 -42.43540504001501 289996.54634308442473 25.16804317352209 31.39594761345207
75090.0 -0.01296997694837 -19.33533009956417 -42.43866825567726 290034.64997259713709 25.33511124154465 31.56653902631387
75120.0 -0.01075330923721 -19.37022266382302 -42.44275924128162 289971.26045569311827 25.50239596387152 31.73768614979990
75150.0 -0.01285828930004 -19.40388286833624 -42.44627333751269 289983.91453058551997 25.66981503960874 31.90916435166426
75180.0 -0.01342679479449 -19.43745634520449 -42.44990814187809 289984.06228596717119 25.83741547872144 32.08113462706202
75210.0 -0.01019889056901 -19.47093454424197 -42.45367091297678 289971.34399170801044 26.00515066171007 32.25347755573286
75240.0 -0.00958510489272 -19.50321421876424 -42.45682825090704 290036.75536507740617 26.17308443539217 32.42640749868150
75270.0 -0.01277276019901 -19.53652174283454 -42.46082407478033 289999.30904452782124 26.34117165409337 32.59980988475882
75300.0 -0.01030152501748 -19.56863041235626 -42.46421640684517 290040.23271009605378 26.50940686536443 32.77368989513171
75330.0 -0.01101290915209 -19.60176418019458 -42.46844244709624 289977.96062933281064 26.67782698903284 32.94818362261404
75360.0 -0.01371758806496 -19.63369989647053 -42.47206574059958 289994.35548887122422 26.84635027973287 33.12306192159114
75390.0 -0.00913130793157 -19.66555244663711 -42.47580011851993 289998.70091435313225 27.01502218442858 33.29848754599873
75420.0 -0.01260573102546 -19.69731354758633 -42.47965236908268 289990.66894057579339 27.18379724081787 33.47434178813781
75450.0 -0.01395203403042 -19.72899489499823 -42.48360941669269 289970.74739126767963 27.35273721025430 33.65084124169729
75480.0 -0.01277074745758 -19.75950893513057 -42.48694112125429 290031.54100490640849 27.52179736070959 33.82786992430679
75510.0 -0.01059533680915 -19.79101816064821 -42.49111835507146 289987.48267579637468 27.69097181368554 34.00543312746338
75540.0 -0.00639946114598 -19.82137533430407 -42.49465724185566 290025.01943659223616 27.86029696981662 34.18367166199278
75570.0 -0.00981552537533 -19.85271077753157 -42.49905063717622 289956.80465016979724 28.02969183146723 34.36235158503193
75600.0 -0.00729800305032 -19.88289682064318 -42.50280506324727 289970.56620893068612 28.19920012630516 34.54163754394855
75630.0 -0.00778802344781 -19.91299576994801 -42.50666781151703 289972.46774406544864 28.36877748993273 34.72141098413780
75660.0 -0.00886868831360 -19.94301920371528 -42.51062643880938 289962.96490734443069 28.53848363031540 34.90189196056352
75690.0 -0.00856481281478 -19.97191169649258 -42.51393636003981 290036.82911979313940 28.70827419064756 35.08296243794037
75720.0 -0.01203219545025 -20.00177182791985 -42.51809696143918 290004.20983421150595 28.87814284203491 35.26462781851735
75750.0 -0.00981150225623 -20.03155472532097 -42.52235124994737 289960.14747528173029 29.04812528474510 35.44703386597734
75780.0 -0.00625154887943 -20.06021210971297 -42.52595502626433 290000.08824096247554 29.21814147636950 35.62994154084801
75810.0 -0.00739258535120 -20.08879512733300 -42.52965209930033 290028.98094974178821 29.38823326113974 35.81351751446893
75840.0 -0.00612577322297 -20.11729601520115 -42.53344841958695 290046.55532394908369 29.55835766489695 35.99764440696019
75870.0 -0.00899043848720 -20.14674550157448 -42.53809470977299 289956.33435237780213 29.72857166246352 36.18254381259179
75900.0 -0.00817239442126 -20.17509224692012 -42.54207397514869 289951.53760987613350 29.89883158759761 36.36809655757394
75930.0 -0.00955894398166 -20.20234958926206 -42.54538013755419 290033.06036675721407 30.06913063569092 36.55430814920231
75960.0 -0.00889183070346 -20.23054935525617 -42.54953592464636 290006.45903193019331 30.23950360906493 36.74132954409929
75990.0 -0.00660673923873 -20.25866218688396 -42.55378912963911 289968.43677234742790 30.40987164450132 36.92891628993255
76020.0 -0.00752037374909 -20.28570066964625 -42.55735946427851 290017.70652532763779 30.58027453077607 37.11723720602912
76050.0 -0.01041019296273 -20.31365331380234 -42.56179390303578 289957.50035258475691 30.75067062188677 37.30617552743342
76080.0 -0.00631896448947 -20.34054481368700 -42.56553631180921 289985.33707052655518 30.92111417146632 37.49595560378835
76110.0 -0.00622236944716 -20.36736306479516 -42.56936409872238 290002.55264353845268 31.09156217604503 37.68645646261128
76140.0 -0.00701727112324 -20.39410727550203 -42.57327682658479 290009.13332401774824 31.26200732917756 37.87768370207530
76170.0 -0.00582793713032 -20.42078476762131 -42.57726696775090 290005.32878219522536 31.43248332027510 38.06979371400115
76200.0 -0.00818849280705 -20.44738094910557 -42.58134618427047 289990.67700772080570 31.60291270737002 38.26253629980305
76230.0 -0.00756666089257 -20.47390393221128 -42.58550625738325 289965.45476384460926 31.77333304370809 38.45608254023985
76260.0 -0.00821968616264 -20.49938950121792 -42.58896696024031 290030.26114383805543 31.94370406560268 38.65031625061908
76290.0 -0.00606540043512 -20.52576737385056 -42.59328688942684 289984.11936821695417 32.11407707315174 38.84546469092678
76320.0 -0.00627368548952 -20.55112098286117 -42.59689910339385 290028.73251698445529 32.28440982054462 39.04140493999933
76350.0 -0.00488914748867 -20.57734866374197 -42.60137896075742 289961.56251437775791 32.45469447283669 39.23814266127486
76380.0 -0.00827402190808 -20.60256852721180 -42.60514011747548 289985.96635344810784 32.62496337343114 39.43583992277556
76410.0 -0.00496662562398 -20.62771319881787 -42.60898252770221 290000.10574099514633 32.79514076325859 39.63424042788435
76440.0 -0.00521717233900 -20.65279067993826 -42.61289839879152 290004.23458535876125 32.96526177208691 39.83351761739302
76470.0 -0.00542847355085 -20.67779392103684 -42.61689260629478 289998.15828086063266 33.13528757132921 40.03355584874564
76500.0 -0.00603219551999 -20.70273374373443 -42.62095511810587 289982.20548076462001 33.30526626500327 40.23458542960191
76530.0 -0.00561361621539 -20.72760260887835 -42.62509122266565 289956.16829728055745 33.47515646699245 40.43648132628276
76560.0 -0.00607445718061 -20.75149241208443 -42.62849927841334 290023.80642710626125 33.64494978735405 40.63924922788111
76590.0 -0.00707160686869 -20.77623030685506 -42.63277319947330 289978.09682723507285 33.81467697132850 40.84305711262110
76620.0 -0.00535099541555 -20.79999226876075 -42.63631981029536 290026.47620252519846 33.98426422585110 41.04764221538520
76650.0 -0.00353580402528 -20.82458572824404 -42.64073868477019 289960.76838085427880 34.15374406173125 41.25318041518216
76680.0 -0.00712594261413 -20.84821439884371 -42.64442444364418 289989.79018607083708 34.32307913700176 41.45955656773609
76710.0 -0.00279221602780 -20.87178620566213 -42.64817181401832 290009.49058085121214 34.49231410722606 41.66700414156055
76740.0 -0.00523528346623 -20.89529372358747 -42.65198587587130 290019.68041886948049 34.66140855627160 41.87539581067934
76770.0 -0.00420090456205 -20.91873621184993 -42.65586629866410 290020.35288515221328 34.83035351336513 42.08473723149456
76800.0 -0.00534596533479 -20.94212121510555 -42.65980620033388 290011.71354038361460 34.99917785412228 42.29520251413420
76830.0 -0.00410732685906 -20.96543441664628 -42.66381601942454 289993.40702414978296 35.16781005778831 42.50652203444623
76860.0 -0.00404695525309 -20.98868357282402 -42.66788870652353 289965.64564300980419 35.33627981390607 42.71887416096369
76890.0 -0.00503605397544 -21.01101073958306 -42.67121162392034 290035.20472791045904 35.50455131773435 42.93214419571451
76920.0 -0.00400972603698 -21.03413421794859 -42.67540816740181 289988.78488292358816 35.67266551477406 43.14656884858411
76950.0 -0.00759080669845 -21.05634918283729 -42.67884808533843 290040.35086871311069 35.84058307871025 43.36201830314234
76980.0 -0.00117021590404 -21.07934206053201 -42.68316884409327 289975.20096057653427 36.00829443382784 43.57849810158559
77010.0 -0.00623947597649 -21.10144366358443 -42.68672335998534 290008.78280217386782 36.17582629495230 43.79618868677149
77040.0 -0.00395941459251 -21.12348076995526 -42.69034127879575 290033.28513674065471 36.34310974541947 44.01481316522513
77070.0 -0.00299949648431 -21.14546102942480 -42.69401590929419 290048.89824490249157 36.51017144533932 44.23455241111976
77100.0 -0.00352272179693 -21.16778553658121 -42.69816422224365 290001.05047242343426 36.67697717729040 44.45529210916622
77130.0 -0.00496159554322 -21.18964704427322 -42.70195230715448 289998.72550200950354 36.84356390724305 44.67727224983342
77160.0 -0.00557940315673 -21.21104617586636 -42.70538299203636 290042.18420867901295 37.00989352939923 44.90036030596810
77190.0 -0.00373402655442 -21.23278929513059 -42.70928375456884 290022.13366928417236 37.17595584202799 45.12456159545446
77220.0 -0.00092269007397 -21.25447922827570 -42.71323451787708 289993.32489070668817 37.34177508856707 45.35006306452544
77250.0 -0.00710581756359 -21.27610181526934 -42.71724501286179 289955.47082929965109 37.50728531588290 45.57658011985873
77280.0 -0.00388093067743 -21.29688123485430 -42.72047576101226 290019.25204786937684 37.67250994226590 45.80429611327894
77310.0 -0.00250645638373 -21.31838328119210 -42.72459552722348 289963.80712220538408 37.83741638792181 46.03309703315925
77340.0 -0.00477645406056 -21.33905675111858 -42.72792880708118 290010.63649073150009 38.00203736360205 46.26322613679870
77370.0 -0.00309206604376 -21.35967784832528 -42.73131319568719 290049.09705610945821 38.16633612745342 46.49454794104322
77400.0 -0.00278718594705 -21.38100790899788 -42.73558602119476 289967.61182313039899 38.33030183537837 46.72706739441292
77430.0 -0.00111889986168 -21.40152526837812 -42.73906692873585 289989.22116823494434 38.49395593013646 46.96097807549685
77460.0 -0.00461143644656 -21.42198323304217 -42.74260181095721 290002.36024485342205 38.65723581176787 47.19598724130071
77490.0 -0.00039040683398 -21.44238921687964 -42.74618459841811 290007.17993467953056 38.82016144222896 47.43228063814115
77520.0 -0.00348247405961 -21.46273725715757 -42.74981882026537 290003.58380899764597 38.98270193087767 47.66974445924792
77550.0 -0.00210196154163 -21.48303734524288 -42.75349665673324 289991.76133710052818 39.14488545391284 47.90862514977085
77580.0 -0.00487204214122 -21.50328241625143 -42.75722242615736 289971.59701688215137 39.30667679162451 48.14878399653503
77610.0 -0.00146905895834 -21.52310957531329 -42.76057345700320 289999.78520745504647 39.46806444808990 48.39022539169373
77640.0 -0.00112694964552 -21.54289424413557 -42.76396503591791 290020.02737141121179 39.62906671888993 48.63314962032894
77670.0 -0.00353379246573 -21.56297918047010 -42.76782971700012 289975.15236515738070 39.78962477975919 48.87725532238154
77700.0 -0.00288378098935 -21.58230139251333 -42.77089142313073 290036.13507021591067 39.94975492257317 49.12273048824643
77730.0 -0.00339795310212 -21.60227673068760 -42.77484814414221 289974.85369247663766 40.10942800000780 49.36946139300095
77760.0 -0.00383062041485 -21.62150430089563 -42.77799582788192 290020.01499293651432 40.26866737398645 49.61769751067204
77790.0 -0.00347341967788 -21.64103108271291 -42.78161179837797 289999.92498825024813 40.42743952247774 49.86729659261595
77820.0 -0.00260506416747 -21.66050505981679 -42.78527147094152 289971.78368843067437 40.58573229792930 50.11826223839925
77850.0 -0.00286265134092 -21.67959372822886 -42.78854260158384 289993.40632746834308 40.74356048736770 50.37080144393321
77880.0 -0.00316048861545 -21.69862900847903 -42.79185935544966 290007.15546819474548 40.90086950036275 50.62460374987648
77910.0 -0.00314539482755 -21.71761808570490 -42.79521621422559 290013.14397540595382 41.05767174958093 50.87985916045612
77940.0 -0.00262619499778 -21.73655539591175 -42.79861628394295 290011.30672975722700 41.21393988955289 51.13645388023811
77970.0 -0.00342512097485 -21.75545061363669 -42.80205244999071 290001.78231087792665 41.36969219230379 51.39464015852422
78000.0 -0.00215327758398 -21.77429683531365 -42.80552872212674 289984.48822805937380 41.52489702917777 51.65427187157663
78030.0 -0.00162602560662 -21.79309337201088 -42.80904492843324 289959.42701266892254 41.67954161424091 51.91535153382905
78060.0 -0.00106355951834 -21.81120605611159 -42.81173680709423 290043.75722070690244 41.83363685301460 52.17809276962801
78090.0 -0.00380043520280 -21.82991076363494 -42.81532890549801 290003.44865969661623 41.98713288567983 52.44217552945965
78120.0 -0.00123058751001 -21.84856690641460 -42.81895836266649 289955.41705914214253 42.14003804590660 52.70779150765835
78150.0 -0.00241187290097 -21.86654368159948 -42.82176731175286 290017.35847466811538 42.29232685531139 52.97482665271052
78180.0 -0.00174073295804 -21.88510701227693 -42.82546969746377 289954.12671641167253 42.44401222995071 53.24353562462723
78210.0 -0.00294516192074 -21.90300481862726 -42.82834711693736 290001.37217778433114 42.59506465372105 53.51376805015089
78240.0 -0.00274190812898 -21.92086184951462 -42.83126020324691 290041.35086743719876 42.74547073271355 53.78552500384198
78270.0 -0.00214522898203 -21.93928916661195 -42.83506697372677 289955.50071678590029 42.89523711094999 54.05902655154705
78300.0 -0.00337581531016 -21.95706124149414 -42.83804900956002 289980.76579445693642 43.04431919750645 54.33394256313677
78330.0 -0.00200737805887 -21.97479368928163 -42.84106428946748 289998.79843958932906 43.19272106244607 54.61046599264660
78360.0 -0.00468488909901 -21.99248132848136 -42.84411555062825 290009.56044896785170 43.34041916915729 54.88848231116691
78390.0 -0.00247023294739 -22.01013352677333 -42.84719630134490 290013.14143896009773 43.48742082800234 55.16824809854824
78420.0 -0.00368371392807 -22.02774352902714 -42.85031028216105 290009.48977087438107 43.63369888173060 55.44960832491602
78450.0 -0.00158980453405 -22.04531065592257 -42.85345736705413 289998.60918561462313 43.77923938066472 55.73256220311137
78480.0 -0.00242394698579 -22.06284297821319 -42.85663196820289 289980.56845473684371 43.92404432627198 56.01733593260861
78510.0 -0.00207781219011 -22.08032671464370 -42.85984216168202 289955.27252180315554 44.06807497886211 56.30358882546331
78540.0 -0.00346536871216 -22.09721643866169 -42.86221338175374 290043.36124261934310 44.21133098246540 56.59151454765360
78570.0 0.00084722468010 -22.11461735750336 -42.86548705039429 290003.85847194120288 44.35379082949318 56.88099783506600
78600.0 -0.00363441180902 -22.13198074343299 -42.86878783382465 289957.20445037726313 44.49545599938025 57.17229655791789
78630.0 -0.00280529707427 -22.14876468239861 -42.87124778852337 290024.55715447943658 44.63630197085517 57.46525059493706
78660.0 -0.00389501868556 -22.16604461774384 -42.87460929866575 289963.73916430491954 44.77631431780908 57.75985680774384
78690.0 -0.00128995451809 -22.18276395565852 -42.87712324694921 290017.38482965622097 44.91549002428680 58.05634708551074
78720.0 -0.00425423334583 -22.19970323776117 -42.88010566906946 290003.33947741612792 45.05379683026790 58.35436973765169
78750.0 -0.00241790994338 -22.21660444153802 -42.88311589355143 289982.34297190327197 45.19122982150411 58.65411846963602
78780.0 -0.00085728720537 -22.23320941445582 -42.88571915775646 290015.47238195594400 45.32776962268234 58.95547699179818
78810.0 -0.00230219563031 -22.24978627695292 -42.88834614396881 290041.87520516663790 45.46341169076577 59.25870368720561
78840.0 -0.00200737805887 -22.26657600196711 -42.89143803453521 290000.24784110672772 45.59813445215360 59.56363289253957
78870.0 -0.00384370264320 -22.28332458142026 -42.89455757786904 289951.68738947343081 45.73192311640832 59.87025856612642
78900.0 -0.00208485619417 -22.29979835094805 -42.89726122386198 289957.69323883205652 45.86476928996044 60.17881769450089
78930.0 -0.00241992150293 -22.31623122079828 -42.89999431108276 289956.95096437726170 45.99664786805192 60.48894719922432
78960.0 -0.00209793724065 -22.33239372574834 -42.90231376047586 290011.13770301267505 46.12754928486969 60.80084002672556
78990.0 -0.00344625062328 -22.34875628773625 -42.90509892180955 289997.03832565248013 46.25745642002114 61.11437854836117
79020.0 -0.00270970899362 -22.36485852780395 -42.90746654384335 290038.06678556185216 46.38635856033506 61.42982073247475
79050.0 -0.00180814856808 -22.38115741408407 -42.91029802674885 290010.64263452496380 46.51423742927565 61.74699492597527
79080.0 -0.00167231275011 -22.39741905769275 -42.91315440387039 289976.51513511408120 46.64107802246546 62.06589158091240
79110.0 -0.00357403783929 -22.41343005998553 -42.91559064809825 289997.78925016522408 46.76686623287733 62.38675203634031
79140.0 -0.00050209566419 -22.42940420961802 -42.91805356751288 290012.54153622686863 46.89158483309992 62.70920153584009
79170.0 -0.00035317879975 -22.44556388349777 -42.92097911944344 289958.51631027925760 47.01521956059297 63.03343134929002
79200.0 -0.00384671998252 -22.46125704403458 -42.92304885836764 290022.51261766906828 47.13775569482587 63.35932218983761
79230.0 0.00040751218143 -22.47735008222141 -42.92601845747139 289955.30731659755111 47.25917625932581 63.68713054099419
79260.0 -0.00453697683246 -22.49299048308730 -42.92812927380695 290006.46363208722323 47.37946666372926 64.01667834352790
79290.0 0.00072949880748 -22.50880771896749 -42.93070299210552 289988.69724069163203 47.49861188329204 64.34795191058605
79320.0 -0.00093275141736 -22.52460005506486 -42.93329388528556 289964.42844950128347 47.61659179621555 64.68119604083665
79350.0 -0.00261512669274 -22.54015546077328 -42.93546790800379 289996.43786727637053 47.73339781794334 65.01602415111506
79380.0 -0.00302163191251 -22.55568458892290 -42.93766196391299 290022.12435906194150 47.84901100103160 65.35262481694704
79410.0 -0.00254569834127 -22.57118313819843 -42.93987804200523 290041.50280063971877 47.96341919383867 65.69087679424945
79440.0 -0.00085628024371 -22.58684940076426 -42.94255270103819 289991.56917296815664 48.07659912820715 66.03103388958031
79470.0 -0.00286969534499 -22.60229468509459 -42.94480567197096 289998.23276758193970 48.18854032881866 66.37291129062778
79500.0 -0.00224383676576 -22.61771088817448 -42.94707856254870 289998.59454738162458 48.29922799078596 66.71649054299466
79530.0 -0.00203655749114 -22.63310638943880 -42.94936632103782 289992.62245445232838 48.40863572077219 67.06201888119125
79560.0 -0.00457320026880 -22.64828964067366 -42.95123362725726 290043.65004266705364 48.51676437956296 67.40909794313561
79590.0 -0.00109475169204 -22.66362580061001 -42.95356128398537 290025.17805419769138 48.62359041125840 67.75791252417474
79620.0 -0.00029079208858 -22.67892984127266 -42.95590887011468 290000.43422847520560 48.72910442607130 68.10833918119209
79650.0 -0.00325507209821 -22.69421024912178 -42.95827132800979 289969.37725637946278 48.83327690952780 68.46062776384622
79680.0 -0.00323293430624 -22.70929438446209 -42.96020877655206 289995.59390709828585 48.93610196714422 68.81458647987495
79710.0 -0.00201039894383 -22.72435366575714 -42.96216390375997 290015.67686416953802 49.03756530175250 69.17019152755327
79740.0 -0.00176387534790 -22.73955689775860 -42.96457497306798 289965.89026260562241 49.13763404516052 69.52769145294195
79770.0 -0.00229716554955 -22.75440943356483 -42.96611925000886 290037.36771839763969 49.23631933213877 69.88667642516964
79800.0 -0.00246017042213 -22.76955304601958 -42.96856613177806 289975.21824469510466 49.33359314467672 70.24732635189895
79830.0 -0.00210498006283 -22.78435994793789 -42.97014373976911 290034.58118769619614 49.42944906875800 70.60951545255385
79860.0 -0.00344927032636 -22.79945053620254 -42.97262128705729 289960.03581865783781 49.52385146907744 70.97348830342875
79890.0 -0.00144088412396 -22.81421817910874 -42.97422726858979 290007.23641003388911 49.61679952795244 71.33904608369640
79920.0 -0.00249438111703 -22.82896527098084 -42.97584883399730 290048.44744076207280 49.70827978884719 71.70615917071110
79950.0 -0.00111588134047 -22.84397983573790 -42.97836907570245 289955.37376744579524 49.79825276547441 72.07507624233168
79980.0 -0.00010665638570 -22.85868339976226 -42.98001902533237 289984.45629052259028 49.88674070525875 72.44537664124245
80010.0 -0.00323494941143 -22.87336747671082 -42.98168286311100 290007.53884709626436 49.97371134599003 72.81723431874173
80040.0 -0.00247626880792 -22.88802825145389 -42.98336222247482 290024.65926977153867 50.05916147753599 73.19052117525703
80070.0 -0.00224182520621 -22.90267393547984 -42.98505241565996 290035.73340631369501 50.14304955182773 73.56547522570924
80100.0 -0.00088042841335 -22.91729822326799 -42.98675638931977 290040.82417525351048 50.22538034251256 73.94189081557707
80130.0 -0.00257387081189 -22.93190041489827 -42.98847413490022 290039.94000191241503 50.30614160459666 74.31973219702473
80160.0 -0.00164715761881 -22.94648907294426 -42.99020082863623 290032.98247228004038 50.38528715352970 74.69924700380255
80190.0 -0.00192587562258 -22.96105067749520 -42.99194314117631 290020.10564437415451 50.46285117612975 75.08000479446518
80220.0 -0.00102431637892 -22.97559122123362 -42.99369758415291 290001.24182202387601 50.53879745232012 75.46217260447871
80250.0 -0.00322589148406 -22.99010704425931 -42.99546568054415 289976.43724963441491 50.61312620697233 75.84562024636203
80280.0 -0.00284353443392 -23.00449894317033 -42.99679803472488 290010.26241811085492 50.68579026728839 76.23057798903281
80310.0 -0.00060875323177 -23.01887384583708 -42.99814226128830 290038.21315834671259 50.75680051426905 76.61683384626478
80340.0 -0.00221063185063 -23.03333240395134 -42.99994334400066 289995.53668395709246 50.82614631099369 77.00434587613655
80370.0 -0.00138453918273 -23.04767756353611 -43.00130661501065 290011.58871238958091 50.89377475612574 77.39335956121401
80400.0 -0.00109273776873 -23.06200013904817 -43.00268354773328 290021.83698404300958 50.95973276271319 77.78343617624077
80430.0 -0.00157571652592 -23.07639849977931 -43.00451592265052 289961.31386240292341 51.02398049886597 78.17473506375951
80460.0 -0.00166526874604 -23.09059169830110 -43.00546972863629 290024.72209211904556 51.08652184272116 78.56712444199020
80490.0 -0.00133925663714 -23.10495167531098 -43.00732126827074 289952.32623270433396 51.14730435612305 78.96082583099093
80520.0 -0.00105047847187 -23.11912004527924 -43.00829248330673 290003.98418370075524 51.20634552266927 79.35562177353107
80550.0 -0.00106154559503 -23.13327513381050 -43.00927378225052 290049.85725742485374 51.26363671786773 79.75146435817261
80580.0 -0.00165017614002 -23.14758097961606 -43.01115117149945 289959.66169936768711 51.31911836012565 80.14859594415846
80610.0 -0.00065705193480 -23.16170745863156 -43.01214972711966 289993.81727001909167 51.37285080265423 80.54657151527999
80640.0 -0.00126177968371 -23.17582163327014 -43.01315684426795 290022.15846129413694 51.42479099300572 80.94554219336115
80670.0 -0.00146704739879 -23.18992014778622 -43.01417385389756 290044.73933083564043 51.47494664799689 81.34537539267320
80700.0 -0.00028576200783 -23.20407664089302 -43.01564201035049 289996.22305285464972 51.52326048024806 81.74628313329607
80730.0 -0.00142881003914 -23.21815029828161 -43.01667311594501 290007.07257002685219 51.56975702360881 82.14804373702569
80760.0 -0.00171356626720 -23.23220918741074 -43.01771264538309 290012.13361118920147 51.61443005574175 82.55060388021840
80790.0 0.00078886463367 -23.24626205299742 -43.01875593854024 290011.23557471111417 51.65721339504631 82.95420201653400
80820.0 -0.00307194335698 -23.26029540892468 -43.01980932503243 290004.62886014487594 51.69818143960786 83.35838932494691
80850.0 -0.00082307651046 -23.27431493894128 -43.02086965547404 289992.20229050703347 51.73728833332712 83.76330847710905
80880.0 -0.00222874179598 -23.28826936538404 -43.02149254781125 290039.36498810071498 51.77454576158630 84.16882717857197
80910.0 -0.00088847937907 -23.30226546208444 -43.02256512131640 290015.28185599297285 51.80989204088558 84.57514750129003
80940.0 0.00005232182213 -23.31624604585939 -43.02364446228560 289985.39822728559375 51.84335912615822 84.98204518273924
80970.0 -0.00088344575267 -23.33017118486068 -43.02428492979850 290015.13706375658512 51.87494354708983 85.38946238621703
81000.0 -0.00119235369600 -23.34409479644477 -43.02492754178639 290038.93078145943582 51.90457263072351 85.79763310337377
81030.0 -0.00176991357219 -23.35803667668259 -43.02602421177270 289991.61573260277510 51.93233527905139 86.20610764329744
81060.0 -0.00139158082303 -23.37193289024079 -43.02668054079588 290003.94099579565227 51.95818325198758 86.61502031720777
81090.0 -0.00025054553315 -23.38581661207188 -43.02734334978781 290010.54055103939027 51.98213225481688 87.02424049605096
81120.0 -0.00077980788818 -23.39969538347545 -43.02800866143636 290011.23523544427007 52.00411667487902 87.43396018024865
81150.0 -0.00243300373128 -23.41356308259724 -43.02867910944314 290006.15678110159934 52.02417615349502 87.84395450247516
81180.0 -0.00184336622464 -23.42741895986390 -43.02935472291433 289995.31719124503434 52.04231025683492 88.25416232658213
81210.0 -0.00050108988442 -23.44127188276829 -43.03003091369176 289978.49537993408740 52.05843994051198 88.66481285877495
81240.0 -0.00183934192366 -23.45509576391932 -43.03026813266779 290021.54115021415055 52.07266889096584 89.07545882832098
81270.0 -0.00162401522895 -23.46892424429327 -43.03095481644644 289993.26018008682877 52.08494688287890 89.48622658079488
81300.0 -0.00100318436673 -23.48273885132304 -43.03164633193278 289959.24337837845087 52.09529359384591 89.89698874185648
81330.0 -0.00004930566469 -23.49654323725522 -43.03189311961222 289984.84677412267774 52.10363993919487 90.30792742762875
81360.0 -0.00182726665696 -23.51034096365252 -43.03214346609571 290004.67494790535420 52.11003338166982 90.71881940217241
81390.0 -0.00031494262198 -23.52413126598810 -43.03239740609288 290018.73921611160040 52.11447672035172 91.12960169160847
81420.0 0.00037229570675 -23.53792307348044 -43.03265037637017 290026.79023992922157 52.11688465439151 91.54049860120311
81450.0 -0.00182223657621 -23.55170289658935 -43.03290845506683 290029.17859507724643 52.11737573146307 91.95106878656007
81480.0 -0.00062887828231 -23.56547611383951 -43.03316876190766 290025.75157863739878 52.11589809754362 92.36143127685406
81510.0 -0.00153748034815 -23.57923994801348 -43.03343228252452 290016.57761719170958 52.11247524148945 92.77146365885670
81540.0 -0.00093174681947 -23.59300168229494 -43.03369525515213 290001.44223909359425 52.10703503269212 93.18133861274627
81570.0 -0.00145798947142 -23.60675524954317 -43.03396022053889 289980.50559650920331 52.09963274287197 93.59083690381058
81600.0 -0.00153446182695 -23.62049987379751 -43.03422721727955 289953.78199831303209 52.09027449593574 93.99989533009072
81630.0 -0.00057253097731 -23.63427018338737 -43.03404610142225 289986.53505966812372 52.07886883192534 94.40873333438199
81660.0 -0.00254670412105 -23.64803291114384 -43.03386850948670 290013.59825656656176 52.06554901852868 94.81691904846313
81690.0 -0.00145799065330 -23.66176183687770 -43.03413720379351 289969.28263471461833 52.05026187141803 95.22456500758791
81720.0 0.00007144109290 -23.67551438278186 -43.03396194247730 289984.71018269564956 52.03303441020255 95.63155546110163
81750.0 -0.00149521986941 -23.68926913487822 -43.03378464174364 289994.11677289102226 52.01379183719399 96.03805428512166
81780.0 -0.00068120010444 -23.70302004778052 -43.03360780131808 289997.67508487496525 51.99259706627063 96.44384860333774
81810.0 -0.00103739742539 -23.71676632766461 -43.03343146327102 289995.39884775504470 51.96945952620934 96.84887662050286
81840.0 -0.00164615065716 -23.73051702877828 -43.03325109247618 289986.98344177473336 51.94428166948858 97.25335303937042
81870.0 -0.00097299915468 -23.74425864268932 -43.03307264615913 289972.85046465694904 51.91721112503082 97.65685887097595
81900.0 -0.00178299580054 -23.75804828638122 -43.03244792540440 290018.24666394758970 51.88819360940624 98.05950105503993
81930.0 -0.00126479820492 -23.77178249292221 -43.03226870405116 289992.37534974329174 51.85725927706400 98.46117207047891
81960.0 -0.00033909079162 -23.78551731620374 -43.03208592548003 289960.43009999487549 51.82433098623049 98.86202771064637
81990.0 -0.00038336401179 -23.79930740345036 -43.03145663269568 289987.96527089644223 51.78947897616224 99.26186365253575
82020.0 -0.00047392201169 -23.81309708914002 -43.03082632168024 290009.58798761013895 51.75271585078883 99.66062104221692
82050.0 -0.00028475622805 -23.82689548885803 -43.03019045840800 290024.96278140973300 51.71393802063091 100.05850996848592
82080.0 0.00035921347840 -23.84068907410855 -43.02955495331269 290034.54611559398472 51.67330691262352 100.45512740049121
82110.0 -0.00192587444070 -23.85448291893016 -43.02891713433355 290038.14570229873061 51.63076730807394 100.85057555552979
82140.0 -0.00199932827503 -23.86827465448293 -43.02827775961956 290035.83206814713776 51.58635199894213 101.24475645640852
82170.0 -0.00060271618936 -23.88207118189699 -43.02763332747257 290027.33778321184218 51.53998176527956 101.63781853170747
82200.0 0.00025959991488 -23.89586649345200 -43.02698626954780 290012.86488880030811 51.49173372102099 102.02956790968781
82230.0 -0.00228408450308 -23.90965976215975 -43.02633663331255 289992.42985901981592 51.44162341759596 102.41995000034355
82260.0 -0.00038638253300 -23.92346017069398 -43.02567988188909 289965.66917300131172 51.38954124862591 102.80917033955613
82290.0 -0.00090055228201 -23.93734377454377 -43.02457660944437 289998.16812105663121 51.33566169791062 103.19684445964329
82320.0 -0.00086936247206 -23.95123170785656 -43.02346950608837 290024.56626287382096 51.27992871515754 103.58307061710300
82350.0 0.00033607345229 -23.96502638358408 -43.02280450885166 289979.91204967442900 51.22237715345883 103.96776134979817
82380.0 -0.00177695757626 -23.97892239768959 -43.02168766907702 289993.99663399066776 51.16292592948329 104.35105835794623
82410.0 0.00002616209295 -23.99282128045407 -43.02056665345297 290001.97971742507070 51.10165847216550 104.73277972147942
82440.0 0.00055341170655 -24.00672218213711 -43.01944150942892 290003.87748517934233 51.03859297465472 105.11287614175933
82470.0 -0.00098507442138 -24.02063434730949 -43.01830768506180 289999.29361756518483 50.97361382764031 105.49154855090620
82500.0 -0.00193191148311 -24.03454420431094 -43.01717102650596 289988.76062746066600 50.90690768968823 105.86843307126273
82530.0 -0.00056246963392 -24.04845662720593 -43.01602897190362 289972.06212914455682 50.83841773507170 106.24362458888636
82560.0 -0.00120241503939 -24.06248489116455 -43.01443693385524 290014.00739169307053 50.76818025017115 106.61704673346676
82590.0 -0.00143685982298 -24.07652596417422 -43.01283675969990 290049.46705020871013 50.69611246332095 106.98883497828193
82620.0 -0.00132517217465 -24.09045279114225 -43.01167601308310 290014.02097164746374 50.62230348030565 107.35882040136457
82650.0 -0.00016199791092 -24.10437988302779 -43.01050954917645 289972.42853968497366 50.54677377616005 107.72695968354525
82680.0 -0.00041556196527 -24.11844330467083 -43.00888759893537 289988.81598728056997 50.46940175584705 108.09344896578439
82710.0 0.00152943056431 -24.13250838206321 -43.00726118539846 289999.10506491642445 50.39038526951026 108.45794636437266
82740.0 -0.00141874869575 -24.14657988388656 -43.00562779122833 290003.06585677526891 50.30966674127998 108.82054378415420
82770.0 0.00002616091107 -24.16065583126986 -43.00398796147964 290000.76519888173789 50.22728324153380 109.18117611904508
82800.0 -0.00055542444798 -24.17474274776353 -43.00233838612233 289991.88473867997527 50.14315045875239 109.53997295940599
82830.0 0.00005634612311 -24.18883466048648 -43.00068142081144 289976.67064909450710 50.05736249250155 109.89677896151537
82860.0 -0.00037631882585 -24.20293067985082 -42.99901711506988 289955.14258307032287 49.96994171124231 110.25155712934591
82890.0 -0.00132316061510 -24.21718668503734 -42.99689563032272 289991.02003763895482 49.88076056723484 110.60449849517036
82920.0 -0.00068723714685 -24.23144815643388 -42.99476800064319 290020.61920345760882 49.79002706111905 110.95528395366561
82950.0 -0.00075163541756 -24.24556764961626 -42.99307700388672 289979.63247140031308 49.69768287753343 111.30400261894913
82980.0 0.00054938858745 -24.25984472616073 -42.99093261289835 289996.31176777370274 49.60376522852086 111.65060044586606
83010.0 -0.00060171040958 -24.27413647399003 -42.98877681123887 290006.19774050451815 49.50818839862639 111.99520133200419
83040.0 -0.00020325379177 -24.28843692231390 -42.98661193403318 290009.55078542884439 49.41105078422691 112.33766365608048
83070.0 -0.00099010568401 -24.30274515376432 -42.98443802781330 290006.39074306190014 49.31237625480037 112.67795677159398
83100.0 0.00106557107789 -24.31707060839322 -42.98225045032100 289996.22005258873105 49.21203136973785 113.01626618168339
83130.0 -0.00062284123990 -24.33139961412898 -42.98005502052718 289979.69168301299214 49.11023322050224 113.35229577428457
83160.0 -0.00059667796507 -24.34590833969027 -42.97740389611344 290020.17173468600959 49.00692276334211 113.68613188999522
83190.0 -0.00201341628315 -24.36025463110013 -42.97518826259083 289990.41637288499624 48.90213674067067 114.01773102335096
83220.0 0.00003219913536 -24.37461359380464 -42.97295953123025 289953.76157772261649 48.79578816847985 114.34721144003856
83250.0 -0.00137749517866 -24.38915915532635 -42.97027452785636 289973.89642092678696 48.68797905646657 114.67444500876259
83280.0 -0.00223578580005 -24.40371600156725 -42.96757873011368 289987.29066777322441 48.57873439866906 114.99940719430039
83310.0 -0.00114204343342 -24.41829363474399 -42.96486744554532 289993.40941534005105 48.46791495687211 115.32227748665652
83340.0 -0.00019218312296 -24.43287833713019 -42.96214650009507 289992.94716805219650 48.35574586841024 115.64278249352432
83370.0 0.00041254226219 -24.44747457149618 -42.95941348347762 289985.63829835876822 48.24216738401465 115.96100566746290
83400.0 0.00081100124376 -24.46208073284674 -42.95666873411879 289971.54009697400033 48.12721521530650 116.27691327692530
83430.0 0.00073553584988 -24.47670297170441 -42.95390907234179 289950.28505034651607 48.01080125291908 116.59061792485416
83460.0 -0.00107965672226 -24.49173341923616 -42.95024523034720 290047.93678906932473 47.89303047174515 116.90200443723207
83490.0 0.00017809747860 -24.50638036210275 -42.94746030516561 290012.82031918037683 47.77392864516435 117.21105395172613
83520.0 0.00032902944823 -24.52104602453493 -42.94465807819311 289970.29276714473963 47.65335087112627 117.51793944407160
83550.0 -0.00090256620532 -24.53613102013379 -42.94095249336831 290046.38042864762247 47.53152932997443 117.82240957581931
83580.0 -0.00175079666519 -24.55081639299830 -42.93812485967060 289990.07145530916750 47.40840360892420 118.12454471269878
83610.0 -0.00061579605395 -24.56572220090524 -42.93483758991594 289989.34581491164863 47.28400788998357 118.42431996621528
83640.0 0.00027066821993 -24.58064728459458 -42.93153348277078 289981.17597242444754 47.15825309484389 118.72184219430095
83670.0 -0.00050209566419 -24.59580362999617 -42.92776863217832 290028.17551171407104 47.03124656558930 119.01700843013417
83700.0 -0.00022740314329 -24.61075700800826 -42.92443542443526 290005.67401513922960 46.90301455079128 119.30980491269082
83730.0 0.00026362657962 -24.62573233269512 -42.92108290838839 289975.45172289758921 46.77340665791655 119.60039762643565
83760.0 -0.00018715304221 -24.64094177593056 -42.91727052962913 290000.33260600734502 46.64266116727721 119.88855633062167
83790.0 -0.00007144227478 -24.65616894587649 -42.91344220159098 290017.80964892543852 46.51071706778945 120.17435806611891
83820.0 -0.00109475051016 -24.67141246866161 -42.90959811745346 290027.92811593133956 46.37760658176627 120.45778576626641
83850.0 -0.00131309690795 -24.68667823953128 -42.90573514513369 290030.28618648741394 46.24323983328946 120.73894044813622
83880.0 -0.00004125469897 -24.70196027585805 -42.90185558147711 290025.20985974371433 46.10772599289928 121.01773046279399
83910.0 0.00113097512838 -24.71725754685707 -42.89795946156356 290012.72544337436557 45.97109152630689 121.29414650714158
83940.0 0.00042763605009 -24.73257976177295 -42.89404189372231 289992.18105893954635 45.83318075956415 121.56834715701851
83970.0 -0.00168136831372 -24.74791304861354 -42.89010879669710 289964.40907703433186 45.69423720252571 121.84012211625623
84000.0 -0.00268455268045 -24.76350868542435 -42.88571065917895 289990.39178549963981 45.55419933394128 122.10954486289361
84030.0 0.00066811905797 -24.77912353753747 -42.88129456417187 290008.69013483170420 45.41309705662336 122.37660510440489
84060.0 -0.00014992264422 -24.79451102703530 -42.87730477362578 289957.80339456349611 45.27083988233093 122.64139793803469
84090.0 0.00030085461385 -24.81042219020344 -42.87240144315996 290021.32089175842702 45.12753833448883 122.90384207220242
84120.0 -0.00080697694278 -24.82584138395083 -42.86837434806885 289955.14608049858361 44.98321888435441 123.16393199826932
84150.0 0.00051115240968 -24.84180335861779 -42.86342829916069 290002.29995272308588 44.83772081657359 123.42181854923983
84180.0 -0.00049605980366 -24.85778426176225 -42.85846424013161 290041.69916242919862 44.69129207810870 123.67731010596150
84210.0 -0.00059064210454 -24.87325753511821 -42.85437578048378 289951.90080635529011 44.54387074656733 123.93047637451586
84240.0 0.00079792019729 -24.88927806541734 -42.84937130497463 289975.40513052977622 44.39548411314824 124.18131281265984
84270.0 -0.00001911808888 -24.90532605135624 -42.84434341405408 289990.43760922551155 44.24604127356547 124.42990855721266
84300.0 0.00039745083804 -24.92139547965701 -42.83929440153040 289997.35912420880049 44.09565369145506 124.67619169687890
84330.0 -0.00073251614680 -24.93748524560339 -42.83422428801114 289996.19917040783912 43.94434767649611 124.92015987270213
84360.0 0.00145597791187 -24.95360519152013 -42.82912798995712 289986.21763592958450 43.79195773593747 125.16195593743038
84390.0 -0.00001911808888 -24.96974130921040 -42.82401153417273 289968.34589572902769 43.63873554070796 125.40140563343250
84420.0 -0.00035720310073 -24.98618068826373 -42.81842360642152 290002.05600504390895 43.48461889315200 125.63857473364607
84450.0 0.00021633365636 -25.00264420183828 -42.81281285137431 290027.35028765629977 43.32963224336258 125.87346348195270
84480.0 0.00072446872672 -25.01884917028508 -42.80762546364591 289984.21029458940029 43.17368447433662 126.10615506482098
84510.0 -0.00102834304366 -25.03536342712237 -42.80196530586664 289992.26471115741879 43.01688763691956 126.33658599841712
84540.0 0.00058360046424 -25.05190015450468 -42.79628153043917 289991.86377425678074 42.85926775267398 126.56475647405820
84570.0 -0.00051920101164 -25.06876496050834 -42.79011912487686 290041.43638890422881 42.70065483155532 126.79080122787865
84600.0 0.00012778721601 -25.08505666912976 -42.78483363454178 289964.31917470321059 42.54130363289578 127.01456205098130
84630.0 -0.00014489256346 -25.10196686929472 -42.77862309884618 289996.80218268092722 42.38115182201875 127.23610067958886
84660.0 -0.00033909197350 -25.11890322883584 -42.77238703961879 290020.46688583120704 42.22022083402837 127.45542126227132
84690.0 0.00097501189611 -25.13587112761471 -42.76612234709554 290034.84508584905416 42.05841954527425 127.67260110040614
84720.0 0.00053328783789 -25.15286450655418 -42.75983132885482 290040.33606244158000 41.89586029568198 127.88758423673532
84750.0 -0.00121348216256 -25.16988218000473 -42.75351398917718 290036.97394867148250 41.73256872687887 128.10037287546535
84780.0 -0.00120945904346 -25.18693413065980 -42.74716500471285 290023.92277496494353 41.56837064185220 128.31109359616974
84810.0 0.00050109106630 -25.20400619014859 -42.74079055941430 290002.22232219390571 41.40352332509939 128.51960296583877
84840.0 -0.00240885319789 -25.22110207387182 -42.73438831949764 289971.52703917212784 41.23796445074483 128.72595864048171
84870.0 -0.00077679054886 -25.23886147927128 -42.72705447242082 290047.80996256042272 41.07171231344859 128.93016788637377
84900.0 -0.00127385376853 -25.25601351339137 -42.72059271991031 289998.39726406149566 40.90467598752490 129.13230223878494
84930.0 -0.00032802485033 -25.27351283071505 -42.71364994422193 289997.66075158212334 40.73696785264596 129.33231243517073
84960.0 0.00061881693892 -25.29103795611112 -42.70667795395187 289987.65348704718053 40.56861310828906 129.53020222447697
84990.0 0.00009055799990 -25.30892880042050 -42.69921854360619 290024.95311952847987 40.39943364377108 129.72609007776765
85020.0 -0.00067516424391 -25.32651378059136 -42.69218323579454 289995.59585821907967 40.22968877286539 129.91984612888038
85050.0 0.00135234004737 -25.34412396442550 -42.68511718666869 289956.82126494590193 40.05931632734026 130.11152396736102
85080.0 0.00108971924753 -25.36209564305013 -42.67756663297379 289965.68904976639897 39.88833137683704 130.30113328827790
85110.0 -0.00107764516271 -25.38010169368918 -42.66998143420184 289964.36654677707702 39.71664339288741 130.48874002807014
85140.0 0.00105148306976 -25.39813600018830 -42.66236392919355 289953.29532390646636 39.54436458838786 130.67430086436514
85170.0 0.00011973861405 -25.41688534888576 -42.65380553247476 290045.83337989915162 39.37151968268989 130.85782069310983
85200.0 -0.00082911118911 -25.43498842464407 -42.64611722114075 290014.12971314694732 39.19792694237756 131.03941000057907
85230.0 0.00020425957154 -25.45311424910776 -42.63839735966026 289972.93423791509122 39.02384727526611 131.21895135713169
85260.0 -0.00143082278057 -25.47196832739685 -42.62973333971001 290034.36774956248701 38.84921881893591 131.39649435043259
85290.0 -0.00119134673435 -25.49015067496937 -42.62194472887050 289973.15600635204464 38.67405336725771 131.57205051109963
85320.0 0.00000804860196 -25.50907490671964 -42.61320728568042 290013.47851741220802 38.49826097993022 131.74568038431835
85350.0 -0.00073855318921 -25.52803283741038 -42.60443360953987 290043.30906527489424 38.32195353346258 131.91734591282187
85380.0 0.00143384130178 -25.54630275749597 -42.59653630011944 289951.33007113914937 38.14515524785373 132.08705280935857
85410.0 0.00021230935538 -25.56533104226952 -42.58768490279176 289959.54666865430772 37.96768105158966 132.25490376094146
85440.0 0.00179708144491 -25.58438741598008 -42.57879794844295 289957.53543630056083 37.78979306544974 132.42079273013326
85470.0 -0.00037430844818 -25.60384221909979 -42.56941577541978 290000.16316251456738 37.61142987707224 132.58476541005095
85500.0 0.00071339805792 -25.62333245428082 -42.55999454140091 290031.85864758864045 37.43259998140477 132.74683466294553
85530.0 0.00060774745199 -25.64249149853371 -42.55098898458792 289997.13132472522557 37.25321420664050 132.90705588172864
85560.0 -0.00054938622369 -25.66168014132255 -42.54194422635045 289951.71745768189430 37.07338395432412 133.06539567672417
85590.0 -0.00088646663764 -25.68164886872578 -42.53194298343709 290004.98390528839082 36.89313294067239 133.22186030877998
85620.0 -0.00062787132065 -25.70166496960655 -42.52189513664106 290045.96112860459834 36.71227303072673 133.37654489950455
85650.0 -0.00153144330574 -25.72095318266960 -42.51272597531432 289967.21144489385188 36.53106722519818 133.52935384723520
85680.0 -0.00002414935152 -25.74103367130192 -42.50259647295893 289986.08840024285018 36.34945469974309 133.68032909184981
85710.0 0.00079590745586 -25.76114974621273 -42.49242400487811 289993.52076260931790 36.16744064934057 133.82948440415518
85740.0 0.00023243440592 -25.78130611921775 -42.48220534400902 289988.95751871448010 35.98493683835511 133.97687028643884
85770.0 0.00149622446730 -25.80149653920801 -42.47194289785690 289972.91035839822143 35.80205408145426 134.12245749161383
85800.0 0.00033909197350 -25.82211078280849 -42.46117539865781 289999.03206114470959 35.61881559734635 134.26625261445474
85830.0 -0.00001811112723 -25.84277227937226 -42.45035708700085 290012.29246780462563 35.43503044998490 134.40834348046246
85860.0 0.00193593696597 -25.86307081987652 -42.43995675543405 289960.75519137457013 35.25096222926904 134.54864405352157
85890.0 0.00110179451422 -25.88419600341514 -42.42858594243897 290003.89798445161432 35.06655082881093 134.68719268702810
85920.0 -0.00141069773004 -25.90536075777410 -42.41716716390983 290034.75814495515078 34.88179815974167 134.82400370876022
85950.0 -0.00018212414333 -25.92616779427832 -42.40616037228515 289999.94060337077826 34.69661707710543 134.95912300622740
85980.0 -0.00144893508968 -25.94700843693189 -42.39510561080019 289953.12289729434997 34.51111771853219 135.09252501647515
86010.0 -0.00425121246087 -25.96869329662357 -42.38307461843008 289999.37961470708251 34.32532281996851 135.22421650065948
86040.0 -0.00443937719225 -25.99042903750248 -42.37098743808342 290031.87129958532751 34.13903889121632 135.35427828198243
86070.0 -0.00018413452100 -26.01179061664257 -42.35931599209547 289999.83636595122516 33.95252985907716 135.48263310135366
86100.0 -0.00010766334735 -26.03318706039636 -42.34759371269497 289955.37313360814005 33.76573645539661 135.60931591028586
86130.0 0.00258896341791 -26.05544677644521 -42.33488804262817 290002.14095740951598 33.57865733692589 135.73434130382691
86160.0 0.00133221617871 -26.07775376961399 -42.32212559479854 290035.17062695696950 33.39120659008415 135.85775083760922
86190.0 0.00130605290389 -26.09926490202370 -42.31024245798282 289951.92962116561830 33.20349360356720 135.97952223393796
86220.0 0.00090860324773 -26.12164803828751 -42.29737220131752 289958.99159461073577 33.01554065022931 136.09966229247718
86250.0 0.00039845543594 -26.14408095961641 -42.28444084068681 289951.67909087799489 32.82715191899434 136.21824514156430
86280.0 0.00142679847959 -26.16739750068301 -42.27051898402344 290033.61889903340489 32.63859145242368 136.33520158798584
86310.0 -0.00021432209681 -26.18990686992378 -42.25747618752841 289999.82581939548254 32.44980093151382 136.45056337668359
86340.0 0.00034814871899 -26.21245374223697 -42.24437597989235 289952.64294048119336 32.26077579825782 136.56434513303421
86370.0 -0.00210498242659 -26.23590311918044 -42.23027541827129 289992.59595189243555 32.07143149702136 136.67658436478575
