# sod		dsTEC/dt [TECU/s]		lat		lon		h_ipp		ele		azi
30.0 0.00057152401566 25.87598923806261 -140.29183823197766 349967.83401076029986 3.58914584696910 62.06322116642148
60.0 0.00428643366307 25.93433711022545 -140.29088691699346 350018.43151713442057 3.56269276058435 61.86051408653756
90.0 -0.00519503572892 25.99274588800640 -140.29004783388311 350049.41083578765392 3.53554821437534 61.65803684999524
180.0 -0.00093405975839 26.16820527747588 -140.28818730252209 350030.83952099271119 3.45022672793708 61.05247408498982
210.0 0.00259399468055 26.22680905127848 -140.28778732259224 349984.78574064560235 3.42040018455911 60.85110652469609
240.0 -0.00192788836401 26.28672705473556 -140.28431492400495 350042.76206254027784 3.38985815841713 60.64995361952597
270.0 -0.00553412415678 26.34542922389267 -140.28413258905346 349957.89165431074798 3.35869895357966 60.44918290779900
300.0 0.00358913044531 26.40543686028483 -140.28087887305244 349978.40556999575347 3.32688207449705 60.24873098966950
46350.0 0.00091534469054 29.66779600152840 -167.12697271677726 349970.04503674339503 4.06137332946450 315.94143500001348
46380.0 0.00247928851101 29.60449630719068 -166.99947048308638 349987.18937249388546 4.22049918241839 316.04051525410301
46410.0 -0.00429347412150 29.54076996374887 -166.87268811452597 349972.70140562113374 4.37992425811272 316.13907404863886
46440.0 -0.00613784848967 29.47764964176317 -166.74793272776390 349992.72288468107581 4.53978073998354 316.23715619118457
46470.0 0.00305584378930 29.41411712079523 -166.62386965421209 349982.87382958270609 4.70001671304786 316.33474197249853
46500.0 0.00035418221576 29.35121734284055 -166.50184945712019 350002.05807548575103 4.86047416108197 316.43177523657164
46530.0 -0.00162602560662 29.28791916466515 -166.38049301396123 349993.29155792668462 5.02139707087980 316.52833909543830
46560.0 -0.00317860092456 29.22423102198876 -166.25981672930672 349953.94972469657660 5.18269038912402 316.62439906578521
46590.0 -0.00278416860772 29.16224391030208 -166.14245455253783 350007.69567580521107 5.34423749688114 316.71991372842251
46620.0 -0.00624752457845 29.09988860354940 -166.02576089107927 350029.24438778497279 5.50608842302044 316.81489903835779
46650.0 0.00036122858359 29.03716932514663 -165.90972621463553 350019.54013325832784 5.66828907093566 316.90936930088691
46680.0 -0.00046285488853 28.97408998986479 -165.79434014101400 349979.64438904728740 5.83089180318294 317.00334078095329
46710.0 -0.00440214561238 28.91275325746714 -165.68217511661629 350036.91610298212618 5.99389765142513 317.09681216341608
46740.0 -0.00226496641420 28.85002997368635 -165.56938375827693 349996.00708304904401 6.15713132011214 317.18972282285716
46770.0 -0.00063894080758 28.78802242020753 -165.45852130685464 349986.08120194729418 6.32066137152077 317.28209466820778
46800.0 0.00023444596547 28.72673679945347 -165.34954835016723 350010.49398761335760 6.48462458512429 317.37397205242780
46830.0 -0.00127989081094 28.66512956544864 -165.24119084867425 350003.89894606173038 6.64896691039921 317.46533516615995
46860.0 -0.00283447887031 28.60321138358509 -165.13347379481024 349962.43259074632078 6.81352623401611 317.55612863792373
46890.0 -0.00515277406829 28.54203794771000 -165.02761195304478 349956.10027354676276 6.97855151622929 317.64643364041802
46920.0 -0.00632198419255 28.48268276148776 -164.92485691615380 350047.55923789367080 7.14394676522717 317.73621660639623
46950.0 -0.00124869863724 28.42091635687433 -164.82020799324025 349975.70362889952958 7.30959231776814 317.82543664231287
46980.0 -0.00149320830986 28.36098668563520 -164.71865363744749 350000.40323738846928 7.47553998762727 317.91410945446228
47010.0 -0.00593862018076 28.30077610303301 -164.61768082493293 349993.25633727479726 7.64183583243233 318.00224861828735
47040.0 0.00086533462545 28.24028749613834 -164.51727974418853 349955.26852628681809 7.80853360098337 318.08986997636202
47070.0 -0.00003119099182 28.18166086207864 -164.41990489049701 350016.95370341185480 7.97563218750167 318.17697136870061
47100.0 0.00053429479955 28.12277747079907 -164.32310638216879 350044.31278224848211 8.14295616996689 318.26349446354703
47130.0 -0.00529062380957 28.06363956872778 -164.22687211956043 350038.68188998568803 8.31057274741319 318.34945962248185
47160.0 -0.00155156835628 28.00424651138644 -164.13117939924086 350002.89405809063464 8.47862339663554 318.43491063707273
47190.0 -0.00106456293435 27.94567755241374 -164.03724438967853 350001.55584115628153 8.64704942360628 318.51982683119752
47220.0 -0.00082710081144 27.88687317967722 -163.94387064249108 349965.54005577880889 8.81568941207846 318.60415517073324
47250.0 -0.00169243661876 27.82890310218283 -163.85221940019329 349966.22649248596281 8.98479496392923 318.68797402224470
47280.0 -0.00130605290389 27.77177861374862 -163.76228928812824 350001.99371666647494 9.15426911827470 318.77125069819800
47310.0 -0.00162300826730 27.71443509528425 -163.67289191747366 350004.09004924166948 9.32398909402339 318.85394483850439
47340.0 0.00121851342519 27.65795255422472 -163.58520341636205 350040.39018068742007 9.49400852710954 318.93607183431141
47370.0 -0.00413047161268 27.60125759511880 -163.49802080530736 350045.18196264188737 9.66437361958401 319.01764449342926
47400.0 0.00123561995452 27.54435219681574 -163.41133493641831 350019.41825746092945 9.83513953315824 319.09867817440113
47430.0 -0.00100117280718 27.48724060908351 -163.32514483943433 349962.89052146952599 10.00630296130215 319.17916987314453
47460.0 -0.00399865655005 27.43209647564932 -163.24180741705848 350007.40023021306843 10.17768836202075 319.25906349661176
47490.0 0.00150729395423 27.37676204503750 -163.15895897400696 350019.62766179349273 10.34936152251561 319.33837785268173
47520.0 0.00069427996903 27.32123536315262 -163.07657844162526 350002.23579894937575 10.52146871865368 319.41715604688324
47550.0 -0.00737346726231 27.26552287424176 -162.99467266227973 349953.91817636694759 10.69394772951577 319.49537694968416
47580.0 0.00024450849074 27.21180332619882 -162.91556029052722 350008.47013964504004 10.86663537775607 319.57298905363200
47610.0 -0.00023947722810 27.15790455784050 -162.83688970141935 350034.43324270565063 11.03978719296957 319.65006821406132
47640.0 0.00071138649837 27.10383434369103 -162.75867220761882 350029.87927186023444 11.21330521254383 319.72658258839112
47670.0 -0.00260305024416 27.04960170871093 -162.68092216494867 349992.43991551734507 11.38706346067175 319.80249236247892
47700.0 -0.00144390382705 26.99629435882966 -162.60476271854054 349992.38016141951084 11.56111743119610 319.87781253443251
47730.0 -0.00080999428211 26.94282883229033 -162.52904568703653 349961.55891348700970 11.73551345792963 319.95255509634734
47760.0 -0.00381150350784 26.89029347949914 -162.45488595447537 349970.64755557011813 11.91030814012052 320.02673484877891
47790.0 0.00029582335122 26.83760584576698 -162.38115082629585 349950.11338345892727 12.08549590288924 320.10034793856391
47820.0 -0.00380747684310 26.78695259802230 -162.31008972943263 350037.29613161273301 12.26090109062157 320.17334046441869
47850.0 -0.00047291741380 26.73398405055335 -162.23722515873703 349952.78583443909883 12.43658802590680 320.24572966261428
47880.0 -0.00162904530971 26.68304889682302 -162.16698845094538 349980.49438072275370 12.61270788406554 320.31755780490244
47910.0 -0.00442729956180 26.63197772621995 -162.09715643231479 349978.73357371985912 12.78919482002325 320.38880332817558
47940.0 0.00170450952170 26.58186986626445 -162.02884483363383 350015.86358656734228 12.96588385195273 320.45941623962892
47970.0 -0.00249437993515 26.53162894783351 -161.96091552925083 350025.44108219817281 13.14303451403815 320.52946974822396
48000.0 -0.00178903284295 26.48126254417930 -161.89337870673148 350005.72601261455566 13.32054780663371 320.59893282321104
48030.0 -0.00329028857289 26.43077961848692 -161.82624755325858 349954.54575279541314 13.49829447924448 320.66776621509581
48060.0 -0.00188160358428 26.38235930449840 -161.76167679315284 350017.15897193178535 13.67633191730775 320.73598443664480
48090.0 -0.00023947722810 26.33273540002319 -161.69640290634638 349978.46335079520941 13.85470657013508 320.80359860351086
48120.0 -0.00400368663081 26.28408676855964 -161.63257696417011 349983.93554271571338 14.03347649651974 320.87062286900021
48150.0 -0.00184538014795 26.23641674402657 -161.57018639410896 350034.13995376229286 14.21263378123876 320.93705251950234
48180.0 -0.00397551416019 26.18755805825724 -161.50710626402929 349980.61394966021180 14.39200266123147 321.00283580761555
48210.0 -0.00145899761495 26.14077783525538 -161.44652399103276 350043.97781063709408 14.57164593652034 321.06798836638131
48240.0 -0.00234143758785 26.09280517935359 -161.38522546991359 350006.91690240427852 14.75171978050840 321.13255145701703
48270.0 -0.00024953975337 26.04582362272709 -161.32533555094602 350015.52679189387709 14.93215462177876 321.19650310323982
48300.0 -0.00185040904682 25.99875481071893 -161.26580906792458 349993.75882232841104 15.11278362933733 321.25979482523030
48330.0 -0.00222673141831 25.95267767106544 -161.20766243456706 350020.09749697986990 15.29387041393078 321.32249700863997
48360.0 -0.00164313213596 25.90651109027199 -161.14985154997649 350018.95212669856846 15.47531490140965 321.38457940340368
48390.0 -0.00255374812511 25.86026394950330 -161.09238864314241 349988.32782557141036 15.65698448343242 321.44600335130684
48420.0 -0.00151333099663 25.81502331284803 -161.03629995387965 350004.47553893737495 15.83893846791084 321.50678276933502
48450.0 -0.00542545621153 25.76970216467674 -160.98053775028703 349993.19543320871890 16.02122339898891 321.56692782043245
48480.0 -0.00253161033314 25.72538655750306 -160.92612100476367 350031.25852013006806 16.20389881374615 321.62645190230131
48510.0 -0.00119436407367 25.68099268857604 -160.87201571088386 350043.05769046675414 16.38695437935709 321.68534942208117
48540.0 -0.00219654620626 25.63653133159869 -160.81823789933657 350026.07194098830223 16.57021423189413 321.74357075879874
48570.0 0.00000000000000 25.59200233693775 -160.76478001638847 349981.15703309513628 16.75373958509886 321.80112989443620
48600.0 -0.00396947593590 25.54848483239752 -160.71263621587897 349987.63835034985095 16.93769170545855 321.85806686603081
48630.0 -0.00397450956230 25.50489970930905 -160.66079382171341 349967.90275990124792 17.12199718811820 321.91435930599334
48660.0 -0.00001710416557 25.46234007779838 -160.61027129685235 349997.33303020708263 17.30648730712262 321.96996025821528
48690.0 -0.00344927032636 25.41971200909092 -160.56003079533210 350002.41950148064643 17.49142981520693 322.02493705653546
48720.0 -0.00119537103533 25.37702268713831 -160.51008078963054 349981.74056705925614 17.67672352349580 322.07926020237682
48750.0 0.00017306739784 25.33536150921850 -160.46142535937528 350012.07013173773885 17.86223237987068 322.13289166559446
48780.0 -0.00149119556843 25.29364602148288 -160.41305741927016 350016.20959227532148 18.04801764165653 322.18584463404346
48810.0 -0.00076068861742 25.25187644068137 -160.36497141278360 349994.75232520606369 18.23412592228510 322.23812822264523
48840.0 -0.00345832707186 25.21113040362336 -160.31814247591973 350027.98015305120498 18.42061825105375 322.28975494106174
48870.0 -0.00152238656025 25.16925380461407 -160.27060335815321 349956.94222714751959 18.60748179457343 322.34071828979728
48900.0 -0.00148214118669 25.12948899049153 -160.22530346644157 350018.86269904300570 18.79454059552583 322.39097075876680
48930.0 -0.00279422995111 25.08860374707634 -160.17930123903784 349975.01492547336966 18.98185421074055 322.44052461161357
48960.0 -0.00262820537545 25.04874420225186 -160.13452674436255 349988.06056673824787 19.16958908938658 322.48941840091709
48990.0 -0.00137246391603 25.00883988910621 -160.09001102191473 349976.85391649231315 19.35766788116938 322.53762939220246
49020.0 -0.00017507895739 24.96997354802041 -160.04672832945658 350020.66716567147523 19.54591991844107 322.58511217862508
49050.0 -0.00203152622850 24.92998862643292 -160.00272916578254 349960.36415776237845 19.73461715211464 322.63193074969070
49080.0 -0.00316954654282 24.89103590254813 -159.95993920513294 349957.75231281761080 19.92365723573883 322.67805633120474
49110.0 -0.00148012608150 24.85312089550344 -159.91835875732738 350012.09294369351119 20.11290058497362 322.72345157069992
49140.0 -0.00065906585811 24.81517130530618 -159.87702404322673 350042.45115122385323 20.30241042821510 322.76812876462435
49170.0 0.00057454490062 24.77612019157333 -159.83498651782759 349966.39073418639600 20.49223341623070 322.81209586081633
49200.0 -0.00411940212576 24.73916698191128 -159.79507046417004 350033.58368028793484 20.68243207868643 322.85536431832446
49230.0 -0.00199429937615 24.70111410472054 -159.75444564365449 349994.86633543390781 20.87299099283075 322.89792669368296
49260.0 -0.00007143872914 24.66410189089235 -159.71500221570014 350015.13620615005493 21.06373411584784 322.93973758553568
49290.0 -0.00138755652205 24.62706398971250 -159.67579411997664 350011.77001556474715 21.25471926927183 322.98080744855673
49320.0 -0.00115311055658 24.58999413911562 -159.63680646996869 349986.71504108421504 21.44611816659442 323.02117303152380
49350.0 -0.00019520282605 24.55395726061295 -159.59896830894701 350023.96096146572381 21.63784939525013 323.06081126140919
49380.0 -0.00238470621013 24.51684415385486 -159.56044194172068 349952.03000319283456 21.82974029840791 323.09967832402145
49410.0 -0.00326714618303 24.48181638314664 -159.52396513313650 350029.79845835734159 22.02206706917606 323.13783449238343
49440.0 -0.00013784855940 24.44570786680010 -159.48678449010526 350000.29385413508862 22.21472615766480 323.17525169163235
49470.0 -0.00280328787848 24.41063833027422 -159.45074069641879 350033.48309526033700 22.40757435639762 323.21189331266902
49500.0 -0.00054335036316 24.37449846408194 -159.41400339186171 349957.90122849307954 22.60067688002459 323.24777056179607
49530.0 -0.00205366283859 24.34044313553833 -159.37928972961379 350033.84094360563904 22.79408037684892 323.28289007115484
49560.0 -0.00012175253736 24.30531575578391 -159.34387211546834 350002.19232486560941 22.98784887751985 323.31726204861036
49590.0 0.00066610868030 24.27121781952690 -159.30955597690701 350036.94319395720959 23.18196427389604 323.35087805741182
49620.0 -0.00162703375016 24.23606393396617 -159.27455484731959 349961.38468229118735 23.37625044701959 323.38369481833240
49650.0 -0.00073553466800 24.20298938653664 -159.24154716947149 350039.93852568790317 23.57076339540046 323.41572085805279
49680.0 -0.00210196154163 24.16885107359694 -159.20783516978975 350010.62455794494599 23.76568016741284 323.44699072733556
49710.0 -0.00101324689199 24.13470027623680 -159.17431883181013 349960.48673781566322 23.96091516602760 323.47748104844339
49740.0 -0.00223679512546 24.10158581889355 -159.14189197429022 349977.05264074727893 24.15629369802984 323.50714966502602
49770.0 -0.00086936010831 24.06845366690186 -159.10964500569523 349974.55222076922655 24.35209622595320 323.53605266180682
49800.0 -0.00110581881520 24.03531054227328 -159.07758463161119 349951.92033917177469 24.54821794748507 323.56416264026933
49830.0 -0.00226597219397 24.00319844482872 -159.04659335107780 349998.02426213864237 24.74451193928678 323.59144382076460
49860.0 0.00028676778760 23.97107882342470 -159.01578626531924 350023.92431894224137 24.94104540822265 323.61790607433971
49890.0 -0.00058259350258 23.93895098345207 -158.98515915191157 350030.08925270568579 25.13786495114421 323.64355453200852
49920.0 -0.00151735647949 23.90681330138429 -158.95470656548818 350017.15532958600670 25.33503609035800 323.66839790182854
49950.0 -0.00180613700853 23.87466834883043 -158.92442911865126 349984.91671496257186 25.53253792856341 323.69242669025795
49980.0 -0.00152440048356 23.84354990416299 -158.89519609780638 350023.73745070118457 25.73019428098337 323.71559977139941
50010.0 -0.00184235926298 23.81140760949247 -158.86528355562075 349950.44803068786860 25.92805922453586 323.73792359031808
50040.0 -0.00148717126745 23.78027939839556 -158.83639152973845 349951.17213764600456 26.12631519789666 323.75943001045471
50070.0 -0.00144692116637 23.75016505230641 -158.80851654316936 350026.10241374466568 26.32487229206051 323.78009539102055
50100.0 -0.00031796114319 23.71903741714347 -158.77996785317546 349987.84634976275265 26.52355373050604 323.79987932522533
50130.0 -0.00171256166930 23.68891712958273 -158.75242146037874 350025.50703840795904 26.72264425113300 323.81883311277755
50160.0 -0.00143484708155 23.65778190561261 -158.72419352285527 349950.94634005520493 26.92203774605827 323.83693001041263
50190.0 -0.00001207290294 23.62867428765450 -158.69781530344181 350045.13409493770450 27.12158348200428 323.85413517988735
50220.0 -0.00153144448762 23.59855850203047 -158.67075905277227 350026.41371876187623 27.32135065236459 323.87045685312938
50250.0 -0.00061579723583 23.56844493754560 -158.64386161332072 349989.32164159137756 27.52138574162034 323.88589842832232
50280.0 -0.00043166153295 23.53933419115269 -158.61794733268223 350029.94833406619728 27.72175574160583 323.90046680425604
50310.0 -0.00142679729771 23.50922160497844 -158.59135518336748 349957.45329190231860 27.92243685312766 323.91415135006457
50340.0 -0.00102632912035 23.48011979306299 -158.56575168679726 349961.66171637084335 28.12325283719056 323.92691314526127
50370.0 -0.00100318791237 23.45202065189203 -158.54112431068882 350044.10352040361613 28.32425573725180 323.93875635719269
50400.0 -0.00200637109721 23.42292278763431 -158.51581531286087 350013.67472581844777 28.52563341763579 323.94970955167503
50430.0 -0.00069126262971 23.39383001736096 -158.49065377482472 349965.76711111795157 28.72729152389094 323.95974887735144
50460.0 0.00020727809275 23.36574087389625 -158.46646292702613 349996.48625653143972 28.92905115003994 323.96883580154298
50490.0 -0.00044574954108 23.33764922248662 -158.44240568097158 350011.38229748234153 29.13120128722451 323.97701608479099
50520.0 -0.00131208876442 23.30956153257403 -158.41848791456277 350009.56800941936672 29.33363446440811 323.98426362000635
50550.0 -0.00033305493109 23.28148657183257 -158.39471818196463 349989.80140269082040 29.53619604294381 323.99054465532458
50580.0 -0.00199932827503 23.25342208588603 -158.37109127373731 349952.69975872617215 29.73895718169187 323.99586540497933
50610.0 -0.00213919075774 23.22634317484095 -158.34840334180143 349997.98458723351359 29.94196417713972 324.00022724456682
50640.0 -0.00075666668020 23.19926647912136 -158.32584453006041 350027.59508597478271 30.14528545214735 324.00363487701600
50670.0 0.00033204678755 23.17219445171820 -158.30341572300250 350041.32816217374057 30.34889418177281 324.00607643312844
50700.0 -0.00123863611197 23.14513683343599 -158.28112650133676 350037.82058800943196 30.55261408567640 324.00751527474841
50730.0 -0.00170954314810 23.11809232497311 -158.25897305088000 350017.50504665449262 30.75649504589830 324.00795304322230
50760.0 -0.00087740871026 23.09105262761948 -158.23694334640410 349981.90467879455537 30.96073036044066 324.00741424195712
50790.0 -0.00080697694278 23.06498415779033 -158.21582673116873 350031.67804851569235 31.16522109013268 324.00587487682139
50820.0 -0.00045581088447 23.03797326479954 -158.19406160779045 349962.99946539849043 31.36978615434563 324.00329845495418
50850.0 -0.00113600639101 23.01192494434158 -158.17319654897025 349981.29272384289652 31.57471873851481 323.99972424441233
50880.0 0.00037128992697 22.98588509811283 -158.15245276357535 349984.33541795052588 31.77990994533658 323.99512675751862
50910.0 -0.00130001467960 22.95986250900843 -158.13183842331799 349970.97407502867281 31.98520113454148 323.98947351657978
50940.0 -0.00060171159146 22.93480137257697 -158.11212043226288 350044.93900864478201 32.19066538918479 323.98276824454263
50970.0 -0.00099412880311 22.90880424612277 -158.09174928218917 350000.65076627582312 32.39634872329574 323.97500993169058
51000.0 -0.00089149790027 22.88375931576701 -158.07226165265055 350045.28112493362278 32.60232093058839 323.96620060051720
51030.0 0.00001811112723 22.85778413219560 -158.05212213765404 349971.29551610443741 32.80855202377409 323.95632701838690
51060.0 0.00053429598143 22.83276748690923 -158.03287115408997 349985.48530434258282 33.01486569441251 323.94535493651637
51090.0 -0.00019117970695 22.80776697520508 -158.01373831133890 349984.39501794707030 33.22130951555580 323.93328315794258
51120.0 -0.00182223657621 22.78277387836741 -157.99471211530721 349969.45643928274512 33.42808219046248 323.92013116140117
51150.0 -0.00080798390444 22.75872065768817 -157.97655250401175 350045.52202384639531 33.63508004915794 323.90587489945193
51180.0 0.00040550180376 22.73376129267227 -157.95775615128056 350000.56752027943730 33.84211979258075 323.89048013736726
51210.0 -0.00047593357124 22.70973212583134 -157.93981414060434 350048.15431394707412 34.04949869400108 323.87397844480665
51240.0 -0.00064397088833 22.68479554841113 -157.92122870186941 349975.37885979935527 34.25710635889638 323.85634493998299
51270.0 -0.00091061598916 22.66079823529203 -157.90350598870742 349994.01615532580763 34.46478004892212 323.83754866357208
51300.0 -0.00084823045987 22.63681695652117 -157.88589096483966 349998.36456886492670 34.67259470327985 323.81759025289557
51330.0 -0.00082508925189 22.61285036030355 -157.86838052282695 349988.76410388294607 34.88059593482146 323.79646585875810
51360.0 0.00022740314329 22.58889585486883 -157.85097029672175 349965.71311113797128 35.08885481969909 323.77417421444056
51390.0 -0.00050813388848 22.56585780977001 -157.83439795430905 350037.31488590687513 35.29733805583322 323.75070057090829
51420.0 -0.00031494144010 22.54193870370852 -157.81719633500279 349986.18904974218458 35.50586931944047 323.72601321366136
51450.0 -0.00123964307362 22.51893774141952 -157.80083334279951 350029.61847978737205 35.71449370217952 323.70010771688226
51480.0 -0.00018212414333 22.49505161805160 -157.78383140475640 349951.32865987997502 35.92341523597528 323.67299731976107
51510.0 -0.00039241957541 22.47207422034118 -157.76765746590439 349968.94318642094731 36.13252536619009 323.64465804253541
51540.0 -0.00071943628221 22.44911980884920 -157.75158794698098 349972.34589759167284 36.34163853297949 323.61505819561012
51570.0 -0.00026563813917 22.42617453836823 -157.73560710871129 349963.47068551275879 36.55105592837209 323.58422012315424
51600.0 0.00065302645194 22.40368420825828 -157.72008051889694 349996.96971340291202 36.76066557977096 323.55211954177673
51630.0 -0.00081100124376 22.38121474792112 -157.70465293184176 350016.84960117097944 36.97030055428231 323.51872733043058
51660.0 -0.00035116369456 22.35832691517395 -157.68896134245711 349967.96153947059065 37.18003754374638 323.48404029362553
51690.0 -0.00001609956768 22.33632799465405 -157.67407832345077 350017.62063453160226 37.38992160992415 323.44805117475704
51720.0 -0.00046688037139 22.31390645867164 -157.65892423289651 349999.29243689961731 37.60002498545565 323.41075465225498
51750.0 -0.00054838044392 22.29150105504985 -157.64385870236711 349968.44968059565872 37.81031088093854 323.37213427714687
51780.0 0.00002616091107 22.26955046513828 -157.62924381176859 349980.41233294457197 38.02060296830116 323.33216106377330
51810.0 -0.00071943746409 22.24762044212703 -157.61472039479648 349979.48106833174825 38.23094365402164 323.29082687264554
51840.0 0.00000905674549 22.22570152976289 -157.60027782181282 349966.91965904366225 38.44154215761163 323.24813716552177
51870.0 -0.00080496420135 22.20422409773888 -157.58627210006512 349998.91726070083678 38.65228487663443 323.20406819844794
51900.0 0.00020526653320 22.18277015953758 -157.57235810573189 350017.93295036163181 38.86298394941440 323.15859120612998
51930.0 -0.00006439590695 22.16090493575129 -157.55817162553930 349968.60306185856462 39.07394423589121 323.11171737189329
51960.0 -0.00037531540983 22.13989653127910 -157.54476505509865 350021.76623448077589 39.28505209092300 323.06342301553707
51990.0 -0.00090759628607 22.11849185106800 -157.53109796791006 350005.03357051126659 39.49613629081072 323.01368127840567
52020.0 -0.00141975565741 22.09710837919870 -157.51751523689151 349976.04887685645372 39.70727512949349 322.96248419305886
52050.0 -0.00024953857149 22.07615803918857 -157.50435941845240 349992.90436061099172 39.91851292649236 322.90982038786467
52080.0 -0.00024752701194 22.05522078689772 -157.49127928129212 349998.55790649168193 40.12992289578642 322.85567952456108
52110.0 -0.00054536192271 22.03429914521751 -157.47827604979025 349992.81772274244577 40.34146456247867 322.80004324071126
52140.0 -0.00073050458725 22.01340218183246 -157.46535703386036 349974.76707554049790 40.55296160133801 322.74288554246539
52170.0 0.00007445843222 21.99293463005976 -157.45286116367265 350003.11769736465067 40.76445348954898 322.68419398115134
52200.0 0.00045078080371 21.97247688861795 -157.44043481953102 350020.92882698681206 40.97615440687779 322.62396429171764
52230.0 -0.00128391747568 21.95163286859079 -157.42774314420606 349968.83344969991595 41.18794552895049 322.56217320697789
52260.0 -0.00104242868803 21.93161925836228 -157.41581261404056 350022.16546564176679 41.39963665284486 322.49879539288298
52290.0 0.00043468005415 21.91121469980858 -157.40361019269247 350006.29155252501369 41.61153594623163 322.43382841894277
52320.0 0.00023344136757 21.89082759404162 -157.39147993517150 349979.40416388493031 41.82352797965262 322.36724923892490
52350.0 -0.00100519829004 21.87086161284817 -157.37976474676435 350000.03642237000167 42.03543714295379 322.29903382833595
52380.0 0.00025054435127 21.85091482448272 -157.36812272239493 350009.56823010649532 42.24734311871595 322.22916827114841
52410.0 0.00003622343634 21.83098559634953 -157.35655130709364 350008.26349567435682 42.45928923924854 322.15763620606140
52440.0 -0.00098105130228 21.81107081943637 -157.34504666024969 349996.53217948134989 42.67134945856848 322.08442107491288
52470.0 -0.00041757470670 21.79117307286025 -157.33361006980445 349974.18697858601809 42.88347938577023 322.00950236686583
52500.0 0.00058963632477 21.77168625086007 -157.32257984802791 350000.56664095353335 43.09550269874384 321.93285744271293
52530.0 -0.00028374926640 21.75222009937836 -157.31162054091561 350016.04433063976467 43.30745564942236 321.85446882553316
52560.0 0.00001207408482 21.73238348310746 -157.30039250139154 349961.25705404672772 43.51955703461929 321.77432005419121
52590.0 0.00011168883021 21.71332581375293 -157.28988944914622 350017.05437961872667 43.73168262100503 321.69238869543346
52620.0 -0.00067113876105 21.69391085835776 -157.27912729099486 350001.41955972462893 43.94369839954884 321.60865370807755
52650.0 -0.00003420951303 21.67450845401178 -157.26842493875529 349976.01893239002675 44.15584501789397 321.52309533071406
52680.0 -0.00131510964938 21.65550534754769 -157.25811969884450 350000.64870193414390 44.36784326077208 321.43569215335225
52710.0 -0.00026865666038 21.63652097812061 -157.24787952569253 350014.96633649617434 44.57977395055380 321.34642353000885
52740.0 -0.00073352429033 21.61755365373559 -157.23770200093452 350019.21489396598190 44.79167919663836 321.25526759493732
52770.0 0.00029582453310 21.59860012721798 -157.22758340512840 350013.77954304125160 45.00363342689160 321.16220078515641
52800.0 -0.00028878171091 21.57966303832040 -157.21752509696759 349998.47594175487757 45.21558821129587 321.06720042048460
52830.0 -0.00049404588035 21.56075113649801 -157.20753360699800 349972.55024744942784 45.42736745215326 320.97024738174787
52860.0 0.00036525406644 21.54222377570923 -157.19792823033040 349998.17256930097938 45.63900390765932 320.87131885014270
52890.0 0.00011571194931 21.52370576111931 -157.18837626964824 350014.71660352870822 45.85072047462138 320.77038445720962
52920.0 -0.00036625748246 21.50484712968298 -157.17856258446400 349959.38674463611096 46.06238751633472 320.66742301717130
52950.0 -0.00039543809661 21.48672395569931 -157.16945127744086 350018.39493464026600 46.27386911054875 320.56241538519612
52980.0 -0.00040449484211 21.46825552188930 -157.16007259245478 350006.09227459598333 46.48540847924388 320.45532620159719
53010.0 -0.00067315150248 21.44981214437195 -157.15075703484163 349983.53809150960296 46.69672075883588 320.34614283120783
53040.0 -0.00070031701144 21.43173809243960 -157.14181727517123 350013.96975081041455 46.90788757906682 320.23483640645918
53070.0 -0.00039644505827 21.41367940679051 -157.13293282142308 350035.06821780558676 47.11894948948144 320.12137851418231
53100.0 -0.00033506649064 21.39563270712730 -157.12410006391715 350047.19413752947003 47.32998102847124 320.00573707747589
53130.0 0.00001006134339 21.37725920539415 -157.11500605321677 349986.91741162445396 47.54092945603129 319.88788712086591
53160.0 -0.00038034667247 21.35959196669009 -157.10660014093287 350043.29948545899242 47.75161888582122 319.76781364359306
53190.0 -0.00034915095313 21.34160529028797 -157.09793732269671 350026.77369563747197 47.96207820946984 319.64548772425053
53220.0 -0.00022639618163 21.32362998698260 -157.08932244899486 350001.57186435535550 48.17253385068346 319.52086184105923
53250.0 0.00062183427824 21.30567267113944 -157.08076011596225 349967.18233061209321 48.38285058530428 319.39391678551436
53280.0 -0.00039342771894 21.28807064216125 -157.07256565837781 349987.03653685376048 48.59289046511761 319.26463585475545
53310.0 -0.00054536192271 21.27047731217265 -157.06441675411511 349998.50825585797429 48.80289861926159 319.13296463236168
53340.0 -0.00026161265631 21.25290666526325 -157.05632389338246 350000.48391905520111 49.01258460803015 318.99890161219037
53370.0 -0.00013785092316 21.23535486169077 -157.04828318858429 349993.34888339322060 49.22203042726593 318.86240794683624
53400.0 -0.00055542444798 21.21814179474723 -157.04060031560124 350041.78343212977052 49.43127464121618 318.72344750404977
53430.0 -0.00012376291503 21.20029898343573 -157.03234813580440 349952.70261007267982 49.64039142224050 318.58197792994849
53460.0 0.00031594840176 21.18311139281715 -157.02475822968316 349984.09280636999756 49.84932340444833 318.43797196820759
53490.0 -0.00070434367618 21.16594410883775 -157.01722078484732 350006.38332553114742 50.05789488964717 318.29141963091229
53520.0 0.00033406071086 21.14879596712129 -157.00973411871925 350019.72971215657890 50.26613045286622 318.14228512792124
53550.0 -0.00021834757967 21.13165600326484 -157.00228888684683 350025.05194591917098 50.47425926455733 317.99049984646069
53580.0 0.00022237188065 21.11453094936185 -156.99488968240763 350021.86511366441846 50.68214032392864 317.83604769199684
53610.0 -0.00116116034042 21.09742748584318 -156.98754099853855 350009.70376829057932 50.88963352862586 317.67891528977219
53640.0 0.00033607345229 21.08033379966705 -156.98023291040229 349989.53406172432005 51.09698502572100 317.51902500351184
53670.0 -0.00018715540597 21.06326400288764 -156.97297568035390 349960.32251442782581 51.30389894794840 317.35638966590813
53700.0 0.00048297993907 21.04651298721986 -156.96606665661983 349988.19386402703822 51.51045707891537 317.19095845652708
53730.0 -0.00071541316311 21.02977545086743 -156.95920128699498 350007.82383152004331 51.71669546432369 317.02268630290058
53760.0 0.00022438462208 21.01275358059351 -156.95207623983461 349953.51703357603401 51.92268729276926 316.85151860651575
53790.0 -0.00029783727453 20.99633285842859 -156.94559274089107 350023.13132930826396 52.12837020895263 316.67742615216639
53820.0 0.00025859531699 20.97934943491921 -156.93855814343200 349951.82160099409521 52.33356867573084 316.50040535047862
53850.0 -0.00046587222785 20.96296498923738 -156.93216671656529 350004.49597411230206 52.53830241202035 316.32041291410496
53880.0 0.00046788378740 20.94658454628812 -156.92581074715761 350049.74750792421401 52.74280229112411 316.13735446976506
53910.0 -0.00101223993034 20.92965009668716 -156.91890125628882 349953.88839020300657 52.94692135496366 315.95121884546472
53940.0 0.00047895209245 20.91330275577123 -156.91263099364514 349982.71162211336195 53.15051721353262 315.76199746359930
53970.0 -0.00066711327819 20.89696089928191 -156.90639545349157 350004.12098390422761 53.35383586046619 315.56958458937038
54000.0 0.00038034430871 20.88063874627485 -156.90020472212535 350017.15727927628905 53.55657627056961 315.37401185402371
54030.0 -0.00069226959136 20.86433226868336 -156.89405511749385 350022.15306656528264 53.75881754083168 315.17521491340688
54060.0 -0.00017205925431 20.84803945484229 -156.88794450659083 350019.28878592792898 53.96059598654343 314.97313758215728
54090.0 -0.00058359928236 20.83175668617922 -156.88186957364010 350008.85277417488396 54.16198131245277 314.76771153655420
54120.0 0.00065302645194 20.81548692944700 -156.87583192651329 349990.67978897131979 54.36290577063190 314.55890653561380
54150.0 -0.00090155924366 20.79923832392925 -156.86983698418561 349964.26521777641028 54.56319397427356 314.34672759616723
54180.0 0.00066510290052 20.78327067196415 -156.86417489791566 349997.37331184744835 54.76286015528081 314.13112372708832
54210.0 -0.00024853397360 20.76730682891657 -156.85854392217490 350023.37931061349809 54.96213551626675 313.91196946633454
54240.0 0.00028173770685 20.75109788863109 -156.85265824085661 349973.98575269151479 55.16086700536250 313.68926148241019
54270.0 -0.00072547450650 20.73516472137409 -156.84710350424578 349984.42767985723913 55.35890983370191 313.46299845614806
54300.0 0.00066107623578 20.71923677787212 -156.84157920946748 349987.77407701220363 55.55650832468209 313.23304109122085
54330.0 -0.00018916460176 20.70332840544398 -156.83609528246350 349983.13990177679807 55.75335676235864 312.99944612218684
54360.0 -0.00021633483824 20.68743536342660 -156.83064802317762 349970.83992927707732 55.94953408817020 312.76213265109232
54390.0 0.00016602339378 20.67179938036083 -156.82552321939207 350019.42952369898558 56.14506921388368 312.52103499142288
54420.0 -0.00009357770298 20.65592701496968 -156.82014158272585 349992.48472461383790 56.34003081803302 312.27606830844172
54450.0 0.00021130475749 20.64006738971390 -156.81479302545995 349958.14239205699414 56.53434535145838 312.02720340510501
54480.0 -0.00076974772667 20.62446460331597 -156.80976890286468 349984.65876510925591 56.72783763132333 311.77445747778643
54510.0 0.00027871800376 20.60887664462088 -156.80478078955474 350003.62785487901419 56.92051570205020 311.51777256547064
54540.0 0.00010162630494 20.59329177557992 -156.79981969585506 350015.79062532074749 57.11260933319960 311.25698642788984
54570.0 -0.00002414816964 20.57771714505237 -156.79489023723025 350020.74466099869460 57.30395935952154 310.99210830163071
54600.0 -0.00012175017360 20.56215933122880 -156.78999657854285 350018.13542170263827 57.49441857072909 310.72314824266726
54630.0 0.00004628596160 20.54660596313848 -156.78512933419449 350008.72342311125249 57.68422770452142 310.44992774639599
54660.0 -0.00017809866048 20.53107151868378 -156.78029830266655 349991.69535535201430 57.87307715277073 310.17253767148935
54690.0 -0.00002415053340 20.51555163599407 -156.77549981975497 349967.34340942092240 58.06104286295166 309.89087996063751
54720.0 -0.00017306503408 20.50026034496662 -156.77101419888203 350005.29715807642788 58.24814891445557 309.60487896799174
54750.0 0.00021230817350 20.48497275318833 -156.76655502253749 350036.50493806973100 58.43446010892952 309.31443313837633
54780.0 -0.00070534945596 20.46948124074864 -156.76184280839757 349991.13888436742127 58.61989676726343 309.01951837786009
54810.0 0.00022035913922 20.45421775971133 -156.75744548978969 350008.05033179093152 58.80428413335235 308.72016984318253
54840.0 -0.00039241957541 20.43896815416430 -156.75308026450372 350017.73944888170809 58.98762336916772 308.41632514258379
54870.0 0.00052725079548 20.42351737683780 -156.74845837462132 349950.94488781038672 59.17014062822763 308.10777988820843
54900.0 -0.00000804860196 20.40848192276002 -156.74442394800434 350017.12625484541059 59.35167087745697 307.79456347063802
54930.0 -0.00031896810484 20.39325915133939 -156.74014157876763 350006.12908012792468 59.53206468847193 307.47670409087380
54960.0 -0.00031393684221 20.37803958541067 -156.73588182511506 349988.59383168723434 59.71155688626807 307.15397904347776
54990.0 -0.00003722803423 20.36303053533270 -156.73193241277778 350034.06854124739766 59.88983533112506 306.82652622884052
55020.0 -0.00010867030901 20.34783951628844 -156.72773321528581 350002.32374131213874 60.06697176053687 306.49423101982882
55050.0 0.00025758953721 20.33265995716107 -156.72356089831797 349963.69258002098650 60.24298456569976 306.15701073416352
55080.0 0.00020727691087 20.31767275090634 -156.71968892599463 349988.94536568783224 60.41793346003521 305.81474842346665
55110.0 -0.00036324014314 20.30269105816713 -156.71584150975556 350007.56084256153554 60.59173256742059 305.46743239139386
55140.0 0.00031494144010 20.28772257742075 -156.71202349666973 350019.17905213497579 60.76420815254674 305.11512490808445
55170.0 -0.00032802130469 20.27276658819375 -156.70823389934063 350023.86816341057420 60.93535397932784 304.75776476914029
55200.0 0.00006540168673 20.25781086697764 -156.70446382433738 350022.25400954764336 61.10539002813434 304.39510160648592
55230.0 -0.00054133762173 20.24286286874008 -156.70071794876014 350013.99048388469964 61.27414617880646 304.02719679190773
55260.0 0.00036122740171 20.22792912533992 -156.69700028481475 349998.78943791519850 61.44147147076087 303.65410739581938
55290.0 -0.00045279118138 20.21299692678433 -156.69330164719207 349977.28310341015458 61.60759216270816 303.27556357510235
55320.0 -0.00001509260602 20.19824478927211 -156.68990505935562 350019.95698692649603 61.77219588040701 302.89176842761344
55350.0 -0.00028173770685 20.18333791153889 -156.68625972040053 349984.80879987776279 61.93534901661698 302.50259449895248
55380.0 0.00049002157937 20.16859929843094 -156.68291027081835 350014.34387891553342 62.09706367835560 302.10795875121909
55410.0 0.00011269460999 20.15370530766009 -156.67930789420237 349966.23059585969895 62.25739342955687 301.70773375043080
55440.0 0.00007546657576 20.13897354982540 -156.67599925014841 349983.01421094220132 62.41624672712190 301.30193221536564
55470.0 -0.00046788615116 20.12425313221957 -156.67271643210674 349993.07238339539617 62.57345217369844 300.89065731215265
55500.0 0.00042059440978 20.10954343902518 -156.66945856534329 349996.46070459391922 62.72899613090432 300.47385921509550
55530.0 -0.00031393684221 20.09483200954318 -156.66621676650590 349993.74756099749357 62.88308966686368 300.05124099192824
55560.0 -0.00004125469897 20.08012645585525 -156.66299576062664 349984.61528531089425 63.03555933829474 299.62291341241377
55590.0 0.00044071946032 20.06543328976989 -156.65979950370070 349968.80675469432026 63.18625424721110 299.18897829679076
55620.0 0.00114807693019 20.05087660714697 -156.65688842151118 350018.73277618549764 63.33538935896711 298.74911959360395
55650.0 -0.00128290933214 20.03619464117867 -156.65373263649766 349990.16425582394004 63.48265585631340 298.30362984362796
55680.0 0.00067415728226 20.02152235480169 -156.65059845112850 349955.10302768088877 63.62811409975707 297.85237708821342
55710.0 -0.00011269579187 20.00698671798770 -156.64775263501275 349985.67318060807884 63.77177000356144 297.39528970905872
55740.0 0.00033808501184 19.99244929445997 -156.64492278528098 350010.15539660491049 63.91367048628808 296.93223967118649
55770.0 -0.00004729174138 19.97791357233451 -156.64211083214539 350028.42149372212589 64.05371999434081 296.46328184000140
55800.0 -0.00017910444025 19.96338697435160 -156.63932132782605 350040.19470117893070 64.19175203236723 295.98857917931758
55830.0 0.00012376291503 19.94886899325602 -156.63655350441073 350045.51933063752949 64.32774659185938 295.50810888562222
55860.0 -0.00025557561390 19.93434693106754 -156.63379846002130 350044.90633417572826 64.46190330499549 295.02153170284339
55890.0 0.00024551427051 19.91982856215368 -156.63106098080226 350038.06673923227936 64.59404878277863 294.52903096143774
55920.0 0.00000503008075 19.90532038246597 -156.62834498002951 350024.77316935919225 64.72403528506521 294.03077416187580
55950.0 0.00065403341360 19.89080935303865 -156.62564135571699 350005.53309600614011 64.85206414924158 293.52640517034172
55980.0 -0.00055743600753 19.87631049247117 -156.62295969306072 349979.80359834525734 64.97783608970259 293.01633507632852
56010.0 0.00068824292662 19.86192048073617 -156.62056140533372 350020.35052047390491 65.10140573495826 292.50044051929723
56040.0 -0.00002213661009 19.84743169583511 -156.61791442943857 349982.17776291631162 65.22277417799992 291.97867794747583
56070.0 -0.00018413452100 19.83304013019476 -156.61554529895358 350010.62802031729370 65.34198234130155 291.45093340973574
56100.0 0.00014891686444 19.81855467321331 -156.61292691144524 349960.31135734077543 65.45893409778890 290.91732608890152
56130.0 0.00053530176120 19.80426227350092 -156.61085588818170 350049.10736071132123 65.57347225862355 290.37810061013727
56160.0 -0.00006238552928 19.78979518841960 -156.60827594389642 349986.13726184237748 65.68557313709798 289.83328067303370
56190.0 0.00010967727066 19.77541185294926 -156.60596936444321 349990.10698379669338 65.79542317874895 289.28249354315153
56220.0 0.00043669279558 19.76102975065165 -156.60367726457685 349988.00584613066167 65.90285468494140 288.72602073762221
56250.0 0.00035518917742 19.74665536283798 -156.60140352570309 349979.63523075263947 66.00772823912592 288.16411776365919
56280.0 -0.00017608591905 19.73227549175884 -156.59913904510927 349965.44095698837191 66.11023018682157 287.59639862563677
56310.0 -0.00004225929687 19.71797909306517 -156.59715530718836 350017.94106332864612 66.21007946726641 287.02342105729844
56340.0 0.00043870435513 19.70361086614582 -156.59492460448337 349991.35754381213337 66.30732678328613 286.44508493081560
56370.0 -0.00040650758354 19.68924552072226 -156.59270749535736 349958.72228132467717 66.40197157438791 285.86139214349924
56400.0 0.00087640529425 19.67494416459829 -156.59076173074681 349993.28368768095970 66.49405105948257 285.27225821207935
56430.0 0.00029280601189 19.66063951822970 -156.58882780597878 350021.90079381130636 66.58347420050399 284.67788718909071
56460.0 -0.00030186275739 19.64633873568602 -156.58691004062294 350044.37031819391996 66.67009964353200 284.07862297791769
56490.0 0.00050410958750 19.63198451160500 -156.58474776964880 349987.51671074423939 66.75390472664705 283.47455260469468
56520.0 0.00012577565646 19.61768054288945 -156.58285245690053 349998.10686238855124 66.83506214826625 282.86527906835494
56550.0 0.00088244115478 19.60337510884801 -156.58096865840326 350002.74108067154884 66.91341796827470 282.25120109329760
56580.0 0.00017508013927 19.58907468047727 -156.57910023592683 350001.24857093300670 66.98884837670849 281.63267662740560
56610.0 0.00057051823588 19.57476590093031 -156.57723805452659 349994.01388064678758 67.06152463605306 281.00929855736183
56640.0 0.00046989652883 19.56046407924411 -156.57539176625352 349980.62337453104556 67.13119507518313 280.38178611257433
56670.0 0.00014187522414 19.54620435015659 -156.57381608388752 350034.59610981307924 67.19790977686930 279.75007028724553
56700.0 0.00085929876492 19.53190170829175 -156.57199235413898 350009.28592347819358 67.26167137512579 279.11420711201981
56730.0 -0.00010062052517 19.51759473826197 -156.57017599099296 349978.15742500312626 67.32251717746009 278.47414845867127
56760.0 0.00061982153681 19.50331900361340 -156.56862670694059 350014.54976174421608 67.38036871019992 277.83019060941893
56790.0 0.00020929083418 19.48904418227077 -156.56709061173314 350044.90423432178795 67.43510841181501 277.18277779317816
56820.0 0.00047191045214 19.47474407175995 -156.56531021755868 349995.76694347988814 67.48672078852354 276.53206321767823
56850.0 0.00065202067217 19.46046020069251 -156.56379069988952 350014.40008766390383 67.53536514132307 275.87762692418022
56880.0 0.00075163423568 19.44617197808264 -156.56227981794876 350027.15124438796192 67.58091076297211 275.21998363604604
56910.0 -0.00000503008075 19.43186831872611 -156.56052521437965 349960.35478735528886 67.62325768006852 274.55958725835501
56940.0 0.00118530851006 19.41758835634301 -156.55928632363629 350034.89986144378781 67.66256270559305 273.89600810720691
56970.0 0.00033707923207 19.40328303048066 -156.55754856273248 349956.32149108778685 67.69861543671580 273.23011351926993
57000.0 0.00026362539774 19.38900038429649 -156.55633146412029 350018.92009283136576 67.73146902321234 272.56185649905160
57030.0 0.00084219341746 19.37470294434034 -156.55486640738462 350002.09637877624482 67.76113448316272 271.89133628145100
57060.0 0.00057856801972 19.36039811697139 -156.55340578636861 349979.50204742699862 67.78765317169336 271.21852942411459
57090.0 0.00070534945596 19.34609040294040 -156.55220647808554 350024.64715498313308 67.81096664644792 270.54380707942670
57120.0 0.00107059997676 19.33178284100259 -156.55076308344721 349990.22173599898815 67.83098839212272 269.86768752229636
57150.0 0.00059667914695 19.31747356681633 -156.54958423447897 350023.42942137829959 67.84771576064314 269.19036962562740
57180.0 0.00088847937907 19.30315648931077 -156.54815216846140 349977.34457226190716 67.86129461085012 268.51139754132487
57210.0 0.00082810540933 19.28882684959192 -156.54698003911130 349999.01684704143554 67.87162583152653 267.83137117714739
57240.0 0.00074861807824 19.27449629335228 -156.54581757599595 350014.72331992816180 67.87863991601175 267.15080557950290
57270.0 0.00049706321968 19.26015115174877 -156.54465548817657 350024.72620842326432 67.88247906229971 266.46923259866685
57300.0 0.00084018303979 19.24580704413611 -156.54350361350239 350028.74006784614176 67.88298351885612 265.78761979712198
57330.0 0.00070132279122 19.23145873971020 -156.54235817196192 350026.87004131544381 67.88021145512432 265.10591339489656
57360.0 0.00168338105515 19.21710440558454 -156.54121760169284 350019.15436990279704 67.87418545902810 264.42422319752978
57390.0 0.00020828505440 19.20273950131990 -156.54007856933583 350005.67336075101048 67.86495284666353 263.74251953958657
57420.0 0.00142579151794 19.18836815487115 -156.53894340634321 349986.35836965031922 67.85247991598047 263.06120643545671
57450.0 0.00153446182695 19.17399713693518 -156.53781617507133 349961.10517835058272 67.83671486981851 262.38082527418413
57480.0 0.00065000911262 19.15958995000436 -156.53694794685538 350003.52616189513355 67.81767060881302 261.70158030240401
57510.0 0.00110883615453 19.14516362348870 -156.53607743613460 350040.22509574610740 67.79547747365926 261.02295741404282
57540.0 0.00150628935633 19.13076911970424 -156.53495906108944 349997.47866684850305 67.77007226384110 260.34558788584474
57570.0 0.00096897485370 19.11633112417328 -156.53409868482049 350022.37943662796170 67.74141826516191 259.66999383782138
57600.0 0.00160489595819 19.10187527032030 -156.53323576873944 350041.53288906812668 67.70964061377478 258.99564669612806
57630.0 0.00166325600461 19.08746825116530 -156.53213014823615 349981.16221789177507 67.67463404318002 258.32354497924814
57660.0 0.00139158082303 19.07300578082152 -156.53127849723037 349988.47207759227604 67.63646022738629 257.65359201412321
57690.0 0.00135133426760 19.05853409240655 -156.53042887658034 349989.92225573956966 67.59515267499042 256.98586757713286
57720.0 0.00141371625124 19.04404857664399 -156.52957789453552 349985.57114689704031 67.55076298619078 256.32030007566527
57750.0 0.00127888739493 19.02955349910403 -156.52872798258093 349975.36397233605385 67.50328226793533 255.65727676619514
57780.0 0.00126177968371 19.01499026409588 -156.52813207101582 350032.70580196473747 67.45269184362670 254.99730637654699
57810.0 0.00183129213982 19.00048671601174 -156.52729185186269 350010.62302582804114 67.39901861181637 254.34055716340146
57840.0 0.00180110692777 18.98596640895898 -156.52644687277777 349982.77295187674463 67.34237286427930 253.68644095098060
57870.0 0.00227402197781 18.97136433387585 -156.52585077761125 350022.47825277782977 67.28272627708813 253.03556579338624
57900.0 0.00155458687748 18.95683177229345 -156.52501081013779 349982.81093661300838 67.22007209847348 252.38841054777615
57930.0 0.00206573810529 18.94220419538051 -156.52441355814602 350010.73373221047223 67.15451374577054 251.74437509387764
57960.0 0.00193694274574 18.92765384258142 -156.52357348658242 349959.31494997441769 67.08599797616137 251.10442479227123
57990.0 0.00147610296240 18.91301326232858 -156.52298185384484 349975.34196128044277 67.01458522739796 250.46839661916769
58020.0 0.00221264459206 18.89836024358468 -156.52238938849248 349985.45374544337392 66.94031572092491 249.83631251264654
58050.0 0.00255575968466 18.88369011021861 -156.52179262680369 349989.68657629005611 66.86324063085691 249.20803795633583
58080.0 0.00156666096230 18.86900727009960 -156.52119410844469 349988.00058975163847 66.78337180363771 248.58390837768025
58110.0 0.00293811791668 18.85431824648632 -156.52059778337383 349980.34753919113427 66.70071770973703 247.96436218418626
58140.0 0.00283045220557 18.83962340314832 -156.52000353003311 349966.73090420942754 66.61531451164592 247.34950868894606
58170.0 0.00165721896220 18.82480592305570 -156.51964727585451 350020.40201040171087 66.52724693847695 246.73868975807005
58200.0 0.00230018525264 18.81007700347715 -156.51904282183028 349994.95494585018605 66.43651645891822 246.13245577137556
58230.0 0.00288780647221 18.79523520864746 -156.51868541302647 350036.62619513273239 66.34313997432929 245.53121477007747
58260.0 0.00189267188933 18.78048004865170 -156.51807445156359 349999.28670055419207 66.24719412748908 244.93430486375377
58290.0 0.00269562216737 18.76572225931715 -156.51746582436667 349955.97044996637851 66.14867091552910 244.34261930316148
58320.0 0.00245312641806 18.75083947116025 -156.51710004919414 349979.68902861233801 66.04762368605829 243.75592846151392
58350.0 0.00348549258082 18.73594103855473 -156.51673052149519 349997.39657409023494 65.94409376261792 243.17419190850870
58380.0 0.00196914306298 18.72102222047477 -156.51635369146481 350009.10700510162860 65.83812636542856 242.59721399270774
58410.0 0.00318564256486 18.70608757172932 -156.51597221611169 350014.79651857260615 65.72974821918410 242.02526759238350
58440.0 0.00258393451904 18.69114349610779 -156.51559000339944 350014.44296808075160 65.61898725663661 241.45870995382137
58470.0 0.00313231614483 18.67619049685842 -156.51520702084929 350008.04853728227317 65.50588343451437 240.89759191618458
58500.0 0.00304578008215 18.66121404874443 -156.51481314159696 349995.64716588053852 65.39049162644378 240.34120845766870
58530.0 0.00258192177761 18.64622337435560 -156.51441416185136 349977.20999421086162 65.27283661072364 239.79004294789559
58560.0 0.00336675974654 18.63108521503673 -156.51425662539341 350025.36585354525596 65.15295189111376 239.24443007697948
58590.0 0.00302565739537 18.61606190465098 -156.51384514716139 349994.80514066386968 65.03088394641554 238.70367215514312
58620.0 0.00262921351899 18.60103286389673 -156.51343313858018 349958.19335029553622 64.90666186563337 238.16857845928200
58650.0 0.00305081134479 18.58584417445607 -156.51325824627830 349988.03281199466437 64.78032720192718 237.63887056468346
58680.0 0.00344926914448 18.57063669455295 -156.51307658992192 350011.72700693737715 64.65191762919142 237.11445926918657
58710.0 0.00316853958117 18.55540562027969 -156.51288451898691 350029.26723724231124 64.52146816055945 236.59510560302385
58740.0 0.00363742914835 18.54015565788218 -156.51268481808367 350040.64700877014548 64.38901505122412 236.08102779181667
58770.0 0.00350964193234 18.52489309407922 -156.51248136175224 350045.86919952835888 64.25459873996049 235.57251081089800
58800.0 0.00290793152275 18.50961857554493 -156.51227420797622 350044.93604658171535 64.11825874127592 235.06956224520064
58830.0 0.00261009543010 18.49431734903876 -156.51205291789353 350037.81677509192377 63.98001831731047 234.57146070510174
58860.0 0.00330538117891 18.47899883994108 -156.51182349853912 350024.52005134709179 63.83991978279207 234.07862985853728
58890.0 0.00350662341113 18.46366953921348 -156.51158998657408 350005.06024644430727 63.69800741022804 233.59134344433633
58920.0 0.00382961581695 18.44831501287294 -156.51134211464424 349979.39132709056139 63.55429671449750 233.10889785812509
58950.0 0.00360724275442 18.43277496764030 -156.51132994726902 350019.50265754014254 63.40884647190273 232.63202362594637
58980.0 0.00312023969625 18.41739440708540 -156.51107053704342 349981.42960764560848 63.26168394028271 232.16041720857564
59010.0 0.00408921691371 18.40181524012717 -156.51104041706498 350008.98317120410502 63.11284031729251 231.69396063241098
59040.0 0.00294918622172 18.38639465845192 -156.51075825083578 349958.43403625115752 62.96233826295010 231.23239362710416
59070.0 0.00365855761490 18.37058167704092 -156.51094209794002 350045.06108367256820 62.81021981526105 230.77589496167505
59100.0 0.00343317194056 18.35512925949699 -156.51064284481663 349981.99856020789593 62.65653279677947 230.32469394656633
59130.0 0.00410531529951 18.33947104377610 -156.51057300407743 349984.30701788701117 62.50130646804861 229.87864942121118
59160.0 0.00412543798629 18.32378551177954 -156.51048738055596 349980.22934740688652 62.34454695957141 229.43728731580725
59190.0 0.00323595519121 18.30788659114350 -156.51063180090435 350041.26553735043854 62.18632196430695 229.00114440332516
59220.0 0.00426027038824 18.29235797703716 -156.51028474271533 349953.03950031660497 62.02662005271559 228.56953254648613
59250.0 0.00419587329941 18.27641298445324 -156.51040476953429 350001.21584751550108 61.86552187505072 228.14312117003098
59280.0 0.00400469359246 18.26044468234603 -156.51051344889859 350042.90029260888696 61.70304123094586 227.72160142878599
59310.0 0.00370585172004 18.24466209945837 -156.51037333980034 350006.93147848267108 61.53920253498569 227.30484478494805
59340.0 0.00426832017208 18.22885524159943 -156.51021697750980 349964.54324141703546 61.37401690186903 226.89258735172294
59370.0 0.00388495616029 18.21281279319626 -156.51028270304982 349986.76005910802633 61.20752976500508 226.48498509327982
59400.0 0.00305081252667 18.19675151279921 -156.51033848918215 350002.49018018040806 61.03979269935742 226.08223010198472
59430.0 0.00379540394017 18.18066946623516 -156.51038255185719 350011.71111961640418 60.87082764913620 225.68417827357337
59460.0 0.00434378556596 18.16455698873604 -156.51040762900507 350014.31745763402432 60.70062288556566 225.29037207613396
59490.0 0.00408519024897 18.14842752374429 -156.51042277054887 350010.43598697241396 60.52926007309291 224.90130100903545
59520.0 0.00455106484059 18.13226634146401 -156.51041710267174 349999.90164516679943 60.35670311643173 224.51630571628021
59550.0 0.00369880771598 18.11609029300111 -156.51040212583314 349982.88886686787009 60.18305080825957 224.13600426706623
59580.0 0.00389703024511 18.09989349716459 -156.51037323415818 349959.32826343365014 60.00830413048796 223.76009431781932
59610.0 0.00416468112571 18.08343558909138 -156.51056165542664 349999.55106346216053 59.83248084268287 223.38844715683931
59640.0 0.00428844404074 18.06694473385344 -156.51072990057781 350032.96031492576003 59.65558115469550 223.02080552030415
59670.0 0.00423209791763 18.05067040565535 -156.51064899020943 349989.41582001559436 59.47765300502309 222.65731143561683
59700.0 0.00469494926052 18.03413274004356 -156.51078745917295 350009.45057664811611 59.29874997129722 222.29813016934992
59730.0 0.00374006359683 18.01757139844008 -156.51091100667207 350022.75937791448087 59.11888726246612 221.94312316970075
59760.0 0.00397148985921 18.00122931630108 -156.51078093337489 349959.26697122957557 58.93803723377884 221.59185732792750
59790.0 0.00483984300586 17.98436214163170 -156.51110026392831 350028.94182552397251 58.75629294920267 221.24478370584180
59820.0 0.00442327644270 17.96797105748941 -156.51093344204273 349952.01545875146985 58.57359642339370 220.90127876207816
59850.0 0.00376622332601 17.95104596215269 -156.51121534937025 350007.91474845446646 58.39006171032908 220.56191745280856
59880.0 0.00444340031135 17.93435540412719 -156.51124943351772 349987.28817640990019 58.20567816502630 220.22641086416294
59910.0 0.00464162284049 17.91763960958091 -156.51126464334547 349959.85340245347470 58.02045753266882 219.89463637232325
59940.0 0.00360019875036 17.90062432115073 -156.51148605402207 349994.90104058943689 57.83439021503377 219.56634916712517
59970.0 0.00558544256289 17.88357858704109 -156.51168713814215 350022.93160311039537 57.64752627279187 219.24168314882536
60000.0 0.00365855879678 17.86650823639259 -156.51187168225619 350044.03219584841281 57.45992020278702 218.92078407178519
60030.0 0.00385879643110 17.84968896790241 -156.51180971325243 349989.06533357966691 57.27158140310118 218.60352358252072
60060.0 0.00513667450061 17.83255888220060 -156.51195031699791 349996.14130617398769 57.08246845261153 218.28949643326081
60090.0 0.00475834175145 17.81540632802232 -156.51207450013601 349996.29566889721900 56.89268387158811 217.97912197718136
60120.0 0.00423511525695 17.79821628034908 -156.51217063195134 349989.23983172047883 56.70215063922850 217.67181486603059
60150.0 0.00443434356586 17.78071757120096 -156.51247776490962 350043.98806296382099 56.51099579674916 217.36811344878041
60180.0 0.00467482775562 17.76347823538799 -156.51253700514690 350022.90677114669234 56.31919846233040 217.06774548671530
60210.0 0.00371993736441 17.74621103624428 -156.51257381608923 349994.75963614974171 56.12676521283361 216.77059758269937
60240.0 0.00506523340772 17.72891087826055 -156.51258385904359 349959.43019167054445 55.93367788799741 216.47643997958866
60270.0 0.00453194675170 17.71128396813099 -156.51279602622083 349985.31133327633142 55.73998854594489 216.18540190633669
60300.0 0.00404796221474 17.69362988573899 -156.51298804861841 350004.00607461761683 55.54575191860019 215.89761446562986
60330.0 0.00441321273555 17.67594696123909 -156.51315815688287 350015.46951279230416 55.35097260631550 215.61296144830291
60360.0 0.00467281383231 17.65822544677585 -156.51329843917480 350019.47623647656292 55.15559749146956 215.33106594467810
60390.0 0.00461344800611 17.64047907716920 -156.51341875494219 350016.31099679693580 54.95973702754917 215.05232060016866
60420.0 0.00498976919572 17.62269267835248 -156.51350703175100 350005.62134947907180 54.76329785110808 214.77617766406743
60450.0 0.00496964414518 17.60488369305676 -156.51357600242147 349987.78662546537817 54.56641813927160 214.50314393977933
60480.0 0.00446151262046 17.58704598384203 -156.51362046491235 349962.65764281526208 54.36906815440307 214.23296470934071
60510.0 0.00494952027652 17.56885715176141 -156.51386088896629 349997.62363411206752 54.17125017359268 213.96553690460533
60540.0 0.00452590852742 17.55062757029476 -156.51406976454709 350024.88483163528144 53.97293869412312 213.70064636598138
60570.0 0.00451886570523 17.53236292785381 -156.51425088012530 350044.55874399282038 53.77418775200788 213.43841954058010
60600.0 0.00447760982438 17.51439773490891 -156.51418706732898 349989.66831115167588 53.57505185850027 213.17897603457604
60630.0 0.00473721210302 17.49607527496969 -156.51431885215337 349994.47931002080441 53.37553177918122 212.92221207071489
60660.0 0.00491228987853 17.47771200911267 -156.51441670152047 349991.51142192538828 53.17556459203364 212.66777782688052
60690.0 0.00483984418774 17.45898488857490 -156.51471048435675 350047.86201171670109 52.97526744349025 212.41604299931018
60720.0 0.00463659157785 17.44054971031116 -156.51474786117737 350029.48233631532639 52.77453304722450 212.16649517126297
60750.0 0.00445044313354 17.42208989535337 -156.51476216701133 350003.69752526748925 52.57350916670686 211.91961360982924
60780.0 0.00553211259723 17.40359922201122 -156.51474795992581 349970.33039850275964 52.37215847628033 211.67516056674066
60810.0 0.00501291276746 17.38472874563233 -156.51492143591122 349995.61296915262938 52.17047975306706 211.43304322230486
60840.0 0.00507127045013 17.36581546783704 -156.51505904167982 350012.85628306306899 51.96844125964189 211.19306238906447
60870.0 0.00484588241203 17.34721798820899 -156.51494774442142 349956.15724226832390 51.76609901678303 210.95534268932485
60900.0 0.00483481292511 17.32788360098156 -156.51524244636352 350023.79815477970988 51.56350698770542 210.71999428648846
60930.0 0.00416367298218 17.30922700688724 -156.51507410746677 349951.77969497907907 51.36066295448278 210.48692521917482
60960.0 0.00546972943170 17.28981174160598 -156.51529970129465 350003.25209130905569 51.15749584901736 210.25581063456417
60990.0 0.00483481292511 17.27036248599798 -156.51549659131769 350046.75939393974841 50.95412846859745 210.02700019401007
61020.0 0.00446553573956 17.25159538792342 -156.51522220320371 349950.94782140478492 50.75044172003534 209.80001376777079
61050.0 0.00497769511090 17.23207029864604 -156.51535020342669 349978.32526000682265 50.54659162679352 209.57530635336545
61080.0 0.00503202849259 17.21250733319830 -156.51544446325121 349997.56893389578909 50.34253439178696 209.35265591009130
61110.0 0.00570216265574 17.19290508163088 -156.51550318347023 350008.61604988761246 50.13826598787856 209.13197917780928
61140.0 0.00470601874744 17.17325830319463 -156.51552140590806 350011.27721987571567 49.93374941068421 208.91309073989234
61170.0 0.00517793038146 17.15357304233107 -156.51550338564516 350005.72417024243623 49.72904266184005 208.69611383493037
61200.0 0.00497869852692 17.13385468944902 -156.51545289704251 349992.11645518708974 49.52419890383722 208.48115055873413
61230.0 0.00466879189509 17.11410181623589 -156.51536812287424 349970.39112256094813 49.31921314724117 208.26811851062268
61260.0 0.00511856219151 17.09391823490410 -156.51545116624385 350004.61743097472936 49.11400860679981 208.05671776130453
61290.0 0.00586516634643 17.07369929954855 -156.51550111697736 350030.57496499642730 48.90871234092103 207.84727910219240
61320.0 0.00478651540395 17.05382096512628 -156.51529448585035 349983.55809494201094 48.70319527265836 207.63935139885646
61350.0 0.00594063174031 17.03352074060382 -156.51526576725314 349992.60164890252054 48.49762053341458 207.43336812456741
61380.0 0.00527150690257 17.01318126573655 -156.51519864721763 349993.18722179252654 48.29193881616104 207.22912139185135
61410.0 0.00589333999893 16.99240199872130 -156.51529950719174 350048.99662913009524 48.08614387589618 207.02653655409708
61440.0 0.00499480045835 16.97237519891849 -156.51493846001648 349968.56685601733625 47.88019426906866 206.82544054446504
61470.0 0.00494549597554 16.95150530191058 -156.51495187651486 350006.82877039350569 47.67414995136905 206.62595540156681
61500.0 0.00503605397544 16.93059597805135 -156.51492706518908 350036.45779632404447 47.46806307820481 206.42817611763371
61530.0 0.00599999874839 16.91005522435789 -156.51465616126271 349994.18130044732243 47.26192750846014 206.23203111990850
61560.0 0.00532785302568 16.88905718924293 -156.51454268988621 350006.15864794980735 47.05565993823590 206.03723812522929
61590.0 0.00584604943943 16.86802281131631 -156.51439144016118 350009.56097695790231 46.84939189677219 205.84411337906687
61620.0 0.00443333778609 16.84693633622987 -156.51418807749295 350003.76027569174767 46.64298588379300 205.65223150999111
61650.0 0.00616903948149 16.82581606876904 -156.51394764790180 349989.44344793725759 46.43661112787315 205.46200683214244
61680.0 0.00495052723818 16.80423381106528 -156.51386710291993 350028.85760483145714 46.23021363122520 205.27324400424092
61710.0 0.00546972824982 16.78302926649496 -156.51353743734805 349996.75865872856230 46.02378541662213 205.08587598781935
61740.0 0.00501693706844 16.76177783826139 -156.51315702200182 349955.56300674378872 45.81728130228561 204.89974062393750
61770.0 0.00526546749640 16.73962761357750 -156.51313372311759 350029.68976617325097 45.61076314711121 204.71495882300945
61800.0 0.00565486973248 16.71829548417959 -156.51266406170106 349970.67741128522903 45.40428192555073 204.53161919032988
61830.0 0.00556330595281 16.69605873626753 -156.51255114218191 350026.54482321254909 45.19783032410000 204.34965860734738
61860.0 0.00555022608821 16.67420238028265 -156.51218261221666 350011.00406133476645 44.99132054800099 204.16881250473855
61890.0 0.00500284906031 16.65230909624480 -156.51177130540356 349986.58462234213948 44.78488741746774 203.98938308067397
61920.0 0.00566996233851 16.62992158910249 -156.51150070301946 350013.96045508608222 44.57838634199392 203.81096770580578
61950.0 0.00587221035050 16.60749491848479 -156.51118683211291 350032.23825100436807 44.37199175505277 203.63396361090477
61980.0 0.00580177621926 16.58502256771395 -156.51082302385336 350041.11612486932427 44.16564566339715 203.45818646529696
62010.0 0.00549589034277 16.56250330129686 -156.51040730939218 350040.51558848097920 43.95933875628489 203.28357587645399
62040.0 0.00530068515296 16.53993174890759 -156.50993392210492 350030.16982313059270 43.75302270537173 203.10997923192139
62070.0 0.00644172280661 16.51731452670949 -156.50940798606524 350010.34601176530123 43.54676120174916 202.93751635119392
62100.0 0.00545161594071 16.49465671772836 -156.50883330113069 349981.25214380677789 43.34060389023001 202.76627001659207
62130.0 0.00627469245117 16.47149900481228 -156.50840215337601 350003.16892192419618 43.13454268240853 202.59618450041367
62160.0 0.00593358773625 16.44828501626647 -156.50790916443248 350014.96944388281554 42.92848615686147 202.42701081953848
62190.0 0.00577159100721 16.42549219108547 -156.50717398371535 349957.24678258132190 42.72257181998754 202.25903859792717
62220.0 0.00612879174418 16.40171546571842 -156.50675913434159 350009.37173289619386 42.51664913117988 202.09188520194522
62250.0 0.00542445043175 16.37836263506632 -156.50610283933727 349992.05436225514859 42.31089693810421 201.92593262446499
62280.0 0.00627368548952 16.35496409314430 -156.50539083791335 349965.01043295115232 42.10525384263577 201.76100613819781
62310.0 0.00564782691030 16.33104621217041 -156.50481119567624 349987.60563426464796 41.89970952673681 201.59705112399456
62340.0 0.00655340927306 16.30707133887303 -156.50416637012529 349999.79508182965219 41.69421301517620 201.43392327846317
62370.0 0.00653630628937 16.28304629526986 -156.50346182319385 350001.88167337607592 41.48882974514581 201.27174137031815
62400.0 0.00585912930402 16.25897607376818 -156.50270136131869 349994.08807492628694 41.28360790463395 201.11058282535541
62430.0 0.00615797235833 16.23485973475754 -156.50188315738754 349976.34489972237498 41.07853895161733 200.95039836309923
62460.0 0.00679892472545 16.21020333601275 -156.50118336108787 350006.80906448699534 40.87352856983882 200.79095268786861
62490.0 0.00623042041288 16.18550089581257 -156.50042696598737 350027.20082780905068 40.66871641634974 200.63252415765737
62520.0 0.00629481513795 16.16122494547331 -156.49941212746143 349978.28336193971336 40.46394697891179 200.47474767766843
62550.0 0.00739862239361 16.13592841145452 -156.49871178852069 350036.13751402031630 40.25940281628247 200.31799165654621
62580.0 0.00724366730487 16.11156399169569 -156.49757926092326 349967.20097508840263 40.05501962893985 200.16208971069057
62610.0 0.00671440376796 16.08616206954650 -156.49674875607573 350003.95909284520894 39.85078635825358 200.00699222647117
62640.0 0.00744390257544 16.06069920064283 -156.49584492839719 350029.64697514474392 39.64664980609298 199.85256210993586
62670.0 0.00677779389514 16.03518241733213 -156.49487361323060 350044.60637569893152 39.44267705880840 199.69891713627709
62700.0 0.00668019189117 16.00961662262800 -156.49383862688498 350049.07477460429072 39.23891473974901 199.54612977527918
62730.0 0.00741975440580 15.98400100355794 -156.49273812379707 350042.98254453949630 39.03535411241108 199.39415637456236
62760.0 0.00691262393333 15.95832571243705 -156.49156112725353 350025.75501328613609 38.83189858761635 199.24277365125388
62790.0 0.00682005673764 15.93260543176579 -156.49032130401605 349998.17562711518258 38.62868949792016 199.09224986962820
62820.0 0.00723159203817 15.90682385763828 -156.48900106442747 349959.30063039902598 38.42556720283120 198.94223529463551
62850.0 0.00708871103426 15.87997316452119 -156.48797256671804 350023.48307222127914 38.22271734535933 198.79308624064313
62880.0 0.00678584486086 15.85409628861119 -156.48651881268015 349963.39854510314763 38.02007315614788 198.64464355474121
62910.0 0.00715310812309 15.82713369329262 -156.48534355336989 350005.24001549836248 37.81762305434138 198.49686196502310
62940.0 0.00716518338979 15.80010698452609 -156.48408618778103 350035.35397979430854 37.61531198037601 198.34961062081473
62970.0 0.00787757684981 15.77354573307167 -156.48257927486637 349998.11144180968404 37.41320856629054 198.20300638328632
63000.0 0.00788059537102 15.74693679791951 -156.48100195257663 349950.09844165015966 37.21135778052811 198.05711711826618
63030.0 0.00729699490678 15.71922608653879 -156.47969650098167 350002.63045440800488 37.00975090092316 197.91190409993720
63060.0 0.00749119431682 15.69144845815065 -156.47830397804537 350043.05918992683291 36.80828959582456 197.76715458978393
63090.0 0.00820157267165 15.66414975436256 -156.47666833244682 350016.87065174710006 36.60711645134403 197.62312781552143
63120.0 0.00795505380324 15.63678686661663 -156.47494301746946 349978.72584625519812 36.40606842921053 197.47948747677225
63150.0 0.00758074653694 15.60830864214152 -156.47348492814993 350039.87568556703627 36.20533369656444 197.33657914153594
63180.0 0.00743887131280 15.58084525385214 -156.47160906247882 349979.36275810562074 36.00484338621633 197.19424991016561
63210.0 0.00789870649825 15.55225025976953 -156.46998635628026 350016.96122611965984 35.80458557468429 197.05245828531358
63240.0 0.00841388202703 15.52358881525187 -156.46827209488924 350042.19258928392082 35.60450365067438 196.91107881503123
63270.0 0.00843400825945 15.49541218453870 -156.46630768267437 350001.08685142360628 35.40466768515260 196.77022754741552
63300.0 0.00726781665639 15.46663958655832 -156.46442843078739 350002.87292685732245 35.20512091737834 196.62996805817914
63330.0 0.00926311826668 15.43726415696569 -156.46262984637178 350046.99727019574493 35.00585480743343 196.49026595170477
63360.0 0.00748415031275 15.40836999650736 -156.46057179911375 350024.47562141250819 34.80676973623972 196.35091775064333
63390.0 0.00880127270356 15.37942614794016 -156.45843385341584 349990.48137572221458 34.60800916759213 196.21217460214919
63420.0 0.00767432305805 15.34986181209635 -156.45635717910193 349997.47602084092796 34.40940730175763 196.07371194227215
63450.0 0.00780814731647 15.32024681957273 -156.45419967373783 349992.81329560186714 34.21115432810778 195.93586581551702
63480.0 0.00944725515144 15.29001597665994 -156.45211145155736 350029.26661875471473 34.01317960462762 195.79848871970466
63510.0 0.00774073170643 15.26028312064253 -156.44977110323285 350000.06336146220565 33.81547101290870 195.66154244934677
63540.0 0.00845513908976 15.23048643303204 -156.44733090973733 349958.21029207762331 33.61797065781526 195.52490621609897
63570.0 0.00833942359481 15.20006906663534 -156.44495440096148 349956.95178430899978 33.42074994067590 195.38869537273604
63600.0 0.00882340931365 15.16846304292014 -156.44279802281460 350048.68000869825482 33.22385031209238 195.25296948717022
63630.0 0.00832936106954 15.13793270929420 -156.44023968874060 350022.78916016221046 33.02729040665764 195.11774627151340
63660.0 0.00885862578833 15.10733435058520 -156.43757351084423 349983.74361415393651 32.83092122312592 194.98274300876292
63690.0 0.00969780068459 15.07553267183222 -156.43511431849305 350036.40045891981572 32.63483468388813 194.84811112553447
63720.0 0.00945429915551 15.04482206417844 -156.43225821517325 349972.54360666871071 32.43910742883808 194.71397270813782
63750.0 0.00946436168078 15.01289177151697 -156.42959237073549 349999.05186401028186 32.24357137140581 194.58001457284132
63780.0 0.01036390700113 14.98090686810844 -156.42683363671298 350013.09881262574345 32.04841828744787 194.44656335810825
63810.0 0.00906288417799 14.94886050342122 -156.42397241006412 350014.15548790432513 31.85357598738469 194.31347677861271
63840.0 0.00949957815546 14.91675193082224 -156.42100621005221 350002.12642104458064 31.65903224339556 194.18071971781882
63870.0 0.00979842120976 14.88457565049947 -156.41792679209672 349976.56111296638846 31.46472806767218 194.04817587082164
63900.0 0.00924299557990 14.85116697187871 -156.41503335584849 350039.90961806662381 31.27073606503108 193.91595974251447
63930.0 0.01031661644163 14.81887173070734 -156.41174502126435 349988.31460812129080 31.07709582327094 193.78412706042184
63960.0 0.01022102481533 14.78534339727083 -156.40864399415034 350025.42592456378043 30.88382640034698 193.65269737206171
63990.0 0.00991111581975 14.75173988392335 -156.40541922504696 350048.17444018181413 30.69077815452027 193.52139899287312
64020.0 0.01184705514947 14.71925900230691 -156.40179771316633 349956.66146484948695 30.49804268244077 193.39037860689481
64050.0 0.00907596522447 14.68553710169715 -156.39835679860707 349953.01442340761423 30.30569681541716 193.25975581889870
64080.0 0.01138621300238 14.65054608343316 -156.39506781909751 350034.90880703832954 30.11357076687151 193.12922722483290
64110.0 0.00996142490045 14.61669340258576 -156.39139376870389 350003.66312409564853 29.92185741211698 192.99911128854157
64140.0 0.01128458551555 14.58278045015827 -156.38760559782219 349958.97004495933652 29.73048331111330 192.86927014581019
64170.0 0.01046151018697 14.54759984684633 -156.38397363867816 349999.68622160144150 29.53943624629970 192.73967136033201
64200.0 0.01018681412043 14.51234538706748 -156.38021191715598 350025.71445843111724 29.34865638041613 192.61020243538925
64230.0 0.01253227955489 14.47702522220575 -156.37632887768410 350037.65312280692160 29.15821739262107 192.48097721695149
64260.0 0.01081166691987 14.44164384443483 -156.37232844040039 350035.82002477254719 28.96815696810125 192.35204784972746
64290.0 0.01181686875555 14.40620389906409 -156.36821222806972 350020.39057937078178 28.77849461654515 192.22343551576029
64320.0 0.01170014748082 14.37069074533237 -156.36395934614453 349990.11835370305926 28.58908053956734 192.09487813645669
64350.0 0.01078953267355 14.33388566974202 -156.35984076545958 350042.75285562034696 28.40000582474094 191.96651817477616
64380.0 0.01242863932664 14.29825091616771 -156.35534355090161 349984.65510785672814 28.21134736345983 191.83847306568580
64410.0 0.01358376144278 14.26130878087691 -156.35096144909710 350008.02136093657464 28.02293418203420 191.71044778114191
64440.0 0.01211168632699 14.22430843001855 -156.34645952304112 350017.53350651357323 27.83495981971551 191.58275372501723
64470.0 0.01253227955489 14.18724297384471 -156.34182667865323 350012.56667611189187 27.64734984566999 191.45525676271933
64500.0 0.01423175663208 14.15011189442400 -156.33706018670978 349993.02650175895542 27.46009215025400 191.32792679782969
64530.0 0.01249203181758 14.11290972371288 -156.33215054617506 349958.38656818866730 27.27312625816009 191.20065455793826
64560.0 0.01279691073241 14.07439134482857 -156.32735138324736 350004.02030220068991 27.08652679687241 191.07355342468369
64590.0 0.01428106229677 14.03580768998770 -156.32241768344224 350034.90812692884356 26.90032952210318 190.94667219135775
64620.0 0.01157839612534 13.99842197878238 -156.31711141385045 349957.19155537709594 26.71455441016186 190.82003352012052
64650.0 0.01524802440904 13.95970231727554 -156.31189231351823 349957.97499737329781 26.52905192369405 190.69338369391912
64680.0 0.01419855526259 13.91964846007443 -156.30676508489697 350037.11946302093565 26.34391247924147 190.56686142951884
64710.0 0.01230286367018 13.88080016220525 -156.30126689705898 350008.19886195100844 26.15921290745527 190.44058228762256
64740.0 0.01473989052056 13.84187676796898 -156.29560942939455 349963.37762602977455 25.97478149876297 190.31425837993504
64770.0 0.01403554920814 13.80162159328897 -156.29004785520857 349996.92904940154403 25.79081206502953 190.18819506237310
64800.0 0.01315310687148 13.76129841134864 -156.28433729939658 350015.08396784961224 25.60722941338659 190.06226132637525
64830.0 0.01572597426736 13.72090684464240 -156.27847488756609 350017.75069658085704 25.42402162159247 189.93642913136858
64860.0 0.01415629123821 13.68044147303275 -156.27245038523654 350004.36255410127342 25.24112776163933 189.81059192242520
64890.0 0.01564245908964 13.63991091437502 -156.26627379190043 349975.65966641250998 25.05862328670896 189.68486281417333
64920.0 0.01545731406134 13.59802562071245 -156.26016536543742 350022.85591652803123 24.87654200734586 189.55928745542829
64950.0 0.01619788117386 13.55737308901459 -156.25369224838013 349964.14846190158278 24.69490437079411 189.43388987220501
64980.0 0.01544624812006 13.51534784554953 -156.24726075499697 349979.49976031389087 24.51356146264609 189.30842361860672
65010.0 0.01493107022751 13.47325392744443 -156.24066698448897 349978.95228014513850 24.33260288549602 189.18302409901389
65040.0 0.01791949958866 13.43110016573804 -156.23392165176818 349963.30406129639596 24.15210529756447 189.05780527915505
65070.0 0.01570484225516 13.38755978636819 -156.22720093287782 350020.13708949834108 23.97189665290269 188.93248531656778
65100.0 0.01668085993105 13.34527042412394 -156.22012331874851 349972.55445843655616 23.79217068254546 188.80736444092034
65130.0 0.01601273969120 13.30160220804088 -156.21308141941691 349998.08399616181850 23.61285163451444 188.68231423991574
65160.0 0.01636189537185 13.25786484373323 -156.20586821160245 350007.35421500913799 23.43392783888579 188.55730849208109
65190.0 0.01630554452121 13.21405297240736 -156.19847266311322 349999.75681017246097 23.25533807801770 188.43224291685257
65220.0 0.01556397399268 13.17017545449867 -156.19090567502553 349976.11208544764668 23.07715851188453 188.30723056025565
65250.0 0.01778768570791 13.12490802396195 -156.18336015186588 350024.21790935005993 22.89942099980435 188.18231411085674
65280.0 0.01663457396944 13.08090790064663 -156.17545813210913 349969.18623889610171 22.72214645562897 188.05751887312158
65310.0 0.01809558550770 13.03550063383526 -156.16754938462799 349984.01545367017388 22.54518690328862 187.93260471370476
65340.0 0.01696159185812 12.99002500440808 -156.15945822055957 349982.26035700179636 22.36863100434731 187.80770412043984
65370.0 0.01642830283835 12.94448998630648 -156.15119618412578 349964.79407318029553 22.19255514126705 187.68292972819822
65400.0 0.01807344771573 12.89753522534149 -156.14290926040019 350015.67838479951024 22.01678728771020 187.55800476777353
65430.0 0.01849001664266 12.85186598260305 -156.13427414787012 349964.97205725964159 21.84152077276210 187.43322518456262
65460.0 0.01743048260718 12.80478542333032 -156.12562619026244 349983.38714677467942 21.66667946671237 187.30846469516592
65490.0 0.01827468758419 12.75763701399054 -156.11678626358596 349984.94338970445096 21.49225200432483 187.18369869903674
65520.0 0.01881803912923 12.71041547362374 -156.10774246746305 349968.98919550143182 21.31817702347762 187.05882480168532
65550.0 0.01884520818383 12.66177185272678 -156.09866943686987 350020.83505955804139 21.14453127482770 186.93395617726162
65580.0 0.01966123832647 12.61442360834755 -156.08924309239657 349971.77089441101998 20.97134466892287 186.80913271762358
65610.0 0.01878986547674 12.56565520729059 -156.07978885864571 349990.61614750139415 20.79863857488104 186.68438094552627
65640.0 0.01820727197415 12.51681056033534 -156.07011676096155 349991.31756774894893 20.62626623069914 186.55946619359727
65670.0 0.01911386366233 12.46789996206616 -156.06024091973799 349974.93533261958510 20.45431524397779 186.43451839562618
65700.0 0.01903739130680 12.41756047042579 -156.05032300307229 350025.36089295893908 20.28286162499037 186.30964910460233
65760.0 0.01685694585009 12.31804307977421 -156.02968991952082 349990.13006707187742 19.94112406137810 186.05962078196097
65790.0 0.01921951545013 12.26750498100007 -156.01913981401646 349988.62733431532979 19.77095640608825 185.93462961377844
66000.0 0.01911889374309 11.90360476843198 -155.93994320056606 349977.90206267964095 18.59178004648901 185.05787096532580
66090.0 0.01968035759723 11.74191837827097 -155.90302928138144 349986.49490647204220 18.09305827180026 184.68115055853639
68790.0 0.01854334542645 5.33496467965970 -153.50847782552319 350000.57905410509557 5.15959405796343 172.73142772794756
68880.0 0.01864094624853 5.08126093721464 -153.37087334161706 349985.87769211176783 4.80103088242146 172.30268601824918
68940.0 0.01867817782840 4.91102171708958 -153.27657271296039 350002.12557647190988 4.56481773756148 172.01567222313392
69000.0 0.01276068847795 4.74116117802877 -153.18032777623438 349989.02901243325323 4.33079931602734 171.72757483469061
69060.0 0.01497232492648 4.57015230044703 -153.08189873849207 350011.19727397710085 4.09895802447845 171.43834607574689
69150.0 0.01069595497056 4.31446297842319 -152.93059826365001 350001.06424480862916 3.75545188354543 171.00263573239801
69180.0 0.01953747422956 4.22946310550114 -152.87916618369965 349986.11033581662923 3.64204473296647 170.85682517160234
69240.0 0.01496729366385 4.05828520615588 -152.77461847312463 350007.00321794208139 3.41701339578569 170.56456981076821
69270.0 0.01336843474807 3.97210599870545 -152.72144706858097 350040.67710892762989 3.30529143813449 170.41795482658173
69330.0 0.01609696045120 3.80325857962153 -152.61412159721954 349971.79783791489899 3.08359240411512 170.12400853101244
69360.0 0.01585678000457 3.71748234957951 -152.55942184443194 349992.88306044135243 2.97352875983522 169.97652506089710
69420.0 0.01549625700327 3.54792623524119 -152.44884148998548 349967.24597677681595 2.75525989677597 169.68102034490951
69450.0 0.00901659939827 3.46103727221623 -152.39238879690453 350044.21437990758568 2.64697722861908 169.53286270309061
69480.0 0.01098976794411 3.37740824271522 -152.33593710629367 349991.87940230313689 2.53920455293532 169.38433223096925
69510.0 0.01480730731248 3.29238136628032 -152.27871232031583 350000.50761950295419 2.43201728853056 169.23555746018869
69540.0 0.01038705057287 3.20751623215606 -152.22098802494523 350008.00882711168379 2.32542399636561 169.08655173276060
69570.0 0.01276773011826 3.12437392312990 -152.16306166140367 349952.82127661351115 2.21944906122116 168.93735615240666
69600.0 0.01375683002250 3.03828253346548 -152.10401395408044 350019.44400106929243 2.11397320035763 168.78776103252528
69630.0 0.01141337969322 2.95547432747488 -152.04502968949765 349959.93754696007818 2.00906551894457 168.63788495155566
69660.0 0.01380411940012 2.86973242609384 -151.98497588919622 350026.66957156732678 1.90479152746660 168.48784129581418
69690.0 0.01541606290801 2.78727619581910 -151.92495459036215 349965.36051349155605 1.80100052648990 168.33736387026659
69720.0 0.01000066685799 2.70189443750772 -151.86385521760093 350031.32783783227205 1.69785982044814 168.18674523108223
69750.0 0.01322052248152 2.61981142316389 -151.80285357444174 349972.70078733749688 1.59529923196608 168.03586062754934
69810.0 0.00656216582106 2.45310326527698 -151.67865774942976 349980.76647914201021 1.39184581143267 167.73315867516922
69840.0 0.00999161247626 2.36848706235450 -151.61545637796493 350048.60631928034127 1.29097273479766 167.58137304235316
69870.0 0.01141035999013 2.28718529674100 -151.55239232165744 349993.59903512150049 1.19070066661375 167.42935257675728
69930.0 0.00869129287165 2.12209035611437 -151.42408033934481 350015.07369401957840 0.99191623313102 167.12452496405581
69960.0 0.01490893479931 2.04141387575169 -151.35946155827111 349965.53022276144475 0.89335472237856 166.97162685604627
69990.0 0.00788562426989 1.95784608348469 -151.29368333860293 350045.66380676347762 0.79543362805977 166.81855985828483
70020.0 0.01003689265809 1.87760547607469 -151.22801711915884 350000.92057877872139 0.69800499005650 166.66505593655117
70050.0 0.00903068740640 1.79759219258822 -151.16188206898792 349961.81207419279963 0.60123289114351 166.51141005221814
70080.0 0.00909709369102 1.71625248816705 -151.09488494697001 349989.06550634652376 0.50504818335216 166.35749631886665
70200.0 0.00717292943050 1.39635902666916 -150.82236428644271 350011.43349745869637 0.12603098794405 165.73886073593360
83640.0 -0.01494546079689 21.32813428071769 -139.06733831875414 350012.29092815052718 3.53707933360580 79.80123981931497
83670.0 -0.00359718022915 21.38265928358520 -139.09250257788656 350044.73546630889177 3.56121264570449 79.58932497538704
83700.0 -0.00615897931998 21.43690023711110 -139.11946638072573 350001.27013434562832 3.58487100819293 79.37740797150119
83730.0 -0.00304980674689 21.49112361930084 -139.14490469862218 350006.37786691728979 3.60804681388322 79.16548043986323
83760.0 -0.00298037839542 21.54522974088765 -139.17047456487711 349996.54050806444138 3.63069328638210 78.95343317236116
83790.0 -0.00520409011065 21.59932965375710 -139.19451914241915 350035.62101441156119 3.65286535178998 78.74142012981635
83820.0 -0.00661881450543 21.65312341228562 -139.22036031523547 349998.91808156762272 3.67456076087069 78.52944626815855
83850.0 -0.00331745644561 21.70690719717750 -139.24467624464089 350011.62585338391364 3.69579640481632 78.31756509231479
83880.0 -0.00148918164512 21.76058945360644 -139.26911985160706 350008.96030767820776 3.71647911975684 78.10555077583307
83910.0 -0.00282341174714 21.81413525350443 -139.29369452789123 349992.21408838219941 3.73665574123858 77.89353420631662
83970.0 -0.01077071596403 21.92098020185082 -139.34157594924625 349979.56246708240360 3.77551040251585 77.46958749031552
84000.0 -0.00844608116239 21.97428206725495 -139.36488216660570 349983.89582617953420 3.79419386218835 77.25769184097111
84030.0 -0.00431661769324 22.02745321395054 -139.38831666692616 349974.13616000860929 3.81236405183623 77.04581872304554
84060.0 -0.00579573917685 22.08049585465183 -139.41187827129994 349950.12947815004736 3.83001365944152 76.83396073874029
84810.0 -0.00137880470157 23.39373748653203 -139.89638898081108 350011.23029891494662 4.09276590895507 71.55011481316940
84840.0 -0.00797618226979 23.44625782088775 -139.91148211511182 350036.44597091060132 4.09577596591410 71.33956860240768
84870.0 -0.00884453896208 23.49834961343576 -139.92833319449011 349984.00739442836493 4.09820541419930 71.12915713234194
85230.0 -0.00261341533068 24.13021178932619 -140.09000337625579 349996.63121429551393 4.07992953996516 68.61314413325344
85260.0 -0.00645681541263 24.18316544409044 -140.10173910338273 349987.52217163518071 4.07441578319117 68.40437999554176
85290.0 -0.00385577554614 24.23611940492136 -140.11358414196144 349960.23277558013797 4.06820611090083 68.19562616824929
85320.0 -0.00881837805102 24.28991709622682 -140.12227573029790 350041.34499323088676 4.06135904570317 67.98700816819429
85350.0 -0.00565889521534 24.34278213046223 -140.13433900551809 349982.28681880980730 4.05393580807028 67.77865432329993
85380.0 -0.00026463235940 24.39655677346545 -140.14325183805946 350029.26160729117692 4.04578608636500 67.57027491880399
85410.0 -0.00513768028039 24.44982301603251 -140.15390290108513 349998.85406212322414 4.03707130414838 67.36219525982526
85440.0 -0.00523830080556 24.50306194328774 -140.16466185146010 349951.66904215048999 4.02771828331171 67.15427799128724
85470.0 -0.00492637906854 24.55674017078766 -140.17390190551208 349950.06056285463274 4.01772151146356 66.94651941877382
85500.0 -0.00669025441644 24.61090278718799 -140.18162611611820 349992.45880717877299 4.00702234614273 66.73881368384008
85530.0 -0.00357907028380 24.66504807054982 -140.18946024192243 350018.33942034654319 3.99569843495753 66.53131804834149
85560.0 0.00044172524010 24.71869695528994 -140.19902675264760 349964.99148579314351 3.98374357018707 66.32402686629807
85590.0 0.00380445950378 24.77327744606040 -140.20545526505262 350020.64269455149770 3.97118484280418 66.11699772701367
85620.0 -0.01247593224990 24.82740412630274 -140.21361614286326 349994.69703148957342 3.95790734195971 65.91001926589807
85650.0 0.00112493690409 24.88152507313432 -140.22188480877841 349951.24509293120354 3.94397246571029 65.70321520366261
85680.0 -0.00260908846845 24.93610836494475 -140.22864053274145 349954.44696803670377 3.92944491721751 65.49671295900889
85710.0 -0.00142176721696 24.99124827234831 -140.23388880069660 350000.12201730441302 3.91416754052021 65.29022530384464
85740.0 0.00044574835920 25.04636065037656 -140.23924570384617 350030.18683779891580 3.89831010573918 65.08407497587942
85770.0 -0.00364346737264 25.10096521049349 -140.24632764390597 349980.09793523047119 3.88179616557053 64.87812551033582
85800.0 -0.00837262732806 25.15661675259092 -140.25028729094944 350037.14490635413677 3.86462077388565 64.67237399253351
86340.0 -0.00277642020325 26.18248871788665 -140.28570650183528 350025.17996645439416 3.44075317896049 61.00651115125566
86370.0 0.00173369013586 26.24113619708923 -140.28533641611691 349973.41214345861226 3.41073031773385 60.80511679314582
