# sod		dsTEC/dt [TECU/s]		lat		lon		h_ipp		ele		azi
33480.0 0.00732084169705 4.26259309934184 -158.20520415032792 349995.30103758163750 3.49770214981962 191.50909414148398
33510.0 0.00664497541649 4.38593670649399 -158.15092758707451 350017.31045197695494 3.65893656274191 191.39454873797357
33540.0 0.01232701183982 4.50927018344382 -158.09723801403345 350015.45569975394756 3.82079635988667 191.28034269236332
33570.0 0.01015964979334 4.63258670297843 -158.04414262162229 349988.40371925756335 3.98324696967720 191.16651023434085
33600.0 0.00690960659401 4.75435655580421 -157.99195615653406 349994.14213940035552 4.14615172472844 191.05319104300528
33630.0 0.00589535392224 4.87609625553844 -157.94037433101690 349971.93778297491372 4.30956453101297 190.94032665542468
33660.0 0.01159348991324 4.99629911820392 -157.88963866523505 349986.07023172453046 4.47358332662884 190.82781362291703
33690.0 0.00632802123496 5.11647178555637 -157.83947828837182 349973.20853340253234 4.63816942138106 190.71568997291527
33720.0 0.00423310251552 5.23508944221136 -157.79019061475049 349992.14920697920024 4.80320021397827 190.60407965446467
33750.0 0.00941505601609 5.35367744805845 -157.74144820830631 349985.15936982445419 4.96886102719645 190.49278977349766
33780.0 0.00532785420756 5.47071730991338 -157.69352955052832 350012.43372941482812 5.13507767932340 190.38189457904622
33810.0 0.00549790190232 5.58770447759831 -157.64619819152810 350008.26221415586770 5.30172344152133 190.27152144103098
33840.0 0.00232231949897 5.70465249577357 -157.59940078344687 349976.93325226660818 5.46898470768473 190.16147734371253
33870.0 0.00482173187863 5.81852990743025 -157.55368957482227 350038.88911274075508 5.63666996056226 190.05195548137132
33900.0 0.00346838841525 5.93386995707264 -157.50824515055942 350010.57359105814248 5.80496947425469 189.94275955731430
33930.0 0.00043971131679 6.04915966868083 -157.46332966975103 349953.36879432387650 5.97384634572799 189.83392516258758
33960.0 0.00649102610754 6.16137882502631 -157.41946295540430 349989.78947497345507 6.14316275334565 189.72558982678405
33990.0 0.00014891804632 6.27353800850935 -157.37612839689501 349995.18891351018101 6.31297212114066 189.61769672676274
34020.0 -0.00223478002027 6.38414327350393 -157.33353555807983 350034.95493526291102 6.48337675590467 189.51014007323164
34050.0 0.00349454932631 6.49469015734091 -157.29144796490914 350044.75668309628963 6.65433516403388 189.40295968049108
34080.0 0.00185242297013 6.60516447102814 -157.24989286262260 350021.45810736902058 6.82572256972252 189.29627885215424
34110.0 -0.00145295939066 6.71558023825986 -157.20882092293053 349969.10561314132065 6.99772869045233 189.18990418835963
34140.0 -0.00040550180376 6.82293694596068 -157.16870198903612 350013.32206792756915 7.17027811788857 189.08390938579655
34170.0 -0.00202750192752 6.93021562340294 -157.12909822877677 350023.84449275955558 7.34324038792268 188.97842275555533
34200.0 -0.00099412998499 7.03743049074146 -157.08996137983090 350004.66416751593351 7.51680681215683 188.87325014059786
34230.0 -0.00133120921706 7.14456123959544 -157.05133397469149 349951.21389557700604 7.69078152613706 188.76858498684248
34260.0 -0.00308804056090 7.24864173646887 -157.01360033744956 349996.32440585549921 7.86535943889831 188.66423012613117
34290.0 -0.00383967834222 7.35265152152351 -156.97632354661039 350010.63711438421160 8.04050126774278 188.56022258720751
34320.0 -0.00814723810808 7.45657553223612 -156.93953187125035 349990.94254874344915 8.21606817185801 188.45669805620057
34350.0 -0.00467382197584 7.55892947951533 -156.90341819478402 350003.06233174167573 8.39211299950199 188.35360123458386
34380.0 -0.01214287613693 7.66120911323986 -156.86774258195561 349984.41595569904894 8.56874246738883 188.25082377086429
34410.0 -0.01067683924544 7.76192435277566 -156.83271493848247 349999.06707313656807 8.74591221508130 188.14840735637770
34440.0 -0.00746201133890 7.86254766810539 -156.79815156779290 349979.27617463748902 8.92349536132986 188.04647493333988
34470.0 -0.01178064413733 7.96161297172050 -156.76420540172381 349994.40423369593918 9.10168595390952 187.94483216335394
34500.0 -0.00851148639475 8.06059440518803 -156.73068753536606 349977.39065650198609 9.28040739712642 187.84355236423411
34530.0 -0.01340868248538 8.15800005711069 -156.69781524231857 349991.33248160313815 9.45952550782846 187.74276508470908
34560.0 -0.01163575039199 8.25532519891683 -156.66534742460837 349974.32135748211294 9.63923645967327 187.64227459146238
34590.0 -0.01548750163715 8.35107530349170 -156.63350938962131 349988.58274274785072 9.81934011778728 187.54227502802917
34620.0 -0.01526613790003 8.44674293869616 -156.60206552618257 349971.83470866456628 10.00003595516499 187.44256790438328
34650.0 -0.01608920968297 8.54085064051551 -156.57120370348716 349989.81863160151988 10.18128226119669 187.34319177715847
34680.0 -0.01753412401731 8.63485835717936 -156.54076209683839 349973.28481352515519 10.36293930777481 187.24428080657742
34710.0 -0.01960287828005 8.72730017092628 -156.51090393811793 349990.27624502498657 10.54505927291187 187.14578109936409
34740.0 -0.01511922904950 8.81965470427799 -156.48142323639632 349975.90757432021201 10.72775331716677 187.04758147775331
34770.0 -0.01919738002193 8.91045075422022 -156.45249833477044 349996.72762920148671 10.91097415045088 186.94972561810135
34800.0 -0.01959784701741 9.00114296777603 -156.42397458827023 349982.97837188839912 11.09459285381254 186.85233640401972
34830.0 -0.01794968598258 9.09028486528100 -156.39597822567694 350006.21930141374469 11.27880773578701 186.75521807609587
34890.0 -0.01796578436838 9.26681310486533 -156.34127481247805 350021.81704313680530 11.64865491127992 186.56214455662098
34950.0 -0.01807244193596 9.44148496324147 -156.28819874691439 349974.28560180217028 12.02042286879734 186.37057345255229
35130.0 -0.01961092688201 9.94278328311124 -156.13946160641171 350025.08778356574476 13.14759995652712 185.80431674612754
35190.0 -0.01578232039047 10.10425737318448 -156.09302872690373 350018.82002274692059 13.52723871626014 185.61835231002792
36750.0 -0.01990876297465 13.37994721344798 -155.30614616224085 350015.30694719217718 24.04579920076118 181.22367114474059
37050.0 -0.01934730384802 13.84625381431737 -155.22077735249005 349981.33345781639218 26.20420650944327 180.46011128871652
37080.0 -0.01875565359995 13.89044962336313 -155.21305578984604 349988.18125307932496 26.42222042219949 180.38497606392716
37140.0 -0.01773335114434 13.97732554396738 -155.19799712065821 350030.94366597943008 26.85971743303433 180.23503840355397
37200.0 -0.01869930629496 14.06382973076724 -155.18348098645876 349984.93686967063695 27.29863201577993 180.08603835366750
37230.0 -0.01915008709867 14.10632416406634 -155.17641050320444 349976.99176587350667 27.51876012304810 180.01174290202755
37260.0 -0.01882206461209 14.14748287714843 -155.16946258333834 350042.42548372503370 27.73931359145853 179.93759852693816
37290.0 -0.01873955403227 14.18979461081716 -155.16265001155594 349991.26850027963519 27.96015141909227 179.86373804667986
37320.0 -0.01804527406324 14.23078172813744 -155.15594688421618 350014.99691416975111 28.18149872597187 179.78993672052835
37350.0 -0.01741941548402 14.27168533914539 -155.14936123158631 350018.30252995435148 28.40327080084632 179.71627212451921
37380.0 -0.01781485239875 14.31249262394761 -155.14290641761500 349999.79537436552346 28.62530494057916 179.64289878954088
37410.0 -0.01774139974630 14.35321946161027 -155.13656071480486 349961.46385969221592 28.84783272394402 179.56958459027473
37440.0 -0.01656212827865 14.39262103113251 -155.13033257198754 349998.22268047183752 29.07062348051872 179.49655102801569
37470.0 -0.01673419107860 14.43194746974451 -155.12420826329978 350015.93680496700108 29.29390916736303 179.42356478113149
37500.0 -0.01627032804653 14.47119328783965 -155.11819231028031 350014.07400533277541 29.51762719374867 179.35068191517345
37530.0 -0.01568773808959 14.51034730923874 -155.11229586512115 349991.47257173806429 29.74163559860477 179.27803734900948
37560.0 -0.01767297717461 14.54819920957941 -155.10649718923028 350046.92019881214947 29.96597761873823 179.20558334082142
37590.0 -0.01571389663690 14.58718735904549 -155.10081497689552 349985.17632565461099 30.19079979732303 179.13316922808519
37620.0 -0.01627435471127 14.62488422787339 -155.09521928588001 350002.86024625040591 30.41602956524894 179.06086117874406
37650.0 -0.01626026670314 14.66249127982969 -155.08973780991377 350000.44210594147444 30.64152452520527 178.98879538206876
37680.0 -0.01539593785747 14.70002399749785 -155.08435049308366 349979.74168041162193 30.86751307254089 178.91673881647341
37710.0 -0.01465838808428 14.73628141659218 -155.07903938242828 350040.42802775464952 31.09390965128614 178.84477070599596
37740.0 -0.01383732667901 14.77364247752227 -155.07386389782408 349980.92571418546140 31.32054824082536 178.77305149477843
37770.0 -0.01479925752864 14.80973901867706 -155.06875408398128 350004.14563228935003 31.54766421003701 178.70133974305688
37800.0 -0.01380009628102 14.84574751630003 -155.06375206533846 350007.96596489846706 31.77502364462318 178.62986431587689
37830.0 -0.01533757781105 14.88168386360518 -155.05883790246773 349994.18876431137323 32.00286185964627 178.55838270357867
37860.0 -0.01573502864909 14.91754257651034 -155.05401597855138 349962.32129177916795 32.23111352007353 178.48695417946811
37890.0 -0.01405265337371 14.95214180683866 -155.04926398730760 350013.99256433825940 32.45963700488564 178.41571575095401
37920.0 -0.01409491503434 14.98666248216547 -155.04460739055759 350047.64643085841089 32.68847397476289 178.34461953473863
37950.0 -0.01366727780237 15.02227765381305 -155.04006873937001 349960.95840763393790 32.91777516954559 178.27350620374372
37980.0 -0.01181183512915 15.05665085718988 -155.03558393409952 349959.87614952586591 33.14746470174300 178.20244606221445
38010.0 -0.01282810290611 15.08978300522235 -155.03115907959844 350044.54667895380408 33.37739890210212 178.13157931722799
38040.0 -0.01304846204533 15.12400420304696 -155.02685000546344 350008.60137409996241 33.60780920904656 178.06066307551365
38070.0 -0.01381820859012 15.15814833153580 -155.02262589849320 349955.25974061526358 33.83860927894233 177.98977850794580
38100.0 -0.01261881207194 15.19105938568773 -155.01845675421438 349988.72878759913146 34.06962989312876 177.91909289005855
38130.0 -0.01332013722691 15.22390473181012 -155.01436290660584 350006.09679318498820 34.30110996072251 177.84835374831005
38160.0 -0.01132483325287 15.25666711358220 -155.01036120610519 350005.74473386164755 34.53281253772379 177.77779859854752
38190.0 -0.01188629592514 15.28936243323079 -155.00643301645312 349989.32902202475816 34.76497603178202 177.70717400039169
38220.0 -0.01084386605523 15.32198521309613 -155.00258260558013 349956.39297185372561 34.99753236286769 177.63654276064526
38250.0 -0.01175146470506 15.35340180303701 -154.99877127058889 350013.30272139608860 35.23034042231203 177.56604452702015
38280.0 -0.01153512986682 15.38530514117340 -154.99506551780829 349999.99385311268270 35.46344018114576 177.49563094491734
38310.0 -0.01128961559631 15.41714164614642 -154.99142983042333 349970.96472612861544 35.69698643163942 177.42513258303347
38340.0 -0.01125439912162 15.44834974611731 -154.98784324532932 349979.92609902657568 35.93089997150835 177.35462432292434
38370.0 -0.01216702667033 15.47947830595161 -154.98433994548742 349972.12422717269510 36.16503600105359 177.28425111234725
38400.0 -0.01167801087073 15.50999160219089 -154.98087530625145 350003.69816240388900 36.39962872571984 177.21375827693868
38430.0 -0.01155525491736 15.54043836506075 -154.97748068744878 350019.87799521628767 36.63459107963612 177.14322924545181
38460.0 -0.01010631864580 15.57135313643041 -154.97419561758471 349964.61513328924775 36.86975079440123 177.07283918056328
38490.0 -0.01043233075470 15.60111088104602 -154.97091748727030 350004.41232755128294 37.10535002023932 177.00232250129588
38520.0 -0.01115780171556 15.63079279218528 -154.96771755507018 350028.20858463179320 37.34114903601652 176.93192685756165
38550.0 -0.01052288875460 15.66041478418751 -154.96457833608147 350037.52342962380499 37.57738902706261 176.86138577363161
38580.0 -0.01034680165367 15.68997138534995 -154.96150400342589 350031.93291583377868 37.81399918078450 176.79076594744063
38610.0 -0.01152808704463 15.71945240752225 -154.95850333788778 350010.60928300116211 38.05083908708477 176.72021026101774
38640.0 -0.00947442184228 15.74885987572427 -154.95557287085657 349973.81965083442628 38.28794690874111 176.64966947213745
38670.0 -0.00963139203621 15.77713990863263 -154.95263668937508 350035.14868513122201 38.52548130233870 176.57896227008376
38700.0 -0.00968673119767 15.80641877713679 -154.94982741760367 349969.27205724641681 38.76335977146912 176.50816860922956
38730.0 -0.00942813824444 15.83456221171737 -154.94702402172391 350000.96309856045991 39.00143654931532 176.43743898663931
38760.0 -0.00987187386221 15.86264980341310 -154.94427446835343 350019.01677556242794 39.23994827771348 176.36650462185389
38790.0 -0.00937380249900 15.89067503931875 -154.94158388986358 350022.93871361203492 39.47880724372447 176.29545151612314
38820.0 -0.00891899739431 15.91862553180773 -154.93896299231648 350011.75608249846846 39.71783831196728 176.22446393793490
38850.0 -0.00958108059174 15.94651730725708 -154.93639500224293 349986.89346240740269 39.95728651360401 176.15326066167688
38880.0 -0.00872178182683 15.97381681368103 -154.93385899228713 350004.62248818203807 40.19690964884072 176.08210119187521
38910.0 -0.00766526749443 16.00106105701450 -154.93137336448694 350009.09450137056410 40.43695130423452 176.01070343747728
38940.0 -0.00945932805438 16.02824455096052 -154.92894220180193 349999.91681615822017 40.67733796220783 175.93913837091290
38970.0 -0.00906188076198 16.05535740408178 -154.92657367682574 349976.35215176548809 40.91793011335088 175.86755274294401
39000.0 -0.00887774387721 16.08189386263977 -154.92422676803184 349996.98411069437861 41.15876398647452 175.79589588102280
39030.0 -0.00801441726568 16.10837651827362 -154.92192745303575 350004.73430543858558 41.40000185868053 175.72397237521852
39060.0 -0.00812812238296 16.13479912212023 -154.91968049069754 349999.16071599069983 41.64155798058422 175.65186780002526
39090.0 -0.00815126477282 16.16115139017433 -154.91749431066788 349979.51776723377407 41.88328580673383 175.57973910467948
39120.0 -0.00781720406196 16.18695020359024 -154.91531349218573 350006.16983541939408 42.12542401658330 175.50730052479773
39150.0 -0.00738855986834 16.21269235581689 -154.91318178740963 350019.95914464443922 42.36788433482366 175.43464093595804
39180.0 -0.00773670622357 16.23885954562564 -154.91115021437616 349960.56026534270495 42.61048898310705 175.36195512176408
39210.0 -0.00834345025955 16.26398579927259 -154.90908053101680 350007.59045448154211 42.85348543667913 175.28894305692302
39240.0 -0.00670836672555 16.28904704143426 -154.90706761961536 350041.31775908078998 43.09662937046888 175.21587810715064
39270.0 -0.00765117948630 16.31454623540982 -154.90513803662617 350003.03631067369133 43.34016631793281 175.14245935009714
39300.0 -0.00565788943557 16.33998616602373 -154.90325453515391 349952.00232477299869 43.58402010093729 175.06876242615158
39330.0 -0.00722153069479 16.36439241703692 -154.90133864680766 350008.22569697629660 43.82805233042719 174.99493861940203
39360.0 -0.00734328086839 16.38922104444232 -154.89951540997401 349991.45072634797543 44.07229716460181 174.92093509639872
39390.0 -0.00718228873724 16.41352017339981 -154.89768778750977 350023.35341192223132 44.31692018627244 174.84653952541166
39420.0 -0.00688746998392 16.43824123474465 -154.89594786307876 349982.32879674807191 44.56183245731552 174.77184368872719
39450.0 -0.00672849059421 16.46242108801134 -154.89421536245069 349989.25394116248935 44.80688687036509 174.69701198787956
39480.0 -0.00604024530382 16.48655290954940 -154.89251943702419 349984.61636169068515 45.05232365642139 174.62173804710889
39510.0 -0.00621331506543 16.51016223557271 -154.89081908061627 350029.40398270264268 45.29805407304620 174.54611387023903
39540.0 -0.00701123526271 16.53417561444476 -154.88921492635458 350000.21093062218279 45.54389797049950 174.47034638565566
39570.0 -0.00574643351216 16.55813851563922 -154.88764665354805 349959.43991966079921 45.79010473318062 174.39411277232730
39600.0 -0.00658259106909 16.58157334383985 -154.88608097358403 349967.89701016247272 46.03642832881775 174.31770260673144
39630.0 -0.00648800640445 16.60496184549428 -154.88454904928264 349965.18355764169246 46.28311636050534 174.24079123313587
39660.0 -0.00638638128139 16.62829840482721 -154.88305489885585 349950.95620048418641 46.53008865374069 174.16346100977833
39690.0 -0.00515981689048 16.65066618610924 -154.88150957197993 350049.47620149608701 46.77720889819774 174.08586755930685
39720.0 -0.00663592103476 16.67388687463215 -154.88010194651278 350011.59086320362985 47.02450902781197 174.00795487048660
39750.0 -0.00510548232691 16.69705879760368 -154.87872660461554 349962.56790846213698 47.27215752358346 173.92949003057637
39780.0 -0.00524333088631 16.71928266656790 -154.87728976655444 350027.88109001517296 47.52006234713180 173.85057162829972
39810.0 -0.00584906914252 16.74233921417059 -154.87599505343499 349955.56354846246541 47.76807607822501 173.77137260228494
39840.0 -0.00603521404119 16.76446300561096 -154.87463086944857 349998.71857904549688 48.01643989857757 173.69156129837941
39870.0 -0.00538017602970 16.78654082553987 -154.87330000737387 350031.13690918404609 48.26506470167516 173.61123299131467
39900.0 -0.00468287635758 16.80899708780307 -154.87206260516211 349988.49370706547052 48.51376829393237 173.53060862696145
39930.0 -0.00508233993705 16.83097219346058 -154.87080323027988 349998.88862682878971 48.76280130463995 173.44933742140844
39960.0 -0.00489921001394 16.85288880514806 -154.86958518121548 349997.90276126377285 49.01191648947894 173.36772791424218
39990.0 -0.00520006462779 16.87476279482141 -154.86839429620463 349986.58528034482151 49.26136148103606 173.28542804392148
40020.0 -0.00503806789875 16.89616193308296 -154.86718235678526 350028.87603520788252 49.51105498235524 173.20252380548806
40050.0 -0.00584705640109 16.91793293283577 -154.86605997200749 349995.93090723827481 49.76086157512003 173.11917749810172
40080.0 -0.00532885880546 16.93964831589232 -154.86497314803626 349951.99382510315627 50.01081078746986 173.03532846865662
40110.0 -0.00622739952791 16.96048069143915 -154.86380581464331 350027.23366698715836 50.26107346544355 172.95071837333685
40140.0 -0.00426832135396 16.98210513425544 -154.86277439465988 349962.69964229501784 50.51155458358680 172.86545314835902
40170.0 -0.00513265019963 17.00284041098982 -154.86167296017595 350017.09665149450302 50.76210669155804 172.77971539691541
40200.0 -0.00528156706408 17.02395175305281 -154.86064845800291 349996.71666340902448 51.01297116565048 172.69314203993559
40230.0 -0.00541237516505 17.04501652824304 -154.85965162900220 349966.13290098682046 51.26405864079140 172.60583153318674
40260.0 -0.00528559372882 17.06561614197236 -154.85863682147132 349990.20850039459765 51.51518527059545 172.51802095970601
40290.0 -0.00444038060827 17.08617821298797 -154.85764432004575 350004.71166093181819 51.76660208975512 172.42932472995955
40320.0 -0.00391212403301 17.10668646218997 -154.85668660382547 350008.75234191212803 52.01806122711507 172.34007355537625
40350.0 -0.00453093860817 17.12715674528965 -154.85575009541850 350003.27618621569127 52.26981015426615 172.24988009536798
40380.0 -0.00548582899938 17.14758343958955 -154.85483864066512 349988.00177607033402 52.52176514357523 172.15883571381087
40410.0 -0.00434277860431 17.16795770627435 -154.85395862005987 349962.48094321880490 52.77379265566259 172.06710895437914
40440.0 -0.00509038972089 17.18789008671380 -154.85305136062323 349993.29464821238071 53.02591958448826 171.97463233905864
40470.0 -0.00467583353539 17.20778778276834 -154.85216340566748 350014.94556998461485 53.27831843270523 171.88111549567554
40500.0 -0.00413549932968 17.22803013323413 -154.85135653910120 349960.36917727626860 53.53089132064769 171.78667204917841
40530.0 -0.00464866566267 17.24744994894399 -154.85046598200603 350029.32204641029239 53.78349108285133 171.69149532913355
40560.0 -0.00411336508335 17.26760080455145 -154.84970841180174 349955.39357737172395 54.03635831773193 171.59518251449020
40590.0 -0.00434479134574 17.28694903873726 -154.84885708198397 350006.17257741186768 54.28940349543321 171.49783469267447
40620.0 -0.00474022944235 17.30624902866050 -154.84803598381376 350047.27907947264612 54.54244157823627 171.39970740120413
40650.0 -0.00408519024897 17.32588963911487 -154.84729047478595 350012.10634700767696 54.79572291953764 171.30037093225212
40680.0 -0.00406909304506 17.34547669217524 -154.84657445371235 349967.05297824181616 55.04899971105414 171.20018185113841
40710.0 -0.00410531411763 17.36465849584681 -154.84581557413833 349980.73792790714651 55.30251813878237 171.09870787961043
40740.0 -0.00387590177856 17.38380215843857 -154.84507636083140 349985.42316518817097 55.55619213120223 170.99604531088292
40770.0 -0.00450276495567 17.40289908036588 -154.84436287129208 349980.71804684959352 55.80989029207716 170.89236892806377
40800.0 -0.00415361282067 17.42195072733494 -154.84367329823709 349966.73971014749259 56.06363657127679 170.78760105253443
40830.0 -0.00409424699447 17.44061131892373 -154.84293801019982 350012.40780379809439 56.31760416417964 170.68141003702894
40860.0 -0.00316451291643 17.45923651652168 -154.84222132336683 350049.37503387033939 56.57169247517336 170.57391704216187
40890.0 -0.00438705182448 17.47816835911785 -154.84159087110208 350008.60452022124082 56.82575496089817 170.46532687291781
40920.0 -0.00386382651186 17.49706534037148 -154.84097379575473 349959.20659328904003 57.08003015248853 170.35518536074110
40950.0 -0.00376823606744 17.51522909967313 -154.84025120389592 350038.71493414416909 57.33442840956517 170.24359477654107
40980.0 -0.00335267292029 17.53403790097457 -154.83967683325906 349971.31870548892766 57.58876403515789 170.13083145427419
41010.0 -0.00417977373173 17.55212820557547 -154.83899164479720 350033.62924756016582 57.84328525112286 170.01640848666170
41040.0 -0.00323293548812 17.57051466834459 -154.83839227271423 350017.86941946111619 58.09774511654837 169.90071236238299
41070.0 -0.00361026363939 17.58886953029286 -154.83780441468221 349993.81734708976001 58.35238702548349 169.78325220787951
41100.0 -0.00373804967352 17.60685426224016 -154.83716920683261 350030.80330545920879 58.60712261342711 169.66412778880340
41130.0 -0.00407311734603 17.62512878051234 -154.83661748793259 349989.50392808672041 58.86182285722797 169.54351916709189
41160.0 -0.00389501750368 17.64303155472783 -154.83602207104681 350009.26887408737093 59.11650830631892 169.42133303963973
41190.0 -0.00331141940320 17.66123133935834 -154.83549991735444 349951.10852426290512 59.37135149470706 169.29718306729535
41220.0 -0.00316350713665 17.67906940828759 -154.83492897548126 349954.53349792584777 59.62624921769820 169.17119669525232
41250.0 -0.00334965558097 17.69654447874718 -154.83431506006823 350019.56279293261468 59.88105588415833 169.04359009811699
41280.0 -0.00435988395176 17.71431313343025 -154.83377354202258 350006.59195081610233 60.13600618182153 168.91384098207442
41310.0 -0.00390306846940 17.73204765123804 -154.83324458939222 349985.48372783046216 60.39101031488198 168.78204959425906
41340.0 -0.00292302531066 17.74942493553257 -154.83267209974770 350026.35908601153642 60.64588251283354 168.64851497312398
41370.0 -0.00366359124129 17.76708587718358 -154.83217240544562 349988.86737167742103 60.90086685319179 168.51267395762193
41400.0 -0.00313835082348 17.78439520831168 -154.83162749609991 350013.68317035678774 61.15571817929558 168.37494706479282
41430.0 -0.00307093757720 17.80167975301314 -154.83108965711594 350030.88364213891327 61.41067498878898 168.23476477931942
41460.0 -0.00365654605535 17.81923377604043 -154.83062814862095 349969.19399037212133 61.66564656608423 168.09222680407046
41490.0 -0.00362636320706 17.83614897635334 -154.83005207466061 350041.53473785985261 61.92050638302078 167.94751549749492
41520.0 -0.00353278314032 17.85362127587803 -154.82962230130133 349963.47556555550545 62.17527085895355 167.80051285941926
41550.0 -0.00338487205565 17.87047843990314 -154.82906667500350 350020.46662778127939 62.43010988255357 167.65075760745762
41580.0 -0.00307395609841 17.88759731006742 -154.82858742242681 349998.35689084231853 62.68491762940647 167.49837987105792
41610.0 -0.00314137052657 17.90467402153821 -154.82812497506924 349968.13974598888308 62.93954970686210 167.34360506295636
41640.0 -0.00281234344210 17.92144048971646 -154.82760074251178 350002.17883842159063 63.19423439600389 167.18581750726139
41670.0 -0.00365654723723 17.93818003170931 -154.82708477184838 350028.74658684059978 63.44888146973400 167.02510874341172
41700.0 -0.00327016470423 17.95488060857693 -154.82658537637869 350047.44195705186576 63.70330566169557 166.86180088239720
41730.0 -0.00314237748822 17.97183340095321 -154.82615772182712 349986.75493087153882 63.95774397075670 166.69522558715610
41760.0 -0.00282843946414 17.98846958690008 -154.82567824409477 349990.26226515974849 64.21195400948659 166.52584055521609
41790.0 -0.00322186836496 18.00508280551283 -154.82520218162662 349986.53884525969625 64.46616628324868 166.35296693803693
41820.0 -0.00342310823342 18.02140049605899 -154.82466526956244 350047.83947872743011 64.72028739140177 166.17669659125764
41850.0 -0.00229917829098 18.03795093030942 -154.82420870382427 350029.16371977049857 64.97419314641944 165.99720694755959
41880.0 -0.00327016352235 18.05446572976694 -154.82376332342915 350002.90807353984565 65.22789457445680 165.81433949500757
41910.0 -0.00268153652300 18.07095642435587 -154.82332029961560 349969.47441190481186 65.48155585577845 165.62752606737695
41940.0 -0.00243702685038 18.08716067943892 -154.82281524667752 350001.51833927910775 65.73506821490524 165.43689091451358
41970.0 -0.00261613365439 18.10333037956348 -154.82232282943681 350026.12592320237309 65.98828843130171 165.24266200204070
42000.0 -0.00335066017886 18.11973072515919 -154.82190079305667 349970.74224023520947 66.24143445882095 165.04409052252655
42030.0 -0.00267247859563 18.13585357315200 -154.82141437099182 349981.23062407877296 66.49441484124338 164.84124564176301
42060.0 -0.00289887714102 18.15193956697305 -154.82094084200565 349984.29188016243279 66.74704520663667 164.63446882265657
42090.0 -0.00244105233324 18.16800478147628 -154.82046818824492 349980.43551602028310 66.99955093317142 164.42294063205094
42120.0 -0.00257789511287 18.18403346668723 -154.82000726854281 349969.21774557698518 67.25169329268344 164.20715569154754
42150.0 -0.00284454139557 18.19980563058547 -154.81947605828779 350024.67693371605128 67.50368995008516 163.98627664477641
42180.0 -0.00267650407849 18.21578961835279 -154.81901875043670 349999.64731634967029 67.75544382515167 163.76037097537426
42210.0 -0.00259500164220 18.23173913474940 -154.81857034730376 349967.39200888015330 68.00683224492461 163.52959509326169
42240.0 -0.00281435500165 18.24742799304061 -154.81805877915144 350001.80601461697370 68.25785848657517 163.29372130652732
42270.0 -0.00248934985440 18.26310072742826 -154.81754578503075 350029.57950159627944 68.50867598236864 163.05202184179311
42300.0 -0.00286063978137 18.27897190679532 -154.81710717447268 349976.51912362221628 68.75917187026891 162.80459608248546
42330.0 -0.00265134894720 18.29458654564542 -154.81660663843994 349990.35574804060161 69.00920333440639 162.55165792136668
42360.0 -0.00233439476566 18.31018431604829 -154.81610392839417 349997.58374496549368 69.25897158192456 162.29225996481645
42390.0 -0.00232433224040 18.32575966255452 -154.81560257845140 349998.07350847311318 69.50838193602647 162.02642121144569
42420.0 -0.00243501529083 18.34130056350680 -154.81511069866932 349991.54433352965862 69.75725063126981 161.75448906208342
42450.0 -0.00316954536094 18.35682308305436 -154.81461645792828 349978.42005166132003 70.00578388334900 161.47541678808852
42480.0 -0.00197920440637 18.37210718842274 -154.81405807548970 350032.88035882357508 70.25374693214427 161.18972666818897
42510.0 -0.00202448458820 18.38758016832859 -154.81356875195127 350006.32268634624779 70.50133643855601 160.89634059084906
42540.0 -0.00321784288210 18.40302880237064 -154.81308004831223 349973.07843429781497 70.74844907260324 160.59526732104814
42570.0 -0.00280529707427 18.41824976946902 -154.81252382796745 350007.78465269505978 70.99496122728402 160.28660786114904
42600.0 -0.00188462092361 18.43344547162599 -154.81197170452970 350035.85916941612959 71.24086371967539 159.97001195064527
42630.0 -0.00338587901730 18.44881770188140 -154.81148840971841 349982.63299985416234 71.48629031967766 159.64450180396071
42660.0 -0.00202649614775 18.46397650215082 -154.81093179948141 349997.78302978724241 71.73112096437939 159.31011168935885
42690.0 -0.00297031587016 18.47910573442729 -154.81038109379026 350006.26618743874133 71.97521056493328 158.96700409618657
42720.0 -0.00229515399000 18.49422068879294 -154.80982510869518 350008.42445228714496 72.21873224069597 158.61392149350439
42750.0 -0.00224182284246 18.50931586769910 -154.80926732155743 350004.15507036540657 72.46158331010308 158.25077718653168
42780.0 -0.00230219563031 18.52437925260423 -154.80871578952934 349993.23566622659564 72.70357836397019 157.87789040342412
42810.0 -0.00269361060782 18.53942689401534 -154.80815881712701 349976.00565561372787 72.94489093335821 157.49385709546866
42840.0 -0.00229012154549 18.55427334778092 -154.80753212161878 350027.64965613745153 73.18528860977607 157.09919816928925
42870.0 -0.00240281615548 18.56927687588303 -154.80697379074522 349997.61549734789878 73.42493220178858 156.69245417760331
42900.0 -0.00215730424872 18.58425866737099 -154.80641305263768 349961.20100477803499 73.66370577892437 156.27350711493384
42930.0 -0.00314438904777 18.59905016573918 -154.80577923378920 349993.96852901577950 73.90147841992140 155.84233370729106
42960.0 -0.00212611089314 18.61381912133557 -154.80514644059778 350020.41310927458107 74.13821849363464 155.39836341081985
42990.0 -0.00189769960632 18.62857741152274 -154.80450595174744 350040.75442634150386 74.37402315652353 154.94021320105787
43020.0 -0.00248230821409 18.64347041572262 -154.80393844259336 349979.00820759497583 74.60875721177321 154.46777421848952
43050.0 -0.00183431184290 18.65818126027241 -154.80329789201721 349986.72723526973277 74.84226584589274 153.98108381586655
43080.0 -0.00225087958795 18.67288061178716 -154.80264907378037 349988.36519633419812 75.07467255484373 153.47838709295570
43110.0 -0.00272882590062 18.68756302711705 -154.80199542146377 349983.84515614528209 75.30585532220729 152.95939089495542
43140.0 -0.00240382311713 18.70207556529784 -154.80126808867738 350049.12055320665240 75.53561970030917 152.42431945263476
43170.0 -0.00226194789299 18.71671900622705 -154.80060901828756 350032.26939441077411 75.76408059430720 151.87119857507102
43200.0 -0.00185443452968 18.73133402279256 -154.79995201379666 350009.14149036072195 75.99100106423103 151.30049155464215
43230.0 -0.00256280487060 18.74593622828096 -154.79928576854653 349979.97266837023199 76.21647731255179 150.71013298661393
43260.0 -0.00183129095794 18.76039016650486 -154.79853648286075 350021.03446902241558 76.44036568347167 150.09976805316109
43290.0 -0.00223478120215 18.77495019781607 -154.79786403264868 349979.61197896953672 76.66251243844215 149.46914057168664
43320.0 -0.00248834407462 18.78936124623430 -154.79711192953843 350008.47844612691551 76.88284191881627 148.81731285351890
43350.0 -0.00200134101646 18.80388521047023 -154.79642750427217 349954.94260571524501 77.10138103031261 148.14226795823899
43380.0 -0.00220560058800 18.81815304839133 -154.79558035220887 350048.43760462757200 77.31796068013149 147.44365092011205
43410.0 -0.00234345032928 18.83263248550711 -154.79489019746669 349982.75952589605004 77.53239814831166 146.72128462334555
43440.0 -0.00189971471151 18.84698566066700 -154.79411027566636 349987.75610603205860 77.74472520784983 145.97266919751146
43470.0 -0.00208888167703 18.86132487513856 -154.79332257089968 349986.82034784462303 77.95477538613757 145.19720011259707
43500.0 -0.00210296732140 18.87563810913213 -154.79253512359233 349979.84445850364864 78.16232677657801 144.39496601627030
43530.0 -0.00271574603603 18.88994137430395 -154.79173636422209 349967.00160474143922 78.36738564998610 143.56318717286641
43560.0 -0.00189367766910 18.90411899689021 -154.79085680610038 350024.99257002957165 78.56969302477214 142.70228265521945
43590.0 -0.00157772808547 18.91838994607321 -154.79004479235701 350000.34603182878345 78.76922585512713 141.80937995923566
43620.0 -0.00213114215578 18.93264485003515 -154.78922461999508 349969.80564053356647 78.96578181176375 140.88388204603032
43650.0 -0.00245413337972 18.94678519826000 -154.78832021800253 350010.28700966481119 79.15915311139294 139.92532668062563
43680.0 -0.00184638474584 18.96090885243867 -154.78741099808531 350044.93263399787247 79.34917941082104 138.93242587599082
43710.0 -0.00171054656411 18.97511358895984 -154.78656920353410 349996.80427014268935 79.53575676760650 137.90248627323518
43740.0 -0.00195002615598 18.98921776325070 -154.78563770474184 350019.88872952666134 79.71864878441859 136.83509026917397
43770.0 -0.00200033523668 19.00338107130423 -154.78478468074027 349960.03586534410715 79.89761398698762 135.73010163344273
43800.0 -0.00213013401224 19.01745603305972 -154.78383627160790 349971.53136957995594 80.07252282479206 134.58441391896309
43830.0 -0.00196310602057 19.03152008862899 -154.78287716928250 349977.27512788306922 80.24312672055868 133.39750973590637
43860.0 -0.00160087165721 19.04556121407360 -154.78191544897550 349977.21616397053003 80.40915344932571 132.16989759448938
43890.0 -0.00273888960777 19.05959539494750 -154.78093953416831 349971.44526657927781 80.57042818893360 130.89844642941699
43920.0 -0.00150628699257 19.07360727677861 -154.77995984499543 349959.90288204886019 80.72665750381357 129.58435811774328
43950.0 -0.00228911694759 19.08754995719778 -154.77888210023181 350019.96131537761539 80.87763025930818 128.22471189575592
43980.0 -0.00214723935970 19.10154489129196 -154.77787615484030 349997.03360084258020 81.02306384952992 126.81976036532456
44010.0 -0.00146302073405 19.11546332628403 -154.77678014204324 350045.72977261524647 81.16268176014482 125.37008778698235
44040.0 -0.00139258896657 19.12942177830449 -154.77576023808149 350011.38894133828580 81.29621862517119 123.87547359721491
44070.0 -0.00193996126695 19.14337290991814 -154.77472424192428 349971.37462613172829 81.42339826172324 122.33413552762543
44100.0 -0.00226899189706 19.15726138788164 -154.77359272156784 350003.09996913373470 81.54393266974921 120.74750639029847
44130.0 -0.00128190591613 19.17113219917393 -154.77245525028846 350029.18461786769331 81.65755379543262 119.11759096825449
44160.0 -0.00236055567673 19.18504256315672 -154.77138564029863 349972.18801670055836 81.76395969080475 117.44300638187816
44190.0 -0.00161395152180 19.19890011475274 -154.77021783994061 349987.01951504778117 81.86287534703010 115.72590750836831
44220.0 -0.00184437318629 19.21273780604838 -154.76904456862769 349996.23925013281405 81.95407245464986 113.96995109907263
44250.0 -0.00190172745294 19.22657159187115 -154.76785419709040 349999.85578241199255 82.03723873953213 112.17470476318042
44280.0 -0.00114002951011 19.24038618748772 -154.76665717465988 349997.88296226318926 82.11219416589306 110.34516453329459
44310.0 -0.00158175238645 19.25419705955059 -154.76544220074990 349990.31550919730216 82.17863382371432 108.48175754408615
44340.0 -0.00178802706318 19.26799783074148 -154.76421342676198 349977.16273532528430 82.23637428641614 106.58884438491894
44370.0 -0.00171759175006 19.28176007913541 -154.76288840854275 350036.02377880364656 82.28527522231121 104.67120067723107
44400.0 -0.00162300708542 19.29553052354530 -154.76163991876030 350011.76490231696516 82.32518428590457 102.73280797071072
44430.0 -0.00147107051789 19.30929675348065 -154.76037238096285 349981.92696528881788 82.35586854368545 100.77603397195318
44460.0 -0.00168237527538 19.32303812452556 -154.75900311851055 350024.14350911043584 82.37728181825247 98.80668059766383
44490.0 -0.00177695639438 19.33677507912348 -154.75771298683671 349983.24316477775574 82.38944365627577 96.83085115614500
44520.0 -0.00176085800858 19.35049941664865 -154.75631522257493 350014.40253860503435 82.39216691935712 94.85107845012799
44550.0 -0.00135435278880 19.36422338634010 -154.75498946856069 349962.40063268691301 82.38549716165815 92.87313559019636
44580.0 -0.00172262183081 19.37792321812751 -154.75356709118250 349982.55702372919768 82.36961412945105 90.90369532226119
44610.0 -0.00152037500070 19.39162214007128 -154.75212464585644 349997.17314598988742 82.34439422966810 88.94521061170742
44640.0 -0.00129297303929 19.40530493706549 -154.75067264628174 350006.33593007735908 82.31013539526006 87.00447982775646
44670.0 -0.00135737012813 19.41898701614731 -154.74919970645271 350009.96020803041756 82.26676170501663 85.08375733221895
44700.0 -0.00153345486529 19.43266191752774 -154.74771008105793 350008.08481732662767 82.21451721075444 83.18808867720287
44730.0 -0.00155358109771 19.44632316172727 -154.74620805960544 350000.75931111723185 82.15368792722401 81.32208333362401
44760.0 -0.00174375266112 19.45997089127435 -154.74469319080902 349987.99286534450948 82.08448984447998 79.48907993407846
44790.0 -0.00136240020888 19.47361744748856 -154.74315623893477 349969.69509368948638 82.00695367797827 77.69064296800416
44820.0 -0.00159483579668 19.48727666981987 -154.74151086692015 350023.55667792074382 81.92144551396844 75.93036055203086
44850.0 -0.00139560512401 19.50089987190426 -154.73994550947947 349994.38976296130568 81.82837620228484 74.21136348915071
44880.0 -0.00146503347548 19.51454795679262 -154.73826565705465 350037.32178188487887 81.72775416735692 72.53387831883869
44910.0 -0.00182928058027 19.52816409707298 -154.73665867650479 349997.15298787038773 81.61994415246029 70.89995322046326
44940.0 -0.00149924535227 19.54176061840983 -154.73504111551026 349951.63328887522221 81.50545313662784 69.31177725880040
44970.0 -0.00174173991969 19.55538922566062 -154.73330791477068 349978.20162105187774 81.38426941441399 67.76860803194043
45000.0 -0.00055643022775 19.56900467219732 -154.73156219005190 349999.40690878592432 81.25696593143601 66.27217014735112
45030.0 -0.00233741446875 19.58262229783894 -154.72979242811795 350015.08393829781562 81.12352544260499 64.82132694743052
45060.0 -0.00160892144105 19.59623555946161 -154.72800300141162 350025.30216931737959 80.98434950355991 63.41651929904872
45090.0 -0.00159483343292 19.60979089498692 -154.72629279423469 349952.59862170927227 80.83983705552379 62.05783425260208
45120.0 -0.00126580516657 19.62343005075570 -154.72437749073188 350029.60186485759914 80.69025509895971 60.74466575324452
45150.0 -0.00136642687362 19.63702370535866 -154.72253159594860 350023.53356174565852 80.53560175658475 59.47551813973057
45180.0 -0.00129498578072 19.65061134005597 -154.72066575355015 350012.03085612691939 80.37628255580096 58.25006330195959
45210.0 -0.00174475844090 19.66418445882278 -154.71878582946968 349995.21367619745433 80.21271621772011 57.06778074754846
45240.0 -0.00149018860677 19.67775804850443 -154.71688045475261 349972.87606459297240 80.04481149754329 55.92681242533028
45270.0 -0.00067918854489 19.69139121338650 -154.71485611827953 350022.51679938752204 79.87289496004340 54.82634170676952
45300.0 -0.00187355261857 19.70494614664182 -154.71291481131286 349989.43688582349569 79.69743693905237 53.76571738236442
45330.0 -0.00033204678755 19.71850013839186 -154.71094794881850 349950.85085489135236 79.51829072554162 52.74302451205731
45360.0 -0.00198222410945 19.73211090404991 -154.70886815415679 349984.35484907589853 79.33597543487258 51.75762961496827
45390.0 -0.00084018067603 19.74572657917743 -154.70676108039626 350012.29581845365465 79.15033219513194 50.80770846857598
45420.0 -0.00130504712411 19.75934053672794 -154.70463123319513 350034.77510257344693 78.96167562168255 49.89227679899957
45450.0 -0.00138755652205 19.77286537816327 -154.70258217576836 349974.61768343579024 78.77030363523583 49.01027769215541
45480.0 -0.00110682459498 19.78646289398268 -154.70041362786463 349986.37720484565943 78.57632079691854 48.16039673644919
45510.0 -0.00151333336039 19.80006314608042 -154.69821782716716 349992.59184619504958 78.37967805224353 47.34120937402665
45540.0 -0.00074962267613 19.81365183004858 -154.69600506420736 349993.52037961408496 78.18083358860444 46.55189487251762
45570.0 -0.00111688593837 19.82724387514223 -154.69376378682773 349988.88374560698867 77.97957568301359 45.79095582124786
45600.0 -0.00091866459111 19.84083411721176 -154.69149745361381 349978.77189633995295 77.77614052937358 45.05741288973056
45630.0 -0.00156062391989 19.85450856631728 -154.68911277393789 350040.51170020829886 77.57091668688031 44.35039873984964
45660.0 -0.00066912601962 19.86808965784786 -154.68680098246790 350019.57465014420450 77.36364952659277 43.66857989983740
45690.0 -0.00107563242128 19.88165765726741 -154.68447147692925 349993.38890006300062 77.15478315731093 43.01118372159721
45720.0 -0.00153546878860 19.89522776784190 -154.68211239231272 349961.63734610099345 76.94406233802356 42.37701469850936
45750.0 -0.00071138531649 19.90890249948080 -154.67962460731192 350001.39648408442736 76.73172944920491 41.76524123978984
45780.0 -0.00100620525169 19.92257219885812 -154.67711513591073 350035.77602859772742 76.51800618328166 41.17502504127974
45810.0 -0.00128894992019 19.93612412268000 -154.67468676920194 349987.86995241511613 76.30292432942559 40.60546780555549
45840.0 -0.00078584493059 19.94979345398304 -154.67212370882785 350011.24485161062330 76.08636241805382 40.05567190612442
45870.0 -0.00156867252185 19.96345395114532 -154.66954066395240 350029.32233255822212 75.86871944762433 39.52495482315116
45900.0 -0.00029280483001 19.97699742031349 -154.66703202503319 349965.01693654060364 75.64971600135793 39.01245552717906
45930.0 -0.00110481421731 19.99078790167266 -154.66428280266209 350048.63718271255493 75.42953211290273 38.51749240301566
45960.0 -0.00092772015473 20.00431557598883 -154.66172750016528 349973.63715187925845 75.20850557870787 38.03941911378195
45990.0 -0.00070937375694 20.01810493258099 -154.65892601302758 350046.28130184113979 74.98632549115150 37.57750780693580
46020.0 -0.00150528239468 20.03162125835274 -154.65631904543443 349960.47146169375628 74.76338991627614 37.13116793422635
46050.0 -0.00091765881134 20.04541043381307 -154.65346289537510 350022.09541055560112 74.53939518547226 36.69976088103582
46080.0 -0.00087036588808 20.05906347945497 -154.65068684481741 350001.68103379663080 74.31454418113641 36.28272740817721
46110.0 -0.00065202067217 20.07270861657510 -154.64788686985725 349975.92741650342941 74.08901519324905 35.87951508891265
46140.0 -0.00061479263794 20.08649277320378 -154.64495084966572 350021.12576546799392 73.86280321076583 35.48958999256719
46170.0 -0.00115512211613 20.10013704640662 -154.64209175334722 349984.29870203230530 73.63575101270735 35.11245895247861
46200.0 -0.00132215365345 20.11391996080875 -154.63909926463108 350018.46986563783139 73.40822392221051 34.74762151019725
46230.0 -0.00058359810048 20.12755816421969 -154.63618341038193 349970.68754823785275 73.17991056790447 34.39464784923496
46260.0 -0.00080194449827 20.14135012954892 -154.63312462408891 349993.50146769639105 72.95096095186928 34.05309571756837
46290.0 -0.00074559837515 20.15513334233829 -154.63004327890164 350011.02594254631549 72.72168526359026 33.72250560583056
46320.0 -0.00120945786158 20.16892345351174 -154.62692659204987 350022.78884115628898 72.49174662020114 33.40253209134498
46350.0 -0.00031292988055 20.18270558876133 -154.62378588884727 350029.23210809845477 72.26151680207317 33.09273421354494
46380.0 -0.00103437772231 20.19649478197519 -154.62060880784628 350029.88667918089777 72.03067022714198 32.79281500573752
46410.0 -0.00052020797330 20.21028415549699 -154.61740034761706 350024.95268659200519 71.79938961556624 32.50239874582549
46440.0 -0.00050410840562 20.22406801675711 -154.61416461179314 350014.60435101855546 71.56782863054146 32.22112134548917
46470.0 -0.00142478692004 20.23784819319708 -154.61089971777895 349998.77972211688757 71.33596475028931 31.94867228339482
46500.0 -0.00068623018520 20.25163297701173 -154.60759856779799 349977.19819040223956 71.10362406557506 31.68480049239443
46530.0 -0.00122757017069 20.26540824880305 -154.60427206036334 349950.31854738015682 70.87115228823728 31.42912593929233
46560.0 -0.00020425957154 20.27937139843285 -154.60078976584813 349993.14499646425247 70.63822391347455 31.18146996899923
46590.0 -0.00113701098891 20.29333998724883 -154.59727222490358 350030.19485814217478 70.40497249190281 30.94153669977805
46620.0 -0.00005735308477 20.30711396651439 -154.59384811219428 349986.50770179461688 70.17169264642952 30.70898216885008
46650.0 -0.00156062510177 20.32108219353035 -154.59026624526047 350012.33832152374089 69.93803624918139 30.48368069928987
46680.0 -0.00021029543207 20.33504454746714 -154.58665693426573 350032.76164509914815 69.70435901535275 30.26528454780351
46710.0 -0.00063793384592 20.34882009071171 -154.58312872928209 349972.07254456728697 69.47032621654108 30.05369206731831
46740.0 -0.00061479027418 20.36279097908958 -154.57944502852538 349980.89535441901535 69.23611005483437 29.84863594623880
46770.0 -0.00033204796943 20.37675842585479 -154.57573050163165 349984.19530960917473 69.00184895352734 29.64986434892894
46800.0 -0.00043266849460 20.39072395085996 -154.57198344083471 349981.91371663846076 68.76751710872423 29.45719365751884
46830.0 -0.00079691323563 20.40469616416785 -154.56819625203624 349973.70169975236058 68.53292339094133 29.27051495313000
46860.0 -0.00047996023598 20.41886974912514 -154.56425581504365 350034.88605341874063 68.29840584901586 29.08951926281302
46890.0 -0.00082106258715 20.43284405905519 -154.56039771997970 350015.23592144344002 68.06363333907386 28.91417097236979
46920.0 -0.00064900215096 20.44682037284007 -154.55650187567738 349989.79436131659895 67.82872968750270 28.74426026716392
46950.0 -0.00068019432467 20.46100333015861 -154.55245145383788 350033.58755926415324 67.59397996108210 28.57951177644670
46980.0 -0.00069327418926 20.47497758902542 -154.54848521548797 349996.79488697554916 67.35903182244731 28.41992508331069
47010.0 -0.00074660533681 20.48894256305400 -154.54448926360664 349954.63671466801316 67.12423010268920 28.26520898874650
47040.0 0.00011973743217 20.50313751942539 -154.54032210892311 349980.80179698299617 66.88923704280553 28.11537329452674
47070.0 -0.00085929640116 20.51733612493916 -154.53611628008110 350001.08821481745690 66.65421911698168 27.97021425424846
47100.0 -0.00037531540983 20.53153297775927 -154.53187584944851 350015.71108798123896 66.41930424791931 27.82954728052401
47130.0 -0.00038436979157 20.54572968833946 -154.52759895424384 350024.59126053750515 66.18445821135623 27.69326486412621
47160.0 -0.00040851914309 20.55993437743591 -154.52327813429460 350027.35976026952267 65.94949659014152 27.56133483126479
47190.0 -0.00059768492672 20.57413305618544 -154.51892483902998 350024.61335787642747 65.71474371721075 27.43349451056463
47220.0 0.00048901343584 20.58834025785572 -154.51452607660144 350015.69440773595124 65.47986693485601 27.30979064663503
47250.0 -0.00085728602349 20.60255094577687 -154.51008561782072 350000.80489473789930 65.24498377927733 27.19006502903250
47280.0 -0.00061076597320 20.61675305332145 -154.50561338419044 349980.47971409652382 65.01037286197401 27.07408406214056
47310.0 -0.00031796114319 20.63096197528906 -154.50109552445031 349954.00120199657977 64.77568108682681 26.96191973728858
47340.0 -0.00037430726630 20.64541282384278 -154.49640846152784 349995.47552426252514 64.54124514120721 26.85331643026307
47370.0 -0.00051920101164 20.65987556545239 -154.49167308557850 350030.57118816487491 64.30672725128612 26.74834849053259
47400.0 -0.00035317761787 20.67408836024955 -154.48703231900160 349986.33841118589044 64.07229063524247 26.64685050345051
47430.0 -0.00051115240968 20.68855290386129 -154.48221641774634 350009.62691197078675 63.83805523053623 26.54867966847061
47460.0 -0.00077880210840 20.70301846303651 -154.47736005091116 350026.99681218340993 63.60398558617239 26.45377250579486
47490.0 0.00013784855940 20.71723091813803 -154.47259517479586 349965.05577940214425 63.36989655347708 26.36214407235062
47520.0 -0.00098608020115 20.73196278072129 -154.46751467846980 350043.40689675975591 63.13610560230008 26.27356044953995
47550.0 -0.00016702917355 20.74617498830191 -154.46266526871182 349969.59131869208068 62.90228063253139 26.18811661402163
47580.0 -0.00028173770685 20.76092583292154 -154.45748752639071 350035.16913958732039 62.66853473540653 26.10568648068903
47610.0 -0.00042864182986 20.77540209066219 -154.45241535996053 350022.38367428071797 62.43514175395101 26.02606311826607
47640.0 -0.00057454371874 20.78988609667236 -154.44729325763410 350003.21589061617851 62.20174958695857 25.94936105229426
47670.0 -0.00020425957154 20.80436331272133 -154.44213376141016 349978.40316539257765 61.96868831652986 25.87534833228595
47700.0 -0.00009760200396 20.81912753669389 -154.43677779598906 350019.44819675385952 61.73562169331981 25.80413725656347
47730.0 -0.00029079208858 20.83361556824136 -154.43152103692489 349982.02608814928681 61.50271101641437 25.73558643820897
47760.0 -0.00012275831714 20.84838313895279 -154.42607611132621 350010.86761727184057 61.27006965917663 25.66958026874372
47790.0 -0.00056649275302 20.86315241386865 -154.42058647253364 350033.59057617001235 61.03766217647062 25.60608201853322
47820.0 -0.00008049665651 20.87793130852156 -154.41504421578463 350049.73479073494673 60.80530388955012 25.54513515290825
47850.0 -0.00037833156728 20.89241479842150 -154.40961102629893 349988.27095317188650 60.57330656261028 25.48652536840141
47880.0 0.00000603586053 20.90719718338978 -154.40397483173749 349992.02648940496147 60.34133972689773 25.43037626628302
47910.0 -0.00105047728999 20.92198465642069 -154.39828828388420 349989.37411038018763 60.10951307794891 25.37658262424178
47940.0 0.00034210813094 20.93676517883810 -154.39256200549497 349980.98104953207076 59.87809666045611 25.32495544156229
47970.0 -0.00012778603413 20.95185453475314 -154.38662814757319 350037.29709247872233 59.64674028937438 25.27563449249158
48000.0 -0.00067717580346 20.96663935191987 -154.38080488677576 350016.34181523043662 59.41576836043637 25.22840453305193
48030.0 0.00005030908070 20.98143234787860 -154.37492581653865 349988.69595370255411 59.18484695872981 25.18340035770497
48060.0 -0.00084621771844 20.99622627369305 -154.36899711850486 349954.75778597500175 58.95413622045719 25.14049626049479
48090.0 -0.00023444478359 21.01132613672545 -154.36286618459724 349985.70482853706926 58.72374381244561 25.09959519036491
48120.0 0.00070836679528 21.02642788380767 -154.35668604063079 350010.31333274208009 58.49363497079659 25.06067705816767
48150.0 -0.00023142744426 21.04122474145120 -154.35060707913800 349957.39844537805766 58.26362614337602 25.02380268420595
48180.0 -0.00040449366023 21.05664668135241 -154.34416617619308 350039.81223413720727 58.03402410311303 24.98877190580861
48210.0 0.00040851914309 21.07144498692890 -154.33798509248845 349974.16391456220299 57.80450058203027 24.95572539918960
48240.0 -0.00075062845591 21.08688670369998 -154.33142806359294 350042.75524643715471 57.57516251136301 24.92457206888316
48270.0 -0.00050511418539 21.10167867124806 -154.32514974399200 349964.75568367447704 57.34627672621627 24.89513559031898
48300.0 0.00000201155955 21.11712613126901 -154.31848738305550 350020.28560906555504 57.11749545415474 24.86757073610894
48330.0 -0.00022740314329 21.13224365852712 -154.31194135147243 349999.58521806914359 56.88913798810695 24.84167469558492
48360.0 -0.00041858048647 21.14736921347983 -154.30533459299150 349971.91504616755992 56.66087318202508 24.81759556210630
48390.0 -0.00015495508873 21.16282817953526 -154.29850735335526 350007.46733410842717 56.43286045423934 24.79521825947411
48420.0 0.00024450849074 21.17828750110509 -154.29162798912253 350036.54835849534720 56.20520231836879 24.77445899051903
48450.0 -0.00027167518158 21.19341118789989 -154.28486288171430 349989.54509207420051 55.97786507157436 24.75530821391607
48480.0 -0.00011470853330 21.20887897489649 -154.27786815280956 350005.04022398591042 55.75066665759228 24.73783744171758
48510.0 -0.00011772587262 21.22434229995179 -154.27082399157376 350014.30327271763235 55.52390932614485 24.72185720649311
48540.0 -0.00071440620145 21.23981515015863 -154.26371555097728 350016.33783800527453 55.29726731480010 24.70751830068694
48570.0 -0.00049404469847 21.25529257309992 -154.25654703385894 350011.44463596772403 55.07084519182521 24.69473957529916
48600.0 0.00001207290294 21.27076259331647 -154.24932990567234 350000.43470694869757 54.84490695894281 24.68335407170841
48630.0 -0.00028475504617 21.28624003950329 -154.24204828788530 349982.22725198976696 54.61910752719552 24.67352535229691
48660.0 -0.00030890439769 21.30206313122565 -154.23454059296347 350026.45059965550900 54.39376147972637 24.66506027648071
48690.0 0.00030890557957 21.31754323902103 -154.22714133113686 349994.63477103132755 54.16854067318883 24.65811464928537
48720.0 -0.00059768610860 21.33302326268289 -154.21968295212861 349956.04587920103222 53.94360407909782 24.65258084661319
48750.0 0.00029079208858 21.34921622761197 -154.21181238582776 350047.53313575219363 53.71904943865602 24.64838494044011
48780.0 -0.00033506530876 21.36469203469791 -154.20424004165545 349995.65791135374457 53.49484432694825 24.64552416017561
48810.0 0.00018011022003 21.38053475736817 -154.19642140664001 350004.62310437206179 53.27080839477025 24.64407659943470
48840.0 -0.00029582571498 21.39637201922352 -154.18854851171034 350007.14004340488464 53.04723969391316 24.64386120019452
48870.0 -0.00010766216547 21.41221762851214 -154.18060593880998 350002.12057638540864 52.82381512770822 24.64503460384543
48900.0 0.00005534152522 21.42806665697714 -154.17259803202134 349989.89261772669852 52.60063717051464 24.64752291556528
48930.0 0.00037531422795 21.44427862084632 -154.16435158301718 350038.83827977441251 52.37796724351590 24.65116635454851
48960.0 -0.00019319244838 21.46012734623781 -154.15621927914086 350012.65830587875098 52.15546308784924 24.65613345285028
48990.0 -0.00046587222785 21.47596812149298 -154.14803141187951 349980.04522780980915 51.93343485695240 24.66223885365093
49020.0 0.00045580970259 21.49219243321135 -154.13958361724224 350006.95588263962418 51.71155753276148 24.66964262886340
49050.0 -0.00003219677160 21.50841932930927 -154.13106931283073 350026.57038446515799 51.48998980958432 24.67824252804619
49080.0 -0.00071440501957 21.52464424574292 -154.12249262034476 350039.21563930809498 51.26882493536802 24.68797225015854
49110.0 -0.00016300487257 21.54086599423955 -154.11385401584968 350044.95157271996140 51.04807937904611 24.69880759599097
49140.0 0.00057051705400 21.55709575556708 -154.10514026235802 350042.81075601838529 50.82748826271497 24.71087756627863
49170.0 -0.00044474257942 21.57332598761144 -154.09635875437678 350033.36395216546953 50.60721232819063 24.72408033739195
49200.0 -0.00017407317762 21.58954857897816 -154.08751767158435 350017.25035810377449 50.38742532702221 24.73830739581761
49230.0 0.00008150125441 21.60577711810279 -154.07860092530265 349993.27810559701174 50.16780725528368 24.75371873091200
49260.0 0.00030689520190 21.62200670770757 -154.06961303430120 349961.80643048416823 49.94845852933300 24.77024632657211
49290.0 -0.00025155131292 21.63862111747387 -154.06036746652921 349989.69008913543075 49.72963782621493 24.78773658898065
49320.0 -0.00043568819769 21.65524304022799 -154.05104363103979 350009.48270273022354 49.51100616489435 24.80636074416432
49350.0 0.00029984883408 21.67145904310001 -154.04185790228610 349956.74692241288722 49.29286908417736 24.82594040366709
49380.0 0.00013483240196 21.68848122305708 -154.03218937352614 350027.04123310837895 49.07490510145983 24.84663785119955
49410.0 -0.00081301398519 21.70470025166250 -154.02285387812981 349958.83829464018345 48.85727252366066 24.86835521562751
49440.0 0.00052624383383 21.72172126765076 -154.01304242433699 350014.05681918840855 48.64006018699515 24.89103264612102
49470.0 -0.00024350034720 21.73833293369250 -154.00336729060561 349996.79918310325593 48.42328531966002 24.91464943872035
49500.0 0.00050612114705 21.75494953415667 -153.99361079572242 349971.33634972479194 48.20668646631814 24.93933630974199
49530.0 -0.00056649275302 21.77197455284618 -153.98357176111233 350003.04894179385155 47.99042141320686 24.96499679410976
49560.0 0.00003119099182 21.78899274771836 -153.97346510724344 350027.59308153670281 47.77466170581206 24.99152727411859
49590.0 -0.00010363904637 21.80601743086936 -153.96327399498111 350043.66687897779047 47.55909046321005 25.01908920633085
49620.0 0.00031896810484 21.82262720556142 -153.95321579404143 349987.33039510995150 47.34380620731072 25.04761901910709
49650.0 0.00012577565646 21.83964147691431 -153.94287953660682 349988.45497025456280 47.12906502997120 25.07696802505961
49680.0 -0.00033104218966 21.85707986992312 -153.93224333455208 350045.20028831809759 46.91453125865722 25.10730846575061
49710.0 0.00028978749069 21.87409010997428 -153.92175198703620 350030.60632411297411 46.70050601647585 25.13846772845245
49740.0 0.00015495508873 21.89110385876986 -153.91117424952992 350007.50125876627862 46.48667137269153 25.17060879400231
49770.0 -0.00058862936311 21.90811362679069 -153.90051814749626 349976.55170271359384 46.27318533528796 25.20363701245561
49800.0 0.00036525288457 21.92554252883314 -153.88956740516986 350001.58482802938670 46.06013253022591 25.23749772481505
49830.0 0.00080697457902 21.94296536085734 -153.87854055084273 350018.93229103460908 45.84753100463893 25.27217253670909
49860.0 -0.00031594840176 21.95996182723058 -153.86764634362979 349964.28505147621036 45.63512272853136 25.30779264782843
49890.0 0.00024249574931 21.97781732672921 -153.85622333165827 350027.81822185218334 45.42306268287185 25.34426587629833
49920.0 0.00003521647468 21.99479665525064 -153.84517579406065 349957.92123923264444 45.21152033765883 25.38149244575425
49950.0 0.00036424710479 22.01264704562961 -153.83358541564138 350004.96057225670666 45.00018192916775 25.41963417279743
49980.0 0.00037128992697 22.03049825358872 -153.82190606776129 350043.32118889410049 44.78914420973738 25.45863093383187
50010.0 -0.00000201274143 22.04789901509521 -153.81038145317729 350011.74077387340367 44.57866080948115 25.49833799707116
50040.0 -0.00101123651432 22.06529928965345 -153.79876547863972 349971.41183567699045 44.36839936231753 25.53892764105548
50070.0 0.00059265602785 22.08312853800398 -153.78684175891649 349985.83925040159374 44.15865673970362 25.58023210729595
50100.0 0.00136743265340 22.10096013851213 -153.77482212808337 349991.12262718006968 43.94911854961495 25.62241419257638
50130.0 -0.00037531540983 22.11878657450214 -153.76271509073499 349987.99535554461181 43.73994256044507 25.66538163964108
50160.0 0.00009055799990 22.13660368652527 -153.75052490274999 349976.84295476507396 43.53120935679863 25.70908408635509
50190.0 -0.00010867030901 22.15440999093312 -153.73825235702370 349957.76409469451755 43.32293783799888 25.75350465328112
50220.0 0.00012476987669 22.17266707592553 -153.72564268823382 349990.89611743297428 43.11487337674325 25.79877429899207
50250.0 -0.00020325379177 22.19091965897356 -153.71294114738933 350015.29416316282004 42.90716827182008 25.84480433332021
50280.0 -0.00001609838580 22.20870531883165 -153.70039975368553 349970.71889727003872 42.69999002274775 25.89149804383901
50310.0 0.00069931123167 22.22740019787979 -153.68727220532818 350038.83688518498093 42.49302795428896 25.93901697783688
50340.0 0.00031393684221 22.24517834009253 -153.67453690505090 349976.14362038485706 42.28637715020663 25.98730374203446
50370.0 0.00094583246384 22.26385571710722 -153.66122929029834 350027.26070834044367 42.08028887977216 26.03621682315618
50400.0 -0.00033707805019 22.28207284276627 -153.64806587432906 350008.22182810120285 41.87443127166432 26.08592902838689
50430.0 0.00070635405385 22.30027389718630 -153.63481849453302 349981.32001992594451 41.66910266257634 26.13627464244759
50460.0 0.00005735308477 22.31893550624945 -153.62121669339794 350005.08694322686642 41.46398938054687 26.18741682421889
50490.0 -0.00020023408868 22.33758932520188 -153.60751792141588 350019.87334641441703 41.25924899610324 26.23926509201432
50520.0 0.00006540286861 22.35623131107443 -153.59372648050467 350026.08352372609079 41.05495819985322 26.29177272379797
50550.0 -0.00025959991488 22.37485986518619 -153.57984328395949 350023.83190692216158 40.85113675966993 26.34492380888211
50580.0 0.00034210931282 22.39348495681917 -153.56585258664921 350011.78588407859206 40.64753341223548 26.39884865720894
50610.0 0.00097601885776 22.41209941136156 -153.55176314551494 349990.73506443295628 40.44429787937566 26.45346146660553
50640.0 -0.00021734061802 22.43069540612907 -153.53758489565305 349961.57964996993542 40.24159577872735 26.50866799373475
50670.0 0.00057957379950 22.45023402846957 -153.52277454749091 350040.77490129321814 40.03911947983223 26.56462918674447
50700.0 0.00029783609265 22.46881590237255 -153.50838211198820 349992.27044607792050 39.83696248252493 26.62128984872566
50730.0 -0.00082005562550 22.48785277337782 -153.49363711150377 349994.62175835948437 39.63537378242265 26.67851109175388
50760.0 0.00080999428211 22.50688328504670 -153.47878060582082 349986.97140992153436 39.43402754276715 26.73646390676306
50790.0 0.00029884187242 22.52637448415299 -153.46356240950135 350029.36523880623281 39.23321254475596 26.79498814702125
50820.0 0.00017709406258 22.54537977323231 -153.44849726590806 350003.05692611727864 39.03262136236708 26.85424502618907
50850.0 0.00019922712703 22.56437034936698 -153.43332825697917 349967.52017964702100 38.83241139885703 26.91414536118015
50880.0 0.00000000000000 22.58382659061783 -153.41778691757867 349981.13783886283636 38.63265558261353 26.97464557501305
50910.0 0.00056649393490 22.60326528466677 -153.40214398595319 349985.76781694311649 38.43337455611829 27.03573034078318
50940.0 -0.00041656892692 22.62269600160307 -153.38638295284795 349979.97465614415705 38.23432037010915 27.09752911296115
50970.0 0.00064698940953 22.64211167934410 -153.37051299344876 349964.61005415860564 38.03564026266709 27.15995850217871
51000.0 -0.00085829298514 22.66199424847238 -153.35426535008787 349997.97586860973388 37.83749804726744 27.22292626379190
51030.0 0.00035820888050 22.68186858643804 -153.33789556441758 350020.63102575298399 37.63958908458103 27.28659260651256
51060.0 0.00061076715508 22.70123766336946 -153.32169173362882 349976.10538405086845 37.44200536260004 27.35090412125607
51090.0 -0.00050209684607 22.72156707579874 -153.30482260687063 350036.92052858602256 37.24499368252988 27.41572405281182
51120.0 0.00150628817445 22.74089775286146 -153.28839936997673 349973.41615085117519 37.04823140572502 27.48122251302420
51150.0 0.00016803613521 22.76119369345961 -153.27130118853887 350014.41547525487840 36.85200345239220 27.54724233026514
51180.0 0.00058863054499 22.78147946984302 -153.25407528514708 350044.35785300750285 36.65600579912836 27.61394372461673
51210.0 0.00100519710816 22.80075042106048 -153.23731331150890 349951.78591687697917 36.46039570646277 27.68123842988107
51240.0 -0.00021935099569 22.82099465052804 -153.21986023474537 349962.31062150932848 36.26524246134146 27.74908563191805
51270.0 0.00034412087237 22.84121563582767 -153.20229533823954 349963.34088254626840 36.07056757962394 27.81747030994634
51300.0 0.00041153766429 22.86142250782215 -153.18460129080782 349953.33279696758837 35.87612636852192 27.88652098372392
51330.0 -0.00016401065235 22.88261519474631 -153.16619292587635 350044.34963248670101 35.68206366713792 27.95615629246551
51360.0 0.00058460388025 22.90277475048528 -153.14826753294005 350014.83634870313108 35.48854155511408 28.02628560744207
51390.0 0.00090457894675 22.92291705783828 -153.13021211582210 349974.31814308837056 35.29525832086239 28.09706837955039
51420.0 0.00039141379563 22.94405127831407 -153.11142761236889 350033.56187064386904 35.10230451008533 28.16845266305593
51450.0 0.00068321284587 22.96414107889363 -153.09313774346251 349973.49833151791245 34.90992479965507 28.24030341820568
51480.0 0.00111085007784 22.98522843411301 -153.07410589153781 350012.07904715463519 34.71779969328109 28.31278988829462
51510.0 0.00035418339764 23.00628703802293 -153.05495691554395 350040.99875997751951 34.52621035938615 28.38575742553335
51540.0 0.00121750764542 23.02681665154630 -153.03597811826205 350003.80071832798421 34.33485611945436 28.45936527018444
51570.0 0.00050008292276 23.04731907420259 -153.01687455396703 349956.31580318603665 34.14389410926348 28.53352575972334
51600.0 -0.00141874751388 23.06830423357038 -152.99733783342828 349953.13445728085935 33.95339008591523 28.60820054218532
51630.0 0.00069126262971 23.09028805655889 -152.97704944476428 350047.91890193056315 33.76336643296983 28.68337469759149
51660.0 0.00074157289229 23.11122279562557 -152.95724625819000 350022.81312267575413 33.57358165057003 28.75917581320233
51690.0 -0.00009860778374 23.13212879458345 -152.93731262731328 349987.06468750257045 33.38417825724876 28.83552423903845
51720.0 -0.00075867942163 23.15403407954412 -152.91662035152908 350048.79104728251696 33.19531666425758 28.91233064289142
51750.0 0.00059567336717 23.17488062922366 -152.89642295420791 349991.62859123758972 33.00669802011073 28.98975377532408
51780.0 0.00032701670680 23.19673669216721 -152.87544326191710 350029.83321587182581 32.81841148657408 29.06774289465610
51810.0 0.00052825893902 23.21751465563759 -152.85499001137677 349952.17574367392808 32.63069968603295 29.14616431274615
51840.0 0.00098004197686 23.23930684498918 -152.83374098627169 349968.73607051372528 32.44324620241925 29.22518648427518
51870.0 0.00055240592677 23.26106171966329 -152.81236422157687 349975.20839726924896 32.25632856131302 29.30465688635569
51900.0 0.00073251851056 23.28278984114423 -152.79083642020069 349969.43393896799535 32.06964935879409 29.38473385953601
51930.0 0.00038235705014 23.30448389881244 -152.76916932971685 349952.56875319592655 31.88336562367882 29.46533007901666
51960.0 0.00054234458339 23.32719120222582 -152.74669866367739 350029.49782816320658 31.69753968786757 29.54640941436973
51990.0 -0.00063189680351 23.34880982688772 -152.72476005901746 349991.29079733416438 31.51219479350575 29.62795689107627
52020.0 0.00025356287247 23.37145135014019 -152.70199293129556 350044.65617311373353 31.32709256596834 29.71009921739449
52050.0 0.00050612114705 23.39300206312720 -152.67975672635134 349982.80813508201391 31.14237327704593 29.79275818607866
52080.0 0.00057253097731 23.41556529349096 -152.65670771814334 350014.19097933359444 30.95819573107051 29.87584548955741
52110.0 -0.00008250821606 23.43809677865112 -152.63349803727522 350032.78480978589505 30.77426386332437 29.95951928425950
52140.0 0.00096595633249 23.46059189735592 -152.61013428822380 350039.26721242070198 30.59066550758399 30.04372981787135
52170.0 0.00035116487644 23.48304026204569 -152.58663574134354 350035.53780606389046 30.40764129782204 30.12834443358419
52200.0 0.00008955222013 23.50545259908255 -152.56297653566307 350019.16030530817807 30.22487783086810 30.21353092047224
52230.0 0.00201945214368 23.52781729458562 -152.53917883325386 349992.31596688833088 30.04264909356607 30.29913852643536
52260.0 -0.00107663938293 23.55014424662309 -152.51521804301541 349952.68213579710573 29.86066088385486 30.38532480988462
52290.0 0.00011470853330 23.57349551116920 -152.49039673095140 350002.40682650916278 29.67907013947820 30.47200255398711
52320.0 0.00019017274529 23.59680145532857 -152.46542195841619 350040.46675286255777 29.49793586528962 30.55913765501677
52350.0 0.00131208994630 23.61898773491298 -152.44101321074965 349966.83764468971640 29.31728215089407 30.64671496327612
52380.0 -0.00072245480341 23.64220471104573 -152.41571872126661 349980.42896616831422 29.13687367546157 30.73486039350441
52410.0 0.00201744058413 23.66537521295549 -152.39026362991527 349981.81520408950746 28.95684853424315 30.82349695137371
52440.0 -0.00044474257942 23.68849215960139 -152.36466113859129 349972.33303242363036 28.77736398322229 30.91253711838879
52470.0 0.00026563932105 23.71264283952778 -152.33815259758120 350048.53455015830696 28.59812666740463 31.00213859242181
52500.0 0.00226093974946 23.73566846219335 -152.31220745622991 350012.86812118720263 28.41922314468786 31.09225243033259
52530.0 -0.00059265366409 23.75863547425907 -152.28611695105883 349966.68861936312169 28.24089212500513 31.18274672052858
52560.0 0.00038034549059 23.78263558918511 -152.25910881419929 350005.40602176077664 28.06282314644209 31.27378873524622
52590.0 0.00092973289616 23.80657849081160 -152.23194355745585 350032.70359735749662 27.88528675845573 31.36522917548800
52620.0 0.00021532905847 23.83047326068778 -152.20459515560430 350046.08333197887987 27.70799188462109 31.45722495777439
52650.0 0.00074157171041 23.85431285416959 -152.17707712158847 350046.92221246659756 27.53109538651525 31.54968877089997
52680.0 0.00044675532085 23.87809390822890 -152.14939418995243 350035.73956336826086 27.35465303458294 31.64258837845247
52710.0 0.00001710416557 23.90181418398483 -152.12154842294362 350012.79344677925110 27.17868975326406 31.73590835954755
52740.0 0.00016803613521 23.92548046919221 -152.09351849995366 349976.03405746351928 27.00297320170736 31.82977393958338
52770.0 0.00071340042168 23.95017643918042 -152.06454362870414 350022.53017782047391 26.82763936543656 31.92410913771005
52800.0 0.00062384701967 23.97371658376534 -152.03617935787514 349961.73395003937185 26.65284400833654 32.01882701746943
52830.0 0.00157269800471 23.99829037164685 -152.00684915094337 349982.39644452650100 26.47829640495406 32.11408497076920
52860.0 -0.00000402548286 24.02280343064599 -151.97733319430338 349989.46625955589116 26.30408188633793 32.20983470989958
52890.0 0.00077779632863 24.04724617695651 -151.94765332529752 349985.16591528616846 26.13043730145819 32.30594481031316
52920.0 -0.00033808501184 24.07162765592608 -151.91778054112712 349966.67090595606714 25.95705505462963 32.40258219032373
52950.0 0.00069528811257 24.09703306228736 -151.88694261795374 350030.48831874039024 25.78420235669208 32.49959871723642
52980.0 0.00067616884181 24.12128002463825 -151.85670213475740 349985.66376196406782 25.61159117783463 32.59715081808487
53010.0 0.00081703828617 24.14655406270925 -151.82547532031990 350021.35210746526718 25.43937831805006 32.69515090620125
53040.0 0.00087237981139 24.17175612701382 -151.79406409151844 350044.11266195494682 25.26761640096609 32.79356848122319
53070.0 0.00081100124376 24.19578477665276 -151.76328435869121 349961.48477817513049 25.09633117211656 32.89238777278582
53100.0 0.00010061934329 24.22194320086250 -151.73067285770020 350049.52961455471814 24.92529319485546 32.99173343126626
53130.0 -0.00038839527443 24.24692818830875 -151.69868298750947 350031.30967400316149 24.75463640906776 33.09153031425181
53160.0 -0.00048197061365 24.27183226535249 -151.66651617048839 350001.13948959857225 24.58451514082266 33.19169188322135
53190.0 0.00128794059478 24.29666317287496 -151.63414376984568 349956.20005570445210 24.41464121143885 33.29237538543303
53220.0 0.00001207526670 24.32251915876154 -151.60073928115457 349988.57304968126118 24.24509877162841 33.39353305555078
53250.0 -0.00020124223222 24.34828985332232 -151.56715206522580 350008.82448192685843 24.07612287130952 33.49503372134814
53280.0 0.00090659168818 24.37398326346755 -151.53335134546981 350013.91384935285896 23.90740870319256 33.59704411659344
53310.0 0.00002716787272 24.39958945476620 -151.49936353774379 350006.56198124773800 23.73922023610081 33.69941701458745
53340.0 -0.00063893962570 24.42511565155398 -151.46515947190164 349983.88146568555385 23.57127240545894 33.80230851048105
53370.0 0.00040147513902 24.45166061851151 -151.42989920940266 350037.24506471212953 23.40372196416558 33.90563057802702
53400.0 0.00093778149812 24.47701104866962 -151.39529464733147 349987.44023707881570 23.23661847203201 34.00935434434665
53430.0 0.00134127174233 24.50337555692776 -151.35963296597276 350013.97258637938648 23.06998848133414 34.11346362409570
53460.0 0.00096293781129 24.52965390947843 -151.32374595061890 350024.74991830531508 22.90360538221042 34.21808261138887
53490.0 -0.00042159900768 24.55584036432595 -151.28764705336786 350021.19336687587202 22.73760113061530 34.32313684728127
53520.0 0.00041052952076 24.58192869934794 -151.25135229446769 350004.99057580996305 22.57212866735313 34.42854002595518
53550.0 0.00114707469605 24.60792557695790 -151.21483125999205 349973.10591515339911 22.40690227582454 34.53444941437163
53580.0 0.00032399700371 24.63493465722062 -151.17720671023361 350014.12893888819963 22.24200497049399 34.64081765318610
53610.0 -0.00082206954881 24.66184011362350 -151.13938060209830 350042.40227483771741 22.07767006321716 34.74751360776302
53640.0 0.00101123651432 24.68754044008461 -151.10221466830441 349967.55764093343168 21.91359545499823 34.85470399797040
53670.0 -0.00072949880748 24.71424293911928 -151.06395254728378 349967.00262421835214 21.75004196715747 34.96224226600925
53700.0 -0.00378031015226 24.74084555836264 -151.02545336400286 349950.24913065228611 21.58672741728411 35.07028433313052
53730.0 0.00499077379361 24.76845088972128 -150.98582646630763 350005.31206995900720 21.42380852587921 35.17874158320389
53760.0 0.00031393566033 24.79594721693247 -150.94597567528930 350045.96706673502922 21.26133186730100 35.28758668113331
53790.0 0.00015395049084 24.82222300686010 -150.90682036702967 349986.92328303959221 21.09932478579971 35.39680297054148
53820.0 -0.00019721674936 24.84950022101687 -150.86650704471967 349997.26311001088470 20.93756342018690 35.50651430826623
53850.0 0.00035016027854 24.87666453102948 -150.82596198147604 349992.56794959865510 20.77617780167934 35.61664678091183
53880.0 0.00128794059478 24.90371010847766 -150.78520232659264 349974.66177547257394 20.61531953680615 35.72711416598101
53910.0 -0.00068321166399 24.93175129726538 -150.74326165140877 350024.81032184418291 20.45470528481091 35.83807391377321
53940.0 -0.00002113083031 24.95856612241060 -150.70201277973956 349974.65016651060432 20.29441696604550 35.94947896805928
53970.0 -0.00000704282218 24.98636449254951 -150.65960970277376 349995.78552199713886 20.13468621437198 36.06119803454170
54000.0 0.00026362539774 25.01404298158987 -150.61695202546073 350000.19285063911229 19.97521617730975 36.17339698749755
54030.0 -0.00072245480341 25.04159334678312 -150.57406926142323 349990.95412501972169 19.81625935432535 36.28593173564712
54060.0 0.00233439476566 25.06902033790151 -150.53092880153579 349964.76689219567925 19.65753900773525 36.39895716728678
54090.0 -0.00167734283086 25.09742598179112 -150.48658787341094 350006.45638513751328 19.49921184054298 36.51238393773423
54120.0 0.00120543237872 25.12569887068789 -150.44200367684442 350033.19428892899305 19.34132151603224 36.62618617555550
54150.0 -0.00085426750228 25.15383634762957 -150.39717965781074 350045.39941539056599 19.18389615539907 36.74034670437291
54180.0 -0.00004427322018 25.18184139300254 -150.35208914988863 350040.36082988232374 19.02671456738770 36.85498916047685
54210.0 0.00125071256055 25.20970895305432 -150.30674744359348 350019.72148413863033 18.86990491547196 36.97004005263679
54240.0 -0.00048901461772 25.23743367656754 -150.26117293912711 349985.45276477187872 18.71361752167759 37.08541310576413
54270.0 0.00201643362248 25.26612529162817 -150.21434294351619 350015.30405642930418 18.55757133364021 37.20126611386464
54300.0 -0.00029984883408 25.29467328226856 -150.16724635984627 350028.53885561879724 18.40184721778876 37.31755223228502
54330.0 0.00026764969872 25.32307068934561 -150.11991179041490 350028.19840308837593 18.24667518939005 37.43413982523503
54360.0 0.00234646885048 25.35132155088335 -150.07230232587298 350010.48737528547645 18.09175831893353 37.55119608532801
54390.0 0.00050209684607 25.37941851653822 -150.02444993423265 349978.79943693429232 17.93735140843735 37.66857516168427
54420.0 0.00052222071473 25.40846788424382 -149.97530844154315 350009.51250879932195 17.78317778580499 37.78643308834894
54450.0 0.00005534152522 25.43736014563359 -149.92589970420732 350024.26293539628386 17.62939415166855 37.90467966348206
54480.0 0.00305483682765 25.46609231519263 -149.87622906191308 350023.66631290316582 17.47604132850670 38.02329041860188
54510.0 0.00038135008848 25.49466169227087 -149.82630045400975 350008.19176920689642 17.32314819948407 38.14224761368629
54540.0 -0.00111688475649 25.52307002172276 -149.77608566340396 349974.93082544859499 17.17049616426782 38.26167477711405
54570.0 0.00196612217802 25.55241210016705 -149.72456649663599 350004.34971952531487 17.01821157371420 38.38149872901614
54600.0 0.00066409475699 25.58158216134013 -149.67278794166768 350019.37770138960332 16.86644351340702 38.50163301792529
54630.0 0.00169243780064 25.61058265836601 -149.62071341990418 350016.22085585258901 16.71491313148562 38.62223593661346
54660.0 0.00291195582373 25.63940980690680 -149.56835339841967 349996.02878391277045 16.56370027872315 38.74326077018525
54690.0 0.00096293781129 25.66805764636744 -149.51573860213784 349962.08978078328073 16.41303341033384 38.86457537361390
54720.0 0.00036022044005 25.69762358723553 -149.46177180442049 349987.78584319166839 16.26261805588366 38.98634741503108
54750.0 -0.00027469370278 25.72700447486505 -149.40753574055967 349998.81387606076896 16.11270614140805 39.10843111736831
54780.0 0.00488512318769 25.75620197569684 -149.35299338764813 349991.31359282694757 15.96302362173375 39.23098278978699
54810.0 0.00023947604622 25.78521133171504 -149.29816618100190 349967.59598964918405 15.81372721070124 39.35391125346603
54840.0 0.00288177061168 25.81512060908030 -149.24198277494602 350004.80957193486392 15.66485495655068 39.47719339359379
54870.0 0.00037430844818 25.84483394619714 -149.18551507237495 350026.49114644806832 15.51643648949837 39.60081086706234
54900.0 0.00001006252527 25.87326292721439 -149.12981955286043 349953.47090034745634 15.36825572115129 39.72488720166000
54930.0 0.00032500514725 25.90366951026357 -149.07165463504305 350015.79913014825433 15.22043724294585 39.84934942931168
54960.0 0.00269058972286 25.93278342122716 -149.01430069093948 349987.62882196996361 15.07312895113732 39.97411080883943
54990.0 -0.00044574835920 25.96277915595749 -148.95553179754663 350016.28153264243156 14.92605410582080 40.09933028060883
55020.0 0.00105752011217 25.99148178523620 -148.89755579841193 349952.04418375995010 14.77929157892629 40.22496118590316
55050.0 0.00063692806615 26.02213787861618 -148.83708942264272 350023.88039113581181 14.63306832348783 40.35087071558846
55080.0 0.00182525627929 26.05149639107828 -148.77740722231647 350001.98118965514004 14.48709224333611 40.47722716318555
55110.0 0.00216535166880 26.08171599808657 -148.71632052275072 350039.88356901146472 14.34161247529877 40.60388466032396
55140.0 0.00164715761881 26.11063559834065 -148.65602481971757 349984.27388184424490 14.19635751504865 40.73099992753240
55170.0 -0.00032500396537 26.14040929396223 -148.59429898034332 349986.38924393709749 14.05148410575616 40.85848069712573
55200.0 0.00356498227568 26.16995443759126 -148.53226854148647 349972.41072824131697 13.90702758442816 40.98630516865067
55230.0 0.00162099434399 26.20034221603778 -148.46879959341993 350016.52650039177388 13.76301831368147 41.11445435980006
55260.0 0.00165420162288 26.23049434731636 -148.40498992965559 350041.36087780725211 13.61924263853973 41.24305189882443
55290.0 0.00019117852507 26.26040723242119 -148.34085834570314 350048.95656976290047 13.47582344215880 41.37202494015566
55320.0 0.00595371278678 26.29007744539320 -148.27642778030565 350041.80399099458009 13.33290747768201 41.50128634908941
55350.0 0.00093677690022 26.31950363216267 -148.21165683859377 350015.49583268351853 13.19022002833682 41.63099585522797
55380.0 0.00440516295171 26.34868255652464 -148.14655776451025 349971.36823204252869 13.04783902253516 41.76110678981252
55410.0 0.00363038750804 26.37867489570687 -148.07999803018859 349985.62364451028407 12.90598996861101 41.89148553664321
55440.0 0.00416669268526 26.40841126828499 -148.01309163963595 349980.75393604766577 12.76438305924907 42.02230115633120
55470.0 0.00342512097485 26.43894883299735 -147.94469994049294 350032.95503906905651 12.62326472716563 42.15340753877356
55500.0 0.00316753143763 26.46816232478887 -147.87713197183595 349993.63472626637667 12.48236592282547 42.28496194389664
55530.0 0.00179708262679 26.49816789024707 -147.80805253583313 350009.26581925433129 12.34184343537670 42.41687091068145
55560.0 0.00373804967352 26.52790210941124 -147.73864543057277 350008.55078039318323 12.20172995022671 42.54911392247735
55590.0 0.00290189448034 26.55736223235829 -147.66891653894365 349992.14288737997413 12.06205654823698 42.68167132435435
55620.0 0.00641052945102 26.58759630668347 -147.59763025003002 350027.44906162843108 11.92261192949560 42.81466693952508
55650.0 0.00205970224476 26.61649729037829 -147.52720629176520 349974.47230951301754 11.78351731878850 42.94802796464727
55680.0 0.00471909861203 26.64720993680260 -147.45404819697356 350048.34688476845622 11.64491837120730 43.08166677667901
55710.0 0.00360824971608 26.67553829344698 -147.38295005361232 349961.43266799114645 11.50654230430035 43.21574402824373
55740.0 0.00713197847466 26.70566354838506 -147.30906749308969 349997.32485505100340 11.36846613711680 43.35021298082052
55770.0 0.00161495848346 26.73548954463425 -147.23486276487654 350018.92520491592586 11.23091399007767 43.48493907969633
55800.0 0.00692872468289 26.76501194301580 -147.16028870456071 350021.12688048742712 11.09359825934348 43.62009228528027
55830.0 0.00361026363939 26.79422905852632 -147.08538730861869 350008.48460969328880 10.95676275679205 43.75552610934503
55860.0 0.00548482085585 26.82313620479210 -147.01011432698775 349976.19262333773077 10.82014080197794 43.89139847045000
55890.0 0.00664799393770 26.85276314540625 -146.93325102602688 349996.62609981000423 10.68388924717280 44.02761461686884
55920.0 0.00351366623332 26.88207072040335 -146.85604014380075 350000.72649743128568 10.54803818277418 44.16415529286556
55950.0 0.00399664617238 26.91105624711653 -146.77848841822004 349989.21966737229377 10.41261939412820 44.30100013989217
55980.0 0.00534697111457 26.93971466350250 -146.70056056438074 349958.25090239848942 10.27742385895468 44.43827326334581
56010.0 0.00890189204685 26.96906625736957 -146.62101246596748 349978.90816975757480 10.14257119172132 44.57590183060491
56040.0 0.00462954757379 26.99808240010120 -146.54112698183252 349985.03622806724161 10.00820599405236 44.71379764360506
56070.0 0.00753446057534 27.02675681731448 -146.46085739182953 349971.51816444005817 9.87405732899724 44.85212240356746
56100.0 0.00586919064741 27.05610188984135 -146.37893750398536 350008.16768781654537 9.74020133924924 44.99082924848105
56130.0 0.00635720066724 27.08509755231406 -146.29667945528280 350030.90110623557121 9.60686081388030 45.12978256451303
56160.0 0.00446050447693 27.11272701554034 -146.21532367439539 349966.25760941579938 9.47375026700615 45.26915333536115
56190.0 0.00758577779958 27.14201953977996 -146.13104379505413 350023.01986023318022 9.34111097158824 45.40879457149521
56220.0 0.00804561180314 27.16993883757149 -146.04766437772795 349992.13433832302690 9.20867853057210 45.54886496049313
56250.0 0.00764011118126 27.19849536503439 -145.96261972390010 350012.32622820232064 9.07660987768374 45.68926836905975
56280.0 0.00866241718251 27.22667937870139 -145.87721184885038 350016.46932097245008 8.94493256172851 45.82998678648751
56310.0 0.00784638467611 27.25448834008984 -145.79144847127441 350005.36735162418336 8.81367905957525 45.97099912162746
56340.0 0.00800335132440 27.28290819848249 -145.70397248598275 350041.99082611035556 8.68264254948608 46.11242984216938
56370.0 0.00712895877158 27.30994853817329 -145.61744234077577 349994.51712300907820 8.55194108288724 46.25420602238564
56400.0 0.00952574024840 27.33759278715884 -145.52924224721014 350000.15243263356388 8.42171825159384 46.39623881057398
56430.0 0.00961529010477 27.36483851845293 -145.44064259920691 349986.28048783913255 8.29170487568182 46.53869107343540
56460.0 0.00628475497644 27.39266541217684 -145.35031964695733 350021.14377646706998 8.16197625350610 46.68151577727750
56490.0 0.01205735058155 27.42008792215922 -145.25964766007604 350042.75357622466981 8.03275389919777 46.82457613909345
56520.0 0.01096461163094 27.44709575460301 -145.16857363105760 350045.19209338445216 7.90375435926018 46.96804427984585
56550.0 0.01000670508228 27.47369159111460 -145.07714589272996 350033.71794416010380 7.77521644849553 47.11177259821459
56580.0 0.00399060794809 27.49986507997814 -144.98531491691563 350002.77788910269737 7.64687796804202 47.25592065185951
56610.0 0.01331711870571 27.52561695486807 -144.89311334221347 349955.89100752025843 7.51889595211489 47.40039084179674
56640.0 0.01089920639857 27.55287067383369 -144.79781062201261 350025.44587995950133 7.39129545868778 47.54516639252947
56670.0 0.00831930090803 27.57872536317622 -144.70350733948908 350014.42675663251430 7.26410964394272 47.69022545328600
56700.0 0.01253630385587 27.60413747426525 -144.60880049140169 349984.36961511801928 7.13713381069212 47.83569292648867
56730.0 0.01326680844312 27.63006025390904 -144.51233209648876 350003.50016517285258 7.01048449302009 47.98149573729739
56760.0 0.01016266713267 27.65553522302600 -144.41550711719916 350009.45052229240537 6.88430431653376 48.12754430908880
56790.0 0.01504678454059 27.68054992777905 -144.31827316450855 349996.28863761294633 6.75832576984868 48.27400278222972
56820.0 0.01085996680479 27.70510314492660 -144.22064744159505 349965.80340769514441 6.63262333837841 48.42082390821494
56850.0 0.01426798125030 27.73013909656853 -144.12127524624927 349988.32089395262301 6.50741731776783 48.56786963509843
56880.0 0.01429615490280 27.75469744424797 -144.02149359405664 349992.16784800216556 6.38242620154620 48.71531332522869
56910.0 0.01045144884358 27.77971625016695 -143.91994200502302 350047.90698346588761 6.25788642583470 48.86300666747790
56940.0 0.01123427407109 27.80238382221418 -143.82080511212882 349954.80563354678452 6.13353790535297 49.01111018114238
56970.0 0.01267918485979 27.82642631473436 -143.71845970166646 349976.18469573836774 6.00953779491876 49.15952472398723
57000.0 0.00905885987701 27.84997578555904 -143.61573783757336 349982.89201098028570 5.88590870988895 49.30823475136834
57750.0 0.01399499890958 28.32829572414698 -140.81618159126333 350046.84722218196839 2.89885374737770 53.12846559902989
57780.0 0.01145966565482 28.34150263277452 -140.69635996267436 349996.18316042888910 2.78338187751613 53.28529140135928
57810.0 0.01802917449556 28.35488205353314 -140.57462896297716 349994.13889514561743 2.66815879895968 53.44245127625020
57840.0 0.01765084174640 28.36843380515683 -140.45103358447437 350046.95742265507579 2.55340103629200 53.59980371117248
57870.0 0.01500854954470 28.38051572588337 -140.32861466903174 350020.65030586067587 2.43883251534432 53.75752560346232
57900.0 0.00793794609203 28.39195364369388 -140.20588385559492 349985.14051222614944 2.32468355916899 53.91546626529188
57960.0 0.01097869727531 28.41440821445031 -139.95620883097462 349995.69828043319285 2.09703728935230 54.23239118653004
57990.0 0.00941505837985 28.42541346289801 -139.82930074959262 350047.06613038573414 1.98371403649251 54.39125935340536
58020.0 0.01488075996493 28.43418299463134 -139.70523150950294 349962.49498702026904 1.87076478529859 54.55036919112816
58050.0 0.01624617987689 28.44381651758669 -139.57764348047263 349988.43365015368909 1.75799200746141 54.70984783701193
58080.0 0.01717792551448 28.45275507346474 -139.44972172196387 350002.24804306682199 1.64550716200924 54.86962113308643
58110.0 0.01064162040700 28.46100828649597 -139.32150732198266 350008.29467031825334 1.53344927408827 55.02959651001928
58140.0 0.01463826657938 28.46854828510431 -139.19293749874856 349998.86834561359137 1.42155695983421 55.18994326436550
58170.0 0.01657923244422 28.47537804415394 -139.06403567866002 349976.25349922291934 1.30990192152586 55.35061304157455
58200.0 0.01022203177699 28.48226369011985 -138.93325907313366 350010.20918258186430 1.19869969137233 55.51146277525812
58230.0 0.01237229320353 28.48841659332221 -138.80213732508068 350029.50204436387867 1.08767581280267 55.67267090685196
58260.0 0.01053596861919 28.49311802345248 -138.67234854493762 349978.31922210659832 0.97705852969925 55.83408577069441
58290.0 0.01396008145050 28.49855360719362 -138.53899357687391 350038.02905447501689 0.86659516129892 55.99587199627974
58320.0 0.00932349223641 28.50179315500673 -138.40857709815126 349961.57671303208917 0.75644229677920 56.15792488071189
58350.0 0.01154921905683 28.50575765201533 -138.27463548294256 350001.72897613234818 0.64661533637938 56.32023250838571
58380.0 0.01170316482015 28.50898152861584 -138.14041689778352 350033.76723846886307 0.53714977285708 56.48276960630453
58410.0 0.01715176460342 28.51072754809780 -138.00750579760353 349988.56342506594956 0.42784984978510 56.64566399078619
