# sod		dsTEC/dt [TECU/s]		lat		lon		h_ipp		ele		azi
30.0 -0.00232735120481 26.04665326708461 -140.44665366923670 349995.07976382225752 3.49007223199159 62.06967531315003
60.0 -0.00110581896294 26.10443136772395 -140.44738370391210 350004.19456141814590 3.46454291263670 61.86704675171175
90.0 0.00152842478454 26.16228449367845 -140.44822643434003 349992.39580612443388 3.43827261810662 61.66455718035359
120.0 -0.00383967686487 26.22078057964593 -140.44757809982144 350023.65312368702143 3.41133072820095 61.46233173718762
150.0 0.00132416536073 26.27931208769260 -140.44703969459607 350036.50447716191411 3.38374743725556 61.26042654830606
180.0 0.00143987893513 26.33787528189398 -140.44661019850000 350031.04284383077174 3.35552905086901 61.05885626674016
210.0 -0.00290793152275 26.39653906732236 -140.44629519712132 350003.20809633471072 3.32652829422433 60.85737708378870
240.0 -0.00311420354025 26.45520803226230 -140.44608550825166 349958.31351528037339 3.29694485760884 60.65633038659245
270.0 -0.00623243138149 26.51521459517006 -140.44279900449044 350016.04132250975817 3.26661133146155 60.45543982989666
300.0 -0.00431158687381 26.57462693056109 -140.44121570207173 349993.54689692612737 3.23566480902353 60.25493881391363
330.0 -0.00555928046995 26.63475874680027 -140.43815279860897 350011.82576730567962 3.20398710412017 60.05463547134852
360.0 -0.00176287060227 26.69496953891892 -140.43520284757346 350009.35064938571304 3.17160480768341 59.85457911463348
390.0 -0.00312627792054 26.75587608703748 -140.43077282141735 350049.85283988807350 3.13858034873486 59.65487656269891
420.0 -0.00581787504826 26.81620161573361 -140.42804326382628 350008.25462093111128 3.10488719542063 59.45548810663185
450.0 -0.00736441199417 26.87728148200739 -140.42384005124927 350006.44959352910519 3.07044315692539 59.25628490876524
480.0 -0.00731208899016 26.93843473682317 -140.41974837181735 349984.18485765345395 3.03532052311577 59.05738899279775
510.0 -0.00349454873537 27.00031161011941 -140.41418143624477 350004.35396588686854 2.99955208303594 58.85885680878276
540.0 -0.00412443264972 27.06225220419435 -140.40872501265190 350004.92216250021011 2.96314423052058 58.66070168570740
570.0 -0.00617608422423 27.12432573905897 -140.40338645019284 349981.56414255034178 2.92594409770057 58.46268445623588
600.0 -0.00505718451029 27.18711655161561 -140.39657339428024 350001.99496929254383 2.88816011568910 58.26514004515446
630.0 -0.00933959136088 27.25003216599395 -140.38987754338012 349999.22361460607499 2.84961905779825 58.06779829646177
660.0 -0.00792013856019 27.31369655384497 -140.38171227154368 350039.16543254815042 2.81046413044753 57.87088814050908
690.0 -0.00915545595347 27.37679044815345 -140.37524113564297 349994.12653161678463 2.77057142814073 57.67421924565328
720.0 -0.00683615431090 27.44068389535061 -140.36730689976287 349988.92796066962183 2.72997062301535 57.47784231499568
750.0 -0.01243035031937 27.50536090222065 -140.35790886156482 350025.24865869246423 2.68872699632621 57.28186182620520
780.0 -0.00928022538695 27.56943044630712 -140.35019771617957 349978.09102334640920 2.64681263113087 57.08623761044585
810.0 -0.00741572811040 27.63505524241672 -140.33945851590278 350031.07813534140587 2.60414319705289 56.89084437575120
840.0 -0.00523025183426 27.70007536837356 -140.33040530994296 350000.06197149679065 2.56079378819916 56.69580084619204
870.0 -0.01041522407763 27.76590539660991 -140.31989279916945 350009.97280002944171 2.51679980942980 56.50116359813236
900.0 -0.01104510836132 27.83182883183060 -140.30949152203067 349998.83036540541798 2.47216767114503 56.30694459889024
930.0 -0.01244775756326 27.89864704191800 -140.29764369254778 350024.02871982287616 2.42673904569286 56.11290957436860
960.0 -0.01430521142669 27.96480454035050 -140.28746987829612 349967.54247844591737 2.38073089108570 55.91938648305922
990.0 -0.01088310926852 28.03258843109314 -140.27428382959724 350010.17682053521276 2.33396436398374 55.72611161307620
1020.0 -0.01545731568643 28.10046900843326 -140.26120883147090 350032.01061887200922 2.28658862521465 55.53330906385688
1050.0 -0.01174039558747 28.16850297364680 -140.24825236431070 350029.19771737884730 2.23847405248320 55.34079031042923
1080.0 -0.01356263231141 28.23667523415668 -140.23541153624276 350002.51931592822075 2.18965346983467 55.14860722436889
1110.0 -0.00747811297487 28.30495538658538 -140.22268100770563 349953.77938291057944 2.14019491333293 54.95686176041247
1140.0 -0.01013046829278 28.37488208156819 -140.20694551522490 350005.95368893817067 2.09006903060533 54.76551332979678
1170.0 -0.01586080364074 28.44498419607507 -140.19133122563105 350032.40976587589830 2.03918947056039 54.57444023100396
1200.0 -0.00968572600883 28.51522714667976 -140.17583203342903 350035.22686226107180 1.98763399544251 54.38375772854810
1230.0 -0.01543517892860 28.58559390557998 -140.16044437978144 350015.35112905222923 1.93544062420314 54.19352233713849
1260.0 -0.01166694278729 28.65608134249899 -140.14516682221455 349972.81558155920357 1.88261570250221 54.00374463599280
1290.0 -0.01095756843941 28.72833019804691 -140.12690572232754 350026.63071057945490 1.82899561045437 53.81419546196867
1320.0 -0.00455106373257 28.79990019284351 -140.11030416766883 349997.27257577516139 1.77480554875316 53.62519536421534
1350.0 -0.00452319182878 28.87244517252519 -140.09227124769478 350003.13125050347298 1.71986129574427 53.43648728734416
1380.0 -0.00623313585576 28.94591053248375 -140.07279840368341 350048.58981006219983 1.66431775721500 53.24829018339948
1410.0 -0.00949253444686 29.01876280355769 -140.05499270453342 350005.52390882559121 1.60803962663987 53.06041758651542
1440.0 -0.00919771643221 29.09258608616567 -140.03575464114934 349998.77363522350788 1.55106292701007 52.87292232104890
1470.0 -0.01281602867356 29.16655157272552 -140.01662650259428 349968.27823246922344 1.49345832525091 52.68590366299717
1500.0 -0.01237531069059 29.24148716645337 -139.99606555063684 349974.93022497836500 1.43519498431097 52.49932064764589
1530.0 -0.01517859709172 29.31662389120572 -139.97562361617014 349953.92384874727577 1.37618466106345 52.31305519037300
1560.0 -0.01066174434952 29.39357345535194 -139.95221025958546 350031.44940394535661 1.31650762363286 52.12721896675551
1590.0 -0.01401844297428 29.46903323813047 -139.93199017288978 349960.57878979202360 1.25620448131998 51.94186825570046
1620.0 -0.01331913078233 29.54630178384000 -139.90879718676200 349989.30325412005186 1.19528142630465 51.75701223542571
1650.0 -0.00858191927025 29.62380430231734 -139.88572662098355 349988.33521610312164 1.13356974491192 51.57242703586323
1680.0 -0.01081569373235 29.70144071635643 -139.86275909688345 349964.54413181636482 1.07130253334950 51.38842542279243
1710.0 -0.00814019550750 29.78097937047387 -139.83683588879046 350036.02262329496443 1.00829046297278 51.20475716552002
1740.0 -0.00689149554065 29.85898416002081 -139.81409001670281 349959.38573389314115 0.94469393048827 51.02163580360173
1770.0 -0.01111252404522 29.93889841875769 -139.78838877287410 349978.22812914848328 0.88037200610810 50.83887716121576
1800.0 -0.00699412843791 30.01901730827862 -139.76280019630866 349969.49253874644637 0.81536393626224 50.65653481180697
1830.0 -0.01337950312698 30.10016931653327 -139.73578499565420 349997.28880424238741 0.74974287165101 50.47470522607983
1860.0 -0.00739258542506 30.18151597176644 -139.70887851049378 349998.37815591786057 0.68347644372231 50.29334711211163
1890.0 -0.01310279675663 30.26396306149555 -139.68055680523520 350031.82931104674935 0.61647465384785 50.11234601146750
1920.0 -0.01070098638093 30.34661520622217 -139.65234372951312 350037.92873948253691 0.54882009180099 49.93180991484818
1950.0 -0.01418245429143 30.42945380219911 -139.62423421947040 350017.81739704031497 0.48055591382129 49.75179470947802
1980.0 -0.01006707742693 30.51247608837458 -139.59622626219522 349971.48118116892874 0.41168806471278 49.57230817434184
2010.0 -0.01250913605702 30.59752226084957 -139.56528075070284 350017.50120443012565 0.34204296168572 49.39313187692596
2040.0 -0.00994130177047 30.68273862739349 -139.53443184950194 350039.03788004629314 0.27186119633329 49.21457050192110
2070.0 -0.01176655708948 30.76820726166144 -139.50369459890021 350029.71457764133811 0.20094863178933 49.03638076611001
2100.0 -0.00641153596947 30.85385771409169 -139.47305315349072 349994.57694056071341 0.12947086393534 48.85877058726586
2130.0 -0.00909508360882 30.94065041631139 -139.44099600102510 349990.93352014478296 0.05728142735978 48.68155828695260
46980.0 -0.00068653333738 28.36896341389041 -164.77515532383998 350029.16631815396249 7.73371126533530 317.85826377646106
47010.0 -0.00222673023643 28.30885980954333 -164.67469471213022 349962.81289514992386 7.90025938076565 317.94669665235347
47040.0 -0.00115713603944 28.25061247696762 -164.57727673627369 349994.53651241865009 8.06714053546979 318.03459095663328
47070.0 -0.00105953285360 28.19210488604122 -164.48042826970664 349992.83488628920168 8.23428765100684 318.12192336395947
47160.0 0.00722424783662 28.01825822568755 -164.19684609030571 349994.05126843694597 8.73781548184459 318.38069300731922
47190.0 -0.00239174844137 27.96089286591972 -164.10462501941191 349994.95241552405059 8.90625576343436 318.46583686943222
47220.0 0.01139929227603 27.90435935503804 -164.01412024081230 350032.81372421234846 9.07516003645968 318.55047445727405
47250.0 -0.00289786958842 27.84652914346295 -163.92295675697960 349969.93844733666629 9.24427191616888 318.63452229507266
47280.0 -0.00270266617143 27.79061637109373 -163.83469405790231 350010.27326749451458 9.41382453305474 318.71805285408470
47400.0 -0.00987217583251 27.56698247709720 -163.48906683810213 349989.20004094578326 10.09537831375368 319.04662922907426
47490.0 -0.00179939556571 27.40307626766677 -163.24146366784547 350013.93281318154186 10.61009290427275 319.28720140915607
47520.0 -0.01528223628583 27.34878253544646 -163.16064786790440 350006.03561869263649 10.78239554377608 319.36628323960531
47550.0 0.00577963960917 27.29539241873388 -163.08146346834846 350033.90981059242040 10.95495821225320 319.44477512543244
47580.0 0.00491832810282 27.24183003336427 -163.00274774533159 350029.40439718402922 11.12777609505537 319.52267400190658
47610.0 -0.00906187839822 27.18808785864473 -162.92446368130118 349997.46082357876003 11.30112741140888 319.60006271946219
47640.0 0.00077980847912 27.13526820462233 -162.84779749902265 350000.18727040756494 11.47463150387206 319.67682359124723
47670.0 0.00405299229550 27.08228024573484 -162.77156054009376 349974.38715382758528 11.64859681416736 319.75304824604018
47700.0 -0.00400368840363 27.03022241362001 -162.69691445114105 349984.87068073451519 11.82276272126491 319.82865610283773
47730.0 0.00345631255761 26.97800536150415 -162.62268868239420 349966.69623950961977 11.99736852366654 319.90371720536785
47760.0 -0.00185342874991 26.92672042301198 -162.55001267680913 349988.49104937445372 12.17234347715296 319.97820814736002
47790.0 -0.00203957660328 26.87529193875746 -162.47776831734907 349978.65826459322125 12.34757108012280 320.05209225297176
47820.0 0.00762300642475 26.82480647746190 -162.40706038133627 350008.59509221743792 12.52311017392051 320.12538517273833
47850.0 -0.00910514583862 26.77417647669438 -162.33674828061885 350010.68046048842371 12.69910503995089 320.19812741215924
47880.0 0.00061680301561 26.72341077955750 -162.26684602007782 349982.63643744494766 12.87542622053978 320.27027853295010
47910.0 -0.00699110962124 26.67360212749742 -162.19846131429367 349994.36983204726130 13.05200138113999 320.34181535197308
47940.0 0.00003320491513 26.62366822610166 -162.13048360656526 349975.09975014161319 13.22882675632032 320.41273494161584
47970.0 -0.00042964938246 26.57468682382715 -162.06397171160148 350001.01767684519291 13.40618404322062 320.48311707320920
48060.0 -0.00213717919819 26.42921634115635 -161.86895956908131 350040.32517274282873 13.93980318277241 320.69053949792197
48090.0 -0.00030890439769 26.38085706080004 -161.80506311997908 350020.31822912208736 14.11839596298212 320.75849065556952
48120.0 -0.00721348150189 26.33238712249805 -161.74153572934071 349971.75390727445483 14.29735250774458 320.82584420005304
48150.0 -0.00207881856082 26.28490141690342 -161.67945677672375 349965.95693995431066 14.47655495072202 320.89256441109046
48180.0 -0.00671742228917 26.23840006923670 -161.61880600468038 350004.62523669749498 14.65606423864629 320.95866644508033
48210.0 0.00448666656987 26.19179291473402 -161.55849458096623 350016.96140541881323 14.83602531400527 321.02418870450674
48240.0 -0.00979540268855 26.14508863307030 -161.49853517926533 350000.91258992254734 15.01630785105516 321.08909200988938
48270.0 0.00245815886258 26.09829349515304 -161.43893421159365 349955.31784608960152 15.19683694941662 321.15335317472892
48300.0 -0.00633607101880 26.05249625321557 -161.38073847470432 349954.68105830717832 15.37760990737894 321.21696932888460
48330.0 -0.00526848719948 26.00768622593566 -161.32390535778779 350003.98018632922322 15.55891194218815 321.28001698926943
48360.0 0.00199429701239 25.96279772930466 -161.26742174151985 350023.14762847498059 15.74035234049393 321.34238568822366
48390.0 -0.00011671891097 25.91781944002560 -161.21125417819371 350016.72239489760250 15.92224516341102 321.40415947160011
48420.0 -0.00119134732529 25.87276615827084 -161.15542842631146 349980.80298082157969 16.10432278131834 321.46526250615091
48450.0 -0.00640549759745 25.82871319522894 -161.10094668491851 349994.90904851816595 16.28683570116681 321.52576064571355
48480.0 -0.00150326965325 25.78458206876964 -161.04677923096818 349982.46085141506046 16.46970553407151 321.58562976013008
48510.0 -0.00223075571929 25.74146375374504 -160.99395756980644 350018.30162533465773 16.65281301116737 321.64483506953070
48540.0 -0.00100519888098 25.69827413009334 -160.94144542908151 350027.32409851066768 16.83622121903993 321.70339111279230
48570.0 0.00064598362976 25.65500913436128 -160.88922752917222 350011.49016169272363 17.02007575135679 321.76133407308691
48600.0 -0.00027469370278 25.61167731793424 -160.83731538442257 349968.94604555703700 17.20424537977463 321.81862600207927
48630.0 -0.00623041923100 25.56936540611181 -160.78672107472187 349976.34376635216177 17.38865257146527 321.87524371364435
48660.0 -0.00006339130906 25.52699418950030 -160.73642979634616 349956.52649509161711 17.57329570031398 321.93118430314848
48690.0 -0.00522421457025 25.48563211284010 -160.68741194757160 349991.62914945650846 17.75846353725132 321.98652080376786
48720.0 0.00009357711204 25.44421921538050 -160.63869721969996 349998.64895716216415 17.94376020163216 322.04114654994783
48750.0 -0.00324702290531 25.40274330586773 -160.59025502022757 349981.73749180138111 18.12950258080546 322.09514148054524
48780.0 0.00421901628021 25.36229626711493 -160.54309670041505 350016.56951272115111 18.31541943772784 322.14843224422981
48810.0 -0.00401576248845 25.32179007334485 -160.49620275300154 350027.81536422204226 18.50176702807394 322.20108220715133
48840.0 -0.00139862482710 25.28123085338545 -160.44957960534961 350014.37258520442992 18.68846297575729 322.25306691374362
48870.0 -0.00205366283859 25.24062654081425 -160.40323683761309 349974.69311870355159 18.87538657017500 322.30435251521317
48900.0 -0.00182525509741 25.20104989868242 -160.35814065210951 349990.06705275084823 19.06260306786555 322.35495278354654
48930.0 0.00026664450989 25.16142107967078 -160.31329665295721 349982.43823401350528 19.25025869628588 322.40490152930965
48960.0 -0.00280127454611 25.12174847637124 -160.26871538380453 349950.13072169478983 19.43822128784433 322.45416201386001
48990.0 0.00098507442138 25.08310861060494 -160.22536528185319 349973.56736538093537 19.62641060735045 322.50271105680298
49020.0 -0.00449471576277 25.04443116302606 -160.18227535237995 349971.96883662696928 19.81482611233791 322.55054561110171
49050.0 0.00014388737463 25.00677296792380 -160.14037533557644 350030.89030744880438 20.00376015067775 322.59773493032071
49080.0 -0.00311319746501 24.96801713054889 -160.09778322925069 349981.71758300345391 20.19281158589507 322.64417635000052
49110.0 -0.00291095004396 24.93028639478841 -160.05637896712815 349992.67604296561331 20.38230012709404 322.68994540129444
49140.0 -0.00247123813623 24.89252737978165 -160.01522868807874 349978.46089952532202 20.57195086254519 322.73497133075375
49170.0 0.00199127790025 24.85579359315621 -159.97525153746452 350025.47104577906430 20.76202588158928 322.77931466664739
49200.0 -0.00170853500456 24.81796239802863 -159.93456627173748 349966.31884705834091 20.95243870462703 322.82295065753135
49230.0 -0.00214422202037 24.78116790416590 -159.89506237795803 349966.59739085473120 21.14306713796591 322.86584638293294
49260.0 -0.00118228998886 24.74540514204264 -159.85672310601592 350028.06253095529974 21.33397863252613 322.90801466572304
49290.0 -0.00225691781224 24.70854783616542 -159.81766855254878 349984.05256165377796 21.52532002256029 322.94948674490689
49320.0 -0.00209491753756 24.67272288546283 -159.77976886230320 350002.00881665665656 21.71695816307331 322.99022707725589
49350.0 -0.00269260423711 24.63687614022574 -159.74209762691174 349996.69948954880238 21.90881004255743 323.03021249559373
49380.0 -0.00001006193433 24.60100948954543 -159.70465362194560 349968.15027414262295 22.10087620596487 323.06943968225698
49410.0 -0.00206171380431 24.56616388183703 -159.66832814833359 350005.54981346614659 22.29345258669333 323.10797373232248
49440.0 -0.00119335770296 24.53130450394860 -159.63222984936783 350019.17324905376881 22.48613271069583 323.14571625011627
49470.0 -0.00461143585562 24.49641784062372 -159.59633283204670 350012.50631782785058 22.67923908784982 323.18273797023846
49500.0 0.00070132456404 24.46151898115943 -159.56065738899881 349982.57001871056855 22.87249306765852 323.21897089571490
49530.0 0.00140365490785 24.42764402886648 -159.52608458223079 350019.51444825343788 23.06616264502217 323.25447227878215
49560.0 -0.00209491812850 24.39374890370318 -159.49171154568245 350035.73502773232758 23.26015711576147 323.28921710763439
49590.0 -0.00004125410803 24.35984125594561 -159.45754652550642 350029.94957267958671 23.45435275944683 323.32317339509837
49620.0 -0.00426127616802 24.32591950057688 -159.42358328430205 350002.89641318656504 23.64881923842586 323.35635279105094
49650.0 0.00032802248657 24.29301885505611 -159.39069983330918 350044.73398780729622 23.84370395502161 323.38878370747489
49680.0 -0.00011973861405 24.25906471307572 -159.35712243755293 349977.11297741997987 24.03887274636789 323.42043179020408
49710.0 -0.00105953285360 24.22614222899103 -159.32463274860444 349976.83087539952248 24.23423974706685 323.45127389589442
49740.0 -0.00528358098739 24.19424780118853 -159.29322025342668 350044.95155493263155 24.42980658719166 323.48130628180706
49770.0 0.00020023467962 24.16129625846143 -159.26109863102366 350005.43571358174086 24.62587277582809 323.51058940224596
49800.0 0.00065805830552 24.12937784042463 -159.23005415414605 350033.91713119857013 24.82202642866392 323.53902948288703
49830.0 0.00077377143671 24.09744317979684 -159.19918240226872 350043.92019607964903 25.01859281504350 323.56669196355682
49860.0 -0.00498976919572 24.06550740337364 -159.16850229545727 350032.71324500162154 25.21528948570173 323.59351181486414
49890.0 -0.00059768551766 24.03355892904987 -159.13799378406452 350002.94731969293207 25.41239039597271 323.61954246397477
49920.0 -0.00104544602735 24.00262809859766 -159.10852489499024 350045.43826272711158 25.60980049021872 323.64475868227390
49950.0 -0.00349253717582 23.97067213128765 -159.07837581126188 349975.89467209298164 25.80739447622580 323.66912943028495
49980.0 0.00204360149520 23.93973556135157 -159.04926216195489 349978.82582674734294 26.00524423469285 323.69266490797412
50010.0 0.00025859531699 23.90878854606540 -159.02031084904240 349963.87874563783407 26.20349768214693 323.71539037436406
50040.0 -0.00452188422644 23.87885531866991 -158.99238061732396 350022.91334906592965 26.40201959543277 323.73727266721096
50070.0 -0.00130705986554 23.84790709134096 -158.96377268894685 349969.25760846212506 26.60072117323345 323.75828868171487
50100.0 0.00115009262632 23.81797559273814 -158.93618383977150 349989.54183022119105 26.79960512064100 323.77843406197292
50130.0 -0.00136139502005 23.78803139054973 -158.90874284575460 349993.39119354914874 26.99897448957328 323.79776400977494
50160.0 -0.00173067161465 23.75809598483436 -158.88147626864196 349977.07748622167856 27.19841192451682 323.81618983025663
50190.0 -0.00142679788865 23.72916064283359 -158.85519781479388 350038.38722340203822 27.39824538665236 323.83377103355178
50220.0 -0.00190776508629 23.69922704752288 -158.82825032150450 349985.46364200860262 27.59818857454018 323.85044583446864
50250.0 -0.00048599668745 23.67029217344907 -158.80228407726949 350010.82030039932579 27.79852143522014 323.86626314543855
50280.0 0.00036827081483 23.64135647648747 -158.77646872268465 350018.74540987610817 27.99914443026721 323.88119757600475
50310.0 -0.00316350772759 23.61242739578705 -158.75081145737892 350008.16945892572403 28.19993064747964 323.89521905975278
50340.0 -0.00086030454469 23.58350267519628 -158.72530670207664 349979.75529990717769 28.40095417967603 323.90833600232003
50370.0 0.00051920160258 23.55556855952119 -158.70076358450928 350031.70515801571310 28.60236338525055 323.92057009577553
50400.0 -0.00181116886210 23.52664641822714 -158.67554869448364 349969.35200629662722 28.80402193572378 323.93188938329070
50430.0 -0.00270165861884 23.49872375225656 -158.65130250494096 349986.18196925986558 29.00583800692729 323.94227081898339
50460.0 0.00016099213114 23.47080953020565 -158.62720468002738 349985.32655189838260 29.20781535892252 323.95170920259613
50490.0 0.00146905895834 23.44289019643200 -158.60323574745331 349969.31163901835680 29.41026052270352 323.96025370842068
50520.0 -0.00180009996612 23.41596743348877 -158.58022623261260 350033.39024167228490 29.61275062717185 323.96782131167924
50550.0 -0.00355391515251 23.38806394113454 -158.55654141878782 349983.24938986450434 29.81561622510910 323.97446478654416
50580.0 0.00037632059867 23.36115250882311 -158.53380649251704 350014.29630260914564 30.01856711693566 323.98012595050295
50610.0 0.00098205649111 23.33424043917678 -158.51119799643675 350030.15048562269658 30.22188924255303 323.98484833312716
50640.0 -0.00094180816286 23.30733390746967 -158.48872142242504 350029.99639389012009 30.42547844311436 323.98860645236476
50670.0 -0.00059869129744 23.28044026395404 -158.46638353552228 350012.85528086964041 30.62920613588980 323.99137125406338
50700.0 -0.00168639898542 23.25355696778422 -158.44417902608274 349979.35468865185976 30.83314860222323 323.99314891901940
50730.0 -0.00158175415927 23.22764011599180 -158.42288574730324 350031.77750594820827 31.03745454601946 323.99395704760281
50760.0 -0.00122153253734 23.20077056449827 -158.40093391078915 349967.18804740253836 31.24198648505831 323.99376491460049
50790.0 -0.00146905836740 23.17487557769306 -158.37990005610638 349987.49076224770397 31.44664948007780 323.99254956145819
50820.0 0.00086835373759 23.14899385299584 -158.35899583941705 349991.64099795278162 31.65144831264096 323.99030465712053
50850.0 0.00044373620871 23.12311150002534 -158.33820297027816 349981.96999721415341 31.85669288993360 323.98707236721350
50880.0 -0.00152439989262 23.09725023724806 -158.31754490455475 349955.32287381961942 32.06195480205646 323.98277609501025
50910.0 -0.00198222351851 23.07234085830279 -158.29777419907512 350017.39092466048896 32.26756705056059 323.97746085632099
50940.0 0.00090357257603 23.04650419186558 -158.27735993243530 349959.98661014717072 32.47323550293110 323.97107253373753
50970.0 -0.00154754287342 23.02161595144996 -158.25782677173774 349992.01588595937937 32.67925205213113 323.96364817811229
51000.0 -0.00209994939114 22.99673656142018 -158.23840803866429 350009.50150351226330 32.88550777568829 323.95516230758085
51030.0 0.00146503465736 22.97187327624411 -158.21911012500968 350011.54647563956678 33.09187236558795 323.94558693684394
51060.0 0.00007949028580 22.94702328231505 -158.19992797211009 349998.74381976574659 33.29842424520096 323.93492548149766
51090.0 -0.00129800489287 22.92218036689060 -158.18085282889979 349972.15922731906176 33.50531233742477 323.92319078604919
51120.0 -0.00092268830115 22.89827780791311 -158.16264648564820 350036.47118503134698 33.71239795324597 323.91035339895410
51150.0 -0.00049203491174 22.87346705997607 -158.14380107537849 349980.12755134329200 33.91958293945078 323.89639048904598
51180.0 -0.00011873224334 22.84959703103740 -158.12582308467935 350014.81100327894092 34.12687304789773 323.88129423757738
51210.0 -0.00125071256055 22.82572789360076 -158.10794029457483 350037.04602689016610 34.33458140864450 323.86509855885333
51240.0 -0.00094482609312 22.80188142795426 -158.09017488826905 350043.92674597166479 34.54227407682441 323.84773425545654
51270.0 0.00023243322404 22.77804236815762 -158.07250855724990 350037.73804313596338 34.75028630574243 323.82923728921264
51300.0 -0.00149521986941 22.75422593640023 -158.05495612103064 350016.52861204184592 34.95832000870477 323.80955820320685
51330.0 -0.00027871800376 22.73041866945037 -158.03750142393645 349982.29853459261358 35.16667293873382 323.78872618280752
51360.0 0.00063491473378 22.70752807837841 -158.02088603907779 350042.68703022226691 35.37523125935202 323.76671586845697
51390.0 -0.00166426296627 22.68375589591876 -158.00364103761694 349980.48004519473761 35.58386287766486 323.74350042362033
51420.0 0.00008955281107 22.66089822272584 -157.98723199824178 350013.31046043708920 35.79264828204364 323.71907981832732
51450.0 -0.00060976019342 22.63804752174568 -157.97091438920447 350033.78915548697114 36.00173644854817 323.69346130120874
51480.0 -0.00037229629769 22.61521131018523 -157.95469464300237 350041.04910879768431 36.21098742254735 323.66661675752221
51510.0 0.00011269579187 22.59239524604958 -157.93857712581780 350034.49058422259986 36.42029972941537 323.63852354125476
51540.0 -0.00081603132452 22.56959978325519 -157.92256074196382 350014.20236385241151 36.62968001623627 323.60917189986804
51570.0 0.00012879358673 22.54681051019982 -157.90662916142367 349982.17146372608840 36.83944441765247 323.57858592135096
51600.0 0.00139359297352 22.52492452931403 -157.89152199991730 350046.79099120758474 37.04915349170805 323.54670505350396
51630.0 -0.00202045910534 22.50217262177915 -157.87578261344933 349988.36131670977920 37.25914447709400 323.51355456235876
51660.0 0.00043769857536 22.48031710944569 -157.86086012073997 350027.55705771595240 37.46911532861184 323.47909041947588
51690.0 -0.00176488230956 22.45803633170329 -157.84566441550305 349999.13759821280837 37.67936949592377 323.44333218560791
51720.0 -0.00005433515450 22.43577265658141 -157.83055884874238 349958.11787843611091 37.88978806993759 323.40625478983526
51750.0 0.00029884305430 22.41396237647734 -157.81590313040979 349960.11147752590477 38.10023710628889 323.36783265703536
51780.0 -0.00059969766815 22.39259707124922 -157.80168944936023 350006.14426967222244 38.31079904070728 323.32806145363918
51810.0 -0.00024048359882 22.37123938511164 -157.78755507656155 350040.91134078148752 38.52162268599115 323.28694177121400
51840.0 -0.00054335036316 22.34947280260569 -157.77315523699124 350006.75837817508727 38.73256675400575 323.24444692478937
51870.0 -0.00154351739056 22.32773042931738 -157.75884709291333 349959.65896890405566 38.94352633085161 323.20055453962823
51900.0 -0.00021834698873 22.30685339383632 -157.74532720090681 350014.08418863359839 39.15450885223388 323.15525237193350
51930.0 0.00089753553362 22.28556052154943 -157.73153053148073 350000.78997339587659 39.36583315297773 323.10855268561124
51960.0 -0.00153144389668 22.26429590684901 -157.71782693300352 349974.33898053318262 39.57705437682323 323.06040517767451
51990.0 -0.00053328783789 22.24345899248764 -157.70454586166613 349994.34053188376129 39.78851139044447 323.01082233770069
52020.0 -0.00071038130953 22.22264636484431 -157.69135291211487 350001.78894978482276 39.99989820799085 322.95976656152027
52050.0 0.00035619673001 22.20184382983924 -157.67823328128264 349998.41891825105995 40.21152371801984 322.90724554969006
52080.0 -0.00192587621352 22.18105789879763 -157.66519202210941 349983.58171346131712 40.42326377110624 322.85323475275328
52110.0 0.00053932547124 22.16029563018234 -157.65223460587447 349956.58686291426420 40.63498249480453 322.79771001847337
52140.0 -0.00059667855601 22.14036532168497 -157.64003838560362 350034.89654967933893 40.84676410045052 322.74066162819577
52170.0 0.00039141379563 22.11963320506308 -157.62723043988152 349985.72456386685371 41.05875695413162 322.68208217877492
52200.0 -0.00044071768750 22.09972639272344 -157.61517833686378 350042.59406641032547 41.27081835483492 322.62194655384701
52230.0 -0.00026563813917 22.07903828161306 -157.60252823642395 349970.09973123390228 41.48283981759539 322.56023278322903
52260.0 0.00001609838580 22.05917378003966 -157.59063324861287 350003.85263878665864 41.69482941733819 322.49692543847613
52290.0 -0.00067415669132 22.03931376175697 -157.57880058046121 350027.94081263802946 41.90710827185977 322.43202242561813
52320.0 0.00005031026258 22.01948017049044 -157.56704934807311 350040.09682318847626 42.11922625125624 322.36548576774311
52350.0 -0.00009458348276 21.99965725685572 -157.55536402447126 350042.09384840913117 42.33152337404014 322.29731254311667
52380.0 -0.00008452095749 21.97986025386342 -157.54375742429102 350032.41168736759573 42.54368975960039 322.22747287395879
52410.0 -0.00136340776148 21.96007465197577 -157.53221529102461 350012.66461287718266 42.75603935261478 322.15595975790501
52440.0 0.00069830663377 21.94030707633236 -157.52074259968995 349982.24114480428398 42.96844258361926 322.08274950301052
52470.0 -0.00065000793074 21.92094937028082 -157.50967532789755 350000.71420928277075 43.18076156259331 322.00781961869427
52500.0 -0.00100318673049 21.90160910747979 -157.49867658952570 350008.65470719989389 43.39308203160459 321.93115364332044
52530.0 0.00028475622805 21.88227966856114 -157.48773948984223 350006.81402902863920 43.60555153927432 321.85273450091790
52560.0 -0.00048901520866 21.86296831558149 -157.47686951910765 349994.53270655032247 43.81802587562230 321.77253885765458
52590.0 0.00026764969872 21.84405765900595 -157.46639795514560 350032.13861806597561 44.03039283512497 321.69054536262917
52620.0 -0.00176588868027 21.82479189677969 -157.45566839503451 349998.24795478675514 44.24266092531519 321.60673455046992
52650.0 0.00134026537161 21.80553493725363 -157.44499480946249 349955.08033943362534 44.45515298051740 321.52108676100420
52680.0 -0.00092872711638 21.78667962246525 -157.43472015998063 349961.81891077663749 44.66741381400664 321.43357905442559
52710.0 0.00017910384931 21.76783522397817 -157.42450327431979 349959.12425897922367 44.87978396316545 321.34418976905607
52740.0 -0.00052825716620 21.74938371670363 -157.41467942569000 350007.16280431393534 45.09194973603508 321.25289847692534
52770.0 -0.00024752642100 21.73093943575897 -157.40491019516728 350046.16671880986542 45.30422958278692 321.15967986306151
52800.0 -0.00016401065235 21.71214648680478 -157.39487919023622 350013.70051255635917 45.51648832077075 321.06451159516286
52830.0 -0.00036122799265 21.69337855837534 -157.38491441354347 349970.74868503212929 45.72858593552834 320.96737321158071
52860.0 -0.00049203372986 21.67534872974259 -157.37565101981221 350042.05058241169900 45.94060935760169 320.86823981839956
52890.0 0.00056649216208 21.65661235852193 -157.36580203900408 349979.98712016176432 46.15270483115936 320.76708258057096
52920.0 -0.00092973289616 21.63860623625554 -157.35664989195570 350032.84380642045289 46.36472651996480 320.66388029061739
52950.0 0.00036625925528 21.61991490837312 -157.34692458794106 349950.70170653238893 46.57655832648845 320.55861257612656
52980.0 0.00031896633202 21.60195099455486 -157.33789582542295 349983.69663186557591 46.78820890795255 320.45125491151219
53010.0 -0.00089753435174 21.58399083415509 -157.32891389119564 350008.37918818928301 47.00000204985601 320.34176602649433
53040.0 0.00019822252913 21.56605644489958 -157.31999638957353 350022.83658716734499 47.21147782922482 320.23014159469710
53070.0 -0.00105752129405 21.54813188713441 -157.31112917068626 350028.55697833467275 47.42297646110145 320.11633703281439
53100.0 0.00045681725518 21.53023239680570 -157.30232406130028 350024.25953546445817 47.63418057788319 320.00034368022801
53130.0 -0.00123058928283 21.51234287624961 -157.29356772093902 350011.33374520298094 47.84541235937102 319.88211334769483
53160.0 -0.00003119158276 21.49447066182535 -157.28486541409617 349989.19664474949241 48.05652066483879 319.76162661113983
53190.0 -0.00072144843270 21.47662169575703 -157.27622118756196 349957.40246101003140 48.26738349769077 319.63886413956720
53220.0 -0.00045681725518 21.45945793750444 -157.26825211399873 350044.00707846600562 48.47807837259607 319.51379126037534
53250.0 0.00023947663716 21.44163733872611 -157.25970885110911 349994.53963036369532 48.68874959018418 319.38636482872198
53280.0 0.00005735308477 21.42416521874475 -157.25152763461463 349999.98051285929978 48.89924954388866 319.25656634013126
53310.0 -0.00027368674113 21.40671463520381 -157.24340196921693 349996.06486688740551 49.10945804791343 319.12437702086834
53340.0 0.00002917943227 21.38960917057903 -157.23563827988258 350047.26960214227438 49.31938352662335 318.98976611003781
53370.0 -0.00015998635137 21.37186189537183 -157.22730105982117 349961.75377759896219 49.52934968691437 318.85266567856365
53400.0 -0.00027469311185 21.35478597089981 -157.21963580652135 349995.56795306224376 49.73889233442905 318.71309479273702
53430.0 -0.00048599727839 21.33771759663645 -157.21201396972216 350021.30295049399137 49.94835024638743 318.57098075164924
53460.0 0.00028374985734 21.32067200431047 -157.20444697310725 350037.78596026264131 50.15740259051157 318.42632984027932
53490.0 0.00018715304221 21.30363381901957 -157.19692185108684 350046.30070573929697 50.36637419906162 318.27906528946983
53520.0 -0.00119637681510 21.28661001625502 -157.18944344444418 350046.33851889241487 50.57511803104021 318.12917028798040
53550.0 0.00067315091154 21.26960745034216 -157.18201643467324 350037.41636923328042 50.78348941849949 317.97663059526081
53580.0 -0.00082005621644 21.25262194976494 -157.17463679067620 350019.91828882321715 50.99157608405807 317.82139788325878
53610.0 0.00038034489965 21.23564678008057 -157.16729852295251 349994.41335683036596 51.19951954647781 317.66341167105480
53640.0 -0.00018312933217 21.21868899353822 -157.16000646384722 349960.40547703579068 51.40717025853264 317.50265715920517
53670.0 -0.00050612114705 21.20235223299511 -157.15336433570400 350049.11772904172540 51.61440372692484 317.33911826853921
53700.0 -0.00016401183423 21.18543586996968 -157.14616999809533 349997.66562388371676 51.82122763428807 317.17275676775091
53730.0 0.00036827140577 21.16882119817310 -157.13931067566526 350004.66532706096768 52.02796423074128 317.00347187678312
53760.0 -0.00070937375694 21.15223141263416 -157.13250285628308 350002.71117061097175 52.23414572477230 316.83131253805948
53790.0 0.00040046876831 21.13565045997289 -157.12573346333704 349993.04058510996401 52.44010797891708 316.65617160506093
53820.0 -0.00028475504617 21.11909358659214 -157.11901355286099 349974.58484610076994 52.64552702604504 316.47807476620818
53850.0 -0.00020023586150 21.10283003477844 -157.11262656793878 350015.06836116313934 52.85072887502044 316.29690967191925
53880.0 -0.00006842079887 21.08657733072702 -157.10627997184702 350047.71539640333503 53.05556023486242 316.11266495190984
53910.0 -0.00049706558344 21.07006216248330 -157.09968345341207 350005.30692230351269 53.25987387646968 315.92533166146131
53940.0 -0.00026261961797 21.05356507248312 -157.09312914442367 349954.74190713837743 53.46375674246883 315.73484582086905
53970.0 0.00024652005029 21.03735467991397 -157.08690493362840 349963.54912592377514 53.66734648136936 315.54112621512036
54000.0 -0.00042361174911 21.02115783587220 -157.08072062974503 349964.49997698701918 53.87049141978609 315.34416353302106
54030.0 0.00045279177232 21.00498052459408 -157.07458010337567 349957.22835074272007 54.07306079892678 315.14394690901662
54060.0 0.00039040742492 20.98909017274867 -157.06877401283822 350009.18969362694770 54.27506435161487 314.94042849459402
54090.0 -0.00110682518592 20.97293267337760 -157.06270591080582 349986.86790237389505 54.47681932534874 314.73346783971436
54120.0 0.00008452154843 20.95706402725384 -157.05697487492998 350023.63565247971565 54.67785532173137 314.52315270041885
54150.0 -0.00056045630155 20.94093909132894 -157.05098631582575 349985.56133530102670 54.87850334988259 314.30933404784582
54180.0 0.00025456983413 20.92509731335801 -157.04533178099686 350006.95032074954361 55.07843683213989 314.09206337444539
54210.0 -0.00003924136660 20.90925949763196 -157.03970819934065 350021.30448722653091 55.27798096265814 313.87118445056080
54240.0 -0.00034110412399 20.89317933207076 -157.03383196815156 349960.15782972890884 55.47697603751027 313.64669481267526
54270.0 -0.00004729174138 20.87762427293516 -157.02857273746065 350027.18145470693707 55.67527213102898 313.41859377679896
54300.0 -0.00040650640166 20.86158053600897 -157.02277407685776 349950.39842297602445 55.87295429687498 313.18679904877450
54330.0 0.00032902944823 20.84604083165654 -157.01758076634945 350003.00797014590353 56.07015492819180 312.95120525738332
54360.0 -0.00024048359882 20.83050985571485 -157.01242162562556 350048.34072873648256 56.26672006650733 312.71181178271456
54390.0 -0.00056045511967 20.81475234612012 -157.00701477123462 350017.50972923915833 56.46251597259547 312.46861538037342
54420.0 0.00054837985298 20.79901380756742 -157.00164587067482 349978.94486182462424 56.65754672138586 312.22156042893079
54450.0 0.00005333055661 20.78351491168702 -156.99658765134265 350002.39243576768786 56.85212560008492 311.97045747347579
54480.0 0.00018614785337 20.76803658550546 -156.99156998383421 350017.98159415367991 57.04578108890938 311.71544558330157
54510.0 0.00016702917355 20.75256270301890 -156.98658062308539 350026.72395841963589 57.23883683923101 311.45632564859756
54540.0 0.00029079386140 20.73710851878298 -156.98163005541741 350027.73986389581114 57.43096452454855 311.19318434081907
54570.0 -0.00007043472218 20.72165791882339 -156.97670610812051 350022.02049315534532 57.62248589633858 310.92581229030770
54600.0 -0.00084118704675 20.70621829980542 -156.97181358861260 350009.15625925734639 57.81323482642576 310.65422182366524
54630.0 0.00017809866048 20.69079641906396 -156.96695680241535 349988.78923143539578 58.00305867510601 310.37842571645814
54660.0 -0.00024350212002 20.67538767374910 -156.96213189791004 349961.22331472858787 58.19203923714111 310.09832148205140
54690.0 0.00020325320083 20.66020133694667 -156.95761406020773 349996.41412352770567 58.38030195578533 309.81377694693077
54720.0 -0.00048297816625 20.64502314114555 -156.95312615157098 350024.64598884619772 58.56769056529623 309.52480589102976
54750.0 0.00022740196141 20.62964816575889 -156.94839236007792 349975.88816497568041 58.75406660414370 309.23141948354169
54780.0 -0.00008351458678 20.61450005372811 -156.94397122917354 349989.57990171387792 58.93943103279683 308.93355460243902
54810.0 -0.00055341229749 20.59934966470154 -156.93957110526406 349996.97698754444718 59.12408842982444 308.63096498503268
54840.0 0.00066811964891 20.58421917019728 -156.93520718494440 349996.89251369144768 59.30756843856821 308.32385863157441
54870.0 -0.00011973861405 20.56909242934407 -156.93086755061972 349990.23424634709954 59.49018421669695 308.01197834904656
54900.0 0.00004930448281 20.55418277185250 -156.92683967870741 350046.38410070259124 59.67160714948894 307.69545984918102
54930.0 0.00054234399245 20.53887966589885 -156.92227991185800 349955.72464218642563 59.85215219842082 307.37403138941153
54960.0 -0.00057353675709 20.52397773115848 -156.91830103054792 349998.74051526281983 60.03164717218898 307.04772996576997
54990.0 -0.00024752642100 20.50908755587527 -156.91435282194720 350034.76423602830619 60.20993702445038 306.71659075695538
55020.0 0.00014791226655 20.49401672434285 -156.91015607201555 349993.55884437076747 60.38709874071620 306.38049136315385
55050.0 0.00009357652110 20.47913640548038 -156.90625683669043 350016.43361112661660 60.56324889461830 306.03927244508407
55080.0 -0.00060372256007 20.46408069591410 -156.90210902766339 349961.95815682131797 60.73822926961357 305.69297206392810
55110.0 0.00044172405822 20.44922317674990 -156.89826587982745 349971.12620826158673 60.91189711238032 305.34162649336719
55140.0 -0.00026664391895 20.43437790824895 -156.89445132621074 349973.41944584902376 61.08424944662298 304.98516983479152
55170.0 0.00010263208472 20.41952916706139 -156.89065400312273 349969.63262169715017 61.25557848454520 304.62329231055071
55200.0 -0.00052423286522 20.40469915593879 -156.88688881851095 349958.70509708486497 61.42541862254502 304.25629548298127
55230.0 0.00004729233232 20.39004100399821 -156.88341652384219 350012.51171483937651 61.59406881085948 303.88385815850671
55260.0 0.00004427322018 20.37522878791189 -156.87970199688033 349988.28934405278414 61.76120266563385 303.50618533830351
55290.0 0.00025054494221 20.36058183977316 -156.87627772687122 350029.05414964165539 61.92712433460500 303.12293565519383
55320.0 -0.00036122740171 20.34577725402294 -156.87260503354025 349992.10419833753258 62.09165672386558 302.73418675434851
55350.0 0.00006540286861 20.33114703182291 -156.86923077643934 350019.65834946371615 62.25464342283156 302.34001088881394
55380.0 0.00020526535132 20.31652232277006 -156.86587959959058 350040.74975305516273 62.41615514006965 301.94027026847806
55410.0 -0.00032600974514 20.30174303750178 -156.86227648683251 349984.20100800879300 62.57629771494670 301.53478260607693
55440.0 0.00040248210068 20.28712525814277 -156.85896592409392 349992.65784317720681 62.73491218592699 301.12362635903690
55470.0 -0.00016904191498 20.27251914450873 -156.85568131483885 349994.43926785886288 62.89185288566574 300.70688012034640
55500.0 0.00006137856763 20.25792371750065 -156.85242153659206 349989.61623608134687 63.04711256783733 300.28448542488724
55530.0 -0.00031896869578 20.24332318615481 -156.84917541072889 349978.89271890372038 63.20096703867749 299.85606662227696
55560.0 -0.00005433397262 20.22887967944596 -156.84622562705692 350033.16450372431427 63.35296112338823 299.42205194401339
55590.0 0.00097601885776 20.21429456250088 -156.84302437958016 350009.53758298978209 63.50337557506759 298.98205517708118
55620.0 -0.00071038071859 20.19972571501891 -156.83984998577921 349979.15966589003801 63.65189055545240 298.53637873652673
55650.0 0.00102834127084 20.18528813737600 -156.83695753323192 350014.77451649401337 63.79879499949391 298.08460919987795
55680.0 -0.00072849184582 20.17085248555626 -156.83408429025945 350044.17042263131589 63.94390959677672 297.62688876045547
55710.0 0.00039745024710 20.15629909053705 -156.83096819657473 349994.95313915889710 64.08707904474227 297.16334871649508
55740.0 0.00038940105420 20.14187838779548 -156.82813812670256 350011.57088783476502 64.22836694082778 296.69384679956357
55770.0 0.00022337766043 20.12745454682496 -156.82532260028037 350022.22350893542171 64.36786717423934 296.21818895325248
55800.0 -0.00036726503505 20.11291610971003 -156.82226065729213 349954.34526983182877 64.50542286149710 295.73651762817019
55830.0 0.00012678261812 20.09850840735450 -156.81948657323210 349952.28495196439326 64.64088855240982 295.24897851401943
55860.0 0.00041254344406 20.08422217305310 -156.81699814515383 350016.27237091027200 64.77425359141012 294.75553764155882
55890.0 -0.00063692747521 20.06981337037130 -156.81425523019686 350002.13348552305251 64.90577355069109 294.25575831152651
55920.0 -0.00007747754437 20.05541972837975 -156.81153706442763 349981.41385920625180 65.03501246999232 293.75023573631086
55950.0 0.00036223377242 20.04112958911125 -156.80909577111342 350027.30984290689230 65.16222930160184 293.23852512282645
55980.0 -0.00017709288070 20.02674652714622 -156.80641413692464 349994.17540026735514 65.28711783361327 292.72106096956310
56010.0 0.00007848391508 20.01236077917536 -156.80374408263697 349955.17045729607344 65.40994767216185 292.19736252628394
56040.0 -0.00009156377968 19.99807660842597 -156.80135290802829 349982.73907470144331 65.53054248584114 291.66766736048976
56070.0 0.00025658198462 19.98379894265551 -156.79898164728209 350004.03673898149282 65.64875289943694 291.13219363169458
56100.0 0.00033707864113 19.96952266544847 -156.79662649305055 350019.25987038109452 65.76463602219685 290.59081176370626
56130.0 0.00007143991102 19.95524103532258 -156.79428257126278 350028.65051335841417 65.87827411233488 290.04333403452921
56160.0 0.00058460565307 19.94087557402082 -156.79169290182602 349959.09139289055020 65.98951773582525 289.48999526702721
56190.0 -0.00042260656027 19.92668809785300 -156.78964439262282 350029.08295111078769 66.09822747947541 288.93103726024532
56220.0 0.00084521193867 19.91242192839365 -156.78735274772990 350019.98918583150953 66.20439218877038 288.36647188447370
56250.0 -0.00054234399245 19.89814632321849 -156.78506806782710 350005.23845594562590 66.30824448180289 287.79581346391853
56280.0 0.00050813270660 19.88388359226083 -156.78280474240350 349984.12259708158672 66.40938036640206 287.21986337081967
56310.0 -0.00010866971807 19.86961758997543 -156.78055168598013 349957.17273744661361 66.50803468179497 286.63813120310476
56340.0 0.00030286853716 19.85543212965779 -156.77857781037389 349997.05380517523736 66.60392545248791 286.05121627182524
56370.0 0.00024551367957 19.84123592839258 -156.77661156752265 350031.25223265029490 66.69729997021679 285.45858080325473
56400.0 0.00010766334735 19.82697427745762 -156.77439944116131 349986.32178230769932 66.78799336367973 284.86058726131643
56430.0 0.00059567277623 19.81278243022059 -156.77246285665575 350008.44282720610499 66.87586998941639 284.25756553030396
56460.0 -0.00008854584941 19.79853216337867 -156.77028116457811 349951.35439501330256 66.96098322396193 283.64941570873970
56490.0 0.00048197179553 19.78433415673553 -156.76836576805522 349961.75787719525397 67.04340627243629 283.03597480216246
56520.0 0.00041556314715 19.77013496974384 -156.76646242523898 349966.23427848145366 67.12300551675476 282.41759215588320
56550.0 0.00018312933217 19.75594098687218 -156.76457496068886 349964.61613589804620 67.19965644013172 281.79462696203677
56580.0 0.00029984883408 19.74175095362904 -156.76270216526666 349956.95559775270522 67.27335268695249 281.16715207332851
56610.0 0.00017306739784 19.72759216009051 -156.76108965305349 350017.10412927158177 67.34430296205576 280.53464547757187
56640.0 0.00054435673388 19.71339762677733 -156.75923847070092 349997.67840906325728 67.41215159613509 279.89813365800990
56670.0 0.00042159900768 19.69923490931797 -156.75765033569726 350045.95643406640738 67.47710879271990 279.25709201742973
56700.0 0.00031997329368 19.68504129860542 -156.75582283381885 350014.66126497182995 67.53893042668373 278.61229688874209
56730.0 -0.00020124045940 19.67083980425058 -156.75400034138340 349977.68523728288710 67.59783994458462 277.96316072965914
56760.0 0.00078584552153 19.65666794968421 -156.75244306479831 350008.33840267732739 67.65369516802861 277.31018127499482
56790.0 0.00001811230911 19.64249759199291 -156.75089936396685 350032.98801591619849 67.70638422639630 276.65380430830965
56820.0 0.00035116428550 19.62829988357966 -156.74911083004537 349978.22132902033627 67.75596118942026 275.99396219492871
56850.0 0.00058863054499 19.61411795527492 -156.74758203528654 349991.29781094007194 67.80249458655543 275.33052094479945
56880.0 0.00051215759852 19.59993210927455 -156.74606215740457 349998.52530663367361 67.84587674148270 274.66394138240275
56910.0 0.00028073074519 19.58574881616365 -156.74455507157072 349999.76355772837996 67.88600848471893 273.99469433324606
56940.0 0.00048096660670 19.57156673560172 -156.74305952935765 349995.05719994660467 67.92289464977553 273.32290592331174
56970.0 0.00092470222446 19.55736984858928 -156.74156466119965 349984.77002068515867 67.95672024711335 272.64801860366879
57000.0 0.00031896633202 19.54318054786065 -156.74008477921265 349968.41323498729616 67.98719494855584 271.97125860616376
57030.0 0.00076974654479 19.52898635292463 -156.73886159287730 350019.99699326884001 68.01450469499393 271.29206459385483
57060.0 0.00110984370712 19.51479251951242 -156.73739926284335 349991.91212313529104 68.03845682026730 270.61136050651942
57090.0 0.00009760200396 19.50058789086479 -156.73593876880821 349958.17474427819252 68.05924975479469 269.92850217239499
57120.0 0.00106758322838 19.48637611718184 -156.73473720287345 349992.28543398622423 68.07677508281483 269.24409530722153
57150.0 0.00052322590356 19.47216305892824 -156.73354618378070 350020.45931275002658 68.09095392470729 268.55866863467651
57180.0 0.00079490226702 19.45794325490151 -156.73236177167993 350042.81178380176425 68.10184476521120 267.87216262105505
57210.0 0.00105550855262 19.44372347929735 -156.73092815485239 349985.78472218848765 68.10951525600800 267.18445056857854
57240.0 0.00094281394263 19.42948629982051 -156.72975171389896 349996.62553142663091 68.11389201561887 266.49606338745360
57270.0 0.00053630695004 19.41524887018091 -156.72858505019036 350001.53784751798958 68.11490955324815 265.80753912633378
57300.0 0.00104343446780 19.40100976726519 -156.72742686985620 350000.55822824779898 68.11258815360692 265.11901851111992
57330.0 0.00074056652158 19.38675292274644 -156.72626627366867 349993.96955546364188 68.10708843101899 264.42989189913931
57360.0 0.00088948456790 19.37250077813408 -156.72511761502457 349981.38959461916238 68.09819773140661 263.74150778984188
57390.0 0.00120744571109 19.35820665037911 -156.72421952190220 350036.77882242854685 68.08607675039460 263.05324913083848
57420.0 0.00085527387300 19.34394424967815 -156.72308238651874 350012.52121736016124 68.07059295340690 262.36611423742340
57450.0 0.00092671437495 19.32966800629119 -156.72194393602177 349982.59330901317298 68.05191680421990 261.67938268204659
57480.0 0.00102129726677 19.31534748945101 -156.72105833601367 350020.52370444871485 68.02998012744146 260.99370494608456
57510.0 0.00140264971902 19.30106481939878 -156.71993174674958 349978.88087387103587 68.00474120791517 260.30962803697429
57540.0 0.00140164393924 19.28673324293387 -156.71905750320013 350005.07624288368970 67.97626283491876 259.62705694868356
57570.0 0.00068119892256 19.27243302789558 -156.71793402019452 349951.89988384302706 67.94461198229095 258.94583281311498
57600.0 0.00145094724017 19.25802751283392 -156.71730943093965 350040.17063250113279 67.90975213319307 258.26648928278701
57630.0 0.00098910049518 19.24372007598106 -156.71619602255444 349975.27648897096515 67.87165378169179 257.58956365513023
57660.0 0.00108066309297 19.22935737378691 -156.71533587074921 349978.12440011464059 67.83035175334621 256.91515828394910
57690.0 0.00212711608198 19.21497390577183 -156.71447019699642 349975.29108258336782 67.78597883057238 256.24259176805276
57720.0 0.00067113935199 19.20053009025587 -156.71386027057389 350040.06862324010581 67.73840311436268 255.57323154550923
57750.0 0.00146201554522 19.18619607025953 -156.71275466765488 349951.94657168351114 67.68775623418435 254.90638702526451
57780.0 0.00144289745633 19.17173325541955 -156.71215000787817 350004.99164136499166 67.63396602723276 254.24304317725642
57810.0 0.00167633646015 19.15731841664677 -156.71129428456692 349978.75164825748652 67.57716938580018 253.58239093407599
57840.0 0.00149320771892 19.14282198482834 -156.71068543303420 350020.17317406740040 67.51733766368649 252.92505613200723
57870.0 0.00176186437929 19.12839484645061 -156.70983556350492 349982.18329621106386 67.45446345095765 252.27153929218179
57900.0 0.00200335375789 19.11388136645764 -156.70923200281123 350011.80880413390696 67.38860899023602 251.62167471688167
57930.0 0.00142981640986 19.09934848035888 -156.70862416865114 350035.61428267508745 67.31983645629235 250.97524131325832
57960.0 0.00236055626767 19.08488777247442 -156.70777117329118 349980.13366275653243 67.24814194842571 250.33271639504284
57990.0 0.00178098128630 19.07033883046877 -156.70716709524501 349992.13798336964101 67.17352754922912 249.69457985176621
58020.0 0.00175582792782 19.05578222180810 -156.70656541938772 349998.22036976646632 67.09603668479357 249.06085980345978
58050.0 0.00305584319836 19.04120178699760 -156.70595505723574 349998.50489829946309 67.01576894426248 248.43080327787931
58080.0 0.00170551766524 19.02662007900702 -156.70535060457448 349992.81865320634097 66.93266692863037 247.80571098456920
58110.0 0.00202045792346 19.01202103773820 -156.70474102962976 349981.27949335053563 66.84682787538927 247.18482394628819
58140.0 0.00234445729093 18.99731792698224 -156.70437965285836 350037.01085440814495 66.75823275106080 246.56905027404900
58170.0 0.00220056873442 18.98269405742915 -156.70376691895493 350013.64225592184812 66.66697856774132 245.95750605438070
58200.0 0.00240482948785 18.96805918753721 -156.70315215414902 349984.37202484533191 66.57306985445540 245.35074940340593
58230.0 0.00182726783884 18.95330917192386 -156.70278209802117 350022.29140501935035 66.47652573584452 244.74919962804057
58260.0 0.00267348555728 18.93865699724056 -156.70216696288048 349981.14708478562534 66.37740080179239 244.15261499329193
58290.0 0.00267751044920 18.92387158603067 -156.70178704620730 350007.17983763571829 66.27574647393055 243.56071070917483
58320.0 0.00236659331008 18.90918972916580 -156.70116177370656 349954.21376317366958 66.17158325458918 242.97388172572261
58350.0 0.00266442999367 18.89426003550074 -156.70102110592262 350041.26276363059878 66.06493680230616 242.39252780840485
58380.0 0.00265336168862 18.87956423439939 -156.70039640619618 349976.36086495313793 65.95585145458513 241.81659993806983
58410.0 0.00263927545332 18.86471929124434 -156.70000142236745 349978.47687452938408 65.84438922644770 241.24529984735761
58440.0 0.00304779341452 18.84987009914913 -156.69960928722543 349974.56718524266034 65.73055568431840 240.67981755754397
58470.0 0.00230521415151 18.83486690074421 -156.69944951703056 350037.47719918843359 65.61440985901015 240.11935584804183
58500.0 0.00331242577392 18.81998981230607 -156.69905059918932 350021.51740634068847 65.49597530836057 239.56472185719770
58530.0 0.00260908905939 18.80508949894923 -156.69864062654381 349999.56636649183929 65.37530521060170 239.01499378553984
58560.0 0.00273385834514 18.79003297454463 -156.69846539031931 350044.27102768514305 65.25242917293431 238.47065301947538
58590.0 0.00339895888190 18.77510866506648 -156.69804896293590 350010.24296266958117 65.12738419923789 237.93203669204519
58620.0 0.00356800138782 18.76017123703915 -156.69762714161774 349970.20135818980634 65.00021132733453 237.39884793183640
58650.0 0.00295421630248 18.74506328901535 -156.69743425128632 349996.66057617031038 64.87094663870818 236.87076016361954
58680.0 0.00235955048790 18.72993652416668 -156.69723467434727 350016.99336668942124 64.73962675628975 236.34809052570472
58710.0 0.00336273544556 18.71479790269439 -156.69703275015218 350031.20215298794210 64.60629309943894 235.83116522850307
58740.0 0.00360724393630 18.69964569749785 -156.69682692690554 350039.28617668338120 64.47098480811998 235.31987868562419
58770.0 0.00305483682765 18.68446366321268 -156.69660574532304 350041.21307483874261 64.33372513717282 234.81342557006633
58800.0 0.00317558240335 18.66927448822754 -156.69638426741969 350037.01724680606276 64.19457031508927 234.31287717288347
58830.0 0.00310112278925 18.65406216387708 -156.69615117926983 350026.66150850616395 64.05354074884124 233.81743692181590
58860.0 0.00275498917545 18.63883948262656 -156.69591482611582 350010.17418706696481 63.91068839778199 233.32768385096460
58890.0 0.00387288030265 18.62359296995109 -156.69566558711162 349987.51051080226898 63.76602974636117 232.84294684457387
58920.0 0.00329230190526 18.60833618671888 -156.69541235533563 349958.71059290971607 63.61962123402625 232.36382849276382
58950.0 0.00306892424483 18.59288381204853 -156.69538713708837 349995.70759865455329 63.47148879426643 231.89000698792461
58980.0 0.00382156485123 18.57740299828773 -156.69534799880134 350026.38563284650445 63.32165282476332 231.42114247488175
59010.0 0.00346637567382 18.56208528458816 -156.69506305903028 349978.93118757475168 63.17015923305963 230.95749664946985
59040.0 0.00333254964258 18.54657057922409 -156.69500899644206 349997.10139082651585 63.01705887419505 230.49934495579899
59070.0 0.00369880771598 18.53103924695473 -156.69494793608922 350008.99125654995441 62.86238317144876 230.04655276211571
59100.0 0.00345732011020 18.51547500904098 -156.69486818773777 350014.49672385025769 62.70612165849498 229.59833791256318
59130.0 0.00370987661196 18.49990061842433 -156.69478510178411 350013.74723624996841 62.54836762554245 229.15567160652313
59160.0 0.00362434869281 18.48430010255188 -156.69468718113805 350006.63542703818530 62.38910846682249 228.71778638971941
59190.0 0.00447861678604 18.46868623314362 -156.69458289077681 349993.24194473400712 62.22841401945510 228.28519289757281
59220.0 0.00389803602488 18.45284073702254 -156.69469643092188 350044.82173939701170 62.06627278366751 227.85724245915389
59250.0 0.00362133017161 18.43718402293456 -156.69456859469653 350018.68097397312522 61.90275991936823 227.43447426909518
59280.0 0.00431661828418 18.42150802714390 -156.69442900571727 349986.19786158390343 61.73788587011179 227.01656275133212
59310.0 0.00350058577778 18.40559305584571 -156.69450585978100 350018.44941893499345 61.57165577590392 226.60317393760616
59340.0 0.00422203539236 18.38965325797276 -156.69456956806243 350044.19137987866998 61.40412144813875 226.19453005888167
59370.0 0.00336575455771 18.37391467186266 -156.69439219128813 349992.49198628589511 61.23534020012478 225.79087125559323
59400.0 0.00371390091294 18.35794052093114 -156.69443742317145 350005.38982444442809 61.06533484414479 225.39205182331611
59430.0 0.00449069146179 18.34193054378579 -156.69446044173819 350011.64203848782927 60.89406466598411 224.99733115371919
59460.0 0.00398557609452 18.32590756424131 -156.69447693888557 350011.47378357127309 60.72165283211311 224.60759319849103
59490.0 0.00386785081284 18.30985564679526 -156.69447519459570 350004.70802959054708 60.54805755745863 224.22211615180510
59520.0 0.00427435780543 18.29378754625493 -156.69446382025541 349991.47773773968220 60.37336219869910 223.84135643404775
59550.0 0.00411135234192 18.27745410518525 -156.69466352856242 350042.13519162591547 60.19753041155046 223.46470255545444
59580.0 0.00356095738376 18.26133760620742 -156.69462185190511 350015.71900055091828 60.02065208678270 223.09264327549761
59610.0 0.00462351112232 18.24519898336073 -156.69456499126184 349982.74630409013480 59.84272316417628 222.72486320667633
59640.0 0.00399261950764 18.22878779739774 -156.69471771717056 350013.38878011237830 59.66373509485427 222.36104621193189
59670.0 0.00432969873971 18.21234904645013 -156.69485379439783 350037.28240198455751 59.48374357876838 222.00138738717462
59700.0 0.00423209673575 18.19613961398870 -156.69474883227829 349984.42413362767547 59.30281067111007 221.64610314550842
59730.0 0.00358410095550 18.17966116626032 -156.69485968638236 349995.05608297325671 59.12095084439254 221.29504837793564
59760.0 0.00483481351605 18.16314417049985 -156.69494457296852 349998.75077350530773 58.93809731343342 220.94753292811617
59790.0 0.00398456972380 18.14661152554081 -156.69501957986324 349995.83007681369781 58.75439744803596 220.60436589249449
59820.0 0.00461948563946 18.13004733521388 -156.69507272417687 349986.04765148553997 58.56978464701086 220.26487843545192
59850.0 0.00375314287048 18.11320089967603 -156.69534033865889 350039.23430043086410 58.38435268288123 219.92948396170044
59880.0 0.00429246952360 18.09658283485151 -156.69535668649195 350015.78313219361007 58.19804399188844 219.59761469302768
59910.0 0.00439308945783 18.07994631666609 -156.69535927696279 349985.64369254000485 58.01096031778731 219.26971901347113
59940.0 0.00456213137281 18.06301333430273 -156.69556957660535 350018.07026709988713 57.82308473081294 218.94549909077017
59970.0 0.00439007152757 18.04604373418948 -156.69575519935742 350043.38502469100058 57.63439702568152 218.62466230621891
60000.0 0.00453395772031 18.02932127428846 -156.69569460310689 349992.51005545724183 57.44495562031000 218.30738488098729
60030.0 0.00410028403688 18.01230169252900 -156.69584479832901 350004.01180195529014 57.25482634491041 217.99386704545759
60060.0 0.00403186205612 17.99525745684049 -156.69597765262577 350008.57764115091413 57.06401616064107 217.68397058479326
60090.0 0.00461042948491 17.97817219155021 -156.69608052090652 350005.88725127186626 56.87243640679684 217.37705783206721
60120.0 0.00464564655053 17.96106887630600 -156.69616994584163 349996.36060779634863 56.68025414242501 217.07387360947649
60150.0 0.00412443397933 17.94364076459650 -156.69645770204272 350048.36098483577371 56.48738221519973 216.77380298092760
60180.0 0.00447056641126 17.92647964056941 -156.69650428861485 350024.66735150385648 56.29392253972579 216.47722449849266
60210.0 0.00493040277858 17.90928383417830 -156.69652351752225 349993.77578661963344 56.09979988944764 216.18361503219614
60240.0 0.00463860372834 17.89206730204410 -156.69652533566710 349955.95910218171775 55.90512570905928 215.89338990161335
60270.0 0.00436290365484 17.87422010804488 -156.69694961430275 350047.60799964051694 55.70987199765445 215.60627158890125
60300.0 0.00525943104493 17.85693758895334 -156.69689996511423 349995.29640967957675 55.51400895586480 215.32199246554129
60330.0 0.00437900204064 17.83932100112705 -156.69704853717221 350003.94598355516791 55.31759701324847 215.04071502175572
60360.0 0.00432668080945 17.82167964536895 -156.69717793417252 350005.44527771044523 55.12070519834131 214.76262786558175
60390.0 0.00420593464280 17.80401146416041 -156.69728608869252 349999.74014237336814 54.92333396027265 214.48760235075957
60420.0 0.00534697170551 17.78630005201847 -156.69735994433591 349986.43713350687176 54.72537660793188 214.21505122607658
60450.0 0.00383766441891 17.76825050564010 -156.69763682339595 350033.67679276131094 54.52701623493838 213.94566378561547
60480.0 0.00543853607612 17.75048025724562 -156.69766316445200 350005.72217546030879 54.32814898428720 213.67887622695000
60510.0 0.00448867812942 17.73268675266715 -156.69766884587995 349970.59574681613594 54.12888317254160 213.41503811832419
60540.0 0.00450075398706 17.71453046611045 -156.69786197379656 349995.23972987849265 53.92912912185300 213.15366872184171
60570.0 0.00493744678265 17.69634612791274 -156.69803297461868 350012.47610653471202 53.72900629195630 212.89515559104376
60600.0 0.00488512259675 17.67812725608989 -156.69817627940569 350022.12885739188641 53.52847731556686 212.63924154557023
60630.0 0.00476337301409 17.65986759522240 -156.69828643420834 350024.01733737625182 53.32750467595505 212.38568302797086
60660.0 0.00513466294106 17.64157371642546 -156.69836795247548 350018.29165655933321 53.12615034519634 212.13463191759760
60690.0 0.00472916172824 17.62325327829019 -156.69842625462280 350005.14150192588568 52.92448615677989 211.88626787649360
60720.0 0.00456615685567 17.60490416133413 -156.69845913681820 349984.50079304352403 52.72250701868893 211.64047238904959
60750.0 0.00477645346962 17.58650993159825 -156.69845308065001 349955.90209730155766 52.52009156127816 211.39670449502924
60780.0 0.00464665233030 17.56774647499812 -156.69864140200943 349986.32398900669068 52.31743590207244 211.15560520608577
60810.0 0.00499178134621 17.54894001427939 -156.69879451535817 350008.71576305013150 52.11442279926620 210.91665734076886
60840.0 0.00475632901003 17.53045580255641 -156.69870710638941 349957.30436954740435 51.91116558124883 210.68018579783808
60870.0 0.00500486180174 17.51122275507762 -156.69901219448377 350030.03242859430611 51.70756289151648 210.44574847195616
60900.0 0.00504007945830 17.49267041537196 -156.69886221552073 349963.07307478319854 51.50374082756122 210.21370910892591
60930.0 0.00508837697946 17.47336635999041 -156.69910776818304 350019.95321680791676 51.29965416228755 209.98382949226291
60960.0 0.00485393160493 17.45437770509605 -156.69910156338784 350002.84590675123036 51.09525927528098 209.75588807530386
60990.0 0.00521213930355 17.43535326479404 -156.69906213555763 349977.80235011596233 50.89061933023527 209.53002804877420
61020.0 0.00450276554661 17.41593261412744 -156.69920720168321 350010.42491854634136 50.68580865162721 209.30642172267099
61050.0 0.00523427650458 17.39647659133238 -156.69932142675864 350035.00677445903420 50.48081746621425 209.08496018964726
61080.0 0.00518396683293 17.37734213713131 -156.69917967770326 349985.87950525153428 50.27551256980686 208.86514390180028
61110.0 0.00479959585949 17.35780830790783 -156.69922288926091 349994.14116276986897 50.07010059025747 208.64757167532139
61140.0 0.00529766663176 17.33823019659403 -156.69922601405023 349994.01537284068763 49.86445369733733 208.43176787206639
61170.0 0.00509642676330 17.31862052652103 -156.69919882575002 349985.90113019943237 49.65868908530211 208.21803602743904
61200.0 0.00503504819567 17.29858208599384 -156.69933867755395 350033.93810907099396 49.45269605600251 208.00596842479288
61230.0 0.00501492373607 17.27889398492325 -156.69923790551269 350009.23770758137107 49.24660566945334 207.79590688644518
61260.0 0.00540432538121 17.25916849932605 -156.69910003919136 349976.30255167931318 49.04036714119287 207.58763258906831
61290.0 0.00548985330036 17.23900805422070 -156.69912685387408 349999.10838312935084 48.83393159260202 207.38094236602782
61320.0 0.00467080109088 17.21880553930584 -156.69911449655035 350013.38239795807749 48.62736308942427 207.17597196913414
61350.0 0.00527452542377 17.19896536187622 -156.69886232990308 349955.43898844067007 48.42073816670845 206.97288736697772
61380.0 0.00568606249712 17.17829586728119 -156.69898760553335 350017.02920233365148 48.21404309860301 206.77158826850678
61410.0 0.00502599145018 17.15797000899539 -156.69885592222181 350005.68706722091883 48.00713522642893 206.57161162541178
61440.0 0.00572631082538 17.13761466155680 -156.69869288235697 349986.19199608732015 47.80022957003387 206.37351924587568
61470.0 0.00451685237286 17.11680757193344 -156.69868898581859 350021.35511407628655 47.59319003786538 206.17687203713609
61500.0 0.00514573124611 17.09596302351358 -156.69864878460797 350047.95069894194603 47.38613672589734 205.98195481573967
61530.0 0.00577863264751 17.07547913386288 -156.69835661869337 350002.31193947140127 47.17895154116167 205.78839007337436
61560.0 0.00562468333856 17.05454963025697 -156.69823143937722 350011.37285919114947 46.97177054791934 205.59650265951353
61590.0 0.00485996923828 17.03357686036549 -156.69806277699442 350011.58292284049094 46.76453644486701 205.40608627844628
61620.0 0.00509642735424 17.01255474750351 -156.69784459530746 350002.67777617275715 46.55719720423726 205.21695603874267
61650.0 0.00575750181720 16.99106834214642 -156.69778300720807 350047.46921662054956 46.34981754042813 205.02924113482820
61680.0 0.00544155459733 16.96996640328899 -156.69748139940364 350020.96609867457300 46.14247593474214 204.84310190332621
61710.0 0.00534194103381 16.94882754737229 -156.69713878887237 349985.77865925338119 45.93515531337555 204.65844554149149
61740.0 0.00566795077896 16.92720626051833 -156.69693935618909 350003.36010216083378 45.72770554438543 204.47484091014030
61770.0 0.00526748082877 16.90555007576740 -156.69670231461640 350012.21439356543124 45.52034824220159 204.29281727834737
61800.0 0.00521415145404 16.88384339853609 -156.69641312680923 350011.67191712465137 45.31294098112630 204.11196748689781
61830.0 0.00481871513025 16.86209896462857 -156.69608226408459 350002.24436665046960 45.10560593802440 203.93255982587024
61860.0 0.00558644775173 16.83986447046000 -156.69589399455052 350044.91396461613476 44.89821924015944 203.75424313806772
61890.0 0.00548582781750 16.81847093201848 -156.69526928573370 349955.54481287114322 44.69092058033895 203.57732622526353
61920.0 0.00566392588704 16.79615136148739 -156.69498828599575 349979.84526982810348 44.48364805602684 203.40161570476019
61950.0 0.00538218877113 16.77377739699933 -156.69465056945569 349994.36509637720883 44.27634689319834 203.22694151744449
61980.0 0.00590340311514 16.75135571611647 -156.69426126596994 349999.36847205180675 44.06908222761223 203.05342698048486
62010.0 0.00592755128478 16.72889453341316 -156.69382698916809 349995.20022173319012 43.86193423419746 202.88122735702152
62040.0 0.00585611019188 16.70639152676823 -156.69334482497575 349981.73778537195176 43.65488298950641 202.71025623410523
62070.0 0.00634311502287 16.68383018985153 -156.69279879686863 349958.20015148073435 43.44777253610253 202.54011025565424
62100.0 0.00598087947763 16.66031781831923 -156.69259378749700 350046.44811749644578 43.24082955115260 202.37129003257789
62130.0 0.00609458104927 16.63766661995512 -156.69194500916399 350003.82820542901754 43.03390686985576 202.20341622780455
62160.0 0.00550394071755 16.61497785792535 -156.69124880654471 349952.01640542410314 42.82712804695110 202.03674247074318
62190.0 0.00605634546244 16.59130750990712 -156.69087207057751 350010.25770685914904 42.62036476955831 201.87094051626431
62220.0 0.00595170004535 16.56805896975395 -156.69025519749209 349998.91428664140403 42.41375961179263 201.70630496780120
62250.0 0.00626261777542 16.54476241625260 -156.68958162314354 349977.73444567993283 42.20724681819085 201.54265353910858
62280.0 0.00608250755539 16.52093956815279 -156.68903294063605 350005.89762866403908 42.00076960590363 201.37982899195654
62310.0 0.00651517368623 16.49706477807791 -156.68842500456958 350023.89650239516050 41.79439332705278 201.21794933248952
62340.0 0.00611369972909 16.47314641528126 -156.68776480679529 350032.12021564785391 41.58819960915557 201.05716523235785
62370.0 0.00648498965607 16.44918211979460 -156.68704920554111 350030.43021183740348 41.38216608992936 200.89739567030713
62400.0 0.00623343775220 16.42515538062124 -156.68626143140855 350017.96176280174404 41.17613236049370 200.73826144433170
62430.0 0.00677779330420 16.40108987452454 -156.68542317084422 349995.88691036030650 40.97032885009703 200.58023789455228
62460.0 0.00615394864829 16.37697013735133 -156.68451859994528 349963.38899966143072 40.76460497753925 200.42296990946170
62490.0 0.00682005496482 16.35183170467645 -156.68392558847054 350037.94568973872811 40.55908507155892 200.26669807355844
62520.0 0.00680294902643 16.32761094607666 -156.68289560007764 349984.82364532910287 40.35363749352885 200.11111404541674
62550.0 0.00700620281820 16.30236371556502 -156.68217369159964 350038.15523332171142 40.14840704605624 199.95649985429498
62580.0 0.00748616246324 16.27805117914203 -156.68102328806822 349964.78495476115495 39.94332474783009 199.80268270801412
62610.0 0.00638336216924 16.25269016504418 -156.68016339122494 349996.49886711593717 39.73833240949764 199.64951644356404
62640.0 0.00716317183024 16.22727382152744 -156.67923590057822 350017.40149776078761 39.53349541537681 199.49711425306032
62670.0 0.00561864570521 16.20181067391946 -156.67824822736964 350027.92945851292461 39.32889661721505 199.34562265708880
62700.0 0.00748012542083 16.17629832652379 -156.67719698122698 350027.92783634550869 39.12451155501665 199.19496515218464
62730.0 0.00587019760907 16.15072027111834 -156.67606452317966 350016.44611557293683 38.92017651790150 199.04478353245219
62760.0 0.00744390198450 16.12510029845477 -156.67487362503522 349994.77878475002944 38.71612456295841 198.89553083669560
62790.0 0.00714506011207 16.09942302571289 -156.67360771503678 349962.03297123685479 38.51220279291600 198.74687306377305
62820.0 0.00710682334337 16.07267428964395 -156.67262875420042 350032.28484611306340 38.30853579116305 198.59903916813792
62850.0 0.00764816096510 16.04689061721658 -156.67122072159464 349977.68249422591180 38.10499483733501 198.45174868879747
62880.0 0.00749119372588 16.02002766255421 -156.67009537461746 350025.44123696256429 37.90171577015079 198.30525131069575
62910.0 0.00716920828171 15.99362591855320 -156.66872205385741 350005.55774851050228 37.69863221874789 198.15939296994344
62940.0 0.00741472196128 15.96716393381305 -156.66726787916943 349974.18744141049683 37.49568508104112 198.01403708174112
62970.0 0.00783531578013 15.94012403354276 -156.66590977612515 349987.58363317698240 37.29293960886648 197.86929247328715
63000.0 0.00734126812696 15.91303498830762 -156.66448291570060 349990.02255735173821 37.09047966386559 197.72530192902715
63030.0 0.00727284732808 15.88589436864268 -156.66298363621434 349981.33248518407345 36.88827897359619 197.58199271107227
63060.0 0.00831929972615 15.85868567727487 -156.66139334600726 349960.47470228560269 36.68617149203692 197.43902487769026
63090.0 0.00789770012753 15.83036655038559 -156.66007167174087 350039.35883282404393 36.48439193647904 197.29683177655494
63120.0 0.00767432246711 15.80304991368297 -156.65832824674558 349995.71453168150038 36.28278601250972 197.15509783105702
63150.0 0.00787153862552 15.77514918547869 -156.65667892213460 349996.03198249079287 36.08147811156471 197.01404161382763
63180.0 0.00789267063772 15.74718412395570 -156.65494029930230 349984.19604470487684 35.88033258546202 196.87338712916534
63210.0 0.00748414972181 15.71862819919309 -156.65329182875388 350015.71780139114708 35.67949705031720 196.73339542499659
63240.0 0.00806573626274 15.69001170777019 -156.65155839659351 350035.19385950546712 35.47889758006320 196.59390870454274
63270.0 0.00850343483810 15.66132897979596 -156.64973247141202 350042.21871001645923 35.27847456622026 196.45479868447143
63300.0 0.00740164209669 15.63258687718003 -156.64782014071338 350037.19158669002354 35.07829298210725 196.31617023964955
63330.0 0.00898641300434 15.60379424064054 -156.64582980053251 350020.65453903935850 34.87843749917748 196.17816281305005
63360.0 0.00786047091142 15.57494860814325 -156.64375749225275 349992.41840588580817 34.67888027391864 196.04070679147321
63390.0 0.00890692390043 15.54603349822120 -156.64158357645184 349951.35321804508567 34.47945374160701 195.90347813606570
63420.0 0.00793996001534 15.51596028183900 -156.63965001383247 350005.90966858621687 34.28039344545431 195.76689280558361
63450.0 0.00904376727099 15.48581815257004 -156.63761825484710 350047.48560683615506 34.08154446437550 195.63065133546993
63480.0 0.00885258874592 15.45674077534471 -156.63518821803163 349970.66919169761240 33.88303061352120 195.49496302209826
63510.0 0.00844004411998 15.42647725810537 -156.63297136543326 349987.31988798454404 33.68471528853677 195.35956498054622
63540.0 0.00828106413932 15.39615964335651 -156.63066871565314 349991.87913192063570 33.48674682176493 195.22470956267725
63570.0 0.00850444179975 15.36578074245534 -156.62827067728975 349983.81597968284041 33.28904942465613 195.09024482768237
63600.0 0.00968975090075 15.33533498045979 -156.62576933633790 349962.69706727284938 33.09156331796829 194.95604970626962
63630.0 0.00839879001195 15.30368815643854 -156.62347490188876 350033.54850356094539 32.89435306758009 194.82222550224438
63660.0 0.00869461454504 15.27312747089899 -156.62078685146017 349987.46319811232388 32.69750396907779 194.68890869407272
63690.0 0.00978634653400 15.24136425352843 -156.61830660540167 350033.08015644550323 32.50098681408129 194.55603224814942
63720.0 0.00927821264552 15.21067625354270 -156.61541142471205 349960.98788768053055 32.30463321266313 194.42328598682792
63750.0 0.00975213524815 15.17878544476737 -156.61272618219826 349980.40786680765450 32.10867881219404 194.29107051563119
63780.0 0.00872781946018 15.14682587212861 -156.60993155257268 349986.27980138268322 31.91296871343592 194.15910048909922
63810.0 0.01019385871543 15.11481037601238 -156.60704117246539 349979.50169897824526 31.71762582474835 194.02757691041842
63840.0 0.00915444913955 15.08272570451947 -156.60403763860165 349959.05294850654900 31.52251314324638 193.89624833343413
63870.0 0.00882240235200 15.04941463468210 -156.60122620991038 350027.97978311218321 31.32777932991915 193.76535944927434
63900.0 0.00964950316344 15.01721136058431 -156.59801786365125 349981.48607519827783 31.13334706666779 193.63476327502460
63930.0 0.00957806207054 14.98376125659799 -156.59497901242682 350022.66440270841122 30.93915668191008 193.50434502897826
63960.0 0.00998859336411 14.95083608048686 -156.59168680859420 349999.57564573828131 30.74527222096400 193.37420279727766
63990.0 0.00922488327079 14.91785674324835 -156.58829404430116 349963.68836869858205 30.55177943136462 193.24447045282395
64020.0 0.01041824333751 14.88422482676600 -156.58493523725522 349964.91913754586130 30.35864791810721 193.11508307791129
64050.0 0.01038705116381 14.85051605850069 -156.58144711711788 349951.46951293479651 30.16570905784991 192.98574258648128
64080.0 0.00978533957235 14.81555529736350 -156.57813224693589 350024.81094176322222 29.97319797610278 192.85683603621555
64110.0 0.01057018049598 14.78172259149578 -156.57441973991774 349984.14236949849874 29.78096034331055 192.72809047962497
64140.0 0.01063256366150 14.74662834115073 -156.57087032435402 350029.36062585469335 29.58911787677228 192.59969950294905
64170.0 0.01080462527957 14.71266931199254 -156.56692333439705 349961.10319684166461 29.39753364965788 192.47142165255434
64200.0 0.01111654878940 14.67744371480681 -156.56313477358580 349978.17840657103807 29.20635630937930 192.34349489215759
64230.0 0.01217407008345 14.64215112889408 -156.55922349032633 349980.98884500749409 29.01550729849943 192.21577641825689
64260.0 0.01133388881648 14.60678622080302 -156.55518066828452 349969.04381782282144 28.82492728468774 192.08815694550901
64290.0 0.01168706702529 14.57013082030366 -156.55127287808767 350040.18384004756808 28.63467969375699 191.96073166997957
64320.0 0.01229883936920 14.53464106331765 -156.54698934586048 350000.17255762871355 28.44485056572262 191.83363220017890
64350.0 0.01277879901424 14.49786044536359 -156.54284174778658 350043.07178829051554 28.25540847465528 191.70679533848048
64380.0 0.01165486848087 14.46223390246946 -156.53829419702612 349973.80365883465856 28.06618507112325 191.57993355161392
64410.0 0.01332315515718 14.42531731641652 -156.53388485940681 349987.36388845555484 27.87741441422524 191.45342195540778
64440.0 0.01307462295640 14.38832835879850 -156.52933703371110 349985.78806283045560 27.68894320836432 191.32699850968194
64470.0 0.01230185848135 14.35127990754985 -156.52466588797878 349970.12827174738050 27.50089173526020 191.20085016648329
64500.0 0.01291061053123 14.31290870463412 -156.52009589365670 350034.22700533922762 27.31312354981636 191.07474420972474
64530.0 0.01304141863221 14.27572734760060 -156.51515583446778 349989.02534501813352 27.12578698266672 190.94891271928728
64560.0 0.01342679479449 14.23722470088865 -156.51031967366598 350023.55882641114295 26.93880249194014 190.82321639296342
64590.0 0.01302531965547 14.19864576831783 -156.50533399014904 350042.28507762216032 26.75211127784932 190.69755076435050
64620.0 0.01401844267881 14.16126173153554 -156.49997128771804 349952.05246014893055 26.56577606021318 190.57200844276781
64650.0 0.01332214937740 14.12128996320087 -156.49494767076280 350034.82620022352785 26.37988302373018 190.44671909591352
64680.0 0.01486868647105 14.08252013971098 -156.48955258571777 350009.17544816341251 26.19439984897682 190.32162090677124
64710.0 0.01264296024157 14.04367198946898 -156.48399604901869 349967.28825312852859 26.00915889718386 190.19643555164066
64740.0 0.01420761023527 14.00349227275732 -156.47853587532197 350003.75804033409804 25.82439268592989 190.07152763755292
64770.0 0.01445312273296 13.96323730069645 -156.47291876460000 350024.11990432348102 25.63994934813492 189.94664473634847
64800.0 0.01411302675251 13.92291997660088 -156.46716075715511 350029.50949809141457 25.45594751940264 189.82196786630337
64830.0 0.01496528151336 13.88252736213402 -156.46124096940122 350018.66208798065782 25.27225158473637 189.69727195616113
64860.0 0.01608015648312 13.84207534276448 -156.45517991504400 349993.00835270155221 25.08900928810283 189.57278396612207
64890.0 0.01371758747402 13.80026244005794 -156.44917861989310 350042.63009989447892 24.90614032909953 189.44836750186454
64920.0 0.01606506446803 13.75966866016543 -156.44279699963448 349985.00934089533985 24.72358660191509 189.32392233368685
64950.0 0.01647156909687 13.71770962131414 -156.43646844116012 350002.09795253258198 24.54141004490533 189.19953876509055
64980.0 0.01394096513444 13.67568919819449 -156.42999094069069 350003.95108131878078 24.35969685008314 189.07534482916378
65010.0 0.01657722088467 13.63360494119402 -156.42335850247994 349990.28016180079430 24.17841392679041 188.95127979630610
65040.0 0.01538788807363 13.59013052125163 -156.41674618441797 350048.68112554214895 23.99739472493000 188.82707337595926
65070.0 0.01652691121303 13.54790771695400 -156.40978222095532 350002.70000533480197 23.81686980422829 188.70308094837279
65100.0 0.01632667594247 13.50429852099814 -156.40284332600382 350029.01928662136197 23.63668906227154 188.57905856810882
65130.0 0.01611436835990 13.46062609278162 -156.39574476076564 350039.62295098509640 23.45696930739562 188.45518194797143
65160.0 0.01694347954901 13.41687764992312 -156.38846425461543 350033.15913804993033 23.27757605459441 188.33123270586398
65190.0 0.01614555935173 13.37306921140025 -156.38102379207371 350011.18236224167049 23.09865622023284 188.20743337697829
65220.0 0.01845580476587 13.32919348623204 -156.37340944661335 349972.88986317627132 22.92012894680926 188.08364995219210
65250.0 0.01624919898904 13.28391362590862 -156.36579495095580 350004.76107417047024 22.74193695755575 187.95978593658498
65280.0 0.01803722487034 13.23856277451146 -156.35799950974771 350019.79498792067170 22.56414134329634 187.83592958770791
65310.0 0.01728961434470 13.19315080510085 -156.35003597250173 350018.95559780299664 22.38682817525940 187.71220759346068
65340.0 0.01789736179669 13.14767530435932 -156.34189780683107 350001.93235940299928 22.20996370142088 187.58856005702359
65370.0 0.01788428134116 13.10212035193484 -156.33355648984519 349966.96527960244566 22.03338278854659 187.46472368603537
65400.0 0.01759046954949 13.05516355979465 -156.32521986919767 350002.10946564935148 21.85731367248687 187.34104578456683
65430.0 0.01721716747202 13.00813178188658 -156.31668558333871 350019.65030443016440 21.68160830256902 187.21728990225935
65460.0 0.01931107922981 12.96103792919851 -156.30797169551832 350020.90527111012489 21.50638150341084 187.09362701028266
65490.0 0.01866912108291 12.91386940381296 -156.29905442628049 350004.43220325931907 21.33150017955523 186.96984457753271
65520.0 0.01880093378178 12.86664233518100 -156.28995738698666 349971.91753864288330 21.15711020320425 186.84616134674999
65550.0 0.01804728621373 12.81798814929714 -156.28082363763951 350006.52186937723309 20.98313034067512 186.72244523096370
65580.0 0.01795873977338 12.76925779243848 -156.27147857618138 350023.01802076119930 20.80950425732131 186.59860303603938
65610.0 0.01970249361638 12.72045862545269 -156.26193125815669 350022.13832950498909 20.63629213848684 186.47472121407134
65640.0 0.01935837097119 12.67160067600970 -156.25219558736677 350004.93721942603588 20.46357981452419 186.35092538093960
65670.0 0.01928994958138 12.62268157758812 -156.24226444648534 349971.08112169615924 20.29133297141941 186.22715624969373
65700.0 0.01925875681673 12.57231034920200 -156.23225195611943 350001.24568546842784 20.11938817917462 186.10315661275433
65760.0 0.01921750211776 12.47138048281703 -156.21162241949150 350010.71587674878538 19.77693575944454 185.85525678889192
65820.0 0.01911285729162 12.36880404533591 -156.19027931731944 350032.01996413618326 19.43621752025915 185.60716949864349
65850.0 0.01990977052725 12.31811560308836 -156.17922448511922 349976.22186647169292 19.26654769945758 185.48310026209597
65880.0 0.01992587127681 12.26597365243897 -156.16808075532265 349983.96441522520036 19.09730417610676 185.35895523040472
66030.0 0.01896494620695 12.00008543420580 -156.10931929575551 349995.30007180012763 18.25749085857710 184.73690803799039
66120.0 0.01938050699034 11.83671775031954 -156.07155872159669 349965.02863928396255 17.75904547968049 184.36290739158855
68880.0 0.01959885397907 5.15205067518249 -153.53224094008945 350035.10302600264549 4.60048043004906 172.17738576901377
69030.0 0.01745765166178 4.72272924756989 -153.29072674572109 349957.90784511528909 4.01237302602543 171.46040182103107
69060.0 0.01745161343749 4.63405920185248 -153.24050245467660 350047.31946218572557 3.89640625833363 171.31618306472024
69090.0 0.01696964164196 4.54860726794455 -153.19024799264224 350006.21070792898536 3.78104658612074 171.17177813071058
69120.0 0.01699982685401 4.46326251887623 -153.13947388538418 349957.67605618480593 3.66618622648593 171.02700459590571
69150.0 0.01984537402936 4.37492894972726 -153.08776541725348 350030.63802405726165 3.55194950752238 170.88206876878272
69210.0 0.01351131575198 4.20172086171987 -152.98326424793831 350033.11289587710053 3.32507373728799 170.59124345300719
69240.0 0.01364010992965 4.11685511761819 -152.93048598394330 349963.42377446312457 3.21244004030090 170.44535839728110
69270.0 0.01688713224402 4.02901169577784 -152.87674089375528 350016.20931034442037 3.10043504328291 170.29931232027110
69300.0 0.01714270903980 3.94285781417130 -152.82275028292776 350003.05876176245511 2.98902297493440 170.15304321534671
69330.0 0.00647593231963 3.85683187650866 -152.76820271552722 349983.12424859683961 2.87807063100304 170.00632271732863
69360.0 0.01517256137893 3.76939397740070 -152.71292284565789 350024.21293685305864 2.76776062478936 169.85945932505774
69390.0 0.01891765151087 3.68365255703689 -152.65737506171803 349998.52808331884444 2.65798128417556 169.71226108615542
69420.0 0.01021297739525 3.59806069791569 -152.60134156484051 349971.20909436233342 2.54881685351582 169.56487011611441
69450.0 0.01438470134315 3.51105763296399 -152.54449629783497 350001.97253854293376 2.44016235379344 169.41710485560733
69480.0 0.01410195903840 3.42421198682907 -152.48716393308501 350032.11408662144095 2.33213947322041 169.26917230225374
69510.0 0.01121042846270 3.33907964297669 -152.42958657089906 349997.36899308487773 2.22467220189733 169.12094029968560
69540.0 0.01012312261388 3.25410454259199 -152.37146884689002 349959.23410224262625 2.11771953832677 168.97233606219007
69570.0 0.01794364657641 3.16773580743341 -152.31254413646161 349981.67325246334076 2.01132791608357 168.82343769161955
69600.0 0.00110481185355 3.08153920668457 -152.25313118720010 350004.79319386929274 1.90557265321294 168.67437420720293
69630.0 0.01615562305887 2.99551608730992 -152.19321115845918 350027.86098061595112 1.80041816599899 168.52508278016370
69660.0 0.01207847904810 2.90966242289036 -152.13271504507239 350047.32494361605495 1.69573460891317 168.37533554354991
69690.0 0.01191144987455 2.82555031631607 -152.07203925850189 350006.37778063211590 1.59169985778915 168.22544077494749
69720.0 0.01831624602629 2.74161942455012 -152.01082940987462 349964.44712654594332 1.48820570513985 168.07520810522428
70110.0 0.00635317400250 1.65804534778418 -151.16554729835352 350005.59603349678218 0.19564882587595 166.09720130616199
70140.0 0.00837363665347 1.57708555208120 -151.09707080483915 349997.95019365381449 0.10032673411369 165.94314874549804
81240.0 -0.00245443475909 16.43802869466576 -136.51175285725989 349965.78179246280342 0.18989675181903 96.55731660903969
81270.0 0.00221566193139 16.51193505949052 -136.54631787794131 350011.69039166066796 0.23979519540649 96.35094446240835
81300.0 -0.00227603471924 16.58555895787388 -136.58114850466458 350049.64946677815169 0.28956191032415 96.14453418026964
81330.0 0.00438202292561 16.65930059389724 -136.61782583137560 350015.40973149891943 0.33912381035263 95.93783141012398
81360.0 0.00059366062575 16.73271947847343 -136.65477918504212 349973.81821609940380 0.38856982012942 95.73118115232732
81390.0 0.00013181151699 16.80524839732210 -136.68875326112783 350046.81860201712698 0.43783876755981 95.52437357274950
81420.0 0.00144994086946 16.87810869868674 -136.72622049042124 349987.91832720860839 0.48696873494771 95.31756431933346
81450.0 0.00223478120215 16.95011322767256 -136.76069477366639 350042.98074519820511 0.53590042997307 95.11055238645127
81480.0 0.00422505391356 17.02241465027508 -136.79866832824763 349966.27486893441528 0.58469383230822 94.90357234544338
81510.0 0.00190071930941 17.09387645419189 -136.83364219537162 350003.43498079758137 0.63328449847101 94.69640563274879
81540.0 0.00725876109278 17.16509371136004 -136.86885411605536 350030.83146314695477 0.68167692386824 94.48908515945671
81570.0 0.00278819054494 17.23628962882324 -136.90594593359893 349988.14015729632229 0.72991955368626 94.28180122197637
81600.0 0.00492235358568 17.30691923517461 -136.94166311961214 349998.39639122039080 0.77798788091029 94.07448043266447
81630.0 0.00230722925670 17.37734170015033 -136.97759976278991 349997.41888335440308 0.82580660133357 93.86686937100160
81660.0 0.00758879632078 17.44719250178052 -137.01216297898515 350049.96597764641047 0.87346759861244 93.65931213637600
81690.0 0.00190403802810 17.51706306275111 -137.04858266752279 350030.41322819516063 0.92090822691051 93.45160100492292
81720.0 0.00638608108390 17.58663898650725 -137.08524710038625 350001.88030314538628 0.96816760144259 93.24389009178151
81750.0 0.01003387177312 17.65597777920067 -137.12213482729462 349962.53459980804473 1.01518471207899 93.03597955419137
81780.0 0.00113298668793 17.72453055188193 -137.15600362969653 350038.01240597665310 1.06202195223798 92.82810439009775
81810.0 -0.00288277639146 17.79333130959784 -137.19335583007771 349978.94558113161474 1.10861229714945 92.62004491656138
81840.0 0.00151463933766 17.86142164200400 -137.22766343509920 350032.88524295762181 1.15496073834008 92.41183489457138
81870.0 0.00338889753851 17.92967010651367 -137.26547777582317 349954.09308270737529 1.20111788816271 92.20366544243967
81900.0 -0.00547807941303 17.99719601740985 -137.30025075517088 349989.14663441013545 1.24705820195743 91.99546230801933
81930.0 0.00844205449765 18.06452819943868 -137.33522617866888 350012.08454276062548 1.29270392515808 91.78697315576738
81960.0 -0.00412241828320 18.13156681883832 -137.37043428992482 350025.84137759823352 1.33815026725492 91.57854104139048
81990.0 0.00155156717440 18.19837056983830 -137.40585478516485 350028.52396757062525 1.38333295008024 91.36996048178459
82020.0 -0.00002384679027 18.26488351798661 -137.44150337051107 350021.74663885496557 1.42830390724880 91.16142347617981
82050.0 -0.00184970701018 18.33118153264368 -137.47735495950823 350003.07749750185758 1.47298047496959 90.95266420932234
82080.0 0.00154955561485 18.39722727592184 -137.51341951592536 349973.56214265432209 1.51739558800898 90.74381014734274
82110.0 -0.00392721663904 18.46280493714034 -137.54806345537014 349996.14336450304836 1.56158540591834 90.53499755742459
82140.0 -0.00178399921656 18.52816496870627 -137.58290817638641 350006.96925141755491 1.60547983191357 90.32600582553802
82170.0 -0.00525339577534 18.59329680165606 -137.61795542581586 350006.26562042906880 1.64908447135308 90.11686959984004
82200.0 0.00220258206679 18.65814508542462 -137.65321970240336 349995.66652423329651 1.69245257260711 89.90778073277792
82230.0 -0.00399463224907 18.72257788764000 -137.68704567780679 350036.24507721327245 1.73555739378934 89.69866420851304
82260.0 -0.00023042048261 18.78697782419616 -137.72270559869173 350002.04271660558879 1.77831821074059 89.48926900908970
82290.0 -0.00254972500601 18.85108829628102 -137.75857911539555 349957.86359065677971 1.82083433190279 89.27993694821710
82320.0 0.00075566208230 18.91483115626238 -137.79299852479650 349963.62649741861969 1.86303946155518 89.07046498312161
82350.0 -0.00024148996953 18.97829904471860 -137.82762553756154 349959.15542823635042 1.90498755313065 88.86104334075628
82380.0 -0.00023344018569 19.04144260945725 -137.86078674587711 350003.81735999695957 1.94659282157862 88.65140793736292
82410.0 -0.00090558354464 19.10436075901569 -137.89414071032073 350036.86699328850955 1.98788979035230 88.44168591631173
82440.0 0.00121448912421 19.16712651399307 -137.92934925872319 349997.64053202047944 2.02891670985670 88.23201421784242
82470.0 -0.00209290597801 19.22957195155485 -137.96308913327709 350007.71760832425207 2.06960013351853 88.02217147792194
82500.0 0.00092168429420 19.29180450570815 -137.99701411330398 350005.51652181986719 2.10994637523940 87.81219324255896
82530.0 -0.00005534152522 19.35376960040462 -138.03113666604966 349992.72054027486593 2.15001160271522 87.60227197990308
82560.0 -0.00021633365636 19.41548826262614 -138.06544973370930 349968.57305931486189 2.18976778836591 87.39233199426570
82590.0 -0.00324702349625 19.47694727774869 -138.09827807570440 349992.56212612241507 2.22913098838926 87.18212379927030
82620.0 -0.00316350713665 19.53814533175502 -138.13129927637635 350005.89807583764195 2.26820502628962 86.97198773822569
82650.0 -0.00101626659508 19.59913832926662 -138.16449813671909 350006.67069020029157 2.30692143047840 86.76172338421379
82680.0 -0.00555424920731 19.65987326039185 -138.19788594553776 349996.54715224076062 2.34533638566425 86.55151907325573
82710.0 -0.00378534259678 19.72042312365306 -138.23144390488406 349973.03760662861168 2.38336073488016 86.34111268048024
82740.0 -0.00583196143130 19.78069850127130 -138.26351982390727 349999.11157410684973 2.42103076495432 86.13063095475516
82770.0 -0.00548683359728 19.84072616895409 -138.29577941807682 350014.11989704612643 2.45838703109112 85.92021142453115
