# sod		dsTEC/dt [TECU/s]		lat		lon		h_ipp		ele		azi
30.0 -0.01093945649964 23.31410761467512 -157.84470056765053 350034.63369996007532 30.97116757726673 326.98698293629900
60.0 -0.01127049868930 23.29772952192359 -157.81813230159261 349984.37259373907000 31.13551037738650 327.12504336667189
90.0 -0.01080462409769 23.28227145500659 -157.79242973353860 350027.38653626479208 31.30026663353375 327.26291037826229
120.0 -0.01064765863129 23.26573413263784 -157.76615169396544 349959.37247671280056 31.46532746483491 327.40049779035678
150.0 -0.00985476851475 23.25011940763289 -157.74073672039597 349984.68088461924344 31.63073851839709 327.53784202033779
180.0 -0.01109541736815 23.23442611746342 -157.71545663206922 350001.76610739715397 31.79654487591788 327.67497925906002
210.0 -0.01074123397051 23.21865408118705 -157.69030644832381 350010.99134372919798 31.96279839547085 327.81195133981220
240.0 -0.01109944403289 23.20280424161270 -157.66528596599667 350012.35574580263346 32.12950291585857 327.94876194956396
270.0 -0.01149689487093 23.18688192931230 -157.64041228283722 350004.55561389494687 32.29648480589484 328.08527262474053
300.0 -0.01068891214838 23.17088653105981 -157.61567843657758 349988.10526369139552 32.46381525730728 328.22154053490965
330.0 -0.01147173855776 23.15481595160615 -157.59107216738795 349963.91116447839886 32.63162137267643 328.35766815232824
360.0 -0.01195069183209 23.13966710451959 -157.56728138785840 350036.01523191202432 32.79985525915234 328.49361774171439
390.0 -0.01219218298350 23.12345482451862 -157.54295032557138 349994.73101821541786 32.96836208196475 328.62926512602030
420.0 -0.01203923709056 23.10766606081976 -157.51908086425129 349998.37649066094309 33.13737987381727 328.76480262111858
450.0 -0.01267214085572 23.09180687786073 -157.49534050780701 349994.04819674417377 33.30681547045430 328.90015590349901
480.0 -0.01167600049306 23.07637676195914 -157.47207251272292 350033.72148561291397 33.47655753848989 329.03523546225114
510.0 -0.01183799722210 23.05988900036238 -157.44827450720240 349959.37918001506478 33.64665320794835 329.17007981846456
540.0 -0.01176253182822 23.04432454684007 -157.42526831905602 349982.72281435877085 33.81714751213013 329.30472606280489
570.0 -0.01163273068890 23.02869191696155 -157.40238379683618 349998.53957771882415 33.98809342060136 329.43921802100056
600.0 -0.01145966565482 23.01299202600491 -157.37962088576083 350006.81565851997584 34.15949270273512 329.57355807399966
630.0 -0.01150393769312 22.99723060740261 -157.35699574737660 350006.34839795064181 34.33117230199521 329.70760576182187
660.0 -0.01133288303671 22.98140680561703 -157.33450184913579 349997.60520269721746 34.50320182776951 329.84141832543122
690.0 -0.01173033269287 22.96551798347875 -157.31212710890870 349981.45375715009868 34.67571228327511 329.97510378722069
720.0 -0.01096763015214 22.94956652431516 -157.28987631108686 349957.52568964101374 34.84865271960296 330.10862146171917
750.0 -0.01099681076629 22.93453909603017 -157.26838926914476 350032.89742768742144 35.02186731774687 330.24184405324411
780.0 -0.01066476397874 22.91846615334628 -157.24638852726082 349993.17630722559988 35.19559671646611 330.37497033535254
810.0 -0.01067482414025 22.90282316269845 -157.22482102403524 349999.91430572047830 35.36974722587228 330.50792432073297
840.0 -0.01034479009412 22.88712375353503 -157.20338428230932 349998.28623264003545 35.54420503742467 330.64061280997083
870.0 -0.00945329219385 22.87185561003278 -157.18237789952320 350043.23956748936325 35.71901877893269 330.77307665572340
900.0 -0.01055206936875 22.85555412264709 -157.16088561611676 349971.13653600402176 35.89423341896950 330.90535400376524
930.0 -0.01076940762301 22.84016966318739 -157.14011453485469 350001.14536927547306 36.06990304476746 331.03749091639872
960.0 -0.01053596861919 22.82472694076024 -157.11945661708711 350023.96469378471375 36.24602731546312 331.16948842584316
990.0 -0.00956799954527 22.80923202973735 -157.09892714776018 350038.48648919444531 36.42243379217187 331.30120367652563
1020.0 -0.00979238416735 22.79368386268038 -157.07852000669973 350045.13465391099453 36.59919045780556 331.43269413447757
1050.0 -0.01010933716700 22.77807927752000 -157.05822329819168 350044.73825828265399 36.77643224847261 331.56407398277497
1080.0 -0.01030454117493 22.76242080123936 -157.03804180531188 350036.93818014208227 36.95410511309495 331.69529934705139
1110.0 -0.00965453442607 22.74671417136962 -157.01798915663130 350020.75430505536497 37.13205225958902 331.82623935919258
1140.0 -0.00964245915937 22.73095282901199 -156.99804412797937 349997.66910585947335 37.31051692696362 331.95710014369854
1170.0 -0.00856280125523 22.71514056741671 -156.97821492292545 349967.08390021137893 37.48940489941036 332.08780380480118
1200.0 -0.00911118288103 22.70024196180774 -156.95907253383086 350040.70822386816144 37.66859987617541 332.21825303962095
1230.0 -0.01031661644163 22.68433474107986 -156.93948623753701 349994.27273010183126 37.84815199385705 332.34849130789013
1260.0 -0.00902464918211 22.66885839776826 -156.92029366982007 349996.67412187997252 38.02810613638859 332.47855799873759
1290.0 -0.00955592427857 22.65333204005593 -156.90120958474932 349992.01093890704215 38.20851751029976 332.60850170581324
1320.0 -0.00971490839580 22.63823325960461 -156.88250630138941 350037.03307483904064 38.38938362297933 332.73832206622626
1350.0 -0.00996343764188 22.62213845831259 -156.86338194934160 349960.36824420001358 38.57053270499812 332.86787337411317
1380.0 -0.00901458665684 22.60695133590744 -156.84491503628709 349989.82332605123520 38.75203106409441 332.99721350338046
1410.0 -0.00958208755340 22.59171488645397 -156.82654965069503 350012.62006160244346 38.93401759138914 333.12646352886048
1440.0 -0.00948347740590 22.57643177917807 -156.80829057395823 350028.40944828465581 39.11643509000827 333.25557611033008
1470.0 -0.00870769618246 22.56110803890066 -156.79015083196279 350036.28167962003499 39.29912581468037 333.38441628462402
1500.0 -0.00930638688896 22.54573641728561 -156.77210995443491 350037.62240783497691 39.48233558245636 333.51319858628455
1530.0 -0.00969578794316 22.53032084700725 -156.75417576427469 350031.87653434369713 39.66596965551744 333.64184293485010
1560.0 -0.00910414005884 22.51486612868016 -156.73635792260913 350018.36981353349984 39.84990923076958 333.77024744213264
1590.0 -0.00865134651370 22.49937140478669 -156.71865203979462 349997.38628191407770 40.03420595998881 333.89845851137829
1620.0 -0.00903974178813 22.48383601538393 -156.70105434737636 349969.16480578761548 40.21890461834744 334.02651700603218
1650.0 -0.00975314220981 22.46872527893965 -156.68380961940920 349992.34958562627435 40.40406152803303 334.15447441092380
1680.0 -0.00939493214743 22.45357173928514 -156.66666470704720 350008.83223199285567 40.58967200252656 334.28232891954548
1710.0 -0.00980747677337 22.43791766754816 -156.64938792102785 349959.04511033277959 40.77556500379212 334.40993145628840
1740.0 -0.00821767342121 22.42315476885576 -156.63270999758552 350019.23143242392689 40.96180511078934 334.53734052401319
1770.0 -0.00843400707757 22.40742356654614 -156.61564198094749 349955.33163665514439 41.14853517905703 334.66468497183536
1800.0 -0.00841489017057 22.39257808894448 -156.59915801867737 350002.38434176519513 41.33569482621928 334.79191367298307
1830.0 -0.00799932702342 22.37769795765892 -156.58278386951494 350041.99979446828365 41.52312538380242 334.91888696495232
1860.0 -0.00897333195787 22.36185719953754 -156.56602911989617 349956.79513905849308 41.71107520481283 335.04582905904567
1890.0 -0.00899345819029 22.34689824656028 -156.54984656016143 349983.32533746119589 41.89944903864244 335.17265737891620
1920.0 -0.00872278642472 22.33190585244780 -156.53377090732698 350002.56349700689316 42.08812557821001 335.29926488994977
1950.0 -0.00890793027114 22.31687892552525 -156.51779783180089 350014.78037059493363 42.27715799098304 335.42570135425950
1980.0 -0.00780814968023 22.30181664512882 -156.50192372416362 350020.19643251784146 42.46659091453206 335.55200939730673
2010.0 -0.00874492185293 22.28671770660457 -156.48614403832624 350019.09034679271281 42.65648177669215 335.67824383975824
2040.0 -0.00863122500881 22.27158308141924 -156.47045923539804 350011.41249128896743 42.84682365476489 335.80440138450774
2070.0 -0.00851852803506 22.25641962694375 -156.45488225722170 349996.30650476738811 43.03744631510185 335.93032899043033
2100.0 -0.00915746766075 22.24122586661097 -156.43940807949511 349974.08453678991646 43.22841254906529 336.05608606199257
2130.0 -0.00904980549528 22.22644593127058 -156.42424302129618 350006.05601584725082 43.41986917082903 336.18181029902530
2160.0 -0.00928022479601 22.21163172661567 -156.40917031165068 350031.57720474246889 43.61175257756926 336.30744641721782
2190.0 -0.00908602774974 22.19634353423968 -156.39398808445878 349988.99522171914577 43.80390321923949 336.43284935313255
2220.0 -0.00900553227511 22.18146664480438 -156.37910676207906 350001.12222154904157 43.99657191964697 336.55825452658252
2250.0 -0.00940499467270 22.16655776586050 -156.36431775707064 350006.74885856825858 44.18966293037568 336.68357651550394
2280.0 -0.00820056689187 22.15162216702408 -156.34963016912988 350005.28146069496870 44.38305244903253 336.80870248365727
2310.0 -0.00945329455761 22.13665856191703 -156.33503971314505 349996.97806748747826 44.57679515219071 336.93368607192656
2340.0 -0.00947945192304 22.12210595533595 -156.32074714734043 350043.60547180008143 44.77093550547531 337.05857203236098
2370.0 -0.00879523447927 22.10664303940543 -156.30613532253486 349960.73665974568576 44.96553202440822 337.18341907874083
2400.0 -0.00953580159179 22.09202799812056 -156.29201795065993 349994.84354316070676 45.16057550837655 337.30822238469398
2430.0 -0.00858795638653 22.07738795033406 -156.27799884082035 350022.01737793162465 45.35589661345208 337.43282425816346
2460.0 -0.00871071470366 22.06272130574230 -156.26407331499271 350042.53747148811817 45.55155627897237 337.55728534911276
2490.0 -0.00904175452956 22.04758971504049 -156.25003541324881 349994.83150898292661 45.74770525284367 337.68175353625247
2520.0 -0.00860003165322 22.03286435886618 -156.23628141417475 350002.94353449344635 45.94427668345033 337.80616895073450
2550.0 -0.00832433098879 22.01811731355117 -156.22262602278113 350004.04486630577594 46.14111019439796 337.93038031068528
2580.0 -0.00815830523125 22.00333961686648 -156.20905081835627 349999.25301510747522 46.33845898720023 338.05463611951814
2610.0 -0.00858393326743 21.98853556777788 -156.19556260559895 349988.13107733707875 46.53622683763670 338.17884771928527
2640.0 -0.00835854168369 21.97413708761236 -156.18235581334153 350033.04778668377548 46.73428746889495 338.30289570522706
2670.0 -0.00838570955641 21.95928843820322 -156.16905319080465 350008.53599110990763 46.93269705122076 338.42683825830079
2700.0 -0.00852959634010 21.94441640383465 -156.15583882788539 349977.57173741143197 47.13149983741638 338.55072272842773
2730.0 -0.00765822349037 21.92994147055736 -156.14288848303411 350003.72727727238089 47.33075540301387 338.67461243300198
2760.0 -0.00810799733242 21.91543967079830 -156.13001907848800 350023.88519692979753 47.53045222849251 338.79850099782141
2790.0 -0.00789468101539 21.90049894097206 -156.11706572596000 349973.74061087332666 47.73042195907745 338.92222529017306
2820.0 -0.00841790869177 21.88637530146759 -156.10455360646239 350044.32003332115710 47.93072361128616 339.04584765028602
2850.0 -0.00775381275290 21.87138938689602 -156.09176929250577 349981.62480495311320 48.13151181829469 339.16952779790245
2880.0 -0.00808887924354 21.85721254710215 -156.07941283744566 350040.52011268213391 48.33271645937702 339.29320079188824
2910.0 -0.00823578454843 21.84218968487500 -156.06680699579752 349964.65167763922364 48.53417640298640 339.41670817696559
2940.0 -0.00779104315089 21.82796739796150 -156.05461501793653 350011.27619592845440 48.73614710137669 339.54031386925357
2970.0 -0.00783028392655 21.81331030788586 -156.04233528588185 349987.62803825084120 48.93853188443897 339.66392554579664
3000.0 -0.00825490263732 21.79863738321744 -156.03014576154249 349957.31253423821181 49.14120203670964 339.78741633532042
3030.0 -0.00736743140178 21.78435407934663 -156.01820459853681 349985.20662271045148 49.34421519539271 339.91084981614569
3060.0 -0.00769042262572 21.77004901326442 -156.00634276815921 350007.09702464099973 49.54761535141168 340.03427655935275
3090.0 -0.00703336832716 21.75572032874469 -155.99455600514304 350023.21374569647014 49.75146310075775 340.15776541052099
3120.0 -0.00666107498417 21.74136913178987 -155.98284509721145 350033.49366854503751 49.95574456458647 340.28130847028882
3150.0 -0.00657454246713 21.72700270246422 -155.97122107208347 350037.29044575057924 50.16029249281317 340.40473625632120
3180.0 -0.00696897360209 21.71261934190876 -155.95967985112225 350034.82626414299011 50.36516390085914 340.52811339104539
3210.0 -0.00662686310739 21.69821322662678 -155.94821067284698 350026.69787377677858 50.57051722892470 340.65161355034786
3240.0 -0.00571222281725 21.68378786394149 -155.93681826195441 350012.61963512189686 50.77627907673089 340.77516617228878
3270.0 -0.00616300480284 21.66935037784199 -155.92551309799617 349991.98757004551589 50.98228764745727 340.89860451207812
3300.0 -0.00596377413017 21.65489088215653 -155.91427795960377 349965.75558467954397 51.18880047565111 341.02221084205155
3330.0 -0.00556028624972 21.64080482405899 -155.90326428855798 349999.48491283692420 51.39572048370361 341.14588871493174
3360.0 -0.00592352757474 21.62670380020967 -155.89233187642844 350027.02095885947347 51.60291657122132 341.26950274408443
3390.0 -0.00629783602292 21.61219834517545 -155.88133474731185 349982.40052657667547 51.81044780101677 341.39312304211813
3420.0 -0.00605835643105 21.59806409248321 -155.87055523986407 349998.01408330164850 52.01835784257766 341.51680424790499
3450.0 -0.00662082606498 21.58390974171461 -155.85984563876124 350008.02135726157576 52.22670825669577 341.64062196637150
3480.0 -0.00703638921213 21.56973646589771 -155.84920682557811 350012.35709441080689 52.43548276609935 341.76456687689904
3510.0 -0.00635418332791 21.55555163547071 -155.83864926613506 350010.43765355087817 52.64451535876773 341.88846210701422
3540.0 -0.00661076353971 21.54135352121564 -155.82816915870549 350002.45958751346916 52.85386096120174 342.01237537478249
3570.0 -0.00640851789147 21.52713591896974 -155.81775592015708 349988.98018340952694 53.06368170449399 342.13649705864640
3600.0 -0.00647794624294 21.51327800894031 -155.80754464700479 350036.77598103787750 53.27390090996021 342.26075037726565
3630.0 -0.00636222956611 21.49903433735430 -155.79728309338478 350011.32176925241947 53.48435523840562 342.38495765543991
3660.0 -0.00685225587300 21.48477177823185 -155.78708644947054 349980.42266706377268 53.69530606268833 342.50942599494323
3690.0 -0.00586516516455 21.47086509707295 -155.77708632637126 350011.15381564106792 53.90665495785563 342.63405302564593
3720.0 -0.00593157854046 21.45694662678343 -155.76716211223459 350035.90296042710543 54.11826851339880 342.75869363033627
3750.0 -0.00642562087517 21.44264777928181 -155.75718736733512 349987.22015311568975 54.33020715646615 342.88342600478791
3780.0 -0.00614891561283 21.42870213388559 -155.74740550810847 350000.43221644591540 54.54251416162807 343.00831004220726
3810.0 -0.00539929530046 21.41473916247163 -155.73768846820420 350008.20464534685016 54.75525197727279 343.13342979320345
3840.0 -0.00588327983742 21.40076010979387 -155.72803721897449 350010.47099369391799 54.96840188857916 343.25877477296336
3870.0 -0.00509843832285 21.38677241209721 -155.71846170300009 350006.70692865177989 55.18179927529451 343.38415954672394
3900.0 -0.00555324224566 21.37277432382577 -155.70895838063521 349997.08513078466058 55.39549687427004 343.50965608759248
3930.0 -0.00509944646638 21.35875927277091 -155.69951684092914 349982.12294552568346 55.60966034100829 343.63547512950441
3960.0 -0.00463960773530 21.34508469687415 -155.69025327406632 350030.04510715790093 55.82420973310948 343.76153305911157
3990.0 -0.00582693253243 21.33104893359145 -155.68095284982834 350003.50944533571601 56.03898228380397 343.88764245847932
4020.0 -0.00461244222634 21.31699677204194 -155.67171244719000 349971.67800689674914 56.25423895938039 344.01413492090859
4050.0 -0.00507831445419 21.30328072287493 -155.66264472160722 350003.07398931030184 56.46988202141635 344.14090441813681
4080.0 -0.00471608009083 21.28955533104316 -155.65364767272808 350028.69481227081269 56.68577584870224 344.26779472232573
4110.0 -0.00421398560852 21.27547435407459 -155.64461339307883 349979.67400578409433 56.90198214398184 344.39489429259805
4140.0 -0.00570014873243 21.26172639389546 -155.63574838029533 349994.13453226815909 57.11854369262588 344.52226999939620
4170.0 -0.00423914073981 21.24796316971791 -155.62694321157952 350003.31746100727469 57.33552372330534 344.65001672770467
4200.0 -0.00443233082443 21.23418600247825 -155.61819894427731 350007.15604462288320 57.55290104211075 344.77812337586840
4230.0 -0.00536810194488 21.22040237227920 -155.60952503370709 350005.18212945200503 57.77051259630967 344.90639467388075
4260.0 -0.00443333778609 21.20661053029429 -155.60091818828732 349997.54613808915019 57.98840881341241 345.03490857216485
4290.0 -0.00505416746643 21.19280354877277 -155.59236816244282 349984.72485709469765 58.20675863817803 345.16390116402130
4320.0 -0.00459935999798 21.17931570276057 -155.58397325340135 350036.31638458091766 58.42547889301859 345.29328146824372
4350.0 -0.00467583353539 21.16549199436042 -155.57555412549840 350012.30748709384352 58.64440656092559 345.42284931416128
4380.0 -0.00495253879773 21.15165364108205 -155.56719018051044 349983.14881791826338 58.86380379559827 345.55297029242695
4410.0 -0.00424618356200 21.13812953260798 -155.55897622260986 350018.73033588193357 59.08357262302059 345.68353316936623
4440.0 -0.00407613468536 21.12459783123445 -155.55082786651292 350048.73482913803309 59.30357533875689 345.81436911126536
4470.0 -0.00437799626087 21.11073603412253 -155.54265472170695 350002.95780076459050 59.52387479127449 345.94558003034132
4500.0 -0.00407512890558 21.09686689942411 -155.53454334813156 349951.67743528261781 59.74451315100031 346.07724238425413
4530.0 -0.00405802355813 21.08330403748519 -155.52657343690962 349965.65070642530918 59.96555427407498 346.20946541317943
4560.0 -0.00364648471196 21.06972870630437 -155.51865967643317 349974.43381251860410 60.18697443745620 346.34223850442208
4590.0 -0.00365252293625 21.05614841005294 -155.51081106804608 349977.61190066765994 60.40861235477654 346.47535529000277
4620.0 -0.00388998742292 21.04256140890855 -155.50302455501117 349975.31462251953781 60.63051599377449 346.60890237901299
4650.0 -0.00325607905986 21.02896043220758 -155.49529004988511 349967.97745117451996 60.85285725464023 346.74314832990945
4680.0 -0.00296427764587 21.01534966176591 -155.48761224231345 349955.37897123023868 61.07554976546520 346.87799455199098
4710.0 -0.00343820202132 21.00204020849583 -155.48007548720196 350008.32930423878133 61.29843045662174 347.01322639234854
4740.0 -0.00387086933404 20.98841162185628 -155.47251249022960 349985.15676304697990 61.52176215284024 347.14925307750349
4770.0 -0.00325306053866 20.97507343873822 -155.46507797687039 350028.14060250949115 61.74544671280483 347.28595845581367
4800.0 -0.00317356848004 20.96143167815046 -155.45763283255513 349994.21908436715603 61.96934450562885 347.42315964992179
4830.0 -0.00365252293625 20.94778519631431 -155.45024717118827 349954.86535502225161 62.19351933115779 347.56097691606806
4860.0 -0.00349052502533 20.93442526905249 -155.44298705968666 349981.89306552987546 62.41801256658712 347.69950045214284
4890.0 -0.00374710523713 20.92105222301119 -155.43577730441581 350003.93706858064979 62.64288847038756 347.83885929862959
4920.0 -0.00338487205565 20.90766754439154 -155.42861912476133 350020.93251344282180 62.86812071789635 347.97904554341068
4950.0 -0.00305282526810 20.89427874625590 -155.42152110216634 350032.51505434419960 63.09355000760725 348.11984077504320
4980.0 -0.00327217626378 20.88060003578780 -155.41441694096611 349966.69428600929677 63.31922164323032 348.26134466767292
5010.0 -0.00301458909033 20.86747602794338 -155.40748708120933 350040.16573166660964 63.54530999734635 348.40386879828867
5040.0 -0.00314740993274 20.85377918597065 -155.40048494158594 349964.13273869734257 63.77172554751183 348.54730752782609
5070.0 -0.00257085229068 20.84064030914939 -155.39366531906583 350027.21327293850482 63.99830539827438 348.69143028197954
5100.0 -0.00323595400933 20.82720871590950 -155.38683078930598 350013.11241599265486 64.22531232795478 348.83670415686811
5130.0 -0.00287271386619 20.81376883231081 -155.38004736601926 349993.90436723548919 64.45264808241642 348.98300956103918
5160.0 -0.00316451409831 20.80059818281375 -155.37337830426304 350041.95323170442134 64.68017128549329 349.13014868282863
5190.0 -0.00339493458092 20.78715035083704 -155.36670683672108 350012.16849963366985 64.90794638460055 349.27826805850816
5220.0 -0.00382458219056 20.77369677085008 -155.36008753164538 349977.20961089897901 65.13601369132815 349.42747863102056
5250.0 -0.00248130125244 20.76049875848476 -155.35356870338381 350010.14483381528407 65.36443751706543 349.57793816545797
5280.0 -0.00346436293239 20.74728937019232 -155.34709706144776 350038.15744493622333 65.59318880820913 349.72964594525592
5310.0 -0.00301157056913 20.73381666149113 -155.34063112723533 349987.81926628295332 65.82211047114859 349.88237169073813
5340.0 -0.00393727916430 20.72060013128404 -155.33426882455271 350005.35865147225559 66.05124483934867 350.03623585288966
5370.0 -0.00254972382413 20.70737012598271 -155.32794946359709 350018.10244830977172 66.28076803111651 350.19160960487835
5400.0 -0.00321582777691 20.69387858691067 -155.32163167702026 349952.49308768007904 66.51058739178210 350.34838284318465
5430.0 -0.00312527214077 20.68064077525881 -155.31541715190926 349954.87951253168285 66.74054044023259 350.50630890629787
5460.0 -0.00325909758107 20.66738985315643 -155.30924428135205 349952.48128373920918 66.97088886249567 350.66593501190823
5490.0 -0.00276001925620 20.65437624216923 -155.30316052279602 350018.73483183607459 67.20153429010026 350.82714243079590
5520.0 -0.00346335478885 20.64111326316477 -155.29708697500553 350006.20672950334847 67.43233378150944 350.98971939431311
5550.0 -0.00183531762268 20.62784607528668 -155.29106351243510 349988.56712846644223 67.66335192609284 351.15385251429404
5580.0 -0.00257789629475 20.61481168759403 -155.28512673437902 350039.76512797921896 67.89462751443546 351.31968614500914
5610.0 -0.00218648249912 20.60152770413199 -155.27919372391554 350012.25117654539645 68.12622432800775 351.48742247161897
5640.0 -0.00218849642243 20.58823677615127 -155.27330600569482 349979.75976197980344 68.35811032429876 351.65707745677912
5670.0 -0.00270266498955 20.57517795330496 -155.26750697764859 350016.13650822918862 68.59013079570916 351.82841236354886
5700.0 -0.00219352650318 20.56211331874186 -155.26175634230350 350047.50241805054247 68.82232458845814 352.00158295779613
5730.0 -0.00178802469942 20.54880785197048 -155.25601108143488 349999.89361048396677 69.05486840571569 352.17704796641812
5760.0 -0.00194197637214 20.53572220136002 -155.25034368927979 350021.60755289439112 69.28766637348036 352.35470049750677
5790.0 -0.00206372536386 20.52263507098882 -155.24472782319305 350038.18485969863832 69.52055661671973 352.53428162965082
5820.0 -0.00149924535227 20.50931462466803 -155.23911948115926 349975.56162541080266 69.75379809643115 352.71645612150638
5850.0 -0.00194197282650 20.49620730679246 -155.23358459186608 349982.49625348486006 69.98729215824216 352.90111732722454
5880.0 -0.00175482214805 20.48309816513266 -155.22809918579242 349984.33668312896043 70.22089438671858 353.08804599793262
5910.0 -0.00227402315969 20.46998426616772 -155.22265950046949 349981.19352538883686 70.45466859570952 353.27749491270305
5940.0 -0.00127184339086 20.45686396157894 -155.21726320958734 349973.12956779263914 70.68865120671650 353.46966674773938
5970.0 -0.00220660636777 20.44394183062283 -155.21193126150618 350035.10743271932006 70.92290440444036 353.66483821057483
6000.0 -0.00219352413942 20.43080220973757 -155.20661478546737 350017.41714913025498 71.15739256289700 353.86306315452157
6030.0 -0.00268656778564 20.41766251277277 -155.20134693783220 349994.62629802990705 71.39196333977829 354.06410685978801
6060.0 -0.00233841788476 20.40472132111466 -155.19614691044393 350041.86972014792264 71.62665109668603 354.26819037648875
6090.0 -0.00261009661198 20.39156733544657 -155.19096116819182 350009.33388596307486 71.86163109778708 354.47591161222579
6120.0 -0.00145295939066 20.37840804564331 -155.18581689954945 349971.87926054559648 72.09680382237013 354.68718793980707
6150.0 -0.00229213310504 20.36544417289982 -155.18074032080867 350004.55795720871538 72.33200793913787 354.90176386156219
6180.0 -0.00241187290097 20.35246553501283 -155.17569737450557 350032.59332103747874 72.56749687688676 355.12049083221888
6210.0 -0.00174375384300 20.33928917811811 -155.17067638946077 349980.44164877664298 72.80317102492234 355.34330357539926
6240.0 -0.00172060908938 20.32630039653007 -155.16571805523120 349998.65405244566500 73.03888420941105 355.56999791325501
6270.0 -0.00203253319016 20.31330583435574 -155.16080131339632 350011.98375821206719 73.27469760411876 355.80094755955918
6300.0 -0.00199630975382 20.30030381049409 -155.15592392415687 350020.48096763994545 73.51064346876305 356.03646782028676
6330.0 -0.00269461638760 20.28729128910866 -155.15108227628193 350024.22687210328877 73.74678018871421 356.27697419625497
6360.0 -0.00113701098891 20.27427015547756 -155.14627786431183 350023.17248242348433 73.98306704948676 356.52260995216994
6390.0 -0.00177393905505 20.26124784489150 -155.14151785138006 350017.13500186149031 74.21935335441046 356.77318328495363
6420.0 -0.00132416403112 20.24822283125260 -155.13680014789247 350006.16234761755913 74.45566675069942 357.02904946443067
6450.0 -0.00151735766137 20.23518630942003 -155.13211527230393 349990.47170963697135 74.69217707475261 357.29105270429494
6480.0 -0.00087640411237 20.22230849951729 -155.12747542570867 350045.88914993312210 74.92877964718468 357.55919371110735
6510.0 -0.00111889986168 20.20926451428220 -155.12287229859834 350020.39405822195113 75.16531265163768 357.83327258478619
6540.0 -0.00058862936311 20.19620937456086 -155.11830099573837 349990.17357757501304 75.40201846681595 358.11447201472765
6570.0 -0.00143685982298 20.18314797081217 -155.11376602115735 349955.11536018922925 75.63879430716909 358.40284921486688
6600.0 -0.00019419822815 20.17024262960508 -155.10927803837626 349991.23037532996386 75.87549057506416 358.69828748466199
6630.0 -0.00125574382318 20.15733006612991 -155.10482774938032 350022.53387910500169 76.11216141611001 359.00141236654571
6660.0 -0.00066711327819 20.14425873263244 -155.10041108213537 349972.79240440670401 76.34883051345423 359.31278636429749
6690.0 -0.00089049093862 20.13132774529949 -155.09602921169258 349994.56034386344254 76.58554715078060 359.63312067568972
6720.0 -0.00159282187337 20.11838668213056 -155.09168087376199 350011.57461234461516 76.82226122752979 359.96278790561013
6750.0 -0.00149320712798 20.10544292976143 -155.08737294578242 350023.69231178332120 77.05882047914847 0.30176223766526
6780.0 -0.00183732918223 20.09249502714459 -155.08310350362373 350030.94805167894810 77.29523993204084 0.65071486848830
6810.0 -0.00206272194784 20.07939697185823 -155.07886571949632 349956.99553990550339 77.53167469282042 1.01099446857872
6840.0 -0.00173972599639 20.06656472191764 -155.07465660474224 350031.28225416969508 77.76800964378550 1.38286519809854
6870.0 -0.00249337533726 20.05359559135787 -155.07049131062996 350024.12118094973266 78.00407775162664 1.76635802154568
6900.0 -0.00193191384687 20.04061358496769 -155.06635419661441 350012.25355739612132 78.24009731084898 2.16334115793634
6930.0 -0.00298037721354 20.02762361407447 -155.06224964907997 349995.59088460914791 78.47595470988308 2.57424430974623
6960.0 -0.00242193542624 20.01463316412222 -155.05818449611132 349974.01256459299475 78.71148990444823 2.99928277268587
6990.0 -0.00243400832918 20.00176016883000 -155.05414731996726 350024.35610934440047 78.94673752645562 3.43970139843958
7020.0 -0.00271675299768 19.98875780494002 -155.05015066155647 349993.13205490261316 79.18169952996753 3.89670064666429
7050.0 -0.00235753597365 19.97574671145996 -155.04618409210468 349957.12450873851776 79.41640053537023 4.37173951851807
7080.0 -0.00249538926057 19.96284234019011 -155.04223898112448 349993.19737990386784 79.65076662054985 4.86585932985362
7110.0 -0.00243803263016 19.94993340935186 -155.03833052501602 350024.42621817719191 79.88463070510821 5.37962783153789
7140.0 -0.00225389929103 19.93691048016257 -155.03446883800342 349973.86036797985435 80.11797595484232 5.91459779776583
7170.0 -0.00171960330961 19.92398294540118 -155.03062163546008 349995.53028366435319 80.35091552927116 6.47337108649656
7200.0 -0.00179808840657 19.91104549153804 -155.02680472919192 350012.42310870718211 80.58330325049153 7.05710017582750
7230.0 -0.00184336622464 19.89810622295895 -155.02302538346771 350024.43943018745631 80.81494599543160 7.66669430631469
7260.0 -0.00177494601671 19.88505460618304 -155.01928586367433 349954.62278845440596 81.04599853844604 8.30576270461827
7290.0 -0.00098708479905 19.87209308231570 -155.01556106153993 349957.09818894788623 81.27630584000498 8.97599582544661
7320.0 -0.00188864758835 19.85912918339798 -155.01187202675965 349954.70291852671653 81.50566611289318 9.67886387503900
7350.0 -0.00111889867980 19.84624888755321 -155.00819767853574 350024.68036092817783 81.73404913714253 10.41746943012910
7380.0 -0.00131913395036 19.83326897621206 -155.00457007349132 350012.66645141970366 81.96138526051654 11.19500438120119
7410.0 -0.00092973407804 19.82027820923847 -155.00096906070650 349995.86278774496168 82.18761563395769 12.01523552179487
7440.0 -0.00154452317034 19.80727880782101 -154.99739632411115 349974.24232794251293 82.41258213102076 12.88148376717514
7470.0 -0.00183431184290 19.79435671416991 -154.99383774855934 350025.05597701016814 82.63604064784374 13.79657862131204
7500.0 -0.00139761668356 19.78135061461398 -154.99033188723556 349993.71136194095016 82.85786167644135 14.76502027192603
7530.0 -0.00107160812030 19.76833224730815 -154.98684972638083 349957.57059890124947 83.07801030544702 15.79325399757654
7560.0 -0.00093375837902 19.75537774648895 -154.98337333679564 349993.97340451087803 83.29621134350987 16.88573618956414
7590.0 -0.00127184220898 19.74241929208064 -154.97993103821568 350025.51877140067518 83.51213934591495 18.04682607997144
7620.0 -0.00086231846800 19.72937843362875 -154.97653436481551 349974.85712623968720 83.72572420334147 19.28551225249076
7650.0 -0.00109978177279 19.71639313172724 -154.97313993955157 349996.79203792940825 83.93661840713844 20.60809994846813
7680.0 -0.00136642569174 19.70340327747556 -154.96977787597183 350013.86366988252848 84.14441406337676 22.02082775272505
7710.0 -0.00082005680738 19.69040533023847 -154.96644453891074 350026.09027453418821 84.34880173249502 23.53297872283703
7740.0 -0.00008452095749 19.67739754801644 -154.96313795638451 350033.47590606287122 84.54939772628317 25.15433799972229
7770.0 -0.00088244233666 19.66432497202047 -154.95988233405029 349958.50211015157402 84.74577533350215 26.89599895420294
7800.0 -0.00036726562599 19.65134458533112 -154.95659640835635 350033.72694129776210 84.93738469665861 28.76848355227593
7830.0 -0.00039040565210 19.63830895704516 -154.95336933064527 350026.54397670272738 85.12357327306344 30.78154790801092
7860.0 -0.00100519829004 19.62526842207840 -154.95017192486887 350014.48293318878859 85.30369662675849 32.94758877728552
7890.0 -0.00032198662604 19.61221310890326 -154.94699492712252 349997.56395565811545 85.47707728555324 35.28203616320821
7920.0 -0.00043971131679 19.59914876153569 -154.94384313768785 349975.76331687718630 85.64282720461007 37.79578178682785
7950.0 -0.00053630635910 19.58611870213200 -154.94069177501123 350026.66750021558255 85.79997680533417 40.49793318355178
7980.0 -0.00066812023985 19.57303645636193 -154.93759120138947 349995.09327485505491 85.94756144527153 43.40336758742782
8010.0 -0.00036827022389 19.55994487664913 -154.93451443879681 349958.61755328159779 86.08443222974401 46.51861708375536
8040.0 -0.00024148878765 19.54687872798005 -154.93143443471121 349994.86154964379966 86.20938760756133 49.84526114225677
8070.0 0.00013986248271 19.53380198014516 -154.92837994994025 350026.20904395636171 86.32120075494984 53.38406444990781
8100.0 -0.00024249456743 19.52069152115154 -154.92538403323709 349975.01099751330912 86.41860997575343 57.12886532036528
8130.0 0.00029481638956 19.50758934754900 -154.92237394056306 349996.53188437968493 86.50036061458609 61.06662320700939
8160.0 0.00054133762173 19.49447379002054 -154.91938582155331 350013.12657422758639 86.56529681986937 65.17338927116059
8190.0 0.00001509496978 19.48135199546259 -154.91642560993563 350024.79964517522603 86.61246737118053 69.41457331081041
8220.0 0.00042964879152 19.46821253232508 -154.91352939239806 349953.89342472329736 86.64110379488714 73.75105033713712
8250.0 0.00080093753661 19.45506866693352 -154.91061360491236 349955.67910611629486 86.65059735081606 78.14102724809953
8280.0 0.00002113083031 19.44191324262801 -154.90771993973055 349952.50863928161561 86.64079791593259 82.53292872106898
8310.0 0.00011068186856 19.42875648274521 -154.90481594309009 350022.05493304599077 86.61195721218951 86.87459209806441
8340.0 0.00012678261812 19.41557798494005 -154.90196729170356 350008.95581452362239 86.56433550089977 91.12462864910066
8370.0 0.00016803613521 19.40238751550293 -154.89913932282840 349990.87019961141050 86.49872272850439 95.24088529601246
8400.0 0.00060975901154 19.38918674838602 -154.89629758706766 350045.46774711366743 86.41621648610784 99.18870654863539
8430.0 0.00081502554474 19.37598183859951 -154.89351997131658 350017.44156739674509 86.31787512691051 102.94571580183701
8460.0 0.00072245598529 19.36276748143574 -154.89076412422079 349984.41942720301449 86.20487319226818 106.49726304604391
8490.0 0.00102331059914 19.34952541465348 -154.88798381003039 350023.98885977640748 86.07837400219515 109.83656227719848
8520.0 0.00087942145169 19.33628482375421 -154.88526591367355 349980.90699187293649 85.93965314029896 112.96195690567086
8550.0 0.00081200820542 19.32302060476682 -154.88253003677781 350010.44170912355185 85.79004609184101 115.87644964099805
8580.0 0.00057051823588 19.30976949413151 -154.87986219181127 349957.37207078095526 85.63064363988241 118.58824833463382
8610.0 0.00182424813576 19.29647779035797 -154.87716471294095 349976.79812270030379 85.46222900150561 121.10885390380979
8640.0 0.00106154559503 19.28317186569466 -154.87448642237740 349991.15174286440015 85.28586685215079 123.44906467078874
8670.0 0.00126681331011 19.26985998675822 -154.87183404522611 350000.49439146555960 85.10258927656646 125.62059727387754
8700.0 0.00128693599688 19.25652835404637 -154.86919540872591 350004.69466546643525 84.91281701981811 127.63708956356527
8730.0 0.00254972146037 19.24318198675303 -154.86657446796528 350003.78166545554996 84.71733147312642 129.51025007174400
8760.0 0.00146302191593 19.22982903250723 -154.86397781692006 349997.82462949492037 84.51691761662937 131.25135710271240
8790.0 0.00166224904296 19.21646563941013 -154.86140180141805 349986.77874714322388 84.31200305372845 132.87169836432031
8820.0 0.00183531762268 19.20309006972086 -154.85884458290411 349970.61578346230090 84.10300374698572 134.38157871662457
8850.0 0.00144289686539 19.18965042826604 -154.85625341516348 350026.72576184011996 83.89023431379714 135.79048842883967
8880.0 0.00106355951834 19.17624312086182 -154.85372833442966 350000.21637501008809 83.67411652187928 137.10694581505146
8910.0 0.00074056593064 19.16282970332451 -154.85122613058522 349968.62436522729695 83.45513580735509 138.33873348029869
8940.0 0.00062183427824 19.14935258750370 -154.84869482160269 350009.30924993474036 83.23354710325728 139.49309200117099
8970.0 0.00105349581119 19.13585222914793 -154.84617492061486 350044.70038624294102 83.00933602557278 140.57658447112473
9000.0 0.00046688037139 19.12239719474403 -154.84372322378036 349997.53453059401363 82.78287335845593 141.59502594389852
9030.0 0.00084823045987 19.10887402460716 -154.84124321092349 350022.59073164127767 82.55455436237203 142.55377365525729
9060.0 0.00089954650223 19.09539615164532 -154.83882692814882 349965.04020527843386 82.32420903590005 143.45761394640246
9090.0 0.00027570184632 19.08183561727496 -154.83637314632702 349979.50611265096813 82.09211284689094 144.31090444555193
9120.0 0.00041656774504 19.06826579454576 -154.83394078201547 349988.79910726100206 81.85860293341720 145.11767894083772
9150.0 0.00097501189611 19.05468273461442 -154.83152616038538 349992.85059060249478 81.62370370379222 145.88150245281591
9180.0 0.00056045571061 19.04108470830172 -154.82912747884907 349991.62079540640116 81.38748122648813 146.60560476106212
9210.0 0.00129297303929 19.02746800059643 -154.82674128243653 349985.03390103857964 81.14994258565805 147.29287207253134
9240.0 0.00103035342133 19.01383544745981 -154.82436959612147 349973.11867265403271 80.91124388519505 147.94601602079743
9270.0 0.00185544267322 19.00019397495588 -154.82201784289066 349955.97952948696911 80.67163059591357 148.56759710223085
9300.0 0.00107059997676 18.98645236567564 -154.81962840120985 350010.60583373717964 80.43115300354457 149.15983671336519
9330.0 0.00190977723678 18.97277778813871 -154.81730459708697 349982.73139306437224 80.18961401497540 149.72455302309115
9360.0 0.00158074778855 18.95899308060006 -154.81493786334784 350026.43729050178081 79.94722706514656 150.26371418282335
9390.0 0.00078785649014 18.94529583738524 -154.81264928113754 349987.95686499401927 79.70424360024143 150.77919040674641
9420.0 0.00145497331397 18.93147708203070 -154.81031138686384 350020.84069928806275 79.46037340761215 151.27223488497287
9450.0 0.00157068408140 18.91763791452323 -154.80798552541393 350048.22802756726742 79.21578084982201 151.74437179585018
9480.0 0.00132617795443 18.90389404083383 -154.80573755920256 349993.49832703638822 78.97070490155993 152.19709646306129
9510.0 0.00154754287342 18.89002964309686 -154.80344572033377 350010.14578524976969 78.72508408882963 152.63152236271625
9540.0 0.00156162969967 18.87614748604016 -154.80116704526344 350021.30472375731915 78.47890966681499 153.04871540476654
9570.0 0.00193392658830 18.86235952500925 -154.79895858940759 349950.23798633087426 78.23212160769407 153.44960370834235
9600.0 0.00135535620482 18.84832151424430 -154.79664086131825 350026.90291403699666 77.98481717966237 153.83519549736124
9630.0 0.00146000457661 18.83438751767347 -154.79440074684794 350021.52049258630723 77.73718200786927 154.20652413530416
9660.0 0.00197920204261 18.82044110057613 -154.79217677351198 350010.70246092695743 77.48922125120662 154.56437891729422
9690.0 0.00143585522509 18.80647120269819 -154.78995947357410 349994.17910958547145 77.24069559993873 154.90923608670491
9720.0 0.00214623476180 18.79248447865378 -154.78775397256814 349972.08263429813087 76.99178018244586 155.24194659613713
9750.0 0.00165520622077 18.77835668345655 -154.78550377712341 350020.93952332064509 76.74268736568958 155.56335655148570
9780.0 0.00157370496637 18.76433601054940 -154.78332245214176 349987.65571196377277 76.49310047703655 155.87371372250757
9810.0 0.00191983858017 18.75015950844787 -154.78108740288667 350024.96101431548595 76.24315295740793 156.17369680033357
9840.0 0.00172765309345 18.73610938359774 -154.77893250339866 349980.52949406765401 75.99305621854461 156.46403189071214
9870.0 0.00210296732140 18.72190221915457 -154.77672597449742 350006.65666967537254 75.74272567654677 156.74509893195730
9900.0 0.00185846001254 18.70767455534143 -154.77452987702310 350027.04572126269341 75.49213274198060 157.01730538504631
9930.0 0.00244608359588 18.69342254567316 -154.77234070157303 350041.57349200453609 75.24119871286106 157.28097689432821
9960.0 0.00244708937565 18.67930157323351 -154.77022639475112 349974.35120456106961 74.99000470203028 157.53658228482209
9990.0 0.00216132736782 18.66501665997638 -154.76806098822868 349977.50043116603047 74.73871466425835 157.78465377885226
10020.0 0.00208385041440 18.65071669904711 -154.76590901615899 349974.98444270528853 74.48732225117162 158.02552037351740
10050.0 0.00242696432511 18.63622971980877 -154.76369399441714 350042.23070394247770 74.23557564445375 158.25923110249980
10080.0 0.00225792477389 18.62188114022333 -154.76155456934382 350027.81778446026146 73.98363832866814 158.48625517712767
10110.0 0.00256581984617 18.60752148156992 -154.75943071377628 350007.79781884979457 73.73170768797365 158.70707848060849
10140.0 0.00277511422599 18.59313638805904 -154.75731033549732 349981.73298583645374 73.47946128516661 158.92162351739063
10170.0 0.00322387874263 18.57855908441658 -154.75512887052065 350025.25143089238554 73.22702082430179 159.13026529742450
10200.0 0.00341807697078 18.56413922909350 -154.75302939885756 349987.52390320226550 72.97458748702519 159.33344621825651
10230.0 0.00303773384395 18.54952602757353 -154.75087100264025 350019.34252407029271 72.72206874935536 159.53128777990966
10260.0 0.00302062376898 18.53506996883906 -154.74878975982986 349969.83543321117759 72.46942983402397 159.72396015845868
10290.0 0.00333959423758 18.52040939005416 -154.74664357482334 349989.51730665657669 72.21658560878760 159.91157063311553
10320.0 0.00350561763136 18.50572501990329 -154.74450380967704 350003.09903299622238 71.96361226121988 160.09438298740213
10350.0 0.00374911797856 18.49102355037274 -154.74237553669377 350010.77585853077471 71.71066257589001 160.27272842155301
10380.0 0.00362233654232 18.47630452803337 -154.74025800487243 350012.51653491146863 71.45772771660303 160.44676156181805
10410.0 0.00342612675462 18.46155645154924 -154.73814146934234 350007.91598537191749 71.20455126581948 160.61637686708585
10440.0 0.00477242857770 18.44678635802176 -154.73603127778645 349997.18218968529254 70.95129278480350 160.78188587505795
10470.0 0.00404896681264 18.43200268890966 -154.73393391564369 349980.58382391370833 70.69814188406085 160.94362019417048
10500.0 0.00411638360455 18.41719096589065 -154.73183721353070 349957.60054543148726 70.44477600104125 161.10138712105956
10530.0 0.00401576307939 18.40215098780419 -154.72967241878499 350003.00255712214857 70.19131101267646 161.25543088987135
10560.0 0.00399966351171 18.38709135910125 -154.72751819565332 350042.30050563812256 69.93794333130107 161.40606760550244
10590.0 0.00397249563899 18.37221866890338 -154.72544387011334 350000.86199559923261 69.68457708831417 161.55331458022224
10620.0 0.00453093979005 18.35732592233441 -154.72337515327388 349953.22561008855700 69.43117556111322 161.69724359308969
10650.0 0.00406607334197 18.34219271848742 -154.72123455071880 349973.51306406594813 69.17765103722739 161.83787183385968
10680.0 0.00427335025284 18.32703334154408 -154.71909764204307 349987.36225696001202 68.92407845790606 161.97537209101975
10710.0 0.00418983625700 18.31185440500360 -154.71696941193960 349994.99804635532200 68.67060308323477 162.10997960364472
10740.0 0.00330840088200 18.29665558397875 -154.71484919813381 349996.38879323750734 68.41721653935133 162.24177394670588
10770.0 0.00439912709118 18.28142516294941 -154.71272706431748 349991.05684729479253 68.16366036210549 162.37058976713516
10800.0 0.00416669268526 18.26617037525957 -154.71060849400146 349979.25213894061744 67.91009292427134 162.49666228065325
10830.0 0.00407210920250 18.25089965559624 -154.70849996019260 349961.28502411115915 67.65669779605405 162.62024466444777
10860.0 0.00408317987130 18.23536274310866 -154.70631311042220 350010.23424629773945 67.40315591107041 162.74110462170651
10890.0 0.00371088180079 18.22003351686490 -154.70420363003012 349978.82156730350107 67.14957863458793 162.85942052986650
10920.0 0.00386986355427 18.20444668426215 -154.70202586902602 350014.65505635552108 66.89615968001523 162.97544284394780
10950.0 0.00446754848099 18.18907760586574 -154.69992900445430 349970.44839568436146 66.64280149326339 163.08914278390856
10980.0 0.00413952599442 18.17343942427497 -154.69775751927497 349993.00628662481904 66.38946696357229 163.20054690826507
11010.0 0.00460741096370 18.15776937157826 -154.69558445591483 350008.63181255292147 66.13606723026338 163.30963177511799
11040.0 0.00414153873585 18.14207098833445 -154.69341227921961 350017.44261251576245 65.88267739396530 163.41652450128936
11070.0 0.00466174552727 18.12635081071853 -154.69124590130011 350019.69310656655580 65.62943670301033 163.52140755188842
11100.0 0.00376723146955 18.11060864661993 -154.68908474549551 350015.35275877639651 65.37633834990518 163.62432508675963
11130.0 0.00422203421048 18.09483256823618 -154.68691864335065 350003.86758368555456 65.12312279586239 163.72508898543359
11160.0 0.00490826557755 18.07903000950688 -154.68475323431792 349985.53259465005249 64.86994833081357 163.82389248441851
11190.0 0.00436189669319 18.06320948781522 -154.68259505302299 349960.70541915111244 64.61699547555773 163.92094432685161
11220.0 0.00521012715306 18.04708773648247 -154.68035186855170 350001.20773472171277 64.36394565550799 164.01599987787444
11250.0 0.00469797132736 18.03093308774552 -154.67810667249205 350034.51933933701366 64.11090848152618 164.10920112369544
11280.0 0.00494750871697 18.01502861784422 -154.67594683385087 349988.72350155748427 63.85807585327299 164.20075990023341
11310.0 0.00484688700993 17.99882462537855 -154.67370784224056 350008.30686086323112 63.60534922284761 164.29062586113250
11340.0 0.00563776320315 17.98259079169065 -154.67146801615405 350020.75164030585438 63.35269173790002 164.37880322771650
11370.0 0.00516484933499 17.96660513904030 -154.66930480520381 349953.84084320534021 63.10001399978810 164.46524921120894
11400.0 0.00529163077123 17.95030988273910 -154.66705860265799 349951.80083032324910 62.84739185758265 164.55006564484714
11430.0 0.00581586304550 17.93370338982168 -154.66473338777843 350014.59031482692808 62.59495926795574 164.63340250544297
11460.0 0.00465067604034 17.91735787228810 -154.66249201491408 349998.53026095684618 62.34271143485329 164.71528615937027
11490.0 0.00534294799547 17.90068355899564 -154.66016011937299 350046.41501090582460 62.09038818848938 164.79552136490588
11520.0 0.00569411169002 17.88427110171882 -154.65790801685782 350015.37788753397763 61.83814821109607 164.87427580594752
11550.0 0.00538822581354 17.86783889749067 -154.65566019657069 349977.48389686830342 61.58616859031004 164.95172948502992
11580.0 0.00566895774061 17.85107123513628 -154.65332071709361 350003.15632904134691 61.33413333712880 165.02763843367583
11610.0 0.00524635058940 17.83426889912781 -154.65097610701386 350021.18597906548530 61.08214986736311 165.10212174424819
11640.0 0.00576756434247 17.81774735710002 -154.64871735302839 349961.04185128118843 60.83040866803253 165.17536624333093
11670.0 0.00549387760134 17.80058341305654 -154.64628876552970 350035.39145955163985 60.57881052855437 165.24731128222396
11700.0 0.00571624830011 17.78400572431330 -154.64402444629161 349960.44187702611089 60.32731914921639 165.31794951582262
11730.0 0.00602515387968 17.76676933188541 -154.64158349899796 350019.14225442707539 60.07584488891954 165.38722874604986
11760.0 0.00590742682518 17.74981270962290 -154.63922179320988 349999.43109492771327 59.82446459787931 165.45523566797132
11790.0 0.00624853035823 17.73283069786328 -154.63685974685728 349972.36529177520424 59.57330732503529 165.52209841396268
11820.0 0.00646687675602 17.71550124741870 -154.63441142869897 350008.18319498840719 59.32237046510738 165.58783407562640
11850.0 0.00650712685709 17.69812887399437 -154.63195103185680 350035.65841452870518 59.07139347020896 165.65224714927649
11880.0 0.00628777231577 17.68104883280590 -154.62957065826649 349985.16813781391829 58.82053561240394 165.71548848984662
11910.0 0.00646989527722 17.66361756288654 -154.62710510083161 349997.31934906914830 58.56997082171797 165.77771820879479
11940.0 0.00641153641268 17.64614491147833 -154.62462719761322 350001.08827139995992 58.31938583202862 165.83869791094716
11970.0 0.00747107163004 17.62863616880995 -154.62214083626580 349996.73161086160690 58.06888610075725 165.89853134348979
12000.0 0.00682508445464 17.61110072784289 -154.61965335930552 349984.75589201319963 57.81866088140372 165.95738791608233
12030.0 0.00698004190713 17.59319348577868 -154.61707291656927 350034.24507634714246 57.56861048442269 166.01520216756759
12060.0 0.00747811208846 17.57559132368527 -154.61457240948857 350006.17542573623359 57.31869930703177 166.07196061643771
12090.0 0.00769847240956 17.55795219536146 -154.61206060497366 349969.77090758550912 57.06883762910986 166.12760657233980
12120.0 0.00817641872224 17.53993180386694 -154.60945200505040 349994.22252738010138 56.81910340123979 166.18221708396763
12150.0 0.00735535613509 17.52187957397763 -154.60683915502705 350010.61638599913567 56.56962099144308 166.23590456427226
12180.0 0.00775079304982 17.50414922999180 -154.60431061506333 349950.20223228819668 56.32039004682428 166.28868122727491
12210.0 0.00865637895822 17.48566779049261 -154.60158858420161 350018.35917275212705 56.07114982299650 166.34035427439073
12240.0 0.00861411847947 17.46750376535497 -154.59894597055995 350009.34545449912548 55.82206024460140 166.39106279510557
12270.0 0.00806372529413 17.44931233268009 -154.59630067436507 349992.39436389319599 55.57329223005333 166.44095229829909
12300.0 0.00912124304254 17.43071468753946 -154.59354938366553 350034.71258054673672 55.32453532900500 166.48979173671577
12330.0 0.00896125905493 17.41244114861188 -154.59087577760289 350000.06754590105265 55.07589316902115 166.53767393860505
12360.0 0.00914640053759 17.39414005334439 -154.58819768602589 349957.35713567584753 54.82755383853728 166.58475551540715
12390.0 0.00901357969518 17.37543527418840 -154.58541971544363 349974.02325956989080 54.57941728895070 166.63096897104268
12420.0 0.00922488445267 17.35669169910473 -154.58263033357093 349981.87277518492192 54.33144868946584 166.67629757141111
12450.0 0.00975817229056 17.33790513760576 -154.57982535836902 349980.58243071008474 54.08355834554076 166.72068265957898
12480.0 0.00960724268469 17.31907977436175 -154.57700776520963 349970.37793435528874 53.83582533128404 166.76419483207405
12510.0 0.00986784837935 17.30022185194325 -154.57418231739030 349951.63149071950465 53.58836948285660 166.80693458955841
12540.0 0.00944323085046 17.28094763609154 -154.57125649853026 349991.40430668462068 53.34119270520461 166.84891165923423
12570.0 0.00999563677724 17.26162347197276 -154.56831043650701 350021.42866601049900 53.09403421212468 166.88993709555797
12600.0 0.00960221142206 17.24264680914893 -154.56544348350189 349975.42805055528879 52.84705457377137 166.93014139455209
12630.0 0.00914136927496 17.22325056760316 -154.56247715938659 349987.67215431854129 52.60042177674553 166.96965886918875
12660.0 0.01003387295500 17.20380626913879 -154.55949031404839 349990.13877203594893 52.35382826451152 167.00826616590487
12690.0 0.01022907578105 17.18392264259953 -154.55639325307817 350049.49261307995766 52.10737590818803 167.04604797689029
12720.0 0.01098876098245 17.16479938005316 -154.55347490132169 349967.32914352696389 51.86125164175392 167.08315113795553
12750.0 0.01020090212855 17.14484012802843 -154.55035511591552 350008.36234255507588 51.61535514829098 167.11950754300017
12780.0 0.01027234322145 17.12483682080506 -154.54721944034972 350039.74842108227313 51.36965241044751 167.15509879706374
12810.0 0.01085392976238 17.10519182650205 -154.54415837906575 349995.37627618480474 51.12405383580108 167.18986559470497
12840.0 0.01065973153422 17.08509880302269 -154.54098562731087 350007.15827004704624 50.87863960578499 167.22387405895535
12870.0 0.01067381836047 17.06496805037796 -154.53780052142014 350009.59436923265457 50.63352513426587 167.25721530109050
12900.0 0.01117994068940 17.04480012824264 -154.53460290355989 350002.68130026198924 50.38871456087459 167.28989791665137
12930.0 0.01108535602476 17.02458210164477 -154.53138069413512 349985.40654634777457 50.14394720235263 167.32173708233790
12960.0 0.01069595497056 17.00390361708993 -154.52804435725113 350023.33501939568669 49.89938422960077 167.35285682250776
12990.0 0.01159751539610 16.98360874679357 -154.52479336985357 349986.94522073864937 49.65519074244104 167.38338258967519
13020.0 0.01155022365472 16.96284209803309 -154.52142056093095 350004.85616062674671 49.41106215170051 167.41309841442637
13050.0 0.01133086911340 16.94202799311438 -154.51802637008947 350012.42882874421775 49.16709861630379 167.44208270946351
13080.0 0.01221633115314 16.92117631599618 -154.51461888927503 350010.36978501453996 48.92348589583732 167.47047463813470
13110.0 0.01126647202456 16.90028228192422 -154.51119315214319 349998.25980351865292 48.68012348180146 167.49820620253868
13140.0 0.01155726765879 16.87891114343704 -154.50764908213387 350039.99029213935137 48.43697819462781 167.52525824892047
13170.0 0.01225657770858 16.85792304007307 -154.50417810704764 350006.90429438278079 48.19396060660597 167.55157150323737
13200.0 0.01189333992920 16.83689151844374 -154.50068570542498 349963.50927944201976 47.95115196944661 167.57720891174222
13230.0 0.01254636519926 16.81538209739859 -154.49707757712497 349973.81117635406554 47.70866336421289 167.60225395865245
13260.0 0.01271138281327 16.79382884609093 -154.49344987204611 349973.72506529930979 47.46645352923387 167.62668110951117
13290.0 0.01345597422676 16.77222321767048 -154.48979407476503 349962.49673541076481 47.22435036170411 167.65037230851729
13320.0 0.01314002700689 16.75013251069284 -154.48602302317073 350004.37683722283691 46.98263549685781 167.67353117328443
13350.0 0.01361093049738 16.72798440239821 -154.48222139697052 350034.63692014198750 46.74100704447258 167.69594792096751
13380.0 0.01336843474807 16.70623682420204 -154.47849402385930 349990.89946166239679 46.49956360622431 167.71769635281984
13410.0 0.01384134979811 16.68399734191507 -154.47464834117574 349999.62647402472794 46.25848995854022 167.73891004965060
13440.0 0.01433439108056 16.66171118661367 -154.47077945931238 349997.43279845360667 46.01768536505809 167.75952133376245
13470.0 0.01433237952101 16.63891763738679 -154.46678379011021 350046.41304458770901 45.77711747223513 167.77951084887849
13500.0 0.01485963031650 16.61699073322493 -154.46296134669061 349959.33966914471239 45.53669697846655 167.79881959435886
13530.0 0.01483447518520 16.59409278164466 -154.45890859480562 349985.27460362110287 45.29650626454924 167.81750852950253
13560.0 0.01478718462570 16.57114873926827 -154.45483351742359 350000.14779693447053 45.05665229579709 167.83565513516837
13590.0 0.01569477736613 16.54815697876679 -154.45073377310575 350003.75745674315840 44.81709559361658 167.85323464365229
13620.0 0.01561629817857 16.52510894781351 -154.44660051873504 349995.28476609475911 44.57766600245623 167.87013196041045
13650.0 0.01650980409276 16.50201979870102 -154.44244704357774 349975.99851550813764 44.33864184791414 167.88654268817908
13680.0 0.01529330459087 16.47839854746946 -154.43815415157422 350005.55317702889442 44.09972399813086 167.90226263993861
13710.0 0.01669997920181 16.45472178613961 -154.43382937675221 350022.93977888487279 43.86100951734049 167.91736182758356
13740.0 0.01672815285431 16.43147988199015 -154.42958604905132 349968.26650759670883 43.62268215904409 167.93196925178174
13770.0 0.01669494557542 16.40722754412363 -154.42510493038588 350023.26317783724517 43.38464101750687 167.94601767457493
13800.0 0.01790239424120 16.38340396588639 -154.42069770605565 350005.51402131281793 43.14685457326427 167.95948779699233
13830.0 0.01701894376101 16.35952470754292 -154.41625475797190 349975.29253651574254 42.90923369604987 167.97232101793213
13860.0 0.01795069176236 16.33510553554356 -154.41167385801276 349993.03068142570555 42.67186184556932 167.98457685689127
13890.0 0.01737212374264 16.31063711726594 -154.40706507747200 349998.81644760910422 42.43484194085232 167.99632763422940
13920.0 0.01778064052196 16.28611793737828 -154.40242603199360 349992.43999387789518 42.19813626816330 168.00754948932146
13950.0 0.01888746748070 16.26153944042437 -154.39774750531933 349973.01476030610502 41.96157665687818 168.01813007533900
13980.0 0.01871238852331 16.23641888511808 -154.39293592024188 350001.27672481350601 41.72543810400456 168.02825819868650
14010.0 0.01818010410143 16.21123441955728 -154.38808196755221 350015.96198021806777 41.48942429281799 168.03773465163766
14040.0 0.01883112017571 16.18649413228300 -154.38329816416828 349958.52396595384926 41.25363076714073 168.04662629406317
14070.0 0.01840247716396 16.16070111268716 -154.37826937276316 350006.90396146941930 41.01824021582335 168.05505835351542
14100.0 0.01934730384802 16.13485094151087 -154.37320524715807 350042.19136384502053 40.78315162016533 168.06296405179492
14130.0 0.01948414544577 16.10945147146566 -154.36821282559015 350005.72521536052227 40.54833430031049 168.07032430144372
14160.0 0.01995706285957 16.08399375436657 -154.36317833488610 349955.81757848802954 40.31369934027017 168.07708093443520
14190.0 0.01956162476296 16.05796958365224 -154.35799581020464 349951.00371929071844 40.07933122646345 168.08329245120169
17430.0 0.01988662872833 11.55055786523143 -153.09220782919212 350031.01943524088711 16.68000389884423 165.88544228136234
17550.0 0.01880495808276 11.28282501272792 -152.99834784614868 349990.48851481545717 15.89442747884451 165.69920661312031
17580.0 0.01657017806249 11.21355739480186 -152.97385805449449 350016.59493818879128 15.69904052220619 165.65149248456095
17610.0 0.01880395230298 11.14419706589014 -152.94916802721909 350012.28741171304137 15.50413161791649 165.60336550320210
17640.0 0.01732684474269 11.07473116241476 -152.92424996938536 349974.48423243500292 15.30948720770199 165.55468019253985
17670.0 0.01661746980387 11.00376489842936 -152.89876478825502 349979.61096251290292 15.11523501785834 165.50552203894802
17700.0 0.01648766748267 10.93271051554661 -152.87307774715788 349954.78506226278841 14.92151627290201 165.45598615256026
17730.0 0.01559114186540 10.86014252131545 -152.84679851524788 349970.04726919904351 14.72806948817835 165.40589397421201
17760.0 0.01473888474079 10.78747320780166 -152.82028754266037 349952.15155988838524 14.53497431056448 165.35529854147708
17790.0 0.01305550604940 10.71330248482004 -152.79320520973317 349977.11188728176057 14.34239865584519 165.30431344074202
17820.0 0.01015159882763 10.63903467083808 -152.76589304377976 349969.59467960800976 14.15024397629058 165.25287071184076
17850.0 0.01241656524182 10.56325269795695 -152.73798392890168 350002.13692878000438 13.95848896934693 165.20095489704116
17880.0 0.01027536174266 10.48736593656742 -152.70982386257211 350000.13651181384921 13.76704986318754 165.14850761162234
17910.0 0.01019788242547 10.41138255350726 -152.68142278190092 349965.12764081358910 13.57601866202508 165.09559082804370
17940.0 0.00620526409971 10.33246211724901 -152.65205192955449 350042.11187503393739 13.38545516916915 165.04224473366665
17970.0 0.00854167042492 10.25487164201897 -152.62280923392998 350014.80295793060213 13.19537850452097 164.98848173423062
18000.0 0.00280831914112 10.17717704378444 -152.59329832218299 349952.08529856055975 13.00557883054287 164.93415637504359
18030.0 0.00125171715844 10.09653120531312 -152.56278908881970 349998.45247847680002 12.81618184656809 164.87935404338739
18060.0 0.00075767364185 10.01579601073506 -152.53203694695623 350012.94679353293031 12.62732609713744 164.82416976513315
18090.0 -0.00193090688521 9.93495527715734 -152.50100376164801 349991.33757713250816 12.43875411758495 164.76842448141900
18120.0 -0.00068019314279 9.85258209299829 -152.46932039577217 350005.43419579416513 12.25054414057867 164.71217109742292
18150.0 -0.00480563467471 9.77012082457628 -152.43738256405973 349987.29344130400568 12.06286237864953 164.65552401955915
18180.0 -0.00845614368766 9.68612870764952 -152.40479313966947 350005.28571638185531 11.87561088655737 164.59841443443017
18210.0 -0.00675767120836 9.60204056497061 -152.37192449114079 349988.75901323929429 11.68876921959877 164.54082714067226
18240.0 -0.01414421833527 9.51641121054985 -152.33837736472282 350005.78843108378351 11.50225436088013 164.48270311428695
18270.0 -0.01315813695224 9.43068701980784 -152.30454395193595 349988.19673818256706 11.31615859294587 164.42410562303303
18300.0 -0.01131577768925 9.34342946711294 -152.27004236893313 350006.11955232918262 11.13053856659764 164.36507337729373
18330.0 -0.01896092131503 9.25608330435072 -152.23525809658776 349990.63928979542106 10.94541417127600 164.30561953521311
18360.0 -0.01803219301676 9.16718794638821 -152.19976548424023 350006.62881152424961 10.76057929929659 164.24559835718949
79890.0 -0.00811131841488 24.68722987956484 -170.17105783506767 349999.74276505690068 4.04058021907908 293.28023356767153
79920.0 -0.00394432198649 24.70732122888515 -170.07276800543045 349999.77287489268929 4.14032508687318 293.46016308604698
79950.0 0.00258896459979 24.72730782820447 -169.97618546919469 350049.80614609457552 4.24018191138298 293.63990695483511
79980.0 -0.00008552673727 24.74626044205283 -169.87802731725463 350029.69734167866409 4.34035085549625 293.81960917559826
80010.0 0.00402884176210 24.76464039543636 -169.77994543600838 349998.98994720168412 4.44071739469945 293.99918396573139
80040.0 0.00242797246865 24.78243143980470 -169.68197175074317 349954.19306703936309 4.54114844885169 294.17853198413843
80070.0 0.00559147960530 24.80067187842472 -169.58727838692894 350027.40631529968232 4.64189626277590 294.35783530668601
80100.0 -0.00114002951011 24.81735493315258 -169.48943699731535 349965.39410695619881 4.74288942709686 294.53703965322671
80130.0 0.00341304452627 24.83448010029311 -169.39492200951244 350015.44755515828729 4.84396491578086 294.71602382464437
80160.0 0.00086131150635 24.85053945088394 -169.29889274040085 349991.38989434763789 4.94522452083201 294.89486004539600
80190.0 -0.00559952702538 24.86604387366281 -169.20295690076671 349956.52479473873973 5.04668726462081 295.07356009817357
80220.0 -0.00577058404555 24.88153295038796 -169.10869713689016 349976.02774355560541 5.14843934956727 295.25218484975824
80250.0 -0.01382525141231 24.89647811500209 -169.01453512110677 349984.39446831960231 5.25038396897058 295.43066149201911
80280.0 -0.01418647999589 24.91087581812323 -168.92048288761427 349980.56916257645935 5.35248105664581 295.60895866598082
80310.0 -0.01461512300764 24.92472469331705 -168.82654899134039 349963.92054270859808 5.45470704914658 295.78705707297058
80340.0 -0.01727754025988 24.93859779334533 -168.73428077061865 350002.64628570061177 5.55726296909990 295.96510150042957
80370.0 -0.01473083377507 24.95194448806410 -168.64211479612209 350030.61326487362385 5.66003391698170 296.14300594569238
80400.0 -0.01685090998956 24.96419253101798 -168.54850331377838 349981.02058189082891 5.76288558857411 296.32067022525086
80430.0 -0.01550158846340 24.97648362430881 -168.45655876932048 349986.84485494159162 5.86607232272661 296.49827811728801
80460.0 -0.01352137827725 24.98825735924022 -168.36471770011315 349982.82781024184078 5.96952233434749 296.67577513817031
80490.0 -0.00692671312334 25.00006988488160 -168.27458684138693 350028.67507841158658 6.07307060183419 296.85303867715595
80520.0 -0.00644775748526 25.01079287320692 -168.18300644741137 349999.44904289022088 6.17682044465435 297.03014220125283
80760.0 -0.01970380254834 25.08423751244215 -167.47044324061594 350010.32525708433241 7.01501563489916 298.44165649820275
80790.0 -0.01946100423779 25.09164849312521 -167.38311958014941 350010.53337289672345 7.12084495756076 298.61742408808624
80880.0 -0.00699614147481 25.11160117967435 -167.12354198226592 350006.14480390865356 7.43962036836494 299.14369740430942
80910.0 -0.01683179071880 25.11772197619715 -167.03831840394437 350025.49429670628160 7.54635092971934 299.31880367578327
80940.0 -0.01355357623073 25.12337534226216 -166.95323423942540 350034.15782995615155 7.65334198864630 299.49376555903405
80970.0 -0.01311285913417 25.12855599962159 -166.86830725094094 350030.43271907605231 7.76051876258339 299.66852648993552
81000.0 -0.01271440251635 25.13326335247267 -166.78354557430589 350013.70236671343446 7.86785522173248 299.84306554864361
81030.0 -0.01063356944128 25.13751688548945 -166.69891305855484 349988.26269041467458 7.97555417826011 300.01752913128422
81060.0 -0.01337648571379 25.14130778819392 -166.61443533764350 349951.53071294818074 8.08349993117265 300.19183078534792
81090.0 -0.01624819143644 25.14595929369930 -166.53314549298884 350031.44692197069526 8.19155563391084 300.36586859462761
81120.0 -0.01642025305451 25.14883744987566 -166.44898227149054 349971.79871047846973 8.29997996827905 300.53982984511492
81150.0 -0.01168908035766 25.15261270186208 -166.36796275177383 350032.99836131092161 8.40870034108592 300.71365962442655
81180.0 -0.01888545473927 25.15525958092244 -166.28562771178315 350014.73844843916595 8.51754762558855 300.88723243142312
81210.0 -0.01682776523594 25.15745967992297 -166.20345790679721 349984.75561743136495 8.62662827067534 301.06062427724044
81240.0 -0.01655005419383 25.15990453973313 -166.12293629806570 350009.34097404405475 8.73595999661251 301.23384630624025
81270.0 -0.01565855629356 25.16192291333201 -166.04255807423428 350024.47754056844860 8.84563230865177 301.40696217299802
81300.0 -0.01614857905481 25.16350810308558 -165.96234582795591 350027.94564034976065 8.95554127133224 301.57989407605731
81330.0 -0.01655005301195 25.16465915470431 -165.88230888445761 350018.97778342571110 9.06565231023754 301.75261494097100
81390.0 -0.01787824370781 25.16567507089913 -165.72274917614354 349965.95291901379824 9.28660253124399 302.09750561822625
81420.0 -0.01800704024923 25.16626352721437 -165.64467620149003 349990.19237049017102 9.39752936057491 302.26973601838608
81450.0 -0.01659834935123 25.16642744409811 -165.56679634750779 350000.42580806184560 9.50858037582449 302.44169134618454
81480.0 -0.01714572756101 25.16618730860546 -165.48906386116451 350001.76406177878380 9.62001662437417 302.61356082452835
81510.0 -0.01863692312943 25.16553931040114 -165.41149511429370 349992.66364485584199 9.73176504368284 302.78528928547928
81540.0 -0.01497735500724 25.16520339287119 -165.33556916275884 350036.89044392853975 9.84365431372512 302.95674966930562
81570.0 -0.01774441944939 25.16373265564580 -165.25837505413025 350002.25292128324509 9.95579253218773 303.12801934663145
81600.0 -0.01152909282441 25.16185609872570 -165.18136101726046 349956.07985670398921 10.06819697491011 303.29910925717360
81630.0 -0.01454871081361 25.16032354221812 -165.10594607738045 349967.60306493844837 10.18095832235430 303.47008406905104
81660.0 -0.01705516956111 25.15839535234392 -165.03071137047971 349967.38504892028868 10.29397013483700 303.64086421887896
81690.0 -0.01220023158546 25.15607120454253 -164.95566531541101 349954.74198879115283 10.40719968412934 303.81142408112703
81720.0 -0.01542209876854 25.15410506680562 -164.88223626574788 349997.05503746308386 10.52061836614499 303.98174105208000
81750.0 -0.01789736297857 25.15176531998803 -164.80896085700505 350030.41004785429686 10.63443108331872 304.15196345090618
81780.0 -0.01095958036830 25.14828467855064 -164.73445001836106 349984.27826162800193 10.74852113615070 304.32200422865156
81810.0 -0.01273050090215 25.14517581643653 -164.66156040086179 349992.37004000414163 10.86274885285789 304.49175950528843
81870.0 -0.01539795059890 25.13862279093435 -164.51767647544895 350048.56062308605760 11.09233423635220 304.83093193514952
81900.0 -0.01813381932171 25.13362178597288 -164.44393045640300 349954.61893652752042 11.20744476042853 305.00016494206602
81930.0 -0.01116786542270 25.12980262725505 -164.37316790291050 349986.50010281521827 11.32281910294901 305.16919836534748
81960.0 -0.01685191576934 25.12562220684870 -164.30258764696507 350007.09984295256436 11.43847408960102 305.33804294334834
81990.0 -0.01248599241141 25.12108717539351 -164.23217586959154 350017.99156606663018 11.55450160924221 305.50676440648328
82020.0 -0.01414220677572 25.11619324361098 -164.16195396434225 350017.14421573840082 11.67079266047968 305.67528136899006
82050.0 -0.01504175327795 25.11094060089241 -164.09192947381814 350003.95113046374172 11.78731637742796 305.84356966539457
82080.0 -0.01619687775784 25.10532961358115 -164.02210968186469 349977.83503917325288 11.90404283352441 306.01160581957339
82110.0 -0.01272848816072 25.10017441939357 -163.95382759112456 350012.21295051462948 12.02117805667496 306.17953923982844
82140.0 -0.01534965071399 25.09467586191739 -163.88573065364497 350035.39078193251044 12.13860479819179 306.34728251583459
82170.0 -0.01313700730380 25.08802007141271 -163.81648723182411 349974.68671897333115 12.25618189357773 306.51473068640888
82200.0 -0.01318027474420 25.08264804545988 -163.75012752712036 350045.17790277767926 12.37417540313309 306.68207722273701
82230.0 -0.01377494114972 25.07531588097362 -163.68124333554988 349964.46149181574583 12.49251123582836 306.84926635622651
82260.0 -0.01208451727239 25.06927270527355 -163.61527244269945 350011.14548376854509 12.61101348383932 307.01616766415526
82290.0 -0.01229984633086 25.06290114140302 -163.54949051639346 350046.41091702971607 12.72979367511964 307.18286141620842
82320.0 -0.01304544352413 25.05537804808392 -163.48256050329815 349999.48470542859286 12.84886817953655 307.34935815340032
82350.0 -0.01579741299649 25.04835711168806 -163.41714557833262 350013.66382380668074 12.96833012779335 307.51572472573213
82380.0 -0.00980043276931 25.04101280522020 -163.35192589292734 350016.18634280934930 13.08806789909744 307.68187785301279
82410.0 -0.01309474564318 25.03334572752565 -163.28690815119938 350006.51680709049106 13.20805250872364 307.84779484116297
82440.0 -0.01296394226972 25.02535649451609 -163.22209934593826 349984.09373356588185 13.32825268390489 308.01345131597333
82470.0 -0.01473989170244 25.01789710399326 -163.15878115227667 350024.07650196086615 13.44887562987309 308.17899788273468
82500.0 -0.01343685613788 25.00928405675921 -163.09434218090038 349980.97487253602594 13.56980351772449 308.34434671502254
82530.0 -0.01228475254295 25.00120030676039 -163.03143169591431 349996.25734559074044 13.69089363820213 308.50939168687722
82560.0 -0.01494817557497 24.99281619904037 -162.96869304008260 350002.37203838024288 13.81241469832736 308.67432862849137
82590.0 -0.01412409328473 24.98413043588017 -162.90614037926511 349998.03389373421669 13.93429204963832 308.83910141363259
82620.0 -0.01505081002344 24.97513826238519 -162.84380452192113 349980.34740377031267 14.05634739152568 309.00357778180773
82650.0 -0.01146872240032 24.96670587785414 -162.78295604372747 350023.94970013108104 14.17869403471678 309.16783956420699
82680.0 -0.01284721863124 24.95711827857986 -162.72101473775950 349983.44373031239957 14.30134788734163 309.33189710915622
82710.0 -0.01372664362857 24.94810364065300 -162.66053742456793 350006.18377895932645 14.42440335581318 309.49581845347501
82740.0 -0.01454468887640 24.93879956194096 -162.60025680240213 350017.43622143939137 14.54774614190302 309.65951833718111
82770.0 -0.01344993836623 24.92920695640339 -162.54017878318894 350016.73114570043981 14.67134916353801 309.82297554979232
82800.0 -0.01303638677864 24.91932665755366 -162.48031007779946 350003.52380359265953 14.79517977778278 309.98616478852728
82830.0 -0.01560925299263 24.90916694627801 -162.42061913035459 349980.93963639903814 14.91944641739040 310.14923798296104
82860.0 -0.01113767784690 24.89960606762264 -162.36238207385904 350021.27433436457068 15.04403064400965 310.31210682532588
82890.0 -0.01422270343223 24.88888380551283 -162.30310727011360 349974.13887193892151 15.16878815277931 310.47466392644873
82920.0 -0.01319134186737 24.87877316816456 -162.24526022987257 349992.10174743179232 15.29399038942604 310.63710766825449
82950.0 -0.01318329326541 24.86839322843200 -162.18759875731524 349999.78043051436543 15.41956212055007 310.79938151946567
82980.0 -0.01342981449758 24.85774074539254 -162.13015251640752 349994.43967659398913 15.54532258840298 310.96135125226823
83010.0 -0.01206640614516 24.84682072461158 -162.07290492003776 349977.74188950937241 15.67138693190434 311.12310035103650
83040.0 -0.01435451494922 24.83653167980052 -162.01708308631126 350025.19240617658943 15.79777059140376 311.28463897690494
83070.0 -0.01366627084072 24.82508759015197 -161.96021296002885 349987.64559016376734 15.92456928257315 311.44603643163839
83100.0 -0.01149991339214 24.81428242469790 -161.90476554527859 350014.20517916604877 16.05166597186879 311.60720537536173
83130.0 -0.01133791311746 24.80231698076238 -161.84830375492211 349953.19574296101928 16.17903550378566 311.76812609483187
83160.0 -0.01319033726947 24.79099777792340 -161.79326703460356 349955.75120481103659 16.30664384115246 311.92877232286338
83190.0 -0.01239945989437 24.78033873408037 -161.73961090664918 350025.40657207928598 16.43470069222742 312.08929746209128
83220.0 -0.01454066221166 24.76852334261505 -161.68494043978049 350007.93489076569676 16.56308698168712 312.24961264657429
83250.0 -0.01230085211063 24.75645677375428 -161.63048839725383 349977.37287477403879 16.69165675985680 312.40960910929351
83280.0 -0.01259164538109 24.74506261694400 -161.57740567142676 350014.45947161782533 16.82068430121734 312.56948800769732
83310.0 -0.01387958597587 24.73251100170051 -161.52331863387158 349964.36646861117333 16.95009376095139 312.72919235041337
83340.0 -0.01292268638887 24.72063464474385 -161.47063289563437 349978.61767986696213 17.07970186120846 312.88858579093744
83370.0 -0.01258359559725 24.70852145403971 -161.41814127979271 349981.83937712386250 17.20962561450081 313.04775357355521
83400.0 -0.01244272733477 24.69617338749263 -161.36584276511698 349974.18487399071455 17.33987998681205 313.20670567841404
83430.0 -0.01232097479741 24.68359374644833 -161.31372430369655 349956.90994343254715 17.47056203640460 313.36551276302282
83460.0 -0.01331108048142 24.67171177219475 -161.26296745059906 350006.54266124498099 17.60155193660789 313.52408529067992
83490.0 -0.01144658460835 24.65960348193656 -161.21240456581671 350044.94522968214005 17.73282648481613 313.68240506134237
83520.0 -0.01251718458511 24.64633614461339 -161.16088857684269 349992.96485373284668 17.86435022526214 313.84044480139124
83550.0 -0.01175045892529 24.63378029487481 -161.11070122319452 350010.41964483819902 17.99633418711188 313.99835955931673
83580.0 -0.01128357973578 24.62100389872498 -161.06070305808194 350017.23525793757290 18.12865863257902 314.15605982170081
83610.0 -0.01146268181227 24.60800666133481 -161.01091633236143 350011.43859104439616 18.26117591951132 314.31343531084178
83640.0 -0.01193861774727 24.59479393648895 -160.96130229962247 349996.59858201164752 18.39416323855986 314.47069021835199
83670.0 -0.01323259656634 24.58136623185057 -160.91187311166669 349971.65055215824395 18.52754410813768 314.62776702941716
83700.0 -0.01391279325476 24.56866904550161 -160.86378107390073 350014.11320338770747 18.66113266915310 314.78452710321255
83730.0 -0.01049873822120 24.55481540478310 -160.81475575187775 349965.78413087408990 18.79504785249055 314.94105756760786
83760.0 -0.01214790858145 24.54170105741706 -160.76704104744809 349986.93989931698889 18.92930414277107 315.09736822898236
83790.0 -0.01331309440473 24.52838250444897 -160.71949931037705 349998.81100119370967 19.06399997330263 315.25353120556304
83820.0 -0.01143752786285 24.51486007781456 -160.67214877087974 349999.79619614686817 19.19901266700904 315.40945462807474
83850.0 -0.01249404337713 24.50113524845649 -160.62499328462570 349989.59004867915064 19.33432100262655 315.56512182876503
83880.0 -0.01142645837593 24.48816643931808 -160.57913511670975 350049.01500384975225 19.46988808152217 315.72050447882975
83910.0 -0.01215797228860 24.47404465611185 -160.53234841731611 350018.24517553392798 19.60592629549194 315.87575947189475
83940.0 -0.01169209651510 24.45972575272294 -160.48575189298592 349976.82459008507431 19.74231522116575 316.03079654424437
83970.0 -0.01091128284715 24.44617254847921 -160.44044884951904 350004.89991087373346 19.87890547814526 316.18550375447006
84000.0 -0.00960019986251 24.43242966206423 -160.39531025145712 350024.28838651068509 20.01597725720966 316.34008862623995
84030.0 -0.01296192834641 24.41849803619305 -160.35034763331998 350033.99217784404755 20.15345341583856 316.49449304887173
84060.0 -0.01136407521041 24.40437826971152 -160.30558738249437 350031.71078077238053 20.29114545474565 316.64857588439423
84090.0 -0.01237028046210 24.39007263475974 -160.26101385620584 350018.85758240614086 20.42917426688560 316.80242628728553
84120.0 -0.01366928818004 24.37558277085252 -160.21662597542729 349995.55489610880613 20.56755384792370 316.95605389851050
84150.0 -0.01174341373934 24.36091055848231 -160.17241122769019 349962.92454767134041 20.70638403763023 317.10953241837967
84180.0 -0.01422773469486 24.34703005419434 -160.12943576945943 350003.09633902646601 20.84553925183897 317.26276748785199
84210.0 -0.01354150214591 24.33297274689166 -160.08664477530297 350032.63340307027102 20.98500028112116 317.41574399484352
84240.0 -0.01190641979379 24.31776440002358 -160.04300504234706 349966.92572948057204 21.12472875948035 317.56843249873543
84270.0 -0.01228676410250 24.30335702990585 -160.00057180136193 349976.41878552548587 21.26493847931914 317.72099196786331
84300.0 -0.01269226472438 24.28877752532171 -159.95831808565868 349975.77502540126443 21.40550831079594 317.87333127027762
84330.0 -0.01077846555038 24.27500713994088 -159.91728887577707 350048.11034305579960 21.54628709159647 318.02533662518647
84360.0 -0.01286633790200 24.26008926780658 -159.87539398078806 350027.10320216417313 21.68755809264844 318.17721923100743
84390.0 -0.01198691645030 24.24500375518840 -159.83367372419522 349996.43765637651086 21.82924348702268 318.32892029835233
84420.0 -0.01112057368132 24.23073579574828 -159.79316366359780 350039.54188893083483 21.97115207920200 318.48029595889739
84450.0 -0.01259063723756 24.21532111389365 -159.75182332574167 349986.80181658733636 22.11340676639939 318.63143755901234
84480.0 -0.00993727791269 24.20072932941580 -159.71166723379798 350009.77173601835966 22.25602104702016 318.78235458398677
84510.0 -0.01053496283942 24.18597813542998 -159.67167296560132 350023.91457947064191 22.39909619695267 318.93312245620535
84540.0 -0.01278986554647 24.17106926613067 -159.63185757279948 350027.78141945600510 22.54250366945774 319.08364414554688
84570.0 -0.01048666531826 24.15600428982984 -159.59222379352207 350021.15383102651685 22.68622629917239 319.23390612444763
84600.0 -0.00971389907039 24.14078490152880 -159.55277716353956 350003.57585936598480 22.83022422829004 319.38387777511798
84630.0 -0.01061546067781 24.12541171479078 -159.51349124731803 349977.30937075149268 22.97471268309005 319.53372040434357
84660.0 -0.00727284791902 24.11087875175970 -159.47535387538107 350028.60160140600055 23.11956980874899 319.68334187724201
84690.0 -0.01450946885607 24.09520504790778 -159.43643603112523 349980.86743514239788 23.26464262022159 319.83262637279142
84720.0 -0.01051685171219 24.08037570135516 -159.39864167954391 350012.53057641349733 23.41021754288192 319.98178915734724
84750.0 -0.01165587426065 24.06540031992325 -159.36100934623684 350035.11792931146920 23.55621604370917 320.13077066927644
84780.0 -0.00994230799345 24.04928584425640 -159.32261065494168 349957.96810932736844 23.70244417776985 320.27942404185842
84810.0 -0.01029749835274 24.03502003975648 -159.28628894204539 350048.19738384801894 23.84902688671247 320.42784300437711
84840.0 -0.01189032022612 24.01861985990675 -159.24824168478600 349950.92478982545435 23.99597716252896 320.57603689788863
84870.0 -0.01206540036539 24.00407350919224 -159.21223929862444 350023.15896763838828 24.14339774483392 320.72408302857366
84900.0 -0.01178869273929 23.98839146108346 -159.17546868906251 349996.13247340358794 24.29115707028765 320.87188148630844
84930.0 -0.01272647541929 23.97257260918173 -159.13887529598173 349958.79415547382087 24.43924005136169 321.01942036390972
84960.0 -0.01174341610310 23.95761899415529 -159.10338856866719 350000.87173493485898 24.58760531399406 321.16666779107163
84990.0 -0.01171725282827 23.94253118198053 -159.06804942742434 350034.83912549726665 24.73646954629967 321.31378771599702
85020.0 -0.00974710398552 23.92631016718413 -159.03195846851216 349968.74529676884413 24.88571015280024 321.46068684768062
85050.0 -0.01150695503244 23.91096074477233 -158.99696366616962 349982.54893240984529 25.03521169116375 321.60727705562124
85080.0 -0.01080865194431 23.89548066210692 -158.96211397928278 349988.44520457368344 25.18524639891497 321.75376495050352
85110.0 -0.01027837908198 23.87987439947526 -158.92744498148537 349983.49748263414949 25.33551579477033 321.89992317518102
85140.0 -0.01103806664714 23.86414201267202 -158.89294209701671 349968.91171650867909 25.48614682236457 322.04584790873815
85170.0 -0.01169109073533 23.84928876156316 -158.85949506298297 350036.78492023423314 25.63715195513085 322.19154833727873
85200.0 -0.01079556971595 23.83330709875310 -158.82530589809573 350004.31435714662075 25.78863535682459 322.33710370348462
85230.0 -0.01231695049643 23.81720353076739 -158.79128615709101 349961.93003190495074 25.94046249384930 322.48241112521248
85260.0 -0.01100284780870 23.80198488317651 -158.75831422297318 350002.29182207118720 26.09262040697752 322.62746036693727
85290.0 -0.01165788700208 23.78664857781253 -158.72550924433719 350032.70334437489510 26.24506621785975 322.77221826334494
85320.0 -0.01183497870090 23.77018711153482 -158.69197957802788 349961.81428469344974 26.39801795520068 322.91685147425187
85350.0 -0.01081267624529 23.75461488511926 -158.65947864721412 349974.86356468033046 26.55135236105184 323.06126551772633
85380.0 -0.01202414448454 23.73892984101219 -158.62715261262301 349977.31526054907590 26.70491280827347 323.20533995761849
85410.0 -0.01215394562386 23.72312911551024 -158.59496874448178 349971.81584857963026 26.85899203388762 323.34929924027233
85440.0 -0.01103705850361 23.70721505955248 -158.56293649652324 349957.59170561376959 27.01351009397614 323.49308201481512
85470.0 -0.01070702327560 23.69219902086833 -158.53192197389541 350027.51390006951988 27.16826754519015 323.63653469724431
85500.0 -0.01175247048484 23.67606647165291 -158.50021925168815 349993.60270695295185 27.32339344513893 323.77975630478073
85530.0 -0.01145262165076 23.65982539105431 -158.46867550904568 349950.36113572865725 27.47889973987261 323.92275590694396
85560.0 -0.01106422519445 23.64448271625061 -158.43810883571726 349994.19918167870492 27.63489210248745 324.06561501565579
85590.0 -0.01152506852343 23.62903467848041 -158.40769591557108 350028.90350890439004 27.79123288407800 324.20822737373584
85620.0 -0.01221331263193 23.61247529096440 -158.37661812993653 349958.29640293586999 27.94791127289410 324.35058446430986
85650.0 -0.01080361831791 23.59682145621838 -158.34652526511837 349973.82038925681263 28.10488282782262 324.49265169124965
85680.0 -0.01177863257778 23.58106317792418 -158.31656901177240 349981.55695959273726 28.26236707362874 324.63459906817076
85710.0 -0.01084386723711 23.56520379237704 -158.28676314778775 349980.40158248413354 28.42023999089962 324.77633060357624
85740.0 -0.01192050425628 23.54924742893936 -158.25712492000304 349968.98399700969458 28.57834302826492 324.91772305438343
85770.0 -0.01092134773618 23.53419702021422 -158.22841944097385 350047.22897021751851 28.73697225464831 325.05900645331815
85800.0 -0.01176454338777 23.51804086658044 -158.19905767712433 350019.81406770553440 28.89604696413925 325.20011832787009
85830.0 -0.01233003154290 23.50179124882407 -158.16986269297595 349982.18352866359055 29.05536483322688 325.34090106606232
85860.0 -0.01215797110672 23.48645349635690 -158.14160342002458 350033.68488974031061 29.21505706375309 325.48145681680757
85890.0 -0.01144658460835 23.47001531343010 -158.11270872213589 349978.12663584761322 29.37513506220031 325.62179455275100
85920.0 -0.01059030318276 23.45448854088585 -158.08472844825357 350013.17362751998007 29.53570602912946 325.76199830401760
85950.0 -0.01202716300574 23.43887057576581 -158.05689485285038 350039.37475738301873 29.69662915391032 325.90195812306297
85980.0 -0.01086197954622 23.42215738840573 -158.02844474214345 349957.25686812307686 29.85789580876894 326.04166728029230
86010.0 -0.01028944856891 23.40636228168173 -158.00091608269923 349964.92115434166044 30.01945996675136 326.18108963612025
86040.0 -0.01490994176096 23.39047604563815 -157.97351735226471 349965.01054576691240 30.18154265519237 326.32039901479948
86070.0 -0.00902968044474 23.37450241897014 -157.94626166388338 349956.49487263616174 30.34401908730754 326.45949769344361
86100.0 -0.01117088394391 23.35944898090934 -157.91990729935796 350038.90731889195740 30.50676885817511 326.59829091611294
86130.0 -0.01046955878893 23.34330264649292 -157.89292921771604 350013.72675010468811 30.67007544633810 326.73700250152098
86160.0 -0.01216199540770 23.32707564567225 -157.86610966631318 349978.71491042990237 30.83362774370880 326.87538713591084
86190.0 -0.01132583785076 23.31176851504913 -157.84016727916352 350036.24510816391557 30.99755903703046 327.01355021469607
86220.0 -0.01067381954235 23.29537704581571 -157.81363231063057 349983.96368747763336 31.16188017907351 327.15150060566532
86250.0 -0.01087405481292 23.27990382323738 -157.78795368561933 350025.65457953512669 31.32669984419716 327.28932495035224
86280.0 -0.01128156699435 23.26335040963354 -157.76169544449650 349956.64781655184925 31.49187412368071 327.42690947112669
86310.0 -0.01021398199315 23.24771976166215 -157.73629971799912 349980.98569809179753 31.65739662210497 327.56424930898902
86340.0 -0.01062954514030 23.23201298667930 -157.71104827964260 349996.38490363489836 31.82321974423627 327.70130672105114
86370.0 -0.01086298650787 23.21622583414358 -157.68591928334621 350004.48768205661327 31.98956587173132 327.83825947109909
