sod		dsTEC/dt		lon		lat		h_ipp			elev		azi
30.0		-0.006473921941962186		-159.086836484377		23.848168999141443		349962.2453077333		26.152467660516834		323.9954342211057
60.0		-0.003931242121895205		-159.05394525258268		23.8229822386144		349976.55992248		26.34269773393259		324.0878461900594
90.0		-0.0030809977387132995		-159.0212545785585		23.79773356260868		349974.85544726904		26.533292224226322		324.179752721415
120.0		-0.004328691778056881		-158.9887516491491		23.772419946004504		349958.3879721686		26.724392222890884		324.27121902934607
150.0		-0.007059532783868198		-158.95726722900807		23.748049020188333		350017.8418218568		26.915826358925067		324.36216149340385
180.0		-0.009187654054680729		-158.92514577677224		23.722613396388972		349970.97547306214		27.107814307494273		324.4526826048611
210.0		-0.0045490509172777605		-158.89403536251237		23.69812206469788		350000.5080003906		27.300120656864486		324.54266830723174
240.0		-0.006337075616697405		-158.8631178729687		23.673575641988467		350014.3577469215		27.49276522569412		324.6321260005747
270.0		-0.0047251392000832535		-158.8323854212584		23.648972752479757		350013.27497731056		27.685835225199256		324.72109504074746
300.0		-0.004860973836173717		-158.80183221263317		23.62431273909461		349997.7930071922		27.879395228191413		324.809603932128
330.0		-0.003845714202749609		-158.77146585415363		23.599600300740878		349967.08813378774		28.073352508446327		324.89760647269924
360.0		-0.003978532681395146		-158.74208014327465		23.57583182024825		350015.04395186156		28.267629232607398		324.9850635783451
390.0		-0.006744590161887685		-158.7120917558099		23.55102185031951		349953.2361327112		28.462268143664645		325.07199335345706
420.0		-0.004296495006460216		-158.6830597551712		23.527149966401076		349972.2876232648		28.657411516259316		325.15846099023696
450.0		-0.005420423767012546		-158.65421062233557		23.503231504202443		349976.1730534751		28.85288574721777		325.24438194807004
480.0		-0.005905414083749564		-158.62552565434925		23.479260178318302		349966.71849446		29.04891342609278		325.32985933869645
510.0		-0.004329698739711692		-158.59779198956284		23.456231232756146		350038.14796536695		29.245255088866635		325.4147774417179
540.0		-0.005258425856095147		-158.56946788759157		23.43217312685841		349998.5433019744		29.441932722695007		325.49914435125396
570.0		-0.003939289541974557		-158.5420775632842		23.409053663379186		350041.3599101389		29.639032377027384		325.58299839813947
600.0		-0.006917658741608623		-158.51409165385692		23.38490540996238		349973.6772309514		29.836620172594948		325.6663683973461
630.0		-0.004981718230000535		-158.48703331065894		23.36169668329969		349988.82078167517		30.034601884422884		325.7492073335745
660.0		-0.004598355400087323		-158.46014849047458		23.338449144742754		349989.2828872781		30.2328988605189		325.8314755795554
690.0		-0.007594832181309837		-158.4334332770357		23.31516264425122		349975.40789335314		30.431554737421017		325.91319125553474
720.0		-0.0054475928216144165		-158.407616472209		23.29280823767702		350046.852046879		30.630712975430747		325.994419521796
750.0		-0.0038155278088229353		-158.381226760394		23.269442359863927		350005.4712729156		30.830197699806817		326.07507476400104
780.0		-0.0062404817562677775		-158.35499052591845		23.24603466096367		349951.20225888584		31.03023443929913		326.15526073938724
810.0		-0.003451280704032859		-158.329655263324		23.223565178149716		349981.72544256784		31.23057961763145		326.23485987592755
840.0		-0.005325841466132787		-158.30448203621802		23.201061157227453		349998.34460036736		31.431257425498508		326.31388090512513
870.0		-0.005033034272359966		-158.27946394073513		23.178520820018054		350001.6937287841		31.632352700579375		326.3923610748276
900.0		-0.0065594486792279055		-158.2545955108301		23.15594297759419		349992.2614977285		31.833933128712275		326.47032946350436
930.0		-0.005249370292481108		-158.22988368431595		23.133332413466267		349969.32511102874		32.03590295522922		326.54773811379084
960.0		-0.007068587165602361		-158.20604399570124		23.111654361512013		350033.53433805145		32.23818269705051		326.6245467375291
990.0		-0.008146233510189439		-158.18164891665253		23.088984630984847		349983.088547606		32.44081688524132		326.7007734036297
1020.0		-0.00466174670914535		-158.15810353797414		23.067239277721598		350021.8255596906		32.64395016540424		326.77648321194306
1050.0		-0.007372460300659214		-158.13471074870358		23.045465086110642		350047.22480234876		32.84740435142836		326.8515893017982
1080.0		-0.008771085127756288		-158.11075833052305		23.022701350875433		349958.3279191386		33.05140793186295		326.92619608176494
1110.0		-0.006444741327810447		-158.08765791394683		23.0008673118378		349958.1881581042		33.25571315888178		327.00018391967484
1140.0		-0.007369444143214287		-158.06539598524245		22.979957330391112		350048.00711424556		33.460346460185676		327.0735621101252
1170.0		-0.007700483969113257		-158.04258708825458		22.958068508680427		350022.2078495957		33.66539140799601		327.1463667359772
1200.0		-0.0075153413045736		-158.0199172390146		22.936150915076944		349984.169668789		33.87091726835423		327.21862707138087
1230.0		-0.007619989676361839		-157.9980697283165		22.915152758112864		350037.4697293965		34.07682672434428		327.2902940657725
1260.0		-0.00699412755150055		-157.9756928773808		22.893189457972117		349973.3920154581		34.283039448674224		327.361326630748
1290.0		-0.0060955856471638925		-157.95413267922956		22.872145092749832		350001.09600412194		34.48960086562304		327.4317426938256
1320.0		-0.006346134725951074		-157.93270184759984		22.85107190095978		350017.2987598721		34.69665680155243		327.5016072397105
1350.0		-0.008963269432600361		-157.91141269302818		22.82997783513858		350020.7941813553		34.90402671907646		327.57083196571784
1380.0		-0.0058903226596060424		-157.89024871891277		22.808855220792896		350013.1042194981		35.111942082233384		327.6395219097212
1410.0		-0.007602881965148941		-157.86922706687676		22.787714747702186		349992.57102007605		35.320150913028826		327.70755514640643
1440.0		-0.005052153543122732		-157.84834527004668		22.76655645358521		349959.392942396		35.528681907414445		327.7749414346308
1470.0		-0.008308231421106838		-157.8282451591228		22.746304175136917		350021.0389859546		35.737617314622845		327.8417155786423
1500.0		-0.006867347297144249		-157.8076222056221		22.725102285761096		349964.4203810375		35.94702799271162		327.90790695145535
1530.0		-0.005709204296046		-157.78777506114994		22.704805026041537		350003.1063905554		36.15681502902325		327.97346523017814
1560.0		-0.007655206151043061		-157.7680608807952		22.684490698124755		350029.65751559846		36.36689723731619		328.038348358499
1590.0		-0.007869525884094826		-157.74847610321268		22.66415856708779		350044.37373286765		36.577320930504904		328.10257400110265
1620.0		-0.005685054944528686		-157.72901054871727		22.643803990918		350048.1652498543		36.78823310700809		328.1662069368778
1650.0		-0.009113197986218548		-157.70967601290508		22.623435056142252		350039.903064182		36.999450837762645		328.2291571966035
1680.0		-0.006484987883246218		-157.6904566331105		22.603043712898536		350021.0184794348		37.211208572275254		328.291530385447
1710.0		-0.007679353138800622		-157.6713689101856		22.58264090467825		349989.9529067697		37.423250043939184		328.35320202238995
1740.0		-0.005232264945027963		-157.65271859985012		22.562678541331348		350001.8740710793		37.63560624558424		328.41418219765984
1770.0		-0.007906755100205795		-157.63418831577894		22.54269989201766		350002.63664802536		37.84835804114264		328.4745042808405
1800.0		-0.006078481481590625		-157.61607788518785		22.523152626714737		350047.9649212938		38.06157788915429		328.53419760712796
1830.0		-0.008937110885292929		-157.5974788600519		22.5026930794435		349971.3687822204		38.275165245357115		328.5932103653234
1860.0		-0.005680026045654014		-157.5796120962755		22.483120918638786		349993.90384064056		38.48903804818171		328.65149932660375
1890.0		-0.008843530818548476		-157.561864417733		22.46353620522345		350005.2593757538		38.70324349083799		328.70908172846316
1920.0		-0.005609590732531816		-157.5442260687133		22.443934070132453		350006.2875981089		38.91792972987153		328.7660220030987
1950.0		-0.00875398096218302		-157.52670837019974		22.42432271363404		349995.9322431013		39.13291140261771		328.82222825328154
1980.0		-0.006413549154108839		-157.5092960570822		22.404693739009677		349975.5381210316		39.34842594783388		328.8778065325901
2010.0		-0.006450778370219806		-157.492298161537		22.38549851414273		350000.0925137736		39.5642127514834		328.93262950546836
2040.0		-0.007926878968863618		-157.47541570627826		22.36629370942087		350013.6733770501		39.78030512815964		328.9867074128001
2070.0		-0.007289952084598174		-157.45835353889726		22.346639671731783		349959.94938573055		39.99678248886395		329.0400719763193
2100.0		-0.007898707680126443		-157.4419762539713		22.327846612935765		350009.6634926293		40.213718896385195		329.0927523008541
2130.0		-0.008023475193052998		-157.42570681675483		22.30904178595422		350049.0276986975		40.431012136431924		329.14469482256567
2160.0		-0.006121748921990828		-157.4089799755615		22.289363020486487		349963.0675299084		40.64857925254124		329.195854885742
2190.0		-0.007901726201331121		-157.3929353623032		22.270544785848404		349980.8043934023		40.86646830506397		329.24624907690406
2220.0		-0.006150928354262691		-157.3769904933056		22.251712821247285		349988.8240809161		41.08482858865463		329.29594127054463
2250.0		-0.007958072324445103		-157.36115625503803		22.232875424936733		349986.1387636317		41.303472262872695		329.3448373320364
2280.0		-0.007325169741159273		-157.34541794185972		22.21402387711804		349974.0107709719		41.52263975183671		329.39304356307844
2310.0		-0.007835316371068416		-157.32979091668406		22.195169555763137		349951.06507280655		41.742066033857824		329.44042942909823
2340.0		-0.010873046669381513		-157.3148232794909		22.177160529923604		350033.98090176005		41.96178676508495		329.48700507345916
2370.0		-0.007587788177245666		-157.29940550541093		22.158294222967708		349990.53419381287		42.18187982954107		329.5328002787542
2400.0		-0.01115478437623067		-157.28435884637477		22.139841361396968		349995.8271424286		42.40242089206936		329.5778436483893
2430.0		-0.008235785730314648		-157.26941365147223		22.121382569009178		349991.099945982		42.62330602560361		329.62207953618764
2460.0		-0.010070095209459302		-157.2548434112678		22.103340184704635		350034.82686778065		42.84445135517367		329.665461537723
2490.0		-0.009929229310734412		-157.23983762035564		22.0844584863382		349950.6292153336		43.0659057886833		329.70800528158117
2520.0		-0.008849569042837712		-157.22546048817136		22.06640185379094		349975.0877736341		43.287819731147465		329.7497737745511
2550.0		-0.010998822325842756		-157.21118434899208		22.048342287484648		349989.5209738454		43.51000281638228		329.79067027145265
2580.0		-0.008627198344066967		-157.19699502172833		22.03027076683586		349995.1121492395		43.732698440447656		329.8308010050515
2610.0		-0.009463354719120529		-157.1829073681907		22.01219885855852		349990.571070835		43.955637110959415		329.8700318384282
2640.0		-0.007361394359375182		-157.16891878246807		21.994125787194648		349976.0980083952		44.178856838441156		329.9083724732802
2670.0		-0.010375979904066022		-157.15502457157598		21.976049228177654		349952.0665716389		44.402433897464284		329.94585035334205
2700.0		-0.006197216679627328		-157.14173380977743		21.95877754929642		350039.1285732016		44.62644554500816		329.98249319818285
2730.0		-0.009189666796110474		-157.12802150900345		21.94069095556351		349996.53978626337		44.85078609226662		330.01824285994684
2760.0		-0.00708770525448525		-157.1146625225435		21.923009677395505		350004.35182239953		45.075370715577606		330.0530507699842
2790.0		-0.009503602456436177		-157.10139680082293		21.905327045758362		350002.66752191633		45.30024914234808		330.0869311743664
2820.0		-0.00637631993799787		-157.0882156912454		21.887637638811302		349992.1824455969		45.52557285019162		330.1199457612112
2850.0		-0.006505111751904041		-157.07512929721827		21.869949942869916		349972.0355328489		45.751148892968104		330.15199471473596
2880.0		-0.009112188660803983		-157.06237190912287		21.852649970403412		350004.40838925634		45.97722361350308		330.18318371343594
2910.0		-0.008056681290064227		-157.04970699560667		21.835350767859325		350027.3273092387		46.20352297995331		330.2133745362946
2940.0		-0.00930437532940781		-157.0371319364018		21.818051362762652		350040.9894955084		46.43008736029258		330.24257596121913
2970.0		-0.008186480065625208		-157.02464233595336		21.800749388161393		350045.7342117252		46.65699132627811		330.2708125409042
3000.0		-0.007726646062060316		-157.0122336456565		21.78344229422625		350041.9086653199		46.88431370600873		330.29811056851565
3030.0		-0.008575881119827657		-156.99991117927027		21.766135082918694		350029.05821060576		47.11194699086964		330.3244088497491
3060.0		-0.008023475193052998		-156.98767900841284		21.74883188100243		350006.8347645113		47.33980536863872		330.34965610405385
3090.0		-0.008409858907930643		-156.97553402554388		21.731531281302324		349975.47158516943		47.56793934600636		330.3738646015238
3120.0		-0.009770246375382062		-156.96370444249922		21.714608941079984		349997.9049913697		47.796501422261315		330.3970940577184
3150.0		-0.008569845259298174		-156.95196065460718		21.69768861278631		350011.3448451115		48.02529600683058		330.419241004731
3180.0		-0.009511653422155158		-156.94005565349116		21.680383175647208		349954.24054354616		48.254572348747914		330.44040983656936
3210.0		-0.009111182881029049		-156.9287046698594		21.663837321426175		350013.22060216777		48.48405179829132		330.4604576589162
3240.0		-0.007509304262164241		-156.91720377539522		21.64691714615818		350000.7203519568		48.71377706985356		330.4793916428034
3270.0		-0.009615292468528833		-156.9057825925309		21.629997868926985		349979.6347530801		48.943820923750565		330.49723267950867
3300.0		-0.008475260594658663		-156.89466491998107		21.613447017245168		350013.4704773575		49.17426372281652		330.51400486036766
3330.0		-0.008060705591043842		-156.8836249250558		21.596895676806504		350038.91960157175		49.40499606620166		330.52964322024377
3360.0		-0.008195536811119125		-156.8724410045291		21.57998148317926		349992.1886322517		49.63593109875386		330.5440930288074
3390.0		-0.008072780857742438		-156.8615625661893		21.563437710143443		350000.29215171747		49.86712004915153		330.5573637410246
3420.0		-0.007073618428236786		-156.85075468782964		21.54689030441768		350000.5081396634		50.098716368345976		330.5695121494292
3450.0		-0.008731843170215574		-156.840026812736		21.530347896586296		349992.0896534268		50.33052174148048		330.5804303788778
3480.0		-0.008055674328409416		-156.82958629709444		21.51415957839406		350040.05201905966		50.562788261377676		330.5902204478648
3510.0		-0.008226728984820733		-156.81900497680567		21.49761784226132		350015.38621067256		50.7952325661129		330.598734047463
3540.0		-0.0073634047370451745		-156.80850169190032		21.481082143178437		349982.188142959		51.027899684913976		330.60597576199035
3570.0		-0.00783028510843399		-156.79828881045523		21.46490313968604		350005.2133137947		51.260860436074545		330.6119617332232
3600.0		-0.007572696753102144		-156.7881431117119		21.448721073394086		350020.5794201866		51.494196657917904		330.6167127311354
3630.0		-0.007572695571222268		-156.77785585566167		21.43219186047135		349963.1369477371		51.72779810968435		330.6201600494022
3660.0		-0.00806573567179839		-156.76807198358324		21.4163669319107		350026.85483585484		51.96157450762405		330.6222424536114
3690.0		-0.006985073169766387		-156.75793636758016		21.39985223377846		349952.6322423769		52.1955788815998		330.62296640041455
3720.0		-0.007495217435915777		-156.7482882299066		21.384026383477078		350000.89878257364		52.42996553697267		330.6223843694368
3750.0		-0.0077568324559869894		-156.73871196625157		21.36820383557258		350041.1637535542		52.66453332983683		330.62038306767795
3780.0		-0.00683514816178783		-156.72898783441468		21.352035529315696		350008.873150995		52.89953710327917		330.6170605088667
3810.0		-0.007233604779604317		-156.71933883150987		21.335876839574993		349968.22106886655		53.13468866346322		330.6122620057936
3840.0		-0.007306051652276383		-156.7099670674974		21.32006132744085		349985.11953177396		53.370035291446456		330.60598813050365
3870.0		-0.0068281053396035355		-156.70066159265207		21.304247527491686		349994.3670846913		53.60564570006611		330.59824871558135
3900.0		-0.007846383494232324		-156.69141814754278		21.288432465864293		349996.25470216386		53.84160310963689		330.58905957335037
3930.0		-0.008054668548634483		-156.68224159008636		21.272621216362346		349990.41582070943		54.07779402028559		330.5783448449281
3960.0		-0.006251550061311562		-156.67313557505582		21.256817856025354		349976.5765480576		54.31412922426346		330.56603942701037
3990.0		-0.006216331222870587		-156.66409722368687		21.241020661067456		349954.9315558979		54.55066110716597		330.5521429871291
4020.0		-0.006121750103870704		-156.65531651531677		21.225546303359746		349992.5282344315		54.78754468955632		330.5367016389969
4050.0		-0.006390404400486582		-156.64660243677022		21.21007674362038		350022.45892033353		55.024575854892255		330.5195952757437
4080.0		-0.0066530252003327295		-156.6377478170349		21.19428343810712		349978.76499750465		55.26201205564745		330.5009154607327
4110.0		-0.006890490868886628		-156.629156865373		21.17881765822124		349993.98684579507		55.49956010541952		330.48049982873647
4140.0		-0.006123759299660821		-156.62063059392466		21.1633572566668		350001.641895093		55.7372694257797		330.4583428327368
4170.0		-0.00476136145453941		-156.61216557832591		21.147899882321187		350001.9555161968		55.975206409835955		330.4344457217513
4200.0		-0.006160990879531541		-156.6037576385136		21.132442438979773		349995.2006101236		56.213455512946844		330.4088169232921
4230.0		-0.004816701797878455		-156.59560073490442		21.117297714457333		350048.4749473175		56.45190094188536		330.3813724623334
4260.0		-0.005692098948592856		-156.5871307010558		21.101546713425435		349959.2162206527		56.69045208909657		330.3520392465052
4290.0		-0.004633573056648421		-156.5790993605136		21.086414036589805		349997.6074938979		56.9291616753811		330.3208085791443
4320.0		-0.004556093739462054		-156.5711209940539		21.071278252391096		350029.2504614489		57.16818523198656		330.28771713574974
4350.0		-0.006228407671449059		-156.56301957256554		21.055849192035964		349985.6113773659		57.4073154640343		330.25263600189777
4380.0		-0.004721112535343886		-156.55515380711796		21.040716668453584		350003.2168497592		57.64681221829706		330.2156465846337
4410.0		-0.004576217608119877		-156.54735041776078		21.02559203980722		350013.4053989379		57.88637708917754		330.1765770165825
4440.0		-0.0047150754929345265		-156.53960668301528		21.01047349899112		350016.3493361529		58.126061450544974		330.1354124625436
4470.0		-0.004370953438682151		-156.5319193820323		20.995358724928046		350012.25017904583		58.36592908060785		330.09214220647186
4500.0		-0.005557266546637698		-156.5242844088668		20.98024450349017		350001.36273539066		58.60606543658806		330.04676362845976
4530.0		-0.004482642268894929		-156.51670637221127		20.96513596114881		349983.37394268345		58.84635216719265		329.9991817149256
4560.0		-0.003778298592711968		-156.50936561939093		20.95032054599806		350026.84457409475		59.086697008174		329.94931228443556
4590.0		-0.004639608917177904		-156.50190446797515		20.935227311582175		349994.4821799174		59.327152735067884		329.89713435621337
4620.0		-0.0054053311609891476		-156.4944938771651		20.920135788051134		349955.3969900217		59.56787507841425		329.84267049473
4650.0		-0.006147911014937888		-156.48748964251436		20.90560805765424		350047.3318023039		59.80865325945864		329.7857800331335
4680.0		-0.004969645327061693		-156.48018336803648		20.8905226894544		349994.6572018452		60.04974918139126		329.7265285300001
4710.0		-0.00489116023010039		-156.4731083910434		20.875722132896755		350004.02325175423		60.29085888679904		329.66473194923907
4740.0		-0.004342778604305346		-156.4660882690193		20.86092782948277		350006.4511953294		60.532035386969255		329.6003613058467
4770.0		-0.00448566079009961		-156.45911997312933		20.846137495091057		350002.12010252103		60.773339417025156		329.5333887819803
4800.0		-0.005084351496599275		-156.45219946632932		20.831347802250882		349991.26660887804		61.014857060724225		329.46379507603325
4830.0		-0.004826764323147306		-156.4454986831267		20.81682668267826		350043.43137407675		61.25646700407225		329.39146969711015
4860.0		-0.004714068531279716		-156.43868505934103		20.80205027977407		350018.859361927		61.4980749220266		329.316312636988
4890.0		-0.004501759175897942		-156.4319243562865		20.787281720714276		349987.42477307934		61.73973320075736		329.23828458149046
4920.0		-0.004695957404051637		-156.4253741141104		20.77277058276644		350019.68866837304		61.981597279891275		329.157386742941
4950.0		-0.004854936793764358		-156.4188761181262		20.758265321369347		350045.2104370985		62.22345242510052		329.07346220336257
4980.0		-0.00414153991772711		-156.41225682573034		20.743504231502353		349994.26415446214		62.46556205159248		328.98655178443005
5010.0		-0.003949352067243407		-156.40585395909847		20.72900457950112		350006.77914043143		62.70761613973231		328.8964552221341
5040.0		-0.00420191152370058		-156.3995013796894		20.714510834333414		350012.64321799856		62.94966880991518		328.8031217646133
5070.0		-0.00491732232304745		-156.39319623951832		20.700020755114		350012.0143340714		63.19177710058925		328.70649850722134
5100.0		-0.0037692406653381753		-156.3869345645438		20.68553090516434		350005.1108567044		63.43402710401401		328.60654061482666
5130.0		-0.004224048133788149		-156.38072076021473		20.67104645680433		349991.66922055744		63.676293901913056		328.5031151837772
5160.0		-0.004041923990453173		-156.37471458865983		20.656808173169843		350042.5064844275		63.918480453526456		328.396098940697
5190.0		-0.003060875051935352		-156.36859939086824		20.64233810604105		350015.8562163161		64.16063803106616		328.28542469106577
5220.0		-0.003324500449676558		-156.36252599784095		20.627869133043756		349982.98698425665		64.40292098302082		328.17106084020736
5250.0		-0.0036545344958005934		-156.3566560858498		20.613639725477487		350014.75488738716		64.64510986447026		328.05282712482295
5280.0		-0.003002513823631874		-156.35082317736914		20.599404758415712		350040.6437722882		64.8874686954543		327.93072548366683
5310.0		-0.0035287600212192266		-156.3448871771861		20.58495251605547		349988.49066940974		65.12968058124554		327.8045330146389
5340.0		-0.003289283974995336		-156.3391498742586		20.570732423027245		350001.36160638		65.37179984973187		327.6741650011596
5370.0		-0.0032792202678466093		-156.33345584065896		20.55651522816544		350007.98501189705		65.61387879459413		327.5395307442228
5400.0		-0.004439376010374602		-156.32780115957033		20.54229739002052		350008.56083679013		65.85600247023132		327.40054566300597
5430.0		-0.003679689627092842		-156.32219015034852		20.528084102655225		350002.8489927957		66.09804129861544		327.25704331310965
5460.0		-0.003676671105888162		-156.31662596328732		20.51387936827397		349990.6782792164		66.33989442763375		327.1088651794132
5490.0		-0.00400972603697663		-156.31110599994005		20.499681064381534		349972.18143546116		66.58161079332277		326.9559007830535
5520.0		-0.0040449425116578525		-156.30576926046072		20.485690222890707		350019.85965002794		66.82334229721079		326.79806721764254
5550.0		-0.004471573963851145		-156.3003317137926		20.47149864218131		349989.0480900258		67.06486352964595		326.6351493781033
5580.0		-0.004150593117581395		-156.29492904928225		20.457305271137617		349952.3653078964		67.30643755171405		326.46708736044997
5610.0		-0.0038104977280683863		-156.28971561386413		20.443323018681014		349981.66370365955		67.54773924616015		326.29362520264306
5640.0		-0.004100284036876774		-156.28454401111765		20.429344603010183		350004.8167687906		67.78882157253692		326.11462429003234
5670.0		-0.004101289816651709		-156.27941172422152		20.41536788788698		350021.9438241571		68.0297303180426		325.9299354705727
5700.0		-0.0034241140131907413		-156.27431488718594		20.401389231159452		350033.22623946145		68.27054767279805		325.7394111438823
5730.0		-0.003071943356979137		-156.26925774308347		20.38741384875644		350038.4466623226		68.51113759413074		325.5428330871346
5760.0		-0.0033939276192640677		-156.26424336837837		20.373445726932673		350037.45162463654		68.751393522672		325.3399878767586
5790.0		-0.003609255495850521		-156.25926920906298		20.35948267562194		350030.36118163913		68.99135992272414		325.1306964366155
5820.0		-0.002963273047971038		-156.25432893961647		20.345518300724372		350017.4690135466		69.23118386564481		324.91479411858376
5850.0		-0.0028133480399924805		-156.24943022410565		20.331561663331737		349998.4056978328		69.47063181239474		324.69201202771785
5880.0		-0.0030870359630025355		-156.24456259590957		20.317601739049977		349973.65344778635		69.7099630739884		324.46219053293095
5910.0		-0.003428139496050232		-156.23987182813147		20.303826167751875		350015.9672870254		69.9488419870438		324.2250234501429
5940.0		-0.0033416057971297013		-156.2350853351633		20.289880857475943		349978.9822466122		70.18731730890536		323.98028525429294
5970.0		-0.003778298592711968		-156.23046888499275		20.276110158237163		350009.45336224977		70.42542522637535		323.7277343152332
6000.0		-0.0032902897547702698		-156.22575211326262		20.26216906687979		349960.73563078884		70.66324177180012		323.4671214519591
6030.0		-0.002620156773493596		-156.2212041252642		20.24839894681281		349979.59951281734		70.9006212334985		323.1981465601646
6060.0		-0.00334965439908893		-156.21669506386746		20.234634416141642		349992.46480270755		71.13744794892		322.92050885541994
6090.0		-0.0026553744300546944		-156.21222241574856		20.220873221947937		349999.4387156088		71.37375804881725		322.6339188242832
6120.0		-0.0023957733332931035		-156.2077800003054		20.207108917675775		350000.780545		71.60968943628978		322.3380797247458
6150.0		-0.0018312909579399725		-156.20337534451374		20.193350603004024		349996.16149506345		71.84499656713754		322.03263789584656
6180.0		-0.001613952703683527		-156.19899817458614		20.17958713851841		349986.0085723987		72.07992985542964		321.717271207402
6210.0		-0.002422940024135221		-156.19478627380886		20.16598032392432		350043.8822129648		72.31413893657721		321.391595702244
6240.0		-0.0009116217689303103		-156.19048273156005		20.15222776313445		350021.9022427872		72.54766312467324		321.05524465535
6270.0		-0.0020898874568065057		-156.1862127165024		20.138478628702963		349994.12008468807		72.7805233649259		320.70782851823384
6300.0		-0.00183229910147466		-156.18209684158617		20.124869771311815		350034.92062213365		73.0127834173252		320.3489334102648
6330.0		-0.0014791214836082445		-156.17788964781835		20.111122497021526		349995.7227481846		73.24428202959336		319.97812914133465
6360.0		-0.0018524217882526068		-156.17371922043304		20.097384072068145		349950.58048274554		73.47488817684442		319.59497587091676
6390.0		-0.0012114706030075487		-156.16970528602525		20.08378493595921		349974.02524214704		73.70462247658578		319.1990065002465
6420.0		-0.0012376315140747317		-156.16571811753064		20.07018056686916		349991.97795329895		73.93360554888373		318.78971115499775
6450.0		-0.001431829742228427		-156.16176512121868		20.056580102329022		350004.14948600717		74.16157272398432		318.3666045504498
6480.0		-0.0007727638841156608		-156.15783619401813		20.042972295550328		350010.9123447351		74.38875580224138		317.92910138293644
6510.0		-0.0019349323680733998		-156.15394232117183		20.029370498314943		350011.85104656126		74.61478212479358		317.4767014515831
6540.0		-0.0008693601083050414		-156.1500806222683		20.01577190106322		350007.07075516786		74.83967170522047		317.00881331938757
6570.0		-0.0019711558044094328		-156.14624899174203		20.002174578030665		349996.6441372819		75.06341974931529		316.5248162384184
6600.0		-0.0015425104289065186		-156.1424436616768		19.988574624337062		349980.6985780308		75.28606623637866		316.02403657711403
6630.0		-0.001165185823282542		-156.1386686831977		19.974977336825788		349959.0845585093		75.50742349629311		315.50584754480616
6660.0		-0.002013416283154825		-156.13504285448258		19.961495364442133		350006.66754422523		75.72733353676165		314.96960047590727
6690.0		-0.00032600974514442136		-156.13144644399296		19.948012268904986		350048.67317967117		75.94578805803536		314.41455723946564
6720.0		-0.0011812842090808751		-156.12775894479364		19.934418209691607		350010.22002732474		76.1628751840374		313.8398809895805
6750.0		-0.0004387055370120113		-156.12410356100958		19.920831070256746		349966.02762536425		76.37829815775345		313.2449053377542
6780.0		-0.000717423540776615		-156.1205835729971		19.907337417413718		349991.59425789583		76.59225192147922		312.6286431605678
6810.0		-0.00031192410077583374		-156.11709526663782		19.893847394758776		350011.48764005397		76.80432800039715		311.99045486679927
6840.0		-0.0008140197649659955		-156.11352379191038		19.880265583260957		349950.52430479694		77.01450899314266		311.3294285986016
6870.0		-0.00019017274529420464		-156.11020299279835		19.866867561477633		350034.58844059333		77.22274536193757		310.64462623926244
6900.0		5.0312626344250346e-06		-156.10668264952852		19.853284871317555		349962.59212024696		77.42903240639694		309.93501637353336
6930.0		-0.0007576712780922623		-156.1034106713401		19.83987642257179		350035.7915388653		77.63313695531528		309.19973891901685
6960.0		-0.0005664939349029998		-156.0999485487601		19.82630345671518		349952.5309247086		77.8348539054795		308.4379062947905
6990.0		-0.00027771222398966937		-156.09673265031682		19.812895354788054		350014.6318122437		78.03412268461		307.6484520995632
7020.0		-0.0006228400580169799		-156.0934289756192		19.799400803342714		349995.876421758		78.23097244638684		306.83013661800305
7050.0		-0.0003843709734478999		-156.0901541077426		19.78591061133572		349971.5159692075		78.42505348302589		305.9821675244161
7080.0		-0.0004276372319682268		-156.08700510961646		19.772483985118917		350017.44681039825		78.6164927388895		305.1030774952685
7110.0		-0.0003270155249193557		-156.0837783107267		19.75899046994579		349982.153057307		78.80482600386875		304.1922341685279
7140.0		-0.00030387431693672896		-156.08068395788646		19.745565517046526		350017.0091115553		78.98996997592762		303.2484521934992
7170.0		-0.000764714100276556		-156.07750820174442		19.732074336092552		349970.68863441236		79.1718017664426		302.27057252253604
7200.0		-0.00048599727839182885		-156.07445808683676		19.718640381681944		349994.7294658525		79.3502410181015		301.2573163554024
7230.0		-0.00044574954107618164		-156.07143189965018		19.705203859928478		350013.3176744357		79.52498410372068		300.20784392920854
7260.0		-0.00035418457952122626		-156.06843243261628		19.691768696410943		350026.3820868721		79.69575397207934		299.12133430381283
7290.0		-0.0014137162512405958		-156.06545726934038		19.678332432977307		350033.9805249227		79.8624089556985		297.9966995965941
7320.0		-0.00016803731708651224		-156.0625006511997		19.664888476406222		350036.2434440311		80.02488715399058		296.832627542854
7350.0		-0.001089720429405796		-156.05956970374686		19.65144608881053		350032.99956503324		80.182769283535		295.6287978013269
7380.0		-0.0015153425561845247		-156.05665469253455		19.63799375303971		350024.4641326433		80.33608039831948		294.38370776872256
7410.0		-0.0015354687886021013		-156.05376628136165		19.624545126244648		350010.3940875791		80.48429483831261		293.09759418322324
7440.0		-0.0010927377687305995		-156.05090147464836		19.611097015979045		349990.8556539817		80.62724498038469		291.76976362973903
7470.0		-0.0009206761506644729		-156.04805851244402		19.59764774283954		349965.8841013247		80.76472231058473		290.39974874122385
7500.0		-0.0020546709821252836		-156.04533243131166		19.584225066464814		350011.6318656113		80.89656024437268		288.98702447715175
7530.0		-0.000549388587449856		-156.04252908315053		19.570767776591865		349975.8765295511		81.022393728776		287.5320425458365
7560.0		-0.001707529224788351		-156.03984820475785		19.55734080205366		350010.74859201536		81.14189065573225		286.0354413445229
7590.0		-0.0009458324638365981		-156.0370914971095		19.543886210301633		349964.06105927285		81.25484571914401		284.497553955157
7620.0		-0.0007747766255454062		-156.03444807587206		19.53044723495824		349988.1922610719		81.36112660596085		282.91851985392464
7650.0		-0.0003823582320181546		-156.03182733397406		19.517006852405448		350006.8798808567		81.46030417159298		281.30036191997135
7680.0		-0.0008935094598223556		-156.02921962255576		19.503553465066364		350020.2863380024		81.55233855781093		279.64324518482954
7710.0		-0.00042965115527784865		-156.026635545209		19.490100824496935		350028.224372481		81.63674166454435		277.9504072028982
7740.0		0.0001036402282535508		-156.02397758411155		19.476636086357864		349954.5002657864		81.71334560296727		276.2236021572242
7770.0		0.00017508013927080608		-156.02152752363824		19.46318624079773		350027.87064208		81.78196093532988		274.4650757419844
7800.0		-0.0002052653513176032		-156.01899819484785		19.44971848799578		350019.6537362607		81.84245046304173		272.6770332562011
7830.0		0.0005976849267247313		-156.0164879963204		19.436247762235794		350006.0292665092		81.89454271802899		270.8632213352337
7860.0		0.0006429662904345566		-156.0139996420943		19.422777973662722		349986.95789286494		81.93802111296947		269.0275677191429
7890.0		4.024300979614105e-06		-156.01153072814475		19.40930658249424		349962.47369599156		81.97278936957838		267.17340799449653
7920.0		0.0006882441085047523		-156.00916704353463		19.395819608697234		350008.96765367035		81.9988226041822		265.30366791990986
7950.0		0.00019017274529420464		-156.00673225800224		19.38233826377459		349973.7133235866		82.01591128656206		263.4237523214992
7980.0		0.0012154937221072863		-156.00439912815196		19.36883337135576		350009.47213269584		82.02413988516693		261.536126996856
8010.0		0.0005282577571372214		-156.00199685689475		19.355341925898767		349963.44750000164		82.02331634284275		259.6471544193847
8040.0		0.0005785680197217186		-155.99970272254927		19.34183170227526		349988.35651421454		82.01349052882632		257.76065074617276
8070.0		0.0003431162744774418		-155.99742474208705		19.328314183529272		350007.8745588558		81.99471453618358		255.8806671566605
8100.0		0.0005131627873540697		-155.99515917616114		19.314785080379387		350022.0322555136		81.96708910304775		254.01070322517646
8130.0		0.0009830628618274421		-155.99290993326883		19.301249828198465		350030.78510078974		81.93065521549525		252.15566011478728
8160.0		0.0006469894095342942		-155.99067970314744		19.28771232859001		350034.1076202346		81.88550757421983		250.320020252147
8190.0		0.000495052842005868		-155.98846608599433		19.274170002651072		350032.02018112317		81.83181798214932		248.5069792495604
8220.0		0.0010414217263711677		-155.9862634954853		19.260616192717734		350024.56156143546		81.76979584415508		246.71878614240597
8250.0		0.0015465347298861327		-155.98407891356294		19.247060281469544		350011.6749474369		81.69957440818747		244.9599888584158
8280.0		0.000698307815653479		-155.98190278469983		19.23349052979073		349993.420831345		81.62141800735124		243.23139203584384
8310.0		0.0015827593481020424		-155.97974564751095		19.21992088290654		349969.72685877513		81.53548581677214		241.53761934843416
8340.0		0.0009216831123192839		-155.97768911124123		19.20630084564218		350016.9582484793		81.44203543605491		239.88011668019138
8370.0		0.0007979213791676626		-155.9755617284771		19.192720060975653		349982.42519212514		81.34131954614263		238.2603443377302
8400.0		0.0008723798113895975		-155.9735288161465		19.179077453455115		350018.8215597607		81.23359776900422		236.67898167311353
8430.0		0.0008411864558081129		-155.97142609781048		19.165480887204257		349973.45641310327		81.11911615061554		235.13793985908063
8460.0		0.001720610271261881		-155.96942352023945		19.15182618276738		349998.97135328595		80.99813727977084		233.6385549304144
8490.0		0.001817205313571385		-155.96743481821147		19.13816334392094		350019.04235222377		80.87092971141976		232.18087875769447
8520.0		0.0015555914753800485		-155.96537234192056		19.124549676510977		349957.3883506963		80.73774892351416		230.76413530617492
8550.0		0.002148247503230108		-155.9634893499072		19.110802665818643		350042.8553236937		80.59885942065621		229.38971791826805
8580.0		0.002511487646365373		-155.96144878380218		19.097172107863038		349970.3241552431		80.45449408093573		228.05570464420694
8610.0		0.002006372279090655		-155.95958697500393		19.083399069355732		350044.8504063999		80.30492716200607		226.76372809506677
8640.0		0.003034711777108416		-155.95757664185177		19.06976422652902		349961.42437352054		80.15039701647324		225.51269419929713
8670.0		0.002717758777457911		-155.95573875876852		19.055970554351084		350024.99171649944		79.9911356245212		224.30173444700176
8700.0		0.0021230923719378595		-155.95382841189823		19.04223968891833		350006.85713974386		79.82735071754621		223.12947463193015
8730.0		0.0027388896077705453		-155.95192987711968		19.02850177994104		349983.2488722792		79.65928084206286		221.99577842160775
8760.0		0.0034593304878719634		-155.95012449286773		19.01467398505723		350030.3236142611		79.48715763440995		220.9001750586026
8790.0		0.003295321017404695		-155.94825204136498		19.000924276729723		349995.75188705884		79.31117338728885		219.84128911643901
8820.0		0.0032450083910604446		-155.94638609033314		18.98716208500409		349955.6861891877		79.13148210526714		218.81724486003026
8850.0		0.003576051762599044		-155.94461105848546		18.973301605431956		349986.2287583016		78.9483225850217		217.82811902616143
8880.0		0.0033003534619189963		-155.9428391250834		18.959420549748298		350011.2052208558		78.76179363745521		216.87140461841818
8910.0		0.003616297136154938		-155.94108086249565		18.945533051453832		350030.6559466757		78.57215522867844		215.94765060700806
8940.0		0.002993460623777588		-155.93933298046812		18.931635326976625		350044.5646117069		78.37954390669346		215.05528089409952
8970.0		0.0032359528274464055		-155.93751834453636		18.91783282593547		349976.9473778913		78.18410284101566		214.19304540774948
9000.0		0.002942142217658403		-155.93578521106514		18.903910608940834		349979.7512302147		77.98593862644677		213.3593725152544
9030.0		0.002693610607820473		-155.93406125089155		18.889978016873993		349976.9935573088		77.78523006144843		212.5537874813863
9060.0		0.0018494044489278038		-155.93242375455958		18.875923749297005		350044.573616744		77.58214094704837		211.77561885105882
9090.0		0.0021603204061689503		-155.93072058808013		18.86197265822913		350030.67863375414		77.37677269046745		211.02353720465865
9120.0		0.0022669791556271805		-155.92902126389222		18.84800570831705		350011.1702618273		77.16917913021396		210.2958772559518
9150.0		0.0018453789660683132		-155.9273327578256		18.83403240779944		349986.1060118517		76.95955668518681		209.59259339854944
9180.0		0.0019681361013248765		-155.92564549525792		18.82004083302706		349955.391301834		76.7478937719933		208.91160736536656
9210.0		0.0019590805377108374		-155.92404280851954		18.805915806819424		349994.83083783276		76.53442606002085		208.25333757735987
9240.0		0.0016139538855634036		-155.92244784026641		18.791777154860014		350028.6108926274		76.3192097115488		207.616515467067
9270.0		0.0017045095217037949		-155.92078742904624		18.777758867439868		349981.0888078166		76.1023215360206		207.00017921250145
9300.0		0.0018765711397699212		-155.91920198212534		18.763589070657858		350003.5042340122		75.88379522069916		206.4031153288617
9330.0		0.0018282736186151691		-155.9176231017673		18.74940558158312		350020.23244493455		75.6637672490879		205.82501543793018
9360.0		0.0019097772367811512		-155.91598259919994		18.735355888429606		349955.80593888275		75.44235540240707		205.2654254680946
9390.0		0.0027308398239314405		-155.91449047851145		18.72100647599441		350036.69097692706		75.21960129221748		204.72337193615923
9420.0		0.0021049800628299043		-155.9128586608744		18.70693073383491		349960.89652193245		74.99549430968733		204.19761894666522
9450.0		0.002475261846269587		-155.91137519552726		18.692546778556494		350030.24802377075		74.77020596522513		203.68824543246234
9480.0		0.0024480975191872225		-155.9098202334397		18.678290463350415		350018.36674935557		74.54365487844571		203.19368601693327
9510.0		0.0025758835533184576		-155.90827454286975		18.664026835818408		350000.8218605006		74.31606547514971		202.71440674704962
9540.0		0.0029833969166288615		-155.90673465595273		18.649751890268988		349977.5603498565		74.08744452862676		202.24949634101645
9570.0		0.0030588611286257307		-155.90526766974884		18.635301194640423		350023.73018297553		73.85783057485098		201.79830646034307
9600.0		0.0034452460253832523		-155.90373281525459		18.620994203377247		349988.8725611195		73.62721359890392		201.35996922910834
9630.0		0.002839507769179787		-155.90227015895252		18.606506809568153		350023.3341974458		73.39570741098942		200.9343585321464
9660.0		0.00349958177082724		-155.90074695038552		18.592178270576692		349976.9834607532		73.16340439422999		200.52122644023504
9690.0		0.0036676143603942466		-155.89929535707546		18.57766482656397		349999.8472711481		72.93031136419106		200.11989598740138
9720.0		0.0033868859789596504		-155.89784230240727		18.563128878675773		350016.7494406607		72.69637979217487		199.72947055543267
9750.0		0.0034351823182345257		-155.89632876879023		18.54876042601412		349952.9817681443		72.46176980919608		199.35013243681792
9780.0		0.003198723611335438		-155.89487755283594		18.534189460752575		349958.08336410485		72.22635782398604		198.98070082376765
9810.0		0.002989433959038221		-155.89343301834208		18.51960798073793		349957.37364857644		71.9903659827043		198.6216743349863
9840.0		0.0027952369127644022		-155.89199159784351		18.50501187485363		349950.7783598956		71.7537717004802		198.2723999526734
9870.0		0.0036042254150959723		-155.89061687925815		18.490208594454423		350012.874808453		71.51659279495837		197.93244971161755
9900.0		0.002389736290883744		-155.88917905416466		18.475578968140134		349994.3905785037		71.27886112916343		197.60148323700264
9930.0		0.00316451291642915		-155.88780104008788		18.460729579450057		350044.3216153253		71.04050339007284		197.27874642499575
9960.0		0.0027650517007176047		-155.88636224861781		18.44606256149332		350013.82465221547		70.80168572652951		196.96450878031345
9990.0		0.003098103086166444		-155.8849279380291		18.43138516186551		349977.4652962135		70.5624567832574		196.65854242183312
10020.0		0.0027710875612470876		-155.8835584746196		18.41648890480285		350009.4634945486		70.3228017108704		196.3603856508847
10050.0		0.0032570848396389165		-155.88218464963833		18.401567195910502		350035.2610024018		70.08264785921531		196.06939040292184
10080.0		0.002631222714777627		-155.88075138837135		18.386841010276328		349980.89102112316		69.84215075381458		195.78579686729316
10110.0		0.003473419677880181		-155.87937361779478		18.371878420383727		349994.44788948726		69.6011587601061		195.50870912029276
10140.0		0.0030186145731899597		-155.87799972155133		18.35690247299466		350002.00432561524		69.35989594475402		195.23862576414695
10170.0		0.0027318444218264984		-155.87662601571895		18.341908952082793		350003.4621874336		69.11832039216168		194.97507757025167
10200.0		0.0030940787851868293		-155.87525150816396		18.3268970980466		349998.792437993		68.87643794091613		194.71778848545733
10230.0		0.003329532894190859		-155.87387599444313		18.311867162245882		349987.9873028835		68.634267997797		194.46654346042325
10260.0		0.0026322308583123146		-155.8724933851965		18.2968118863275		349970.8665471254		68.39171991638803		194.22077933884592
10290.0		0.0030115705691257893		-155.87117118657304		18.281510793238326		350021.28267159313		68.14895847475505		193.9807886566249
10320.0		0.002994465221672646		-155.8697904651769		18.266424574373605		349991.925833744		67.90602310841763		193.74644375863485
10350.0		0.0018896510043635744		-155.8684087629306		18.251322371041113		349956.4289576085		67.66288655125754		193.51741608369443
10380.0		0.002205601769878775		-155.86707914364274		18.235958264856883		349988.0122819273		67.41946209264597		193.29321625399893
10410.0		0.0018101624913870909		-155.86574938769334		18.22057561593459		350013.3408348337		67.17590422312784		193.0741042290876
10440.0		0.0030276677730442457		-155.8644095346135		18.20516229955145		350032.09313057084		66.93204410076333		192.85937181881232
10470.0		0.0014680543604443366		-155.8630706835565		18.189732944346265		350044.621655833		66.6881091024218		192.64949634212837
10500.0		0.0020596998809999556		-155.8616716513841		18.174533518565788		349977.73252381384		66.4440452539408		192.44412388695048
10530.0		0.0018000999661182408		-155.86032659266561		18.159065570648416		349977.61962333415		66.19985243615842		192.24307095242256
10560.0		0.002310246596027384		-155.85903422173394		18.143321022976764		350044.01999561675		65.95554268523992		192.04619662171794
10590.0		0.0028797578702551866		-155.8576746621607		18.127801482431586		350030.8278629612		65.71101499750435		191.85306164805127
10620.0		0.0013322149968343668		-155.85631277482688		18.11226434292728		350011.29798155185		65.4664344356592		191.66395839469266
10650.0		0.0023957745151729796		-155.85494951791625		18.096711340195906		349985.4675648222		65.22183521954832		191.47881718169944
10680.0		0.0018665074326211946		-155.8535822560387		18.081139683786716		349953.2453227751		64.97718257541366		191.29739296210752
10710.0		0.002545698341271661		-155.8522601909795		18.065273105254285		349986.87956801616		64.73238127610944		191.1193000682978
10740.0		0.002037564452792263		-155.8509349939512		18.0493854407428		350013.9959002072		64.48758606594203		190.94479868993272
10770.0		0.0029572348236818016		-155.84954225116076		18.033739562283973		349961.93512718193		64.24261714346503		190.77330806746374
10800.0		0.0022538992910335273		-155.84825608896816		18.017525086039313		350047.9491202347		63.99770513642215		190.60527605257886
10830.0		0.0019661245417750078		-155.84685615014706		18.001843224373232		349982.9706877535		63.75278815825539		190.44042358428155
10860.0		0.0027459312480749625		-155.84550334144248		17.98586012445792		349983.51533508115		63.507863060507404		190.27862394590758
10890.0		0.0025789032564030143		-155.84414343207044		17.969853735903346		349977.3870916618		63.26293727093399		190.1197813051675
10920.0		0.0023957733332931035		-155.84282269883386		17.95352814263937		350036.13285207376		63.017903421089144		189.96353961274303
10950.0		0.0018745595802200526		-155.84144366499785		17.93746846322865		350016.37036444526		62.77292725763327		189.8101805006745
10980.0		0.0023353993635598794		-155.8400601818929		17.921390487473282		349990.0406864593		62.52803983111264		189.65966827421417
11010.0		0.0022357869819255726		-155.83872104862968		17.90499460057437		350028.5396820819		62.2832015940264		189.5118120096582
11040.0		0.0020697624062688057		-155.83731704354136		17.888865016629016		349988.51340257376		62.03831202681705		189.36629633555333
11070.0		0.0024631901252106215		-155.83595828332997		17.872415231834648		350013.18016612343		61.79352643558043		189.22337277810294
11100.0		0.0025587793877451903		-155.83453245782695		17.856234763062105		349959.3937693648		61.5486578774066		189.08255029521993
11130.0		0.003048799785236757		-155.83315236893193		17.839731317081437		349970.14804305695		61.303939654434615		188.94424592967928
11160.0		0.0023303692828053313		-155.8317630865845		17.823202596435237		349973.96634733956		61.05930402020561		188.80822976213568
11190.0		0.003167532619513706		-155.8303638174529		17.806648209133833		349970.814474117		60.814747066723456		188.67441338838233
11220.0		0.0021401965375111268		-155.8289541896941		17.790068286210825		349960.67649731506		60.57027282585602		188.54272810134137
11250.0		0.002341438769728992		-155.82757650017015		17.773137256547475		350013.9306532517		60.32576998468055		188.4128758741349
11280.0		0.0023756482827554035		-155.82614113185178		17.75649966694706		349989.497500496		60.081404864916166		188.2851236088365
11310.0		0.002389735109003867		-155.82474606329927		17.739517924359788		350028.654831999		59.83720643418644		188.15945590619307
11340.0		0.0028676849673163448		-155.82329220368865		17.722833906752683		349990.2656409079		59.59313198020456		188.0357182281957
11370.0		0.0024551379776117633		-155.82186915114107		17.705790909097637		350014.83942570444		59.349077675974264		187.91364467470476
11400.0		0.002828441827895755		-155.82043655006672		17.688722495575078		350032.2843336826		59.105199295289545		187.79347465222224
11430.0		0.001688411135905462		-155.8189372578226		17.671950731086902		349972.08675160725		58.861305225688454		187.67478253664237
11460.0		0.002055676761900218		-155.81752270921297		17.654487637958848		350044.83014004305		58.61763073275988		187.55795625265526
11490.0		0.0024319967696291365		-155.8160031767029		17.637671133861325		349970.52028274257		58.37410379957098		187.4428002902518
11520.0		0.0027147390743733546		-155.81456189769122		17.620147848847093		350028.4559590025		58.13072051325203		187.32925125426547
11550.0		0.0020707693679236166		-155.81306100644707		17.60293667406843		350009.29054934066		57.887482449774694		187.2172579752327
11580.0		0.0017014921823789917		-155.81153977525187		17.585690794167558		349982.4712485308		57.64427590250895		187.1065643650666
11610.0		0.002043602677081499		-155.81005084200268		17.56807068006307		350017.72505468875		57.401267474642246		186.99742176462496
11640.0		0.0018071416064226581		-155.8085500882864		17.550422975677503		350045.56251027156		57.15848464789925		186.889827102438
11670.0		0.0018272690207201115		-155.80699103794922		17.533100219317976		349996.7718206253		56.9158825456363		186.7836511837439
11700.0		0.002529597591713575		-155.80545511648336		17.51538764858443		350009.29151180945		56.673355322766604		186.67866414727783
11730.0		0.002349488553568097		-155.80390616097765		17.49764795045352		350014.3424681397		56.43105897707376		186.57509246780302
11760.0		0.0021240981517127934		-155.80233327368992		17.479868845387685		350011.3502890747		56.188798911850846		186.47255971757482
11790.0		0.0023595498969570705		-155.80074860451128		17.46206539634334		350000.9623018494		55.94681166047476		186.37142751953454
11820.0		0.0017930559620540705		-155.7991476418622		17.444232898126426		349982.94418698177		55.70502188779689		186.27152500544133
11850.0		0.0027046789128642576		-155.79757105379278		17.426000282355115		350025.5945390649		55.46342627863858		186.17280613942842
11880.0		0.0015264120431081856		-155.7959352908624		17.408106899358906		349992.1054501608		55.22202445033967		186.07523119224626
11910.0		0.002894849294398709		-155.7942753583532		17.3901772004032		349950.5648752367		54.98070134681197		185.9785753641424
11940.0		0.0026050653493500738		-155.7926801107424		17.37146451111548		350037.34383687377		54.73962351206513		185.8830750455293
11970.0		0.0028354834682001724		-155.7909890458361		17.353480108626243		349980.4535255013		54.49881728125382		185.7887347461607
12000.0		0.002199564727469416		-155.78931970027534		17.335085200436147		349983.58041188866		54.25823626849501		185.6954435014587
12030.0		0.0026412876038062307		-155.7876255856721		17.31665179047178		349978.4205126753		54.01777348889234		185.6029985099043
12060.0		0.0026282065573327005		-155.7859533305494		17.297801011813977		350032.86497210804		53.777584880844536		185.51161373179823
12090.0		0.0023525058928929		-155.78421409621916		17.279295767517375		350011.2803205773		53.537474064221975		185.42095072079195
12120.0		0.002580914815952883		-155.7824594040309		17.260764902589585		349981.9558436582		53.297678212294684		185.33134785832084
12150.0		0.0020114023598452034		-155.78072192393057		17.24180712582143		350011.6582058212		53.05811933368427		185.24265243997408
12180.0		0.003931242121895205		-155.77896284786067		17.222813878849205		350033.0597208543		52.818795079721575		185.15483088657052
12210.0		0.003178599742677614		-155.77718159151368		17.20378520260502		350046.1316597294		52.579703425145595		185.06785110061472
12240.0		0.0027670644421473505		-155.77533505563585		17.18511797769782		349983.83778136596		52.34072869852381		184.98151226856686
12270.0		0.003613278614950259		-155.77354055178887		17.165610778297594		350046.58853382803		52.10203705428556		184.89603703491497
12300.0		0.0027449266501799047		-155.7716904849837		17.146477549183174		350034.570069734		51.86365387997124		184.81143459772682
12330.0		0.0029270496116350045		-155.7698179434842		17.127311417702114		350014.23251291923		51.625531730630655		184.72760748471575
12360.0		0.0033808477546704145		-155.76791641482046		17.108105744431086		349985.18408236466		51.38756310458195		184.64437374406378
12390.0		0.003308400881998348		-155.7660282875206		17.08845407185085		350013.8780833818		51.14990360433027		184.5619357647686
12420.0		0.004330704519486627		-155.76410699049777		17.06875563276152		350033.38508555107		50.91235595445044		184.4799850739673
12450.0		0.00391011129158257		-155.76213219154013		17.049447220717358		349978.85870506335		50.67515742038429		184.3988397366368
12480.0		0.004123426426739278		-155.7601987042119		17.029259493729246		350046.9690319458		50.43822783840566		184.3183607685724
12510.0		0.004531945569824615		-155.75817377884843		17.00988349244513		349975.348301881		50.20156605584053		184.23852381077873
12540.0		0.005087371199683831		-155.75618725745724		16.989618480142834		350025.7397519043		49.965168617192944		184.159301951063
12570.0		0.004328692959936758		-155.75413476810508		16.96973656803791		350001.57626024913		49.72891977051473		184.08051319176346
12600.0		0.003232934306241726		-155.75205774538887		16.949822117194902		349968.8169174362		49.49298498224928		184.00236782101686
12630.0		0.0044283077053308174		-155.74998783906562		16.929440727154095		349992.3356363727		49.25738881305393		183.92487792616322
12660.0		0.004335735782121052		-155.7478902652208		16.909020918260683		350006.84916506987		49.022083081764634		183.8479562699547
12690.0		0.004898204234164561		-155.74575828037953		16.888556082720406		350011.9258680148		48.78696022743946		183.77143731955113
12720.0		0.004438369048719791		-155.74360043218968		16.868056386322763		350008.1358105978		48.55217526539977		183.69551301679718
12750.0		0.004303536646764633		-155.7414046728357		16.84750947213178		349994.693892505		48.31753070154793		183.6198989750047
12780.0		0.004289449820516169		-155.7391844145443		16.826930759363915		349972.49943206087		48.08326342371668		183.54489559174766
12810.0		0.004542008095093465		-155.73696236198845		16.805864583394435		350005.12835171353		47.84929146537139		183.4703744573442
12840.0		0.004510815921391857		-155.73470916738273		16.784757151191098		350028.3529674001		47.61561501305618		183.3963182377444
12870.0		0.004662752488920284		-155.73239701944738		16.764063934251304		349978.5236245794		47.382229332021964		183.32270359226797
12900.0		0.004521883044555765		-155.73009967745725		16.74241139775236		350045.98193577584		47.14901899134917		183.24936357052928
12930.0		0.004661745527265474		-155.72771919828435		16.7216370556696		349977.23272289895		46.91614850909082		183.17649748810308
12960.0		0.0038265961138667193		-155.72536197043974		16.699906586172677		350025.89579807594		46.68364169517747		183.10411918371352
12990.0		0.004279388477127195		-155.72294625765778		16.67859786870541		350001.8317508623		46.451449873025794		183.0321493498771
13020.0		0.0041797749136130114		-155.7204911815742		16.657244084488937		349967.87842842285		46.21946576764601		182.96043562079353
13050.0		0.004240145337706606		-155.7180298251949		16.63538580755635		349987.3603020394		45.98784358675772		182.8891606312464
13080.0		0.003708870241244581		-155.71552447699733		16.613475632366473		349996.41340653226		45.7563861460349		182.81805963933175
13110.0		0.00478450502628179		-155.71298907673722		16.591529110064346		349996.0283878818		45.525329555728916		182.74741771448623
13140.0		0.0037169188432038093		-155.71041804244808		16.569541207099924		349985.83178327326		45.294590339633125		182.6771147293888
13170.0		0.004352841129574196		-155.7078109884762		16.5475123738972		349965.8137227213		45.06417011126081		182.60713884922689
13200.0		0.003703838978610156		-155.70518882623665		16.524961285657703		349997.84601150826		44.83406297029223		182.537469213763
13230.0		0.0034130468900268334		-155.70252111217042		16.50235754047491		350019.1653182404		44.60415411544104		182.46795110046244
13260.0		0.005311754639884324		-155.6997967590548		16.480197964417915		349968.88140007015		44.37460689367316		182.39877414770248
13290.0		0.004713061569624905		-155.6970790430875		16.457026760141336		350031.88401074335		44.14544441459599		182.32995321645205
13320.0		0.004390070345685163		-155.69428237845156		16.434789279188482		349961.8597401595		43.916617691643786		182.2614152530732
13350.0		0.004123427608619155		-155.69147947645564		16.41152167374938		350003.7381807212		43.68802000246079		182.19301861149103
13380.0		0.005050139619813111		-155.68863903504064		16.388210661030918		350035.3288918007		43.45980455759564		182.1249377005417
13410.0		0.0039322490835500155		-155.68572976841747		16.36534113919537		349994.8909841478		43.23177490313349		182.0569239945699
13440.0		0.005081332975394595		-155.68280312545744		16.34193650233094		350005.27321743127		43.00416603241771		181.9892492773254
13470.0		0.004028844125859519		-155.6798344602077		16.31848666102387		350005.10121866036		42.77689319971281		181.92179998888165
13500.0		0.005545193643698856		-155.67682346398894		16.29499222674851		349994.3743557213		42.549959496435974		181.8545687104007
13530.0		0.0044474246123338305		-155.67378525188772		16.270946901509152		350033.1947027901		42.32335794697116		181.7875363071202
13560.0		0.0048388384079660245		-155.67067911736888		16.247353927557484		350000.51794072334		42.09697462131192		181.7205581255791
13590.0		0.0049102771371034035		-155.6675317513484		16.22372028468897		349957.4357200684		41.870971507193865		181.65381530377522
13620.0		0.005772596786983904		-155.66437307665328		16.199022032819258		350023.3703769939		41.64537104920461		181.58732325357715
13650.0		0.0045721933071402624		-155.66114043795264		16.17530362815353		349959.0992485415		41.42012409782927		181.52101392697102
13680.0		0.004352841129574196		-155.65788294389898		16.15050250067275		350002.3760081539		41.19512469297356		181.45475451380204
13710.0		0.005637764385028745		-155.65458128654484		16.1256549210951		350034.637003568		40.970524886892946		181.3887121893505
13740.0		0.005715242520335236		-155.65120952240915		16.101270189835322		349995.8605028512		40.74612929608357		181.3226519431241
13770.0		0.004651685365756376		-155.6478078916895		16.076322941497384		350005.3997675264		40.52217150962451		181.2568340495396
13800.0		0.005265467496399564		-155.644357280973		16.05132750757398		350003.63469604496		40.298565714014686		181.19115020123004
13830.0		0.004793559408015953		-155.6408680025673		16.02575648429571		350049.0737852948		40.07531650460296		181.12559661224768
13860.0		0.005149755547087047		-155.6373173219348		16.00066402318572		350024.4986537481		39.85241590540245		181.0601553390894
13890.0		0.0048277689210423635		-155.633707972501		15.9755171166807		349987.9495565798		39.629751049794336		180.9946901101787
13920.0		0.005378163288267153		-155.63005926983445		15.949792226455903		349998.2675671736		39.40748240848157		180.92937461631652
13950.0		0.005881267095992003		-155.62636226673985		15.924021639112132		349997.2355466271		39.18563178760898		180.86422451469943
13980.0		0.006774776555814359		-155.62262062966508		15.897663748995704		350042.2312173685		38.96414999398877		180.79917581234653
14010.0		0.005163841191455635		-155.61880351413726		15.87232865363429		349959.6902812943		38.742931996665526		180.73410305533355
14040.0		0.007352337613881267		-155.6149502752246		15.845867212907434		349980.71975705493		38.52212855410948		180.6691670820492
14070.0		0.0053530081569749055		-155.61103128145268		15.819344769434437		349988.9002715517		38.30154563117836		180.6041442300373
14100.0		0.006067414358426716		-155.6070624755763		15.792777277863218		349985.53149657976		38.081415169349576		180.53928480955213
14130.0		0.007486163054181614		-155.60303711834865		15.76615950380447		349970.1128696436		37.861650460715936		180.47448473521834
14160.0		0.007815191320530716		-155.5989590727968		15.738940973458757		349999.30177471973		37.64225761282531		180.40974327893295
14190.0		0.007103804822163459		-155.5948218899563		15.711668911285917		350016.0609349413		37.42322771421509		180.34504330265622
14220.0		0.008495385645196363		-155.59061402643158		15.68489192776668		349963.42712716945		37.20444911578273		180.28025557331526
14250.0		0.008516515293629122		-155.58635473093574		15.656954605449586		350011.1906963838		36.986080639925596		180.21554727105848
14280.0		0.008238804251519329		-155.58203827670485		15.628965916702537		350046.5531295892		36.76814347551757		180.15093410071708
14310.0		0.007903737760880991		-155.57765875398715		15.6020464472152		349957.66932804324		36.55058848447591		180.0863553857809
14340.0		0.008401807942211662		-155.5732124680191		15.573947246816905		349967.32877683267		36.33331169936246		180.0216918454072
14370.0		0.008929061101453827		-155.56870698641237		15.545798173293457		349964.54171437677		36.11646247115953		179.95709878456776
14400.0		0.0076622466094676015		-155.56412608360313		15.517019153427588		350003.36068147514		35.89984834269164		179.8923621219206
14430.0		0.009776284599671298		-155.55948630807634		15.488189975186318		350029.60225864593		35.683699401734714		179.82772355132587
14460.0		0.008637260869335814		-155.55478282520806		15.459877039178451		349987.81180926785		35.4679281972296		179.76308238460177
14490.0		0.00941908268082527		-155.55000844028837		15.43036643564213		350042.74710233975		35.2525423447192		179.698440524432
14520.0		0.009577055108883178		-155.5451726506615		15.401948790520416		349975.0644756686		35.037532054938254		179.63378135362134
14550.0		0.008972327359974153		-155.54025268558647		15.372318649928596		350002.61795707606		34.822787021114316		179.5689815904921
14580.0		0.010087201738792321		-155.5352661820284		15.342634620210296		350016.9475353984		34.608464308358634		179.50420273524924
14610.0		0.00977527645613661		-155.53021418144772		15.312898751731533		350018.18908757716		34.39458450655471		179.43946041440253
14640.0		0.009747105167399435		-155.52509223047733		15.283108364553986		350006.020339936		34.181098615596696		179.37469668318917
14670.0		0.0097793019389961		-155.5198914830616		15.253257097075185		349979.74808368087		33.96790384049508		179.30979747231822
14700.0		0.010697968893870459		-155.5146074578672		15.222181065572572		350047.3689781083		33.75514803000056		179.24491327174263
14730.0		0.009558942799775224		-155.50925395634957		15.192213248751653		349993.20220030006		33.54264049572235		179.17983811911702
14760.0		0.010262281878063127		-155.5038160910008		15.161016886987316		350032.4718135176		33.330609296882834		179.11480627232697
14790.0		0.010453460403132267		-155.498321501607		15.13094728303855		349951.5970966602		33.11896637343277		179.04971976797597
14820.0		0.012617806292160706		-155.49273208116185		15.099637473443522		349962.91695446335		32.9077208353511		178.98458281956022
14850.0		0.010178766700347277		-155.48706467457822		15.068269666381937		349960.040188971		32.69686206791241		178.91937911633963
14880.0		0.011935598044185437		-155.48128543878897		15.035639766987549		350047.09993156325		32.486281208200715		178.85399043517586
14910.0		0.011815861793893306		-155.4754532607771		15.004150003052397		350015.0144013809		32.27613347431809		178.7885733341762
14940.0		0.011757501747469704		-155.46954656359492		14.972608908467716		349969.1953487275		32.06643887311669		178.7231432829447
14970.0		0.010592315924187162		-155.46353216478076		14.939805400086879		350013.1503811544		31.857148613303302		178.65764459811405
15000.0		0.012047286874398216		-155.4574262240041		14.906934241274596		350041.5784049928		31.64816116083852		178.59196762884207
15030.0		0.011515007180041134		-155.45127186279814		14.875222013589678		349952.394164199		31.43962278358977		178.52625869268294
15060.0		0.012545358237608764		-155.4449908037637		14.842228553069017		349950.85178372264		31.23134472148989		178.46031872027018
15090.0		0.011525068523430108		-155.4385972980507		14.807959336053555		350037.5681882184		31.023552856629202		178.39437557275218
15120.0		0.01117993950752292		-155.43215030266413		14.774851371227243		350006.6470585307		30.816158640138937		178.3283334534103
15150.0		0.013193355790677744		-155.42561713330767		14.741686770241037		349960.968669028		30.6091726557446		178.26219864566795
15180.0		0.010912288626922225		-155.4189571182983		14.70723174086178		350001.8373357253		30.40258351186271		178.1959549807411
15210.0		0.012986076516050521		-155.41219582347046		14.67270619677877		350026.3294550972		30.196283872248564		178.12948855093222
15240.0		0.013228573447238845		-155.40534608719304		14.638121609373119		350035.62684460636		29.990427033857245		178.06295162869768
15270.0		0.0128270971263378		-155.3984089872915		14.603480146899486		350029.8943859469		29.785032435547627		177.99635948076386
15300.0		0.012675159376929498		-155.39137945514858		14.56877922660861		350008.7619155636		29.58005155548703		177.9296583004256
15330.0		0.013315105964279499		-155.384247568641		14.534012627166929		349971.4331200998		29.37538419316372		177.86274219294373
15360.0		0.014742910223648435		-155.37697743090274		14.49793653158702		350018.34383211844		29.171174969856807		177.79575387908915
15390.0		0.014503434177424545		-155.36959617182137		14.46178649728282		350048.0078481054		28.96723718831546		177.72850014241797
15420.0		0.01403353410295117		-155.36217518381181		14.426840657984478		349963.6642279113		28.76379442648131		177.66120336708974
15450.0		0.015755153699627617		-155.35460403981827		14.390573841727294		349962.1075321138		28.560757755433052		177.59376945226856
15480.0		0.014356528872530543		-155.34687824846148		14.35297754583506		350042.3944001328		28.3581392067329		177.52620657032307
15510.0		0.016587282228061936		-155.3391037587348		14.316585142470338		350008.32930582017		28.155926657180764		177.45849856521883
15540.0		0.015743077251049144		-155.33121648175765		14.280125014937129		349957.25131675694		27.95401436487125		177.390535218859
15570.0		0.016260269066902335		-155.323170359681		14.242330279412567		349987.2687547337		27.75255364479184		177.32246510461044
15600.0		0.01678047349456082		-155.3150228730172		14.204474932505828		350001.0378746269		27.551563381632114		177.2543032619406
15630.0		0.016930398502539377		-155.30676858673385		14.166556463377136		349998.1632663552		27.35099537585399		177.18599744212037
15660.0		0.019524396728725545		-155.29839693967102		14.128568745412313		349977.79312191345		27.15075081981076		177.11744494646067
15690.0		0.01811268730951531		-155.28985474775823		14.089231307450415		350036.61936541647		26.950972633361793		177.04878541652423
15750.0		0.017319800738621705		-155.27248102416232		14.011640359202406		350005.8433848722		26.55248297182998		176.9107982124858
15810.0		0.018592648727377658		-155.25458983352294		13.932502682714357		350001.9983985303		26.15575118552549		176.77223225477528
18030.0		0.015856780004571545		-154.05560620238214		9.909558392601198		349994.29678147286		12.677322151839533		170.9878636282445
18060.0		0.01814488644487173		-154.02921942189857		9.836868506554543		350022.52963149827		12.511857568744063		170.89918584329163
18090.0		0.017232262441806114		-154.00277700434248		9.765614545448337		349955.4959113579		12.346852179933634		170.81018754467004
18120.0		0.015321478243370153		-153.97558492818547		9.691335943156972		350008.1209352454		12.182328264952375		170.72088942031
18150.0		0.01671708454926255		-153.9480979704244		9.617006170483977		350036.87483430095		12.01826921944837		170.63127279657806
18180.0		0.011175912842783553		-153.92029679374764		9.542620084154274		350040.29991508555		11.854583384451416		170.54124266259052
18210.0		0.011783662658536889		-153.8922053547942		9.46818996260541		350020.8463719124		11.691404935635518		170.4509333514879
18240.0		0.013658222238756939		-153.86382511235504		9.393718892343797		349978.93281939253		11.528748731912813		170.3603582968603
18270.0		0.008334392332174022		-153.83489890657373		9.317707819640146		349984.1178714875		11.366570434835367		170.2694706494347
18300.0		0.008419920251319617		-153.80564984329567		9.241646538116543		349964.3927724557		11.204783553819325		170.17818031924807
18330.0		0.007074625389891597		-153.7758496197745		9.164046336151541		349991.96861999016		11.043516166356753		170.08661613964443
18360.0		-0.001314102687726412		-153.74571031003887		9.086394139500937		349993.8299029721		10.882603737279041		169.99460809310574
18390.0		0.003104140128575803		-153.71527042686586		9.008707347467698		349973.74388234876		10.72224546293765		169.90235809011426
18420.0		-0.005272510318583858		-153.68425077073059		8.929476248270444		349999.4499137439		10.56235274295419		169.8097737597689
18450.0		-0.006575548246906115		-153.65290894089827		8.850206779978008		350001.9600771973		10.402948935773011		169.7168773123524
18480.0		-0.005885291396971618		-153.620975014315		8.769392024389347		350049.93977418356		10.244017023781538		169.623649551559
18510.0		-0.004150593117581395		-153.58895486541238		8.690041185451246		350004.01783481427		10.085467191428933		169.52999619939257
18540.0		-0.014990438417471184		-153.5563426205121		8.609149800519281		350004.3003202146		9.927431365511154		169.43605123621649
18570.0		-0.00945530375340155		-153.523404484682		8.528228828328972		349982.4328027116		9.76992393909957		169.34182797096284
18600.0		-0.01785007123718867		-153.48985445377676		8.445763995713635		350005.8536144467		9.612901166502283		169.24727966487472
18630.0		-0.014492363508621006		-153.45594181500462		8.36326141698835		350004.6253278814		9.456278172532919		169.15231672966326
18660.0		-0.01821029167723938		-153.421692347017		8.280733000462767		349981.3832846191		9.300181065124775		169.057067961077
83460.0		-0.014315573189168849		-164.12627516900022		26.60002518771571		349976.4568807781		10.535476040214505		313.77254542641464
83490.0		-0.013899712208290452		-164.04208090947995		26.5669586115804		350008.61552664917		10.689153083628653		313.90269449929843
83520.0		-0.010413212665816619		-163.95829913261574		26.533569882515675		350018.28650801536		10.843203926000868		314.03247432128234
83550.0		-0.013458991566088941		-163.87491200697428		26.49986241624549		350007.45293612033		10.997744167735078		314.1619432526343
83580.0		-0.012794897990981382		-163.79194792230385		26.465839949118283		349972.8660126021		11.152602132414572		314.29101137197347
83610.0		-0.014689582621739134		-163.71059633264161		26.43247123441756		349986.09149802197		11.308000879591432		314.4197923006377
83640.0		-0.015992617004421762		-163.62966668882189		26.39879871027428		349974.8760758918		11.463670620799832		314.54814581311336
83670.0		-0.014838499486183005		-163.55035304798346		26.365795044447577		350009.54520747904		11.619743992156415		314.6761389285289
83700.0		-0.015919163170094883		-163.471438869286		26.33249815555785		350021.5140559813		11.776175257787372		314.803746884886
83730.0		-0.01758845621711746		-163.3929197201064		26.298911339360966		350011.238788289		11.93299630815612		314.93098478830586
83760.0		-0.016859965553176932		-163.31477774720562		26.265037310036785		349980.6804876635		12.090327649139041		315.05791300253975
83790.0		-0.01980613325369483		-163.23823579086326		26.231857104805073		349995.5126466276		12.247991565351839		315.18443922378754
83940.0		-0.01911989952286007		-162.86603303053892		26.06581825209125		350013.39982126746		13.042084773657706		315.81139799186667
84000.0		-0.017569339310114444		-162.72259899286098		25.99994978664733		350034.3222099757		13.362488433880003		316.0595472072325
84390.0		-0.01685694585009238		-161.85603549989918		25.575939404720337		349983.2304117773		15.483868306460693		317.63509984709765
84420.0		-0.01646150775348057		-161.79502134639628		25.544758321212953		350043.92365824524		15.649936378413443		317.75361263141485
85290.0		-0.017311750954782597		-160.2549431977443		24.661166112490637		350007.73131451104		20.638841472035338		321.01222860211936
85740.0		-0.01935434667020929		-159.62481172429742		24.241594059894645		350010.31140880473		23.353239517371833		322.5568537263238
86130.0		-0.01939660714895468		-159.15344190534495		23.89916487504499		350038.3278428046		25.7797287090564		323.81255946589147
86220.0		-0.019340258662080945		-159.05336434364858		23.822763017959684		350037.9288546238		26.349364209799916		324.090924829499
86250.0		-0.01922656063607805		-159.02066630660792		23.79749765312349		350037.97633298114		26.540203228398127		324.1828142370781
86280.0		-0.01954653097505336		-158.9881769393964		23.772175248168807		350021.108878972		26.731311933087454		324.27415057472354
86370.0		-0.018282738549911446		-158.89269451109857		23.696854222147024		349968.97384634893		27.307048118579374		324.5451980454211
