sod		dsTEC/dt		lon		lat		h_ipp			elev		azi
6270.0		-0.019106819842935146		-164.69004238253697		24.958643258794172		350014.61026495136		11.035544499107388		304.51125837005736
6300.0		-0.019366420681160512		-164.61209354509546		24.948832663557596		350001.4531260552		11.165592481996129		304.66645479189503
6330.0		-0.018054329829987066		-164.53576333386653		24.939416941688766		350041.17250715476		11.295947508290666		304.82144509425
6360.0		-0.016787518181899292		-164.45828587662558		24.92887834716852		349998.7810131209		11.426670504748145		304.97626590027437
6390.0		-0.017303701115542875		-164.38242494451728		24.91874488790395		350009.17563400976		11.557687331929813		305.13086955498704
6420.0		-0.018097596660980455		-164.30681477291446		24.908253994421685		350003.2375398753		11.688943024335558		305.2852203915923
6450.0		-0.01852422733756508		-164.2314370483605		24.89741233835976		349983.06017143186		11.820560053198719		305.4393934510226
6480.0		-0.01682172915380868		-164.15764855840223		24.88700084815886		350017.52133411635		11.952543217080674		305.5933903557642
6510.0		-0.019340259289954632		-164.0827613769348		24.875461981539544		349966.2149937991		12.0847367100085		305.74711256483386
6540.0		-0.017496892474376125		-164.01080816398039		24.86514815984473		350038.68242388684		12.217280454206573		305.9006460115816
6570.0		-0.01605198260901782		-163.93637745731513		24.852931480687243		349960.06577343866		12.350280208836026		306.0540553067228
6600.0		-0.01698272187589108		-163.8648971008307		24.84195019896281		350002.57793939207		12.483445779995208		306.2071581415665
6630.0		-0.018221359760680685		-163.7936505600825		24.830641586776547		350030.28389975335		12.616927952945431		306.36004723363476
6660.0		-0.018725468350969325		-163.72263001323384		24.8190095343977		350044.1182400137		12.750786859206414		306.51275876142097
6690.0		-0.017906417692706365		-163.65184888558542		24.807053876306792		350042.77478002943		12.884949529798917		306.665245917745
6720.0		-0.01949320248673415		-163.58131773831428		24.794775155323894		350025.25539365225		13.019359679545232		306.8174723142213
6750.0		-0.01894884575285866		-163.5110186377847		24.782179086089144		349993.5466511799		13.154141240675784		306.9695139299567
6810.0		-0.01904544142304185		-163.3737619415913		24.75766147607864		350026.5043141339		13.424672535213645		307.27294663027993
6840.0		-0.019739722537022213		-163.30548896740297		24.744941027520923		350020.5074644461		13.560407429342604		307.42432592413473
6930.0		-0.019573698773907862		-163.1033706513425		24.705785022084658		349986.47456427943		13.969683246960017		307.8772215385723
6960.0		-0.018740561437131424		-163.03732918425263		24.69268697440899		349993.2984252544		14.106768391445485		308.02774949848316
7020.0		-0.01844473719950377		-162.90724185246057		24.666447684074214		350033.2788138073		14.381820644003085		308.32807496034974
7050.0		-0.019745759837967794		-162.84190733594914		24.652484801454822		349995.3845737884		14.519855541599085		308.47791229401713
7080.0		-0.019996304743241662		-162.7780706436185		24.639073219307726		350015.9886416551		14.658273979248875		308.6275587466953
7110.0		-0.016838834648996808		-162.71448005908044		24.625381907912022		350020.42807892244		14.796917506314415		308.7769143456393
7140.0		-0.016399123184474878		-162.6511153063994		24.611415793488923		350010.852911707		14.935930796741971		308.92606809714465
7170.0		-0.01625724829273914		-162.5879621504812		24.597178739039407		349988.7797270706		15.075420069829306		309.0750850534121
7260.0		-0.013970145231520388		-162.40369739207748		24.555387285459517		350049.1009849664		15.495462912525781		309.5205049204092
7290.0		-0.012746600322091645		-162.34272430515298		24.540933483412424		350041.09335306566		15.636195138378085		309.66855099901045
7410.0		-0.0120050275775327		-162.10359811851333		24.48227010049613		350011.1329934951		16.202341554861405		310.2583369284452
7440.0		-0.010218008066948052		-162.04499362732656		24.467409479991638		350005.1938794991		16.344729786938572		310.4052077069019
7470.0		-0.010124431102638273		-161.9866074793055		24.452305106796096		349985.7029095972		16.48751191602136		310.5518792285752
7500.0		-0.010301523059995172		-161.9296680429366		24.437824071871106		350025.87903392315		16.630527726310575		310.69825043352125
7530.0		-0.010236119785116068		-161.87174171416893		24.422238099890595		349976.9055998381		16.773924671478596		310.8444122522109
7560.0		-0.009929227316312121		-161.81521963990625		24.407286253006955		349991.45644748304		16.917809434837622		310.99043021983414
7590.0		-0.010852923243928642		-161.75893982985497		24.392100275206918		349989.8237070851		17.061882902840907		311.13611656971676
7620.0		-0.012532278742352573		-161.70288159214982		24.376683733539252		349974.10891120415		17.206300806877238		311.2815674486851
7650.0		-0.012555421501552536		-161.6482199104621		24.36191607429285		350021.6823842237		17.35112091430763		311.4268178885171
7680.0		-0.012870363532593111		-161.59259706114065		24.346046388847366		349978.4766919734		17.496273694174235		311.5718234396318
7710.0		-0.013889648796611696		-161.53838139598219		24.330832120735185		349997.1580514163		17.641698611062154		311.7165452516411
7740.0		-0.013864493665319446		-161.4843744676921		24.315399065912636		350002.7504558023		17.787524402194506		311.8610627205108
7770.0		-0.014548712881904647		-161.4305772945549		24.299748992333466		349995.1907724142		17.93375129587976		312.0053749957045
7800.0		-0.015108162591141		-161.37701254992487		24.283882741585927		349972.30367681384		18.080217677877158		312.14938007032794
7830.0		-0.016599358011832977		-161.32481534493687		24.26869119162685		350014.0445602909		18.22707350322611		312.2931706626073
7860.0		-0.015646482061004656		-161.27280889736662		24.253292059802043		350044.1656547589		18.37442567996854		312.43681265663304
7890.0		-0.014813344724228216		-161.21988905196008		24.236794182184628		349980.20585714		18.521972264657393		312.5801162712254
7920.0		-0.015163503820889953		-161.16833067748354		24.22098144423604		349980.9369009752		18.669870582039977		312.7231788988979
7950.0		-0.016042926749933812		-161.11811338334095		24.20586083090864		350047.74356492516		18.818177533368868		312.86603518597207
7980.0		-0.01635384403678982		-161.0669704175131		24.189645963289436		350021.97159938887		18.96682483711868		313.00864146445053
8010.0		-0.01588092773100403		-161.0160511984875		24.173231666214857		349981.5514300838		19.115750551449395		313.1509580012357
8040.0		-0.017067243054984346		-160.96646176010154		24.157519602273926		350007.7777248984		19.26508496405782		313.2930654185434
8070.0		-0.016859964962236997		-160.91707171536282		24.14161505715382		350021.3523934148		19.414827120726372		313.43496221765685
8100.0		-0.017528084832746465		-160.86790278389017		24.12551958107389		350020.22354748286		19.56481398388344		313.5765453424257
8130.0		-0.015456309463445434		-160.8189361096801		24.10923513564027		350006.2237449642		19.71519805519381		313.71790941117655
8160.0		-0.01469260003493143		-160.77015893107802		24.092763406539635		349980.5894612977		19.866086461205157		313.8591207123694
8190.0		-0.01468555676954218		-160.72270981059054		24.077012909225104		350020.53200891986		20.017174389794533		313.99998725800594
8220.0		-0.017059193418880226		-160.67436636760178		24.06017331018318		349966.2941498663		20.16862078443613		314.1406077901864
8250.0		-0.014632227764150527		-160.62731593297707		24.044061127647936		349980.6344257165		20.320481659524447		314.2810165861246
8280.0		-0.015539824345691317		-160.58046849982003		24.02777135348848		349981.7647877028		20.47269000726655		314.42117074174536
8310.0		-0.015111181333948155		-160.53383256761828		24.011305861396586		349968.90540017		20.625182457367657		314.5610295880976
8340.0		-0.013764879436997833		-160.48846845260388		23.99557935123084		350025.76493001543		20.778090866861774		314.7006750643055
8370.0		-0.013549551708146364		-160.44222045405823		23.978768152119414		349988.1066641798		20.93141308140379		314.84010500952917
8400.0		-0.013032362477655404		-160.39725685303242		23.962702207563233		350018.6625572052		21.084984616633037		314.9792152042482
8430.0		-0.01273251349584318		-160.35142098487822		23.945552581049952		349954.00104700867		21.23896056513459		315.11810229256736
8460.0		-0.011886295334195688		-160.30788710202626		23.930070792484045		350044.2077315636		21.393448264027015		315.2568330291379
8490.0		-0.012522216660288677		-160.262453605155		23.91259040162125		349953.3415494934		21.548139996721815		315.3952130041541
8520.0		-0.011711215859732314		-160.21932259275835		23.89678624890548		350016.6386755286		21.70319634920652		315.5333424252492
8550.0		-0.010922351299926058		-160.1753291942857		23.879902613625088		349984.1934109153		21.858672426910317		315.6712552181625
8580.0		-0.0093969451104603		-160.13257392011693		23.86378262320126		350022.99874371104		22.014502520529874		315.8089092233583
8610.0		-0.011480794933917508		-160.08898214407876		23.84658514695584		349964.0203791335		22.170621811138375		315.9462627772134
8640.0		-0.011433503340272676		-160.0466121470141		23.830156134168305		349977.49983959645		22.327163741741643		316.08339923682536
8670.0		-0.01176856938770606		-160.0044258319255		23.81357501907055		349979.0763606215		22.484124939766545		316.2203157627978
8700.0		-0.010826761963523997		-159.96244315801172		23.79684462625892		349966.9240166098		22.64133945216126		316.35690684505715
8730.0		-0.012507123611060324		-159.92166215355851		23.780892048335822		350028.3087280942		22.798965005500833		316.49327129413314
8760.0		-0.014391744977874302		-159.8800342531998		23.763865425683957		349993.38848666754		22.95710913767047		316.6294763997271
8790.0		-0.013417738787673283		-159.83962339152927		23.747623033712483		350030.3030068064		23.115461195157508		316.7653250900959
8820.0		-0.014187485406331635		-159.79839294565616		23.730309388849413		349968.73771702405		23.27418342842664		316.9009191678084
8850.0		-0.015856778822691667		-159.7583462141148		23.713782804265026		349981.76168079954		23.43333001040783		317.0362922261095
8880.0		-0.01521079556226977		-159.71848421927268		23.697117128102764		349982.53049290273		23.592836556326432		317.17140282953227
8910.0		-0.015512656916174277		-159.67881486958296		23.680314593264256		349970.3343477072		23.752636778775027		317.306208253508
8940.0		-0.014252888644276991		-159.640307072282		23.664307131035066		350034.01863333676		23.912865721665085		317.44079338637107
8970.0		-0.01423377077699658		-159.60098964347534		23.647233350550607		349998.7819117727		24.073518775588212		317.5751546909143
9000.0		-0.015416061282924835		-159.56284473929887		23.630960737632158		350038.1594867632		24.234428498633562		317.70918522480395
9030.0		-0.013570682095254045		-159.52390095845908		23.613623705483473		349977.93498139735		24.395755292926737		317.8429861225163
9060.0		-0.01498238700854725		-159.48609147015708		23.59708885271366		349995.48740684893		24.557606885269564		317.97662528549256
9090.0		-0.014719767612183455		-159.44847676485116		23.58042845159705		349999.6335710203		24.719669656499676		318.1099027119135
9120.0		-0.01312292084689301		-159.4110390106961		23.563642030252502		349991.97551495396		24.882107541418193		318.24292194377597
9150.0		-0.011521043040570616		-159.37377276033067		23.546730356099587		349972.99874744285		25.04497375547524		318.3757162622689
9180.0		-0.012715408148390037		-159.33763237021716		23.530631531818813		350031.75411186554		25.208205265678984		318.5082449345091
9210.0		-0.013195367571830091		-159.30072671682797		23.51347670048841		349988.4438348077		25.371734296727908		318.64046410036434
9240.0		-0.011858121533963777		-159.2649309282096		23.497137452946387		350024.0326761827		25.535697506418046		318.772460306398
9270.0		-0.011507962511169532		-159.22929894308038		23.480679383867347		350048.7264568517		25.70008902942135		318.9042292951552
9300.0		-0.012107660474793978		-159.19292034590723		23.463169196753906		349970.0797161637		25.864739916762517		319.0356625341266
9330.0		-0.011755488710569991		-159.15764014551632		23.44647997843971		349970.9678222826		26.029813285797353		319.1668636583114
9360.0		-0.01221230574414754		-159.1225139257877		23.429674563326472		349961.8146296274		26.195417038209044		319.2979012663797
9390.0		-0.013355354144800099		-159.08849061239164		23.413697033316705		350031.31843930203		26.361234564639005		319.42857212692496
9420.0		-0.012022133072720828		-159.05371808234997		23.396670789250894		349997.9437158862		26.52743150169043		319.5589816828762
9450.0		-0.013213479216130615		-159.01911084562533		23.379534020883497		349953.52296430804		26.694060080829594		319.6891629253604
9480.0		-0.013552570303218537		-158.9855771274204		23.363227392127925		349989.98278547823		26.86105864932344		319.8190758017045
9510.0		-0.013556594973535611		-158.95221373463545		23.346815393188805		350014.7279676087		27.02835792511049		319.94867523219784
9540.0		-0.013361391482679428		-158.91900658834734		23.330297049647122		350028.9782893574		27.19609619060411		320.07804956413884
9570.0		-0.014330366484113514		-158.88595673877415		23.313673770620248		350032.63496268354		27.36426630505739		320.20719379380495
9600.0		-0.013651178160825278		-158.85308185711943		23.296949878207737		350024.1660824269		27.532697796399937		320.33599762237003
9630.0		-0.014257919833043925		-158.82036517154273		23.280123816982737		350005.0158118615		27.70155653469034		320.46456738359956
9660.0		-0.01357068194751906		-158.78779604313837		23.263194906020345		349976.0886448212		27.870950580089577		320.59297246879976
9690.0		-0.012229411165468178		-158.7562768353871		23.24710853648863		350029.11086013075		28.040560313167198		320.7210060821246
9720.0		-0.012555421279950059		-158.7240466210703		23.229986456798425		349976.74713705294		28.210553087085408		320.8487757482146
9750.0		-0.010553074557586388		-158.6928356237508		23.213705308288183		350008.75937075075		28.38098012130653		320.97631419185916
9780.0		-0.012653023210046882		-158.66178025769048		23.197329250938402		350030.0777172381		28.55178117296157		321.1035820174038
9810.0		-0.010774439328847217		-158.6308876879111		23.180860951748198		350040.0872533312		28.72288543506538		321.2305328309215
9840.0		-0.010211970876803707		-158.6001442243024		23.16429895081055		350039.94504920486		28.89443282288815		321.3572569406178
9870.0		-0.011099443294216702		-158.56955093606987		23.14764463938392		350029.54947346076		29.066414900363462		321.48374856639265
9900.0		-0.009804457956698258		-158.5391248103498		23.13090276449695		350007.45625898056		29.238659658768512		321.60989544638284
9930.0		-0.009870867491490994		-158.5088494714597		23.11407119517081		349975.0416764803		29.411335755732658		321.73580683608674
9960.0		-0.009888979061924026		-158.47954411646975		23.098085017106246		350030.30178986676		29.584551390962815		321.86155302612855
9990.0		-0.010250206611364531		-158.44957675522141		23.081079626009444		349976.58785973117		29.757983920279663		321.9869232813108
10020.0		-0.008763036378062075		-158.42058554954002		23.064924586313648		350009.84863637853		29.931802425151815		322.1120274107459
10050.0		-0.010937444201419427		-158.39173640476284		23.048683884889957		350033.31607026886		30.106057083444156		322.2368978985117
10080.0		-0.010338752756244839		-158.36303509193593		23.03235996987281		350046.4979784861		30.280689092901156		322.3614959821035
10110.0		-0.008472243107598875		-158.33368134542658		23.01502170597892		349950.1935627749		30.455626104282217		322.48577384663787
10140.0		-0.01096964289357089		-158.30608348794757		22.999468998155223		350041.3451190647		30.631009671154786		322.60982394159174
10170.0		-0.010249200536119628		-158.27782097842606		22.982901397773887		350024.00389483385		30.806830041954292		322.7336396757623
10200.0		-0.009750122802194207		-158.24971736919966		22.9662579755023		349995.4237520322		30.982913660462877		322.8571066040836
10230.0		-0.010196877975310338		-158.2217566728186		22.949536052755384		349956.9158481667		31.159432003776743		322.98033715515334
10260.0		-0.011103468186136256		-158.19471414830693		22.933665344102508		350009.36605926044		31.33649338950005		323.10340263848076
10290.0		-0.010520875717699938		-158.16704537212644		22.916791814402462		349950.3940606918		31.513772139835673		323.22608795893245
10320.0		-0.010653694639550428		-158.1403004266988		22.900774143621014		349981.76291484013		31.69143907294133		323.3485054380421
10350.0		-0.00943618699413352		-158.11368977987888		22.88468120085386		350003.7315301737		31.869543293945554		323.47068734697075
10380.0		-0.011369106325307207		-158.087218769372		22.868515462731985		350015.8522481648		32.04802747300662		323.59259553190174
10410.0		-0.01030252917217382		-158.06089413444334		22.852279860331468		350017.56741853803		32.22681770236569		323.714180636444
10440.0		-0.009565987542514316		-158.03470293910198		22.835972043140302		350009.9169930946		32.40605717621581		323.83553745493725
10470.0		-0.010067077426929544		-158.00864629865785		22.81959336990354		349992.79588065296		32.585734807106114		323.95665854506575
10500.0		-0.010852923096193656		-157.98273994525252		22.80314931422412		349964.9218574958		32.76567548356141		324.0774270315792
10530.0		-0.010173735289977866		-157.95771407657966		22.787560804408024		350030.3030825667		32.94605353060337		324.1979588002956
10560.0		-0.010290454791885133		-157.9320632454038		22.77097702389197		349984.4638493955		33.12697735924127		324.31832631405035
10590.0		-0.008999494198551256		-157.90730390067299		22.75525470456498		350030.8683820078		33.30811825562026		324.43830964475023
10620.0		-0.009314436229591829		-157.88194212506173		22.738545107975398		349964.32114795037		33.489648779270524		324.558023883371
10650.0		-0.00923595246224539		-157.85744370648888		22.722691640264177		349992.1504678633		33.67161692987117		324.677501118407
10680.0		-0.009244002098349509		-157.83307643994198		22.706774503362485		350010.5948411012		33.853966882869784		324.79670377984934
10710.0		-0.008906923457221364		-157.80884687387908		22.69079674198362		350019.1236438891		34.03662315696728		324.9155808333269
10740.0		-0.01022907622425685		-157.7847424354334		22.674755596951233		350018.7220241148		34.2197305858907		325.0342296485321
10770.0		-0.01002783546938883		-157.76076426701937		22.658652412533677		350009.2840232523		34.403276725844655		325.15264188598826
10830.0		-0.01984034320992619		-157.7132149563032		22.626272953321596		349961.02549641393		34.7713561509009		325.3885338658478
10860.0		-0.009521714174604195		-157.69033361800612		22.610908662278195		350028.904479268		34.955990698048815		325.5060816483645
10890.0		-0.010426292678145257		-157.66686655116914		22.5945696730723		349982.66983810905		35.14117309524626		325.6234668883892
10920.0		-0.00936877138409588		-157.64423465945933		22.5790900939539		350032.4909972679		35.32657132090872		325.74046374044144
10950.0		-0.01073016610867208		-157.62103879037988		22.562644620220674		349966.5413011508		35.51235980890941		325.85719065076984
10980.0		-0.010058021567845537		-157.5986508824113		22.5470519901975		349998.68002226297		35.69858544844258		325.97367964446994
11010.0		-0.008712725967742592		-157.5763854243255		22.53140451422925		350021.9066790147		35.885193901772254		326.08989362243415
11040.0		-0.009072947146468224		-157.55424876040516		22.515705354695946		350035.71982194576		36.072108030173304		326.2057795855871
11070.0		-0.008754986741957954		-157.53222870747175		22.499951337477174		350041.04657462426		36.25947441102147		326.3214380031027
11100.0		-0.008229747801495381		-157.5103264284192		22.484143796446993		350037.7813251652		36.447279203854585		326.43685956878807
11130.0		-0.007841352674802852		-157.4885564902221		22.468288827106598		350024.7946634805		36.63534402623297		326.5519213598388
11160.0		-0.008073786046577434		-157.4669040625211		22.452382224827748		350003.20994280744		36.823849103770385		326.66674751740345
11190.0		-0.008294144594858374		-157.44536035641536		22.436421760159597		349973.67910115235		37.01290302609278		326.78141349647797
11220.0		-0.009076972186122762		-157.42460058253022		22.421314487051895		350043.7402611915		37.202170753567714		326.89568741576875
11250.0		-0.009425118984559704		-157.40330999920386		22.405262082574904		349995.5420678016		37.39182845738238		327.00969114680163
11280.0		-0.009970481645945117		-157.3827769679485		22.390055214087617		350048.8795391787		37.58192184959873		327.1234566086677
11310.0		-0.010242156975260411		-157.3617218837796		22.373908351528968		349983.2983032977		37.77239816787296		327.2369472289869
11340.0		-0.011156796969925433		-157.34142643679334		22.358609660849986		350019.04045100603		37.96317867401815		327.35010798190245
11370.0		-0.010614452682009716		-157.32123896148136		22.343262364277496		350046.77251037024		38.154411570365426		327.46304250408207
11490.0		-0.011492869388073689		-157.24101131753312		22.28054400375943		349961.01082502026		38.92317415521915		327.9120363850514
11520.0		-0.01268723420042314		-157.22169849026307		22.26541937918694		350002.44341293816		39.116312488081064		328.0235922559706
11550.0		-0.011759513602489542		-157.20248182101687		22.250246653270473		350036.64329663664		39.30999964300066		328.13499186371416
11580.0		-0.011886295481930674		-157.1830878630386		22.23459903083224		350005.0922858529		39.50389703721667		328.2459951914297
11610.0		-0.011142710143676968		-157.16380627070794		22.21891182038067		349965.0915822545		39.69818282991803		328.35672866979644
11640.0		-0.011087368766193031		-157.14522446256026		22.204057056553193		350030.6448563896		39.89290156927163		328.4672243584405
11670.0		-0.01081368128638793		-157.12616042007951		22.188290240265292		349974.2259081239		40.088002005591555		328.5774459798843
11700.0		-0.010965618149386324		-157.10779791637768		22.173357953263462		350023.21016879287		40.28340364867895		328.68733593220634
11730.0		-0.010639607961036949		-157.08895570504305		22.15751692460642		349950.0063151475		40.47925652519084		328.7970020384722
11760.0		-0.010199896348780034		-157.07079678109068		22.142504031275774		349983.5085759312		40.6755439331779		328.90643283615435
11790.0		-0.01172027164494883		-157.05275173870837		22.127457147406645		350008.3801555969		40.872084088960996		329.0154973481386
11820.0		-0.011073281939944566		-157.0348065262928		22.112371133050708		350025.6209989572		41.069063310666415		329.12433027213586
11850.0		-0.010930401083765164		-157.01695304741014		22.09724326016572		350035.79352312535		41.266590295488385		329.23301121229827
11880.0		-0.011165852829009441		-156.99921647842382		22.082085356797027		350037.08311328664		41.46432350190791		329.34129245144953
11910.0		-0.010877072152241003		-156.98158335205252		22.066892435152464		350030.4411843056		41.66244279901537		329.4493047590869
11940.0		-0.011466708033801553		-156.96405038466114		22.05166388260753		350016.08656958863		41.86099147811729		329.55708019466715
11970.0		-0.011329864220031509		-156.94662109571502		22.036402112839465		349993.7551251305		42.05991994072111		329.66458294140335
12000.0		-0.011611601483675715		-156.92930129616		22.02111063246056		349963.02458456624		42.25914608035925		329.7717528847007
12030.0		-0.010537981212888067		-156.9126193500417		22.006631255900878		350042.23273431417		42.4588215127836		329.8787018478773
12060.0		-0.010792550899280247		-156.89549356944406		21.99127116669175		349996.4362570839		42.65892809666473		329.9854171869497
12090.0		-0.010458490927091769		-156.878746255992		21.976306193483758		350001.0595592987		42.85928251903751		330.09176352601935
12120.0		-0.010174741365222771		-156.86209391296862		21.961307832259482		349998.267651665		43.060074015673415		330.1978813355465
12150.0		-0.010214989545743371		-156.8457907598505		21.946691671648328		350047.94613911957		43.261411199354704		330.3038524687966
12180.0		-0.009833637979910057		-156.82907508543218		21.931214542557573		349970.30917059444		43.46294961401137		330.4094205678619
12210.0		-0.009481466437288545		-156.8129780641476		21.916542760664555		350003.9841175638		43.66487081748876		330.51472126158666
12240.0		-0.009004525313450695		-156.79697256556872		21.90183865043671		350030.44753628504		43.867216804590164		330.61978666458197
12270.0		-0.008773098016921017		-156.7810618372002		21.887104547555293		350049.46230403055		44.069939665633854		330.72458139549065
12300.0		-0.008664428003382886		-156.76499908371682		21.871931450580323		350000.54991442803		44.27295567432046		330.82904254905696
12330.0		-0.008858625640596644		-156.74928031711718		21.8571412466739		350004.4516054578		44.47641801091043		330.933286426888
12360.0		-0.008968302024849646		-156.73365241668543		21.842321522571734		350001.13077893667		44.68030707686957		331.0372991065403
12390.0		-0.009040748749786727		-156.71812798579865		21.827479334429803		349989.72208083514		44.88443805098151		331.14094025521547
12420.0		-0.008672477491752022		-156.70293853114606		21.81301645748193		350031.7695621522		45.08900308244127		331.2443567905343
12450.0		-0.008734862725565146		-156.6875847635916		21.798113299740546		350006.60918832757		45.29411065429965		331.34763313023103
12480.0		-0.009072947146468224		-156.67233709616602		21.78319145961522		349973.15059098694		45.49941345163575		331.4505031869453
12510.0		-0.008720775751581698		-156.65742215299346		21.768649146947272		349993.3070422439		45.70509469385128		331.5531080545302
12540.0		-0.009018611991964175		-156.64259395774616		21.7540792464064		350006.4695651205		45.91119503874592		331.65547996667556
12570.0		-0.009009556428350135		-156.62761983663933		21.7390828406711		349951.0750554353		46.11766830379455		331.7575839537362
12600.0		-0.009316448675551607		-156.61321229773225		21.724867194402876		350010.8005954921		46.324429142597644		331.8593539968898
12630.0		-0.009818544930681706		-156.59865382448476		21.71022397499862		350002.27545175515		46.53163226989105		331.960911435234
12660.0		-0.009775278081221441		-156.58418135070715		21.695555778818893		349986.75180828385		46.73925661341977		332.0622409554121
12690.0		-0.009787352313775144		-156.57003539274933		21.681265682456374		350025.3304775506		46.947115871116296		332.1631966194301
12720.0		-0.009899041439457893		-156.55574434415078		21.66655445381279		349995.1777686579		47.15540509426228		332.2639325827916
12750.0		-0.009427131135049512		-156.5415310906596		21.651816088714845		349958.51869799104		47.36423258729734		332.3645361979323
12780.0		-0.009752135395888968		-156.52764137149566		21.6374553731177		349976.1855257014		47.5732482445674		332.46473037876484
12810.0		-0.00892805369659406		-156.51383632200722		21.623071927575314		349986.91971660685		47.78263691339826		332.5646623943176
12840.0		-0.008845544889593082		-156.50011321599743		21.608664980327266		349990.88328751177		47.99243787349288		332.6643646724221
12870.0		-0.008612105442573598		-156.48647478098457		21.594236747203272		349987.888466849		48.202606708447846		332.76380263400074
12900.0		-0.008503435429035469		-156.47292644231854		21.579790987976697		349977.57913931645		48.41305645522047		332.8629067692493
12930.0		-0.008473249626048732		-156.45945791277202		21.565322724863734		349960.597617046		48.62394332723991		332.9618041142796
12960.0		-0.008046618321590425		-156.4462826531465		21.551216480947865		349999.99195972085		48.835244763653144		333.06047783419496
12990.0		-0.007861476543460675		-156.4331967904937		21.53709363165238		350032.13277708646		49.04677301586666		333.15877562714724
13020.0		-0.008116046673057811		-156.4199788427934		21.522567487514333		349994.4016229836		49.25872601823206		333.25685982126976
13050.0		-0.0074740882306879725		-156.40683396411708		21.50801781716649		349950.36520297825		49.471211844132064		333.3548211426343
13080.0		-0.007843364973027643		-156.3941945732989		21.494212352237035		350025.99995771423		49.683877678666164		333.4523700150436
13110.0		-0.007275865849289648		-156.38122463916218		21.47963335622401		349967.5749194594		49.89690995667305		333.549660722761
13140.0		-0.007090724218894884		-156.36873861530643		21.46578554737223		350030.24284879025		50.11034653828957		333.6467259774648
13170.0		-0.007224549215990278		-156.35592894139248		21.451171638848713		349958.2960027335		50.32414481276831		333.7435315737549
13200.0		-0.006726478000514715		-156.34360404488604		21.437288776884262		350007.47406617925		50.53821620804886		333.8400040666879
13230.0		-0.006920675489993487		-156.33115416059877		21.423014078606606		349986.1228155447		50.75271839442543		333.9362769745399
13260.0		-0.00601509120667749		-156.31878053085953		21.408721560542396		349958.2326491866		50.967627309560214		334.0323317888743
13290.0		-0.005823912533873366		-156.30668766337524		21.394785097114354		349987.71365943365		51.18275380014745		334.1280089488397
13320.0		-0.005399294266314773		-156.29466649974916		21.380828372259707		350010.9658748368		51.3982986563575		334.22348007064096
13350.0		-0.005340933924421202		-156.28271030333593		21.366847918033994		350028.37728013657		51.61436966452277		334.31883978023643
13380.0		-0.005208115593510649		-156.2708406145749		21.35285747480809		350038.6489655068		51.830611396304484		334.41378424357254
13410.0		-0.005502933017218478		-156.25904571577496		21.338850620295496		350042.4719715221		52.04721182649801		334.50847576385183
13440.0		-0.004568169006160649		-156.24732320708543		21.32482653929396		350039.97661793977		52.264207354153726		334.60294744609865
13470.0		-0.005514001174527277		-156.2356753631948		21.3107872933347		350031.01684945356		52.48155721415101		334.6971654485718
13500.0		-0.005560286988397177		-156.22410981021775		21.29673832218597		350015.1368574742		52.69913081397541		334.79101630327966
13530.0		-0.005530100594470503		-156.21260979030387		21.282669846462074		349993.3059529783		52.91720357030429		334.88474327903026
13560.0		-0.0060211286922918035		-156.2011862672256		21.268589379129228		349964.8725433145		53.13558940074484		334.97818442787184
13590.0		-0.005439542151365404		-156.1900103500787		21.254844224274056		349996.0292594442		53.35437199294164		335.0714154486833
13620.0		-0.005700149323371899		-156.17891352847334		21.241088805004516		350020.47950374894		53.5733607110798		335.1642675619244
13650.0		-0.005241320065437049		-156.16770160391513		21.22696375974697		349973.2728094915		53.79290947059697		335.2570593363802
13680.0		-0.005305717006535026		-156.15674438759558		21.21317858671398		349985.31572450325		54.01264082370638		335.349453438705
13710.0		-0.005673987969099762		-156.14585710782575		21.19937926174373		349991.14851905406		54.232721915592336		335.44160139729297
13740.0		-0.005340934072156187		-156.13503751900316		21.185564958926278		349990.88707025535		54.45318764295502		335.5335368474272
13770.0		-0.004924365588436698		-156.12428769096528		21.17173765207056		349984.40358760767		54.67399912659272		335.62522631221645
13800.0		-0.005379169806717011		-156.113780009444		21.158240687193633		350038.04950783495		54.895024667172315		335.7165498780867
13830.0		-0.004976688296980971		-156.10300340439125		21.144050620918883		349952.39335011505		55.11653893728552		335.8077626010466
13860.0		-0.0051698794157448704		-156.09262505243709		21.130522733046515		349994.18266948033		55.33835751034954		335.8986962383334
13890.0		-0.005104476251667006		-156.08231007842596		21.116978700366467		350030.13111620303		55.56056239651904		335.98942911268085
13920.0		-0.0051608235566608625		-156.07191065125704		21.103095655877983		349992.37562925834		55.78296167009257		336.0797826959604
13950.0		-0.00537917010218698		-156.06172490806225		21.08952352579529		350016.4390163943		56.00591310779429		336.1700962659087
13980.0		-0.005823912238403397		-156.05145872045483		21.075617851557855		349966.4937455235		56.229035464965634		336.2600113627574
14010.0		-0.006295822395076793		-156.04141476880537		21.062028593648545		349977.9525070125		56.45249735514217		336.34968922151324
14040.0		-0.006169040663370646		-156.03143390277404		21.048426030569615		349983.53538184427		56.6763321319901		336.4391641837375
14070.0		-0.006997146959115136		-156.02151800090263		21.0348120430925		349983.13117919955		56.90050284269979		336.52840315709545
14100.0		-0.0064729145371024204		-156.01167428180491		21.02119223093029		349976.34875857364		57.12487672706114		336.6172787746058
14130.0		-0.006683211298789434		-156.0018871548581		21.00755644710221		349964.00497830193		57.34972757826177		336.70605993268777
14160.0		-0.007145059077928964		-155.99231287647788		20.994228197717913		350013.769621036		57.57487272534157		336.794571002125
14190.0		-0.007164177019076869		-155.98265275500077		20.980570977637885		349989.575872425		57.80039244471947		336.88289348862895
14220.0		-0.006783831676223444		-155.97320822574886		20.967222810383696		350027.4059814289		58.02609358964273		336.97083752484235
14250.0		-0.006722453256330146		-155.9636711361687		20.953543756162567		349991.5313063385		58.25233768148688		337.05876656830577
14280.0		-0.0059667933900527685		-155.9543474228067		20.940171752857495		350017.8539829254		58.47873980606791		337.14629756899683
14310.0		-0.0057816517596580045		-155.94508426338595		20.926788390810913		350038.4206285374		58.7054699876052		337.2336031431786
14340.0		-0.006152941391162406		-155.9357424988459		20.91308830257897		349984.4234376		58.93255999697583		337.32071857247143
14370.0		-0.005619653110065682		-155.92659971883663		20.89968428983843		349993.4484628923		59.15997484822932		337.4076111999727
14430.0		-0.010661744275654549		-155.90850319485045		20.87285332600002		349993.7714511864		59.61561158598185		337.58056448268036
14460.0		-0.005128625159979366		-155.89954015413872		20.859420800193117		349985.51596479956		59.84399635160513		337.6668001777134
14490.0		-0.005193021805607374		-155.89076866913737		20.846275989803086		350040.8475451488		60.0726628168378		337.7527792850082
14520.0		-0.004667783456084739		-155.88179471375292		20.83253192883568		349951.61751489155		60.30168949313732		337.83858786550064
14550.0		-0.00512158159912015		-155.87314498651793		20.81937177282506		349995.35338945687		60.53088198686497		337.9240213034864
14610.0		-0.009875898606390435		-155.8558744168709		20.792720029164062		349997.0516715944		60.99050630710811		338.0945703381247
14640.0		-0.004662752193450315		-155.84726978649812		20.779243479108505		349954.1381818289		61.22067924643445		338.17941333271733
14670.0		-0.00457018159985541		-155.8388449853363		20.766043827642807		349975.564208271		61.45116470928411		338.26405063362057
14700.0		-0.004731174026467844		-155.83047410975496		20.752833471714492		349991.5196285043		61.68199284748539		338.3485194541753
14730.0		-0.004501759619102896		-155.82215867983513		20.739614095712284		350001.92355948966		61.913130627011924		338.4327872950048
14760.0		-0.004398120277259252		-155.81390552180483		20.72639144952219		350006.4517413415		62.144443189985		338.51670568814706
14790.0		-0.004352841572779149		-155.80570016076283		20.71315507026137		350005.7678635549		62.3762023418394		338.60058454927287
14820.0		-0.004345797716449964		-155.79755173929556		20.699912463041024		349999.43960666284		62.60822906390334		338.6842262442753
14850.0		-0.00439610827450443		-155.78945602672957		20.68666093213788		349987.6527093062		62.840600035508714		338.7677226072365
14880.0		-0.004207947531965048		-155.7814229144196		20.673408671256		349969.952173206		63.07311972606294		338.85085124093337
14910.0		-0.003958408960472307		-155.77354319514475		20.660407484375806		350018.126085449		63.30615700407725		338.93404551142953
14940.0		-0.003747106271275375		-155.76561528011422		20.647138925205255		349989.5196708394		63.53931973353919		339.01685183545413
14970.0		-0.003722957362963014		-155.75784888467675		20.63412673796137		350026.485698428		63.77278067385594		339.09947611662983
15000.0		-0.003561964197675657		-155.75002614974986		20.62084402252436		349986.94285430945		64.00656831406262		339.1819574462217
15030.0		-0.0033255060817165075		-155.74236189209248		20.607814243477794		350013.168718582		64.24065167210742		339.26426408009735
15060.0		-0.0032570846919039317		-155.7347553774433		20.59478120996919		350033.74423123617		64.47489502687903		339.3462350233317
15090.0		-0.0038497387991991918		-155.72709056096127		20.58148087742192		349977.7525897557		64.70956880967339		339.42820519306315
15120.0		-0.00349756725657768		-155.7195816268554		20.56842981204138		349987.73910607956		64.94449611478142		339.50996409833607
15150.0		-0.003669628874643807		-155.7121211784813		20.55536970421225		349992.44978572987		65.1797517064721		339.5916100661685
15180.0		-0.003987588540479154		-155.7047188716342		20.542308834678536		349991.47190886084		65.41513912500241		339.67290113635306
15210.0		-0.004192854778206664		-155.69735574691603		20.529232463306755		349985.5913215447		65.65103047507802		339.75431393082926
15240.0		-0.004215997463539137		-155.69014690400834		20.516399575466043		350045.9697617572		65.88703050954288		339.83535193920034
15270.0		-0.004704006596950804		-155.6827968896819		20.503075515295855		349957.01792763267		66.12331315584916		339.91624189455064
15300.0		-0.004425288002246262		-155.67568350504567		20.490225714125234		350006.9193124017		66.35990520505979		339.99702554685
15330.0		-0.004786515403951782		-155.66852535768658		20.477130293710044		349979.38391780574		66.59677776583365		340.07767233148246
15360.0		-0.004410195100752894		-155.66151350800646		20.464269440286348		350018.5744744735		66.83379433420748		340.1580062305049
15390.0		-0.004399126500239141		-155.6544524053338		20.45116261137724		349980.4150895532		67.07122378816895		340.2383932882729
15420.0		-0.0043709528477422115		-155.64752990893047		20.438282696365523		350009.35225417465		67.30889146143903		340.31860752658827
15450.0		-0.0035237287585848016		-155.6406518397181		20.42539317248931		350033.17810596526		67.54687014490707		340.39875576950345
15480.0		-0.0037974163861248878		-155.63374230902642		20.412277478555836		349978.8187688198		67.7849625669457		340.47857230539034
15510.0		-0.003791379048245559		-155.62695459730105		20.399372654484157		349992.3011489473		68.02354385926658		340.55858767739267
15540.0		-0.0036344109226127386		-155.6202213642827		20.38646812248657		350000.2668112833		68.26221589336058		340.6382527604763
15570.0		-0.0031695444745335447		-155.61353380242656		20.37355701136037		350003.04652175773		68.501153666969		340.7178205924266
15600.0		-0.002954217188887029		-155.60689045556617		20.360638579444636		350000.6872576447		68.74038223948016		340.7973368599174
15630.0		-0.0031765881831277453		-155.60029238395865		20.34771421064085		349993.14210588206		68.97987484721071		340.87677300755666
15660.0		-0.0030628866114852213		-155.59374595899462		20.334789836882994		349980.1733173523		69.21949429407765		340.95593484495777
15690.0		-0.0031765881831277453		-155.5873147991211		20.322063788543122		350035.5426256247		69.45950771097299		341.0352281699914
15720.0		-0.0030779798084485583		-155.58085224915317		20.30912306832437		350012.4523139214		69.69974280468912		341.1144082461499
15750.0		-0.003217842586628235		-155.57443262678086		20.296176366698933		349984.23428955115		69.94027033292326		341.19359346624054
15780.0		-0.0028676828990265605		-155.56806514676856		20.283232137728827		349950.55963110644		70.18089234461736		341.2724889253117
15810.0		-0.003056849569075862		-155.56180350313463		20.270474857817195		349985.66946005635		70.42198675649905		341.3516942303168
15840.0		-0.0023726309434306		-155.5555922102597		20.257716910112038		350015.450795616		70.66315282214217		341.4305946152762
15870.0		-0.0029169873818361233		-155.54935296658917		20.244756132072375		349966.435921561		70.90456649665782		341.50947745546483
15900.0		-0.0020999488001954792		-155.54322491726887		20.23198445064253		349986.1095534824		71.14625107463266		341.5883946353313
15930.0		-0.002593995862426413		-155.5371381616785		20.219205656117904		350000.7480974812		71.38818195383874		341.6673213052421
15960.0		-0.0025044433468312337		-155.5310989484432		20.206425726825127		350010.14059190825		71.63022134855089		341.74604119724535
15990.0		-0.0027600189607333344		-155.5250945314416		20.193633900067265		350014.69910643715		71.87263442854231		341.8250126566884
16020.0		-0.0029200061985107727		-155.51913266887343		20.18083747892389		350014.16256883927		72.11525141583935		341.9039682445289
16050.0		-0.0027952360263544945		-155.5132098919365		20.168033854980056		350008.6360024279		72.35814097101178		341.9830430145682
16080.0		-0.002640281233091358		-155.50733522945563		20.155231550622165		349997.82986908127		72.60110461395567		342.0619058155901
16110.0		-0.002868689565211402		-155.50149066482328		20.142414948340726		349982.30177505687		72.84452276046329		342.1412479788261
16140.0		-0.0024299840281993912		-155.49575417213347		20.12977499324031		350035.8845635997		73.08799235117849		342.22037121799667
16170.0		-0.0024531273044718018		-155.4899972923047		20.116954397645642		350010.076440217		73.33169016391572		342.2996098547872
16200.0		-0.002209624888978513		-155.4842793144647		20.10412877333618		349979.2546243677		73.57563769336252		342.3790263734345
16230.0		-0.0024199223893404485		-155.47865714699222		20.091465981684703		350018.0071505811		73.8198125264		342.45860334811755
16260.0		-0.0024460835958776007		-155.4730235766739		20.078636283914744		349976.9825873049		74.064076403439		342.5380979516887
16290.0		-0.0023937605918633582		-155.4674773776365		20.065959836573604		350005.83605628647		74.30869228893627		342.61804145499536
16320.0		-0.002130135194122153		-155.4619170249455		20.053117752389507		349954.9132999126		74.55349306920384		342.69813950601036
16350.0		-0.002601038980080676		-155.45644603488128		20.040428748737984		349973.8630660279		74.79854523493327		342.77855319408235
16380.0		-0.0023867177696790644		-155.4510193153744		20.027739555406026		349987.6859860951		75.04364994915773		342.85890636425137
16410.0		-0.002299177404573692		-155.44561912097814		20.015034285695826		349996.86345322896		75.28918977433725		342.9400185458216
16440.0		-0.002525573881673899		-155.44026371049137		20.002330213010346		350000.8915766608		75.53475969793068		343.02108310682837
16470.0		-0.0026432994588260683		-155.43494472301413		19.989620080944267		349999.9931886634		75.78053714966146		343.1025030993178
16500.0		-0.0025054494220761374		-155.42966101741362		19.976903271478452		349994.19196159486		76.02654177984151		343.1843612766782
16530.0		-0.0023645808641215263		-155.42441326358176		19.964180848222256		349983.46405615285		76.2727533781487		343.26665663789794
16560.0		-0.0025145052811601453		-155.41920747568773		19.951458889666547		349967.6532024862		76.51903334067103		343.3491162407912
16590.0		-0.0020496388330809513		-155.41407505257163		19.938863948932863		350022.40918980073		76.76564212504931		343.43238023702156
16620.0		-0.002439040182753369		-155.40893527490798		19.926125973908185		349996.8988429373		77.0124154394659		343.5161252396473
16650.0		-0.002066743885064126		-155.4038708588578		19.913514692057795		350041.9503039764		77.25941750522702		343.6005582513511
16680.0		-0.0020345465225275216		-155.39880666903065		19.90077146630746		350006.4844381297		77.5064493260668		343.6852493900181
16710.0		-0.002102967616870128		-155.39376760499383		19.88801505485818		349966.3159390148		77.75389514112861		343.7712117131054
16740.0		-0.0018282736186151691		-155.3888100462315		19.87538787328386		349996.6406263737		78.00134842036678		343.8574967677407
16770.0		-0.0015535799158301795		-155.38388536378048		19.862752629056892		350022.1298521124		78.24898700200262		343.94461970614765
16800.0		-0.0018886458155285785		-155.37895609300986		19.84998883724826		349967.07928988244		78.49682861449556		344.0327084328602
16830.0		-0.0018846215145489644		-155.37409662171012		19.83733978451051		349982.8616856085		78.74485522429661		344.12180348584394
16860.0		-0.0021230920764678898		-155.3692754607379		19.824689167414324		349993.6756934682		78.99292801759508		344.21160683642825
16890.0		-0.001942980970032628		-155.3644808959677		19.81202615477595		349999.76409349125		79.24130451928914		344.30294163658675
16920.0		-0.0017668953464568566		-155.3597198488909		19.79935782106414		350000.974289828		79.48982340576174		344.39546672232325
16950.0		-0.0018514165994176109		-155.35498932045266		19.78668169408443		349997.3617552966		79.73854645080966		344.48948634422084
16980.0		-0.0016682872672476384		-155.3502978519748		19.774006488610276		349988.7537086876		79.98727471146658		344.58452024449844
17010.0		-0.002078818560822783		-155.34562814432013		19.761315831269894		349975.48197730165		80.23639337569642		344.68191342606747
17040.0		-0.0018091561206722182		-155.3409979404105		19.74862740409366		349957.19997530244		80.48549493056659		344.78054091840477
17070.0		-0.001817205313571385		-155.3364269261263		19.736030856270933		350010.1903297687		80.73475719020745		344.881137397438
17100.0		-0.0016048965491295495		-155.3318575840274		19.72332887729111		349982.24584725685		80.98419575662312		344.98395571267775
17130.0		-0.0015716916339981962		-155.32734505962154		19.71071399711301		350025.6528440742		81.2337946016666		345.0891644130099
17160.0		-0.0012175079408868774		-155.32284233057993		19.698005803675173		349987.9253828339		81.48341476773575		345.1964950989448
17190.0		-0.0014781145219534336		-155.3183889875413		19.685374919428853		350021.71382023674		81.73331006119706		345.3071500221555
17220.0		-0.0014257921088791294		-155.31394252471736		19.672652012599393		349974.3611080665		81.98332214205854		345.42085633352565
17250.0		-0.0008713728497347866		-155.30954744005857		19.660005851588934		349998.52147944365		82.23350984951456		345.5381921777489
17280.0		-0.001043434467800913		-155.3051880152643		19.647358325237303		350017.7709980868		82.48367438625988		345.6587210530969
17310.0		-0.0008381679346034333		-155.30082660903872		19.634616259378678		349955.93394119013		82.73420038607723		345.7845101239852
17340.0		-0.0009941305759312883		-155.29652271164682		19.621953244037304		349965.5696020881		82.98467988546692		345.91431300192926
17370.0		-0.0009035716896212365		-155.2922468724957		19.60928254878399		349970.39702529926		83.23528952288015		346.0494623134402
17400.0		-0.0007385543710892497		-155.2879982288387		19.596603715247113		349970.42225681525		83.48604191674403		346.19069392352475
17430.0		-0.0007838330755693527		-155.28377710945333		19.58391747810876		349965.6346818963		83.73692209927877		346.3387217100644
17460.0		-0.0010082174021797524		-155.2795892609775		19.57123003934186		349955.9563450422		83.98779035622174		346.4937038107986
17490.0		-0.0007365419251294734		-155.27543883417002		19.558591570101655		350018.1424740385		84.23889439320135		346.6580171472173
17520.0		-0.0007838327800993837		-155.2713008222586		19.545884386919926		349998.898704052		84.49007771361377		346.8320888677295
17550.0		-0.0011490859601343633		-155.26718865019765		19.53316973026781		349974.8414890347		84.74139384386872		347.01773523999526
17580.0		-0.0011339927631710267		-155.26312334972852		19.520509573748132		350022.5720934486		84.99264260177233		347.21546544065114
17610.0		-0.0005503937762848521		-155.25906163043183		19.5077781874672		349988.9019748876		85.2442025556674		347.4299447108776
17640.0		-0.0008613115063458131		-155.25503442464418		19.495049390451648		349950.3128894493		85.49566363046242		347.6610610889176
17670.0		-0.0007073616064477032		-155.25104402644806		19.48236078982187		349983.6559201339		85.74719497725576		347.91322665244235
17700.0		-0.0003793388244035675		-155.2470777565388		19.469661458733643		350012.20922724716		85.99879932819161		348.19059962733496
17730.0		-0.00020828475893219033		-155.24312724321587		19.456912006756184		349959.151788095		86.25045391022952		348.49824825804484
17760.0		-0.00061378478987291		-155.23921618167597		19.444201331244486		349978.03404733725		86.50200805589004		348.84144931630686
17790.0		-0.000945832168366629		-155.23532426509604		19.43147598855192		349992.15096135996		86.75368474303487		349.231181077303
17820.0		-7.848391508142562e-05		-155.23145772511745		19.41874277868373		350001.4441344738		87.0053090963114		349.6775561427699
17850.0		0.0003511651719066391		-155.22761395984523		19.405999411268898		350005.9272931162		87.25689773526159		350.19696973825756
17880.0		0.0003813515658333128		-155.223801155077		19.39325476137983		350005.54068275075		87.50820892043407		350.8088093277178
17910.0		0.0007405668170490258		-155.22000249257277		19.380491798603195		350000.38874411955		87.75954065189357		351.5504819177316
17940.0		0.0007254733246157199		-155.216235160945		19.367728750891878		349990.35855491087		88.01038945565271		352.46372022859106
17970.0		0.0010484651394953998		-155.21249128929523		19.354957856070964		349975.49538180325		88.26074971569822		353.6262680464963
18030.0		0.0027419078335052557		-155.20507343185056		19.329406433606263		350008.222583428		88.75858923176396		357.29799550010114
18060.0		0.001191346438879756		-155.20139791195658		19.316610411982875		349978.84714744426		89.0044692862313		0.4703624712298507
18090.0		0.000868354328530107		-155.19774987338621		19.30382144357931		350021.5904471474		89.24544448616804		5.657140787673885
18120.0		0.0013040413443374385		-155.1941196139078		19.291009715756623		349982.5203763526		89.47493596844434		15.497541633515047
18150.0		0.0017427459949395424		-155.190510689446		19.278195637369087		350015.5916256048		89.66769286147584		38.26732904632869
18180.0		0.0019007210822271738		-155.1869245903801		19.265368626765543		349966.80884358194		89.7285857345874		86.69896009726004
18210.0		0.002166358334988217		-155.1833639241228		19.252540626971623		349990.1637074575		89.59331541195996		124.38629822668003
18240.0		0.0023796740610848633		-155.1798143648531		19.23969155124469		350008.6732625114		89.37869293895285		139.91581259799415
18270.0		0.0020295149644231274		-155.17629295821445		19.226839804169405		350022.31004943326		89.14254713467476		147.23815786492008
18300.0		0.0017689074969466638		-155.17279190477566		19.213977531677035		350031.07882402		88.89851457947836		151.3815786327306
18330.0		0.0014720774795440742		-155.16931058864557		19.201104467024383		350034.97352575976		88.6508188828887		154.0303173917248
18360.0		0.0011762532419164191		-155.16584902704048		19.18822101534595		350033.98791026697		88.40113071566148		155.86882569313926
18390.0		0.0013332210720792702		-155.16241277927844		19.17533349336305		350028.1238285089		88.15037656704773		157.22330282568112
18420.0		0.002175414489542194		-155.1589914020901		19.16243116522133		350017.3642510092		87.89870119583327		158.26326124437784
18450.0		0.0024340089201189434		-155.15559072798246		19.149520637556293		350001.710791653		87.64649713132445		159.09012882765725
18480.0		0.001463021620460066		-155.15220838078864		19.136599763639925		349981.1534665143		87.3938543480037		159.76490629099868
18510.0		0.0013684381377004307		-155.14885236704902		19.1236775189247		349955.71208709944		87.14107639119428		160.32930427737304
18540.0		0.0009689751491690705		-155.1454943189578		19.110704394238724		350002.33465854265		86.88781037749585		160.80697931184164
18570.0		0.001370450583660207		-155.14216153632574		19.097725642507797		350044.05643994827		86.6345367770507		161.22035537688487
18600.0		0.0005443570293454618		-155.13885938965595		19.084770810769367		350003.85474639665		86.38109680513156		161.58159615988018
18630.0		0.0010846885758314328		-155.1355755882725		19.071807625220988		349958.7275089668		86.12750663076679		161.90078591877904
18660.0		0.0017105474505230618		-155.13229555857458		19.05879349649815		349985.6413366562		85.87378817213853		162.18560920052414
18690.0		0.002004360128600848		-155.12903794364618		19.045772256221607		350007.6327826949		85.6200999145943		162.44279109563567
18750.0		0.005019954703236283		-155.12256554265772		19.019683603299818		350036.68145225104		85.11226490195826		162.88814929040234
18780.0		0.00232433283133591		-155.11937222543773		19.006675334029037		349966.8294126047		84.85825396117207		163.08360417454142
18810.0		0.0024943811170323525		-155.11616000925096		18.993546491934453		350045.8309394596		84.60415315217769		163.26407874595373
18840.0		0.002438034107508465		-155.11300678205862		18.980526388438633		349966.08889730554		84.35017190302973		163.43248980628172
18870.0		0.002527585736693737		-155.10982340620617		18.967366270193168		350035.05513682123		84.09590553858943		163.5885273400183
18900.0		0.0015425119062563643		-155.10668216009347		18.954262289411908		350022.19632973615		83.84178514172937		163.73550444201308
18930.0		0.0023374132868695017		-155.10355684704862		18.941147296770886		350004.3328927085		83.5876262365241		163.87368403537252
18960.0		0.0026161321770440124		-155.10044699745876		18.92802117142411		349981.45506545436		83.33342549136002		164.00400478648365
18990.0		0.002721783669377463		-155.09735242536195		18.914884102145514		349953.55568401515		83.07918635076766		164.12729501021792
19020.0		0.0023615623429168466		-155.09425628856593		18.901667050425168		349997.46681957226		82.82505324820015		164.24479913033966
19050.0		0.002550728422026209		-155.09116956426766		18.88842937050107		350036.25155531894		82.57078220947706		164.35617892755874
19080.0		0.0023333886904199183		-155.08812132228522		18.875258319653184		349993.2359016584		82.31651752959162		164.46250727265013
19110.0		0.0022146564470829073		-155.08506287269424		18.861992902304156		350021.86707948335		82.0622122637263		164.5640677655559
19140.0		0.0021381846824912883		-155.08204987811718		18.848806628276662		349968.8132961327		81.80807008369669		164.6619475786026
19170.0		0.0025698465109090986		-155.07901677805273		18.835511820313748		349987.23037596047		81.55368575193809		164.7551247986006
19200.0		0.0024541330842467366		-155.0760045998771		18.822210949037835		350000.63579424843		81.29948497706611		164.84532151634025
19230.0		0.002668454885588286		-155.07300563615772		18.80889593355539		350008.92049081717		81.0452825757445		164.93218882168824
19260.0		0.002474257543844498		-155.07001949270582		18.795566728983196		350012.07242097985		80.79107537389346		165.01595941269142
19290.0		0.0025929891962415707		-155.06704588817328		18.782223415239077		350010.08096734155		80.53686296659234		165.09684918248018
19320.0		0.0025799084452380106		-155.06409028328665		18.76887241484372		350003.02861931175		80.28278747355613		165.17546148550002
19350.0		0.00214522839108549		-155.06114273903407		18.75550314921179		349990.75139417127		80.02860859056952		165.25126763054368
19380.0		0.0025265799569188026		-155.05820859549314		18.74212190844126		349973.32933067903		79.77446540582422		165.3248271347421
19410.0		0.001979204406368661		-155.05528577175798		18.728726787485233		349950.7219588626		79.52031275440795		165.3961539244703
19440.0		0.0020244837017887023		-155.05235133691332		18.715213381527395		349999.4272632329		79.26635204749242		165.4659077659025
19470.0		0.0020053659083757824		-155.0494183480889		18.70167179703239		350042.7058139667		79.01217882847853		165.53313263632313
19500.0		0.0019419748947877246		-155.04653559279055		18.688240028928703		350004.5731640924		78.75821636258883		165.59903679622934
19530.0		0.0017477772575739674		-155.0436645583763		18.674796419128935		349961.2456960641		78.50427986880203		165.6632284459793
19560.0		0.002457151900921385		-155.04077181608614		18.661216603611923		349988.91933644935		78.25036759067396		165.72578918227504
19590.0		0.002751970063304137		-155.0378889420088		18.64761951172825		350011.2932838453		77.99647638165871		165.78679035934388
19620.0		0.002693609425940596		-155.03505561838568		18.63414143897579		349952.3523836611		77.74274711041541		165.84663310148767
19650.0		0.002855609109677811		-155.03215934282932		18.620382357667253		350040.2549538361		77.48894352259002		165.9048254499997
19680.0		0.002429983732729422		-155.0293433582993		18.6068732438088		349970.69809516147		77.23520035571416		165.96174416698338
19710.0		0.0026463185709706865		-155.0264653919178		18.59307660536987		350047.8623823989		76.98147466587109		166.01734664577754
19740.0		0.002391748441373551		-155.02367580838376		18.57954814551952		349967.87064395845		76.72796621426906		166.07211937138496
19770.0		0.0025839333371575628		-155.02081325023852		18.565712310128905		350034.2037213193		76.47427140613256		166.12522864584182
19800.0		0.0020848556032321422		-155.01800395109126		18.55201043760755		350019.4157130681		76.22081168135016		166.17762629408404
19830.0		0.0022850911692651665		-155.01520372127774		18.538293601760866		349999.266858032		75.96740280298984		166.22895203196165
19860.0		0.0029099436732419226		-155.0123736604598		18.52441033508697		350049.4951270707		75.71404464987994		166.27924221273406
19890.0		0.0031313088877077044		-155.0095900291906		18.510660957637878		350018.5333523825		75.46073157391177		166.32851958681306
19920.0		0.0030327008084984858		-155.00682017186043		18.496903090776367		349982.3180700764		75.20760341397462		166.37709148054685
19950.0		0.0029793717292393397		-155.00401412398008		18.482966567892262		350016.18717851583		74.95442800147055		166.42452555095952
19980.0		0.002460170717596034		-155.00121614045412		18.469011761248655		350044.56625337433		74.70133594971072		166.47110750780217
20010.0		0.0018232426514507133		-154.99846562277853		18.455202096408566		349991.9139017714		74.4482866087373		166.5167839681609
20040.0		0.001635082647586254		-154.99568833438042		18.44121917331706		350009.4649449028		74.19547822322126		166.56194733830233
20070.0		0.0020335392654027415		-154.99290834144912		18.42720715310646		350021.20781753026		73.94250811424067		166.60586931426573
20100.0		0.0029079315227521154		-154.99018544438852		18.413358649273118		349952.3024516916		73.68979600669775		166.64934427278823
20130.0		0.0028364907253249525		-154.98742664032866		18.399321540719896		349953.2067178516		73.43715825656085		166.6920502713939
20160.0		0.0028888137293391954		-154.98463018667664		18.38508791140609		350023.73151650745		73.1845964169768		166.73400742391024
20190.0		0.002232768165250924		-154.98188281234772		18.371012203444117		350013.4085354926		72.93210242332582		166.77521799837922
20220.0		0.0024692259857401044		-154.9791465755241		18.356924953695458		349997.65321929846		72.67981511896078		166.81593501573204
20250.0		0.0018161993860614657		-154.97641184758302		18.342815804362214		349976.1647144463		72.42750643731337		166.8557795724057
20280.0		0.0017538147431882807		-154.97363762347126		18.328501214055045		350024.0313057648		72.17530294053614		166.89498239609077
20310.0		0.0015948344670656531		-154.97091346895985		18.31435584922593		349991.2427829597		71.92316627424051		166.9334913683021
20340.0		0.0021703835223777384		-154.9682018039562		18.30020214089647		349953.0584586803		71.67129316765272		166.9716388311569
20370.0		0.0021100110299943605		-154.96543832675147		18.285824068269363		349983.66323067807		71.41928196115917		167.00878034369038
20400.0		0.00287573283060065		-154.96268651246243		18.271433305332735		350008.7387554599		71.16755060375762		167.04560227433154
20430.0		0.002529598478123482		-154.95998700447953		18.257224507259263		349953.41516313236		70.91591609378042		167.08181650256682
20460.0		0.0022619478929927555		-154.95719432201568		18.242589045464563		350041.49753689487		70.66438165258667		167.1174367815112
20490.0		0.002705684249434238		-154.95450257729286		18.228343849904235		349974.6757272631		70.4129368469287		167.15245523523942
20520.0		0.003624348988283827		-154.95177040504157		18.213878491991675		349976.74552255217		70.16171949995066		167.187089014219
20550.0		0.003325506524921461		-154.94903718899354		18.199388363251995		349972.82517409325		69.91050567400461		167.22100328132947
20580.0		0.0025869520060972273		-154.94625686409802		18.184662909872657		350037.3268024819		69.659417904313		167.25439150634014
20610.0		0.0028767392013155225		-154.94352898922764		18.170130718098225		350021.61562120914		69.40842011520262		167.28720607934412
20640.0		0.0031101783528650387		-154.94081104854308		18.155587341092446		350000.3043008195		69.15770747523209		167.31973715412846
20670.0		0.0027388891645655916		-154.93803369079205		18.140789771880346		350046.76285850536		68.90687948123816		167.351406698238
20700.0		0.0033053823607936683		-154.93531828304182		18.126203814397595		350013.52805811353		68.65635217631763		167.3828218840779
20730.0		0.003724969365717837		-154.93260507214887		18.111599337889515		349974.39070452657		68.40594325990268		167.41372267802777
20760.0		0.003581082286558546		-154.92984022028688		18.09674427446713		350003.1254120553		68.15565760065834		167.444120349893
20790.0		0.00387187570475673		-154.9270757612394		18.081865290399115		350025.7545814123		67.90548243550059		167.47400133052724
20820.0		0.004243164745321193		-154.9243172032121		18.066968981728444		350042.49641693104		67.65555452103271		167.50355705339447
20850.0		0.004023812272285156		-154.92161022058127		18.052285602344774		349979.42330971267		67.40565408323276		167.53248857551839
20880.0		0.003716920025083686		-154.91884962535528		18.03734267928198		349983.8762385389		67.15589963846023		167.5609622012761
20910.0		0.00425825794228453		-154.9160884518352		18.02237655322419		349982.1612228397		66.90625736663868		167.58893543416966
20940.0		0.004627535127829154		-154.91327805044574		18.00714813501589		350047.89419902116		66.65692081139142		167.61666695244622
20970.0		0.0045772250129796415		-154.9105139529969		17.992132866696252		350033.68627834227		66.40749078463094		167.64363189306889
21000.0		0.004096258997222238		-154.90775734706995		17.97710475320791		350013.6446961127		66.15838126302748		167.67037674888275
21030.0		0.0048871362245907456		-154.90500026113799		17.962055373022356		349987.42371150013		65.90941071258837		167.6966645711453
21060.0		0.00420895390267992		-154.90224270666178		17.946985200685848		349955.0200261818		65.66058562245996		167.72250582023273
21090.0		0.0039503593243681865		-154.8994248631851		17.931632056137946		349989.22894986626		65.41189093778156		167.74788338644527
21120.0		0.00413550095476295		-154.89661027072393		17.916258922973693		350017.2780097537		65.16346229468488		167.77296924807453
21150.0		0.004074122534869653		-154.89384925372983		17.901122615713206		349966.0732694091		64.9150841200881		167.79749386270296
21180.0		0.004171724538833968		-154.891027259609		17.885697596781693		349981.2259478662		64.6668709160731		167.82160272470816
21210.0		0.004601373773557018		-154.88820202972036		17.870246802777764		349989.9064539578		64.41879109210512		167.845258228313
21240.0		0.004721112239873916		-154.88538157973704		17.854779589645		349992.4907658566		64.17103649711085		167.86869459449102
21270.0		0.004629547426053946		-154.8825484679651		17.839277115513756		349988.1454073293		63.92320942506092		167.89143012464476
21300.0		0.005167866969785094		-154.87965813189092		17.823479254368742		350049.8862698609		63.675721615441574		167.91396335345846
21330.0		0.005047122575958277		-154.87688877061552		17.80821759123885		349960.77792534605		63.428392369773434		167.9360763767295
21360.0		0.004074122534869653		-154.87399119432715		17.792367405943082		350009.35273627006		63.18122976811859		167.95777961470506
21390.0		0.003985576537724331		-154.87115200510985		17.77677594564259		349979.30320561584		62.93421650399281		167.97905355473924
21420.0		0.004219016132478801		-154.86825037159142		17.7608767866081		350014.7788405316		62.68748703786861		168.00005490111585
21450.0		0.00502397974289082		-154.8654041225912		17.74523824573775		349971.6266351156		62.44083003358598		168.02053844400805
21480.0		0.004503772065062672		-154.86248958444276		17.729282330349132		349993.5414455477		62.1943559857737		168.04063316422864
21510.0		0.004391077011870004		-154.85956908172116		17.713298273981074		350008.65217923		61.948035505446754		168.060305889405
21540.0		0.0034714057545705587		-154.8566507147507		17.697295476529803		350017.37789728306		61.70205867737379		168.07977127850097
21570.0		0.005043097684038724		-154.85371675416144		17.681254968117734		350018.78762216493		61.456029446444816		168.09858314410423
21630.0		0.011188995662076897		-154.84784645518255		17.64911159045006		350001.9782851478		60.96484525462108		168.13540504531358
21660.0		0.004774440875928109		-154.84490310523088		17.63300203707792		349983.3865534747		60.71954374331213		168.1532498496547
21690.0		0.0042009045620457685		-154.84195369072273		17.616867266879304		349957.9683218375		60.474430826642966		168.17071139621902
21750.0		0.00937581479722011		-154.83589755224077		17.583884691099986		350027.8029326368		59.98476062353819		168.20447344394972
21780.0		0.0038980367635588977		-154.83293214476393		17.567675584868137		349981.84670080245		59.74031976068332		168.22089814969993
21810.0		0.004412207251242701		-154.8298858018137		17.551113668118777		349999.16553080454		59.49597607509334		168.23684078511425
21840.0		0.005701155546351787		-154.82683177142184		17.53452320920561		350009.3831744045		59.251835845856306		168.25241509190852
21870.0		0.005136674500613518		-154.82376854122114		17.517903098706615		350012.410297676		59.00787189067866		168.26759215589485
21900.0		0.0048277702506572245		-154.82070433703694		17.501262786820117		350008.72012047935		58.76427208236608		168.28256779307833
21930.0		0.004933421004315752		-154.81762103907403		17.484583173716416		349997.26190965343		58.52064292823593		168.2969310677949
21960.0		0.004748279669390957		-154.81453678106965		17.46788443665486		349979.08773435745		58.27739037919269		168.31110380679326
21990.0		0.00475230456131051		-154.81137089546948		17.450818823803594		350023.4197531035		58.03433594542378		168.32489974322272
22020.0		0.00542545562058691		-154.80826772535565		17.434063004856064		349990.7311224649		57.791490755724986		168.33832989197845
22050.0		0.005604559765367361		-154.80515414206016		17.41727946227386		349950.77153636515		57.548833158042605		168.3513718231046
22080.0		0.004423275556286486		-154.80196231095857		17.4001281636362		349973.2435523905		57.30649482637752		168.36415795763415
22110.0		0.003992619950848564		-154.79875535458132		17.38294108369563		349987.9723985912		57.06427337304688		168.3764833194344
22140.0		0.004660740042960508		-154.7955376787283		17.36572352552544		349995.22183301765		56.82227109861454		168.38845080160132
22170.0		0.00401375019022126		-154.7923078261954		17.348474493117514		349994.9004255058		56.58046295964809		168.40003492809993
22200.0		0.005780645684413101		-154.78907415002737		17.331203480639594		349987.5279514799		56.339034927216815		168.41141869669136
22230.0		0.00616400969620619		-154.78581813629532		17.3138912723242		349971.9487598799		56.09759551304864		168.42221517873207
22260.0		0.006452790225239644		-154.7824820464689		17.296196409002988		350017.9399613831		55.856547911769134		168.43282048658259
22290.0		0.006119736328296068		-154.77920932952415		17.278831372276162		349987.60120484605		55.61571468682674		168.4430592077006
22320.0		0.0073261762596091295		-154.77584738344882		17.26107103236951		350018.0639158571		55.37510845944616		168.4529429763416
22350.0		0.007240648635933503		-154.7725485515285		17.243645441960236		349972.37363194954		55.134705470794515		168.46244823054627
22380.0		0.005153779995801646		-154.76916404748306		17.225825457739454		349987.52063445654		54.89463606441031		168.47169921598183
22410.0		0.005755490553120852		-154.76576130302777		17.207968163962278		349994.50865835417		54.654702175154625		168.48050525301264
22440.0		0.005973836950911985		-154.76234465691786		17.190078755226782		349993.6184810875		54.415002151014605		168.488960033452
22470.0		0.005891328143911008		-154.75891270493196		17.172156351248823		349984.75763301365		54.17551305513022		168.49704113184663
22500.0		0.0062565805852710646		-154.75539420697416		17.153828995559802		350036.08992766216		53.93641890419714		168.50492073547446
22530.0		0.005641789424683282		-154.75192924137167		17.135837903626136		350011.0278946152		53.69733036470942		168.5122322991861
22560.0		0.005685055978673578		-154.7484574036998		17.117824478614292		349978.56545663066		53.458647732902755		168.51935019988406
22590.0		0.0054093562006436845		-154.74488885267033		17.099391302356462		350005.3161566332		53.22019468853472		168.5261082767382
22620.0		0.005786682726822461		-154.74130413582594		17.080923321098574		350023.84112288244		52.98198531336702		168.5325188129266
22650.0		0.005461678761452973		-154.73770167865172		17.0624195211725		350034.0331165837		52.743993794221005		168.53855725525509
22680.0		0.0050833460122943095		-154.73408745224202		17.043886741034907		350036.3067855062		52.5063491056644		168.54434092332116
22710.0		0.006809992882760596		-154.73045168682785		17.025315451055672		350029.98840813246		52.26885751704961		168.5496914725774
22740.0		0.005582423303014777		-154.72679866050382		17.00671073806096		350015.3755195271		52.03161345648899		168.55469468627814
22770.0		0.006786850345163108		-154.7231270204544		16.988071839580144		349992.3757134788		51.7945960603109		168.55933085885394
22800.0		0.006540330147140063		-154.71944544211715		16.969408339515166		349961.6078968011		51.55798734518435		168.5637629717019
22830.0		0.006359213408664851		-154.71564982000632		16.950292719041524		349987.80090472475		51.321400273259236		168.56764189907332
22860.0		0.006716415918450818		-154.7118432463609		16.931148869261406		350005.95050351135		51.08523211300013		168.5713234946308
22890.0		0.0073070580229912556		-154.7080167140786		16.911968172949244		350015.41862771846		50.849307719781116		168.5746495284191
22920.0		0.006713397397246138		-154.70417066300527		16.892751745054824		350016.24020848796		50.61364260413122		168.57763294319744
22950.0		0.006752639354786852		-154.7003033595842		16.873498481029166		350008.2928183386		50.37820895322438		168.58024828458633
22980.0		0.007427802564553059		-154.69642090220756		16.854215260424795		349992.0278522633		50.143134339539074		168.58260695157003
23010.0		0.006217338479995367		-154.6924260635546		16.834470387553296		350031.9840854956		49.90822937176067		168.58454132210534
23040.0		0.0053590457903242026		-154.68849728515943		16.81511106808901		349997.8142502513		49.67358459730453		168.58613030440475
23070.0		0.005928557803226929		-154.68454638179256		16.795716726904395		349954.82908818405		49.43918119133017		168.5873566328483
23100.0		0.006548379783244183		-154.68049352038312		16.77586766561724		349968.5249670604		49.20519913187968		168.58837538916006
23130.0		0.005974843026156889		-154.67640644541436		16.755969000899185		349972.28854285274		48.971253807489035		168.5888524095039
23160.0		0.005964781091827977		-154.67230503414484		16.736041459468215		349967.62047166843		48.737739342616536		168.5891276610183
23190.0		0.006134829820729373		-154.6681800152846		16.716076399824196		349953.8298411714		48.50448182347278		168.58904974346706
23220.0		0.005696124431452346		-154.6639413670646		16.695636439306142		349995.2000832632		48.27149815780312		168.58863226148128
23250.0		0.005740397356157515		-154.65967680456956		16.675154381067916		350027.0582070416		48.03875858969189		168.58784891603938
23280.0		0.006031190774355699		-154.65548403642458		16.65508037095669		349985.95245623775		47.80638926172286		168.58680600921525
23310.0		0.006154953689387197		-154.65117054868458		16.634521018898386		349999.14341124706		47.5742051197651		168.5853453013904
23340.0		0.005498908420768894		-154.64683151375382		16.613922121320382		350002.87040946353		47.342292875736604		168.58353966483736
23370.0		0.006658055872027216		-154.64246567474777		16.59328317202381		349997.0426081335		47.110635708402064		168.58137403761876
23400.0		0.006422604422252909		-154.63808212753557		16.57261386119284		349982.3855639333		46.87941152552121		168.57899668204098
23430.0		0.005404325085744244		-154.63356636903904		16.55143994070063		350020.46061955206		46.64823826220102		168.57608633332202
23460.0		0.006159984656551653		-154.6290317322297		16.530232365029892		350049.40517547633		46.41750679583539		168.5729692682229
23490.0		0.006441722067930844		-154.62456339869283		16.509441615709456		350005.5929360287		46.18704449438613		168.56949998811353
23520.0		0.0062505432473917355		-154.62006817109244		16.488614423815395		349952.26804793347		45.9568696315558		168.56569275900316
23550.0		0.006348145103621066		-154.61544825148732		16.467285868736422		349951.8424874097		45.726950566334885		168.5615204707196
23580.0		0.006778800709058988		-154.6107086130531		16.445456201792933		350004.381056088		45.49741198873233		168.5570850136486
23610.0		0.0066490001606781925		-154.60593427000757		16.423577701588737		350046.3426931044		45.26807317289339		168.55223640597094
23640.0		0.00592755158024704		-154.60122648394386		16.40212546667908		350015.96746391244		45.039017045911365		168.5470421740808
23670.0		0.0064950508517200205		-154.59648786303163		16.380633258032052		349975.5827024281		44.81022875419215		168.54148926050274
23700.0		0.005269493865668962		-154.59153152245298		16.3581613315724		350049.54729518667		44.581884110183495		168.53572001391933
23730.0		0.006708366134611714		-154.5867275457452		16.33658449903013		349988.64180812053		44.35360370517113		168.52942431713993
23760.0		0.005861142045454303		-154.58170361152676		16.314020426070147		350041.4589272598		44.125775079252115		168.52291660965759
23790.0		0.006450778074749836		-154.57684521261342		16.29237258404366		349960.993076209		43.8982269286772		168.5160565040458
23820.0		0.005371120318347875		-154.5717556903143		16.269721531477288		349992.88078602497		43.67097886218453		168.5088589273994
23850.0		0.007442895613781411		-154.56663093640122		16.247024206795967		350014.0011029942		43.44399741270039		168.50129597544094
23880.0		0.00772060813324105		-154.56147753548925		16.224287647918935		350024.9242074592		43.21740579978757		168.4934657045613
23910.0		0.007724633172895586		-154.5562850638276		16.201502872018676		350024.78434489015		42.99102761059848		168.4852254384806
23940.0		0.007615962716152502		-154.55105759509223		16.178674563887743		350013.9399870485		42.76494204291229		168.47663793136238
23970.0		0.007486162758711645		-154.54579396726055		16.155802482609516		349992.3075270103		42.53913617417425		168.46769196221766
24000.0		0.006701322869222466		-154.54050381337612		16.132896425665418		349960.731369338		42.3137837027218		168.45852473501802
24030.0		0.007443901836761299		-154.53495776242215		16.108939423496793		350037.3599474011		42.08850797521903		168.4488357772405
24060.0		0.0066399441538592		-154.52959096785204		16.085942680346356		349983.6849181233		41.86369311648699		168.43892927323668
24090.0		0.007285928079088529		-154.52397782248374		16.06189896656334		350038.5924905604		41.639169193254645		168.4286692670678
24120.0		0.006931743647302287		-154.51853648515566		16.038816936954596		349963.0717408471		41.414957118716266		168.41807134838135
24150.0		0.008039575056201178		-154.5128450344581		16.014679656496135		349995.362908463		41.191021659411994		168.407106823678
24180.0		0.007585776765430782		-154.50711944960935		15.990499875625453		350016.6955322409		40.967484551069596		168.3958704082771
24210.0		0.007617975309847263		-154.5013490676883		15.966268766256421		350026.1532453662		40.74417367260965		168.38422591851227
24240.0		0.007424783895613394		-154.4955379177121		15.941990921803386		350024.10886906367		40.521164552228704		168.37223181756954
24270.0		0.007410697364834898		-154.48968488292797		15.917666245015718		350010.4839190841		40.298446161280545		168.35987857937027
24300.0		0.008158307151803204		-154.4837999132146		15.893304596075339		349986.1868902799		40.0761900709097		168.34729892313993
24330.0		0.007672310168881344		-154.4777511413234		15.868366596331716		350007.54383164085		39.85402247233213		168.33420071857168
24360.0		0.007957066544670167		-154.47166893975202		15.8433889198536		350017.9026237894		39.632324008604165		168.32087926022206
24390.0		0.00876907327273645		-154.46565242787045		15.818886499786327		349958.30334114283		39.41092615487288		168.30720243369265
24420.0		0.008601037432999782		-154.4593730521736		15.793290284951762		350002.9338190453		39.18985109854466		168.29318649523108
24450.0		0.008424951366219059		-154.45304662387704		15.76764191647534		350035.1765304506		38.96906189977818		168.27880195772062
24480.0		0.007127953435005851		-154.4467915834131		15.742478228559445		349998.1721180212		38.74867880112023		168.26414062053954
24510.0		0.006997147106850121		-154.44037468289847		15.716733208333373		350006.16422587726		38.528533946558674		168.2490720935425
24540.0		0.008084854351621217		-154.4339107985829		15.690939018225512		350001.850069426		38.30869925802723		168.23365095579052
24570.0		0.008409858316990705		-154.42728579979985		15.664560011060143		350042.1684926711		38.08916556319208		168.21786925690466
24600.0		0.009033705188927512		-154.420735562955		15.638675505801517		350013.90443264786		37.870102298107625		168.20185580358884
24630.0		0.008745930882873947		-154.41412346670074		15.612731866562827		349972.0468388051		37.65113857819368		168.18532566849373
24660.0		0.007880594632343564		-154.40724366399715		15.585667217089156		350031.7941102041		37.43265150885799		168.1685664464121
24690.0		0.007686397290599777		-154.4005427563651		15.559635515987807		349965.8162186155		37.21447400752847		168.15144934797542
24720.0		0.007289952527803127		-154.39356177017214		15.532468144680042		349999.88092158735		36.99662950589519		168.133991303043
24750.0		0.007944991721176527		-154.3865271174716		15.50524685384268		350020.7435355224		36.77907941775426		168.1161620191703
24780.0		0.007067581533562411		-154.37944606597702		15.47797885966689		350029.1162473485		36.56194248673984		168.09805075010047
24810.0		0.008093910062970241		-154.37230737338894		15.450655653762377		350023.9783718912		36.345055090270534		168.07953229397984
24840.0		0.0074700633387684194		-154.3651149895784		15.423281648315937		350005.7320752302		36.12848561026888		168.06065769190417
24870.0		0.008920003912754958		-154.35786789563008		15.395857038839603		349974.31472393963		35.91222669276684		168.04142046907526
24900.0		0.008608080772256523		-154.3503382977027		15.367277505669529		350041.00554262847		35.69644563542691		168.02194602046828
24930.0		0.008215660901379426		-154.34297681245104		15.339747830131154		349982.6409739051		35.48077454862899		168.00195561641505
24960.0		0.0072497043472825266		-154.335329889127		15.311057199982152		350021.7048625471		35.26558695386891		167.9817301988189
24990.0		0.008499410610983409		-154.32762433676933		15.282311284854023		350046.8948285077		35.050717240856756		167.96114384735685
25020.0		0.009447255225309812		-154.31998286017688		15.254076826067791		350003.9381924458		34.83619005593774		167.9402141756719
25050.0		0.010086195368077448		-154.31215958595973		15.22522467868519		350001.56746999174		34.62196522630974		167.91891006832543
25080.0		0.008676502753009036		-154.30416029843684		15.195756509122589		350040.0247842483		34.40815999412534		167.89731855893865
25110.0		0.00856078888314172		-154.29621833136312		15.166798987509535		350009.9229108887		34.19461493418018		167.87531910680022
25140.0		0.008869693945640428		-154.28821543480674		15.137789863566258		349965.9226115206		33.981394957011986		167.8529595111452
25170.0		0.009487503553565398		-154.2799015353015		15.107581527874597		350015.0559838284		33.76849448876403		167.8302346890215
25260.0		0.011567328485103053		-154.2548380442354		15.017784287813393		349970.0448888242		33.131950219903075		167.7600389193578
25290.0		0.01035686432667787		-154.24627370736405		14.987361132980501		349961.90449871495		32.92048645112216		167.73596214097648
25320.0		0.010166691729118651		-154.23738747045553		14.95571721446683		350044.4298707731		32.70934908800606		167.71152054470352
25350.0		0.009928221093332234		-154.22868977560282		14.925183226113056		350006.78874341585		32.49856392470955		167.686732397068
25380.0		0.009848731029138412		-154.21992301127986		14.894595042372949		349954.3496979661		32.28808931140162		167.66156579964854
25410.0		0.012141871391302742		-154.21083614658858		14.862783271661046		349992.21007589716		32.07804083455031		167.63610567268262
25440.0		0.01257051455078089		-154.20167358313142		14.830909409919462		350014.25834831037		31.868263424593138		167.61023591196297
25470.0		0.011529092676674737		-154.19243919699062		14.79897772370149		350020.9284809306		31.658818507514738		167.58400123052064
25500.0		0.011339926228227912		-154.18313205855807		14.766988743374432		350012.18047318887		31.449702252507272		167.55739787003102
25530.0		0.01145664609947264		-154.173763842952		14.734952607282784		349989.23293668777		31.24107746908286		167.5305454393504
25560.0		0.010884115491497742		-154.16417396944195		14.70225218480689		350000.60386006813		31.03258290772402		167.5031755375945
25590.0		0.010668787762646273		-154.15452088073803		14.669502953078068		349997.44953006785		30.82458433361787		167.4755579570842
25620.0		0.010460503446919036		-154.1446576944838		14.636095841771267		350029.431019905		30.61691936655339		167.44757157337662
25650.0		0.010731172479386951		-154.13471845802593		14.602630274398287		350045.49758076854		30.40961495542807		167.41923537049163
25680.0		0.011407341912133046		-154.1246991609461		14.56910455124432		350045.3053381713		30.20262798512251		167.3905165717353
25710.0		0.011447590240388631		-154.11460805098582		14.535526097939693		350029.7468280308		29.99607254391516		167.36149844837132
25830.0		0.011725302685980777		-154.07287488916623		14.398190634648824		350004.00946625415		29.173104755894357		167.241630705663
25860.0		0.010630551954217955		-154.06209508755		14.36309786700194		350005.9245778201		28.96821675220974		167.21074017075483
25890.0		0.011896357416259586		-154.05124236563867		14.327954629184505		349992.32388399355		28.763826957340463		167.17959361316582
25920.0		0.014212640537623883		-154.04028694279702		14.292740858919387		349960.2365215821		28.559578229710475		167.14792722370981
25950.0		0.01246285053862017		-154.02897509414953		14.256241197339676		350010.58429980464		28.355831692600304		167.11600582475913
25980.0		0.014058691302533203		-154.01757276454973		14.219678057421199		350043.4103434896		28.152426930750885		167.08371042448294
26010.0		0.01359080596391187		-154.00636677021572		14.18429770902916		349961.73984647915		27.94939193903671		167.05106067260823
26040.0		0.01273452601567045		-153.99478356363062		14.147614128733995		349959.96228123456		27.746682308685592		167.01802298347005
26070.0		0.01356565083261962		-153.98282771273412		14.109625339955418		350037.99772555474		27.544410329036587		166.98467894583715
26100.0		0.01144356534846908		-153.97106073171523		14.072820558016236		350001.205234034		27.342429495482143		166.9509199494921
26130.0		0.013340261095571746		-153.95890902575078		14.034700722602098		350042.7238047896		27.140794505684738		166.9167852596877
26160.0		0.013496222850489693		-153.94695198271364		13.997776155696538		349970.5812747516		26.93950488979437		166.88227359312103
26190.0		0.015084013682828638		-153.93461953316782		13.959541511881792		349977.4689062312		26.738718785515672		166.84750014966835
26220.0		0.016276366196953298		-153.92217096288522		13.921233023510625		349964.39297319856		26.538082261005286		166.8122040448572
26250.0		0.016063050914061607		-153.9093401308696		13.881604302571025		350028.99839380104		26.337952745837804		166.77664683543193
26280.0		0.015309403493744005		-153.89670395126154		13.843180914786632		349980.68277931307		26.138171387415575		166.74071091643722
26310.0		0.015764207933626796		-153.88366977443297		13.803425477410967		350008.19189711474		25.938767274697653		166.7044167052497
26340.0		0.01588495262292358		-153.87052918335255		13.763604786678709		350016.693899082		25.739694654665982		166.6677296621885
26370.0		0.015153441960428532		-153.85729133274575		13.723726444491447		350007.23709686473		25.54106433062114		166.63073020566253
26400.0		0.014748947709262748		-153.84394254854485		13.683782925715521		349978.48456197046		25.342733809529363		166.59331275820054
26430.0		0.015763201710646903		-153.8301813992031		13.642491927837785		350023.25474689156		25.144754617848648		166.55551420730924
26460.0		0.014615122416697384		-153.81630938777172		13.60113504717929		350048.5426811967		24.94712790608169		166.5173344478601
26490.0		0.015631388864041317		-153.80264832751627		13.561014827335347		349964.2381608961		24.75000970877933		166.47888714749956
26520.0		0.015931238141323512		-153.7882402368422		13.518234802200393		350041.852119945		24.553049340719582		166.43991375797725
26550.0		0.016306552221542512		-153.7740417513498		13.476693692830187		350009.934855273		24.356600524527465		166.40067317701704
26580.0		0.015609252697158705		-153.7597291616509		13.435090936381373		349958.5971607901		24.160505985021445		166.36104892066174
26610.0		0.017255403354318775		-153.7449902655034		13.392125856062783		349978.42407789733		23.964795876103963		166.32106219991815
26640.0		0.01893274648065042		-153.73013082670403		13.349094561510881		349977.9964691298		23.769423156393756		166.28067748417976
26670.0		0.018991106231604053		-153.71516048966654		13.306004734700391		349958.44327683095		23.574497150016597		166.23997420885428
26700.0		0.014955219726765194		-153.6997461953568		13.261537239979551		350007.61761784647		23.37987932455985		166.19884955431885
26730.0		0.01555189887371499		-153.68420735274802		13.217002433539157		350036.0926076565		23.185618108367635		166.15733816719603
26760.0		0.014300180237921824		-153.66886510706254		13.173718864550334		349955.32590753585		22.991716233057133		166.1154410941032
26790.0		0.017642792110296433		-153.65276832943636		13.127745190490142		350032.71543629747		22.798327642260375		166.07327072948962
26820.0		0.015870865796675116		-153.63684695023525		13.083013228136169		349998.84533890244		22.605104930552443		166.03057031766426
26850.0		0.01659030193114649		-153.6204866756331		13.036902805427406		350033.6208602665		22.412398103270817		165.98759665709076
26880.0		0.017129627771725022		-153.6043224436476		12.992053523629622		349959.9102008557		22.22005147561829		165.944234139667
26910.0		0.015479452296512894		-153.5877018218546		12.945815183695812		349952.89807787444		22.028096237127997		165.90050479905807
26940.0		0.016729158264743804		-153.57061410937038		12.898178131217009		350011.08063341863		21.836484113021143		165.85637207398727
26970.0		0.017118559466681237		-153.55339758917742		12.850478132598989		350048.4319349099		21.645322955639102		165.81191458937653
27000.0		0.01670500943029894		-153.53637172089728		12.8040464453231		349977.5529522635		21.454478140833444		165.7670320379627
27030.0		0.015429141812325917		-153.51887282067116		12.756212997289458		349971.15087621287		21.26399507163005		165.72175694376324
27060.0		0.016365918490946		-153.50089544535967		12.706971616143965		350028.3137485916		21.073878021365545		165.67609148636257
27090.0		0.015274186354255351		-153.48312864644421		12.659017068266756		349979.94031590223		20.88427885551279		165.63014702613822
27120.0		0.01552271892437068		-153.4648573884975		12.609640192985093		349992.3230014583		20.6948534787565		165.5836680947275
27150.0		0.01721917999185023		-153.44645562000662		12.560206903448115		349984.2166317394		20.50594817072961		165.53690991107413
27180.0		0.01652892358512069		-153.42790566295417		12.510708967769213		349953.8703243071		20.317408848549448		165.48975751563842
27210.0		0.017318794220171848		-153.40886407873197		12.459793906076847		349985.35693647247		20.129267707815316		165.4422337967848
27240.0		0.017155789052129666		-153.38966688259		12.40881078958255		349993.8173623346		19.94147529439205		165.3943011201527
27270.0		0.01745966292586144		-153.37032485991662		12.357767479381328		349980.56431746576		19.75413799642584		165.34603745999576
27300.0		0.01687203941639318		-153.35047135815844		12.305294323048907		350026.77201164886		19.567125044620525		165.2973448017606
27330.0		0.015932244216568414		-153.33081005993114		12.25411856711032		349967.23385720886		19.380478888970345		165.24825364882628
27360.0		0.015955386975768378		-153.31063698547771		12.201513836795193		349967.171984829		19.194205304929724		165.19876730192385
27390.0		0.014755991048519488		-153.28996328621457		12.14748378260652		350027.5613203468		19.008454092659974		165.1489963093919
27420.0		0.017192012340730714		-153.26945849892374		12.094745929142135		349980.31093598437		18.82288449520685		165.09868601806926
27450.0		0.015711885372817504		-153.24844768950814		12.040580975171066		349993.01170257013		18.637839059082467		165.0480905527803
27480.0		0.01558912853303091		-153.22726787557042		11.98635064537579		349982.01290821936		18.453165313751555		164.99709539070474
27510.0		0.01571591026473706		-153.20555899099958		11.93067950961675		350028.3365833452		18.268896430953276		164.94572430991948
27540.0		0.017150757937230223		-153.18403765148807		11.876321283476944		349969.9603141919		18.084981830364256		164.89393855805588
27570.0		0.018186142695059526		-153.16198797830697		11.820523983282023		349969.10718936846		17.901526443400513		164.84181560758273
27600.0		0.017870194293304078		-153.13938814647935		11.763274521776408		350023.2614703737		17.718403301486134		164.78925953989972
27630.0		0.015677674530176232		-153.11697592348713		11.707345473291861		349973.38007462025		17.535651973128466		164.7362989252407
27660.0		0.017651847895512947		-153.09401311393526		11.649965721950302		349978.61395490356		17.353279696086787		164.6829381800826
27690.0		0.01883916951634064		-153.07051171309053		11.591139599319424		350040.1382461153		17.171434217716396		164.62928724799414
27720.0		0.017961758959389066		-153.04717288627634		11.53362892057848		349995.59489538707		16.98977814640726		164.57509184757075
27750.0		0.018140863399639485		-153.02328966048864		11.474670712009093		350006.90395811293		16.80865028824691		164.52060546529114
27780.0		0.018098602920894092		-152.99921499448925		11.415648811728614		349993.29808815476		16.627899794724		164.46571381667732
27810.0		0.015712891521929902		-152.97457152600302		11.35516680389721		350032.9233164452		16.4475607832981		164.41044160744417
27840.0		0.01684084702108909		-152.950110264526		11.29602100075066		349969.601010832		16.267581599831686		164.35474891992882
27870.0		0.018140863399639485		-152.9246967333664		11.234013283542804		350036.8516353648		16.088065726053557		164.298712864236
27900.0		0.01523494447058213		-152.89946005919614		11.173343584502595		350000.99680199847		15.908889939515632		164.24223944136025
27930.0		0.017626692764220697		-152.87363373198224		11.111205723760483		350016.4358381601		15.730090997926965		164.18535536301292
27960.0		0.01643534662081091		-152.8476014922048		11.049005860730606		350006.3094801586		15.551677561254891		164.12806616193788
27990.0		0.015560954658931505		-152.82099045447714		10.985342977873794		350048.7820521258		15.373795335836789		164.07048137138705
28020.0		0.016173733373559512		-152.79453450431623		10.923019224516164		349986.8295630235		15.196110321849432		164.01234666326476
28050.0		0.01762367424301602		-152.76749352035264		10.859231903130205		349977.10769854207		15.018957576961114		163.95391531578574
28080.0		0.016180776786683743		-152.7398400719586		10.793967575237746		350016.67002482805		14.842187883883		163.89507309621692
28110.0		0.01433137263322591		-152.71236951334168		10.730063052484484		349955.58405168075		14.665836274812321		163.83584567874394
28140.0		0.016888138614733924		-152.68387665112405		10.663258933880423		350017.7401175266		14.489850073421707		163.7761919308573
28170.0		0.01654099811314436		-152.6555707943715		10.597821055009721		349980.1765475916		14.31433131811768		163.71618873148478
28200.0		0.016712052769555674		-152.62663022308985		10.530899639446849		349990.0895567285		14.139160477773459		163.65574384319788
28230.0		0.01710749130937244		-152.5970525236062		10.462493243128138		350047.3125960473		13.964371568993258		163.59488218223336
28260.0		0.016566153170569118		-152.56764822933772		10.395455132547271		350004.1484541055		13.7899746335262		163.53361040365093
28290.0		0.016686897712130923		-152.5376226236069		10.326941767422861		350010.4252811037		13.616113347421859		163.47203781364217
28320.0		0.015542843014630981		-152.5073313732293		10.258360204433492		349987.08309654053		13.442457129210851		163.40990964089877
28350.0		0.01541404883696506		-152.4764082828026		10.188300107496874		350012.39999090787		13.26933727871156		163.3474793630282
28380.0		0.013290957055967138		-152.445239846925		10.118183652255903		350010.75482175406		13.096606218882485		163.2846326228545
28410.0		0.012130803086258959		-152.41382990812247		10.048014900484786		349982.83629695233		12.924299864970934		163.2213961067115
28440.0		0.011932580778728127		-152.38174884614023		9.976354195976505		349999.9773389008		12.752364569434718		163.15772741554795
28470.0		0.014073784351761555		-152.34942647513893		9.904644547901759		349991.36555995326		12.580900932808817		163.09370332108557
28500.0		0.013294981800151706		-152.3168430960152		9.832880391037826		349955.1548486268		12.409793060444017		163.0292332060435
28530.0		0.011053157997419249		-152.2831505739522		9.758180119613723		350034.83232158236		12.239072296464585		162.9643402437812
28560.0		0.012446751340279422		-152.24961990801114		9.684869791665129		350015.7081836844		12.0687500235761		162.89903222288746
28590.0		0.011718259198989054		-152.21584866138343		9.611519151245169		349972.03070514835		11.898967896903585		162.83341839589949
28620.0		0.011746433036154713		-152.18135060190713		9.53666196347931		349968.9566023536		11.729398780642327		162.767243171174
28650.0		0.01317323107254376		-152.14617121753608		9.46031657897861		350011.6831988245		11.560370205226093		162.70076061364114
28680.0		0.01031460373713124		-152.11071457390887		9.383921377215998		350026.7889683284		11.391736242948582		162.63385607474376
28710.0		0.013172224886497618		-152.07498498383382		9.307480648695073		350015.0540599087		11.223533659607114		162.566557299442
28740.0		0.013359378999785905		-152.03897149144044		9.230992860412496		349975.6146492101		11.05570788687156		162.49882056841696
28770.0		0.011115542640292436		-152.00224748617848		9.15301196286522		349980.10763992183		10.888358091709065		162.43072266376302
28950.0		0.01026932451557869		-151.77216151600666		8.67256414728617		349982.91346816067		9.892637763825434		162.01322578829766
28980.0		0.010066071240883401		-151.7320281855518		8.58992377828586		350004.5162346782		9.728246817214782		161.94228016267635
29010.0		0.008065736410473314		-151.69154920694598		8.507234389535657		349995.02409385704		9.564079617718491		161.87076565886608
29040.0		0.008569844853026967		-151.6503212871955		8.423052856139732		350028.88029241003		9.400458482497228		161.79893742543973
29070.0		0.009296324622225051		-151.60877215313602		8.33883560665924		350035.07971516624		9.23723978893338		161.7266803160776
29100.0		0.006914638262915397		-151.56690677952582		8.254587206174364		350014.5257980544		9.07446095913636		161.65402320697982
29130.0		0.007999326875680576		-151.52471273346848		8.170306329520889		349966.263237617		8.912066807445044		161.58092098237657
29160.0		0.007858458243858472		-151.4812693481362		8.0830605494106		350027.0462003816		8.750154640675376		161.50745060453536
29190.0		0.00442428181620012		-151.4379532575851		7.997253047379907		349992.4000848904		8.588616166022362		161.43352428078046
29220.0		0.005650845246833544		-151.3938279365901		7.909945880585946		349997.47438606434		8.427477472889777		161.35916183720306
29250.0		0.004479623045949074		-151.34888750383644		7.821139007318115		350042.2454346875		8.266752446449075		161.28437339701682
29280.0		0.00698205394682053		-151.3041049972754		7.733789576940112		349995.960820931		8.106578109828249		161.20926869263093
29310.0		0.004463523773740832		-151.25846262380176		7.644931453764751		349985.5662252782		7.946635750601317		161.13358921832048
29340.0		0.0054757656246351835		-151.21249694770307		7.55606079207213		349951.17345564254		7.787243883654298		161.05759153843488
29370.0		0.004563138038996193		-151.1656937232563		7.465693299650842		349956.18361079786		7.628260556196977		160.9811598621775
29400.0		0.00480060237793523		-151.118052061483		7.373830887180918		350001.1863292763		7.469723967584557		160.90432423999073
29430.0		0.0039302353079753785		-151.07003963638493		7.281949122888922		350018.7631245125		7.311578118266084		160.82703810628902
29460.0		0.0025567659445742685		-151.02167425118444		7.190056506927644		350011.2247120235		7.153918886975063		160.7493786841321
29490.0		0.0012688240571138013		-150.9729316896431		7.098148878985944		349976.44124453794		6.99664144438951		160.67125943253123
29520.0		0.002806304737669486		-150.92331987281872		7.004748040747623		349980.70258988906		6.839769417671349		160.59269854767015
29550.0		7.546537540987285e-05		-150.87332989527235		6.911337859510742		349958.70192389935		6.683317900615364		160.51370735498506
29580.0		0.0020808311914512897		-150.82199080150355		6.8149616893136855		350044.44190564286		6.527421913511759		160.43439604774557
29610.0		-0.0030628869254220635		-150.77122330188388		6.721535907431445		349969.2473748531		6.371766285282845		160.3545041706733
29640.0		0.004810664367664762		-150.71909326211772		6.6251459976117095		350001.7597817965		6.216665706100358		160.27429003977096
29670.0		-0.0006791881201526326		-150.66656570575978		6.528753432027039		350008.25914136413		6.061979903785186		160.19363707774735
29700.0		-0.0019822231307089445		-150.6136470296086		6.432363281255851		349989.8793558674		5.907747818939356		160.11257656403458
29730.0		-0.0008361560611167223		-150.559811590284		6.334487028688184		350010.29877330456		5.75391268738052		160.03106042407327
29760.0		-0.004878080106970514		-150.50558450573882		6.236619419979372		350006.99111753237		5.6005689591395935		159.9491662423438
29790.0		-0.002462182757284603		-150.45042507123034		6.137267867131771		350042.36445285846		5.447615215218079		159.86680864537314
29820.0		-0.006223375670139711		-150.39536321691375		6.039413736717534		349987.8032467561		5.295072683155809		159.7840042159179
29850.0		-0.006978029147235344		-150.33884846468246		5.938591873334664		350037.52781421784		5.142957622367064		159.70076551174517
29880.0		-0.009370783811588783		-150.2824620992172		5.839282205216868		350001.4920539912		4.991403051095787		159.6172033280724
