sod		dsTEC/dt		lon		lat		h_ipp			elev		azi
30.0		-0.01455776755910878		-157.7992957342142		23.02038628310068		350042.436093322		32.069636617695885		326.58934378418473
60.0		-0.013336236794592133		-157.77486315858056		22.997428353009226		350023.42336196825		32.27301476103789		326.6624689631287
90.0		-0.014455136656269792		-157.75059552922002		22.974447085638758		349989.78171191737		32.47664558827549		326.73494508199315
120.0		-0.013898704064755766		-157.72717167209078		22.95238952814756		350045.7070466466		32.68081803759541		326.8069010757105
150.0		-0.014402812470375672		-157.7032083767958		22.92935303766989		349985.16063532047		32.88523032973492		326.8781957264718
180.0		-0.014311248690700594		-157.6800759499354		22.90723625751368		350015.3045143448		33.09025108333231		326.94899414489964
210.0		-0.01354854496809403		-157.65709999456166		22.885097594518005		350031.43329149205		33.29551532188257		327.0191262392443
240.0		-0.013800098644776269		-157.63426547504045		22.862930585180987		350034.9717052402		33.5012236634645		327.0886802121537
270.0		-0.013459998527743754		-157.6115822074086		22.84074186822519		350024.9234701637		33.70723435845314		327.1575879050743
300.0		-0.013130970261394653		-157.58904259525127		22.818528829719998		350001.9849877283		33.91364674942854		327.2258911245435
330.0		-0.013517353976272298		-157.56664337750314		22.7962911006126		349966.42826743517		34.120501175177424		327.2936046551515
360.0		-0.013520371315597102		-157.5450542580786		22.774969178402124		350023.1890799934		34.3278216591733		327.3607357603968
390.0		-0.012972996651456868		-157.5229369671265		22.75268662840526		349962.14559746813		34.53547783266159		327.42722131666505
420.0		-0.011892331785665112		-157.50163737464953		22.73132647083269		349992.59403221495		34.74337799925385		327.4930158313734
450.0		-0.014340429304852333		-157.48046290691784		22.709938222435248		350011.7113570422		34.95181439691035		327.5582485206537
480.0		-0.012361222534723918		-157.45943438459418		22.688534874244738		350017.46347048786		35.16048167496973		327.6227764997952
510.0		-0.012841183952586264		-157.43852569526203		22.6671030154203		350012.3063571537		35.369752149270454		327.68676517325065
540.0		-0.012586615300338975		-157.41776179051266		22.6456581281254		349993.8191384934		35.579257497196856		327.75004296199984
570.0		-0.012836152689951839		-157.39712847400205		22.624193475199796		349963.31621174887		35.78919839643293		327.8126970131135
600.0		-0.012390403148875658		-157.3772785617064		22.60363777914233		350027.3535893215		35.999433200125246		327.87465876971385
630.0		-0.012692265906262518		-157.35691415556767		22.582141734793044		349971.97542896494		36.2100612994456		327.93596914477445
660.0		-0.01281602763941414		-157.33731598693123		22.561546544394453		350012.702020132		36.4211226611879		327.9966419374843
690.0		-0.012474925288246319		-157.31783831111494		22.540930097288893		350042.22731195204		36.63264406646788		328.05668486139655
720.0		-0.012409521237758547		-157.29785985647075		22.519386398416998		349950.90109783225		36.84449052721593		328.1160321463709
750.0		-0.012350155411560012		-157.27864932603183		22.498747286194433		349955.4455407262		37.0565703877173		328.174637670957
780.0		-0.012185138979437932		-157.25986510094083		22.478540937646216		350003.9505032124		37.26917918028183		328.23263082210667
810.0		-0.01262887459720449		-157.24121208284328		22.458324396787383		350040.1261950694		37.48200794534163		328.2898667569835
840.0		-0.012962934126188017		-157.22235724094585		22.437632607340152		350011.18644893914		37.695432680439104		328.3465110668226
870.0		-0.013196374311882425		-157.2036358155018		22.416935010507643		349969.6257791538		37.9090817002409		328.40239037763024
900.0		-0.012630884974874483		-157.1856440323018		22.39712164462403		350027.45519895945		38.1231556723217		328.4575905986715
930.0		-0.012413547902497914		-157.16716790695455		22.37640250698825		349962.57396263257		38.33751307221745		328.5120425302727
960.0		-0.012235448060142552		-157.1494166092846		22.356565960021594		349997.5076528713		38.552253291121524		328.56578597726957
990.0		-0.012251547627820762		-157.131777615652		22.336714337914447		350021.6880605472		38.76741588331499		328.6188335198134
1020.0		-0.013021295354491497		-157.1142487192214		22.316847375884674		350035.2823733743		38.98303043260531		328.6711931053818
1050.0		-0.0125161788053369		-157.09683830012995		22.296971598706957		350037.48986506276		39.19895721692187		328.72279600988406
1080.0		-0.011880257700846391		-157.079551571181		22.277091621540787		350027.8064078223		39.41510462649544		328.7735952225906
1110.0		-0.012853256855525106		-157.06236954214373		22.25719636141579		350007.9306368334		39.63177147152736		328.8237200954821
1140.0		-0.012152942207841265		-157.0453111211567		22.237299309442186		349976.1118173832		39.84864514658478		328.87302350082626
1170.0		-0.01199194653105917		-157.02893275056425		22.218258402117563		350048.2349472027		40.06610530212835		328.9216709979207
1200.0		-0.012578563152740117		-157.01209340054885		22.19834219276193		349995.0237540854		40.28377687557324		328.96948708028214
1230.0		-0.012041251013868734		-156.9959375811664		22.179285198432794		350045.44980940875		40.50186044381704		329.01655613803143
1260.0		-0.01280797903745491		-156.97932263506817		22.15935803895667		349970.24233060516		40.72021462184161		329.0628080263839
1290.0		-0.01190541283213864		-156.96338653835838		22.140287745065873		349999.1126472838		40.938938743577935		329.1082811353847
1320.0		-0.011595502654672428		-156.9475527729702		22.12120701480304		350017.85573316924		41.15807190304351		329.15298650468696
1350.0		-0.01255542194475749		-156.9318190571324		22.102115360940537		350026.64309346303		41.37764652523578		329.19693201150534
1380.0		-0.01301223860899758		-156.91619357485024		22.083019478053572		350024.7172529567		41.597518034250605		329.2400456009933
1410.0		-0.013454967265109329		-156.9006812273942		22.063923924151492		350011.6193616772		41.81759486659556		329.28227903864234
1440.0		-0.013325168489548348		-156.88526384262826		22.044817251484712		349988.92829412036		42.038179080923776		329.32376129686963
1470.0		-0.01227972128031769		-156.8699594925868		22.025713145950736		349955.0218308475		42.25895438731508		329.36434259002425
1500.0		-0.01274358194862195		-156.8552911561765		22.00743629162301		350029.19425178133		42.48030404554671		329.4041880641427
1530.0		-0.013489177960015617		-156.84018593405045		21.988320873274553		349975.1943569612		42.701849600308435		329.44311970412303
1560.0		-0.01313499692613402		-156.82572012581113		21.970035285177996		350029.02193024755		42.9237914449764		329.4812199584603
1590.0		-0.01354451948523454		-156.8108191912367		21.950916575919535		349954.36891555134		43.145988345486515		329.5184173525987
1620.0		-0.012650005427517125		-156.796553147691		21.9326246519293		349987.9934713049		43.36853951043797		329.5547484237066
1650.0		-0.013368434748068675		-156.78237984757925		21.91432549128236		350012.12452601455		43.59148351566413		329.590222224051
1680.0		-0.012576551593190249		-156.76829694590666		21.896018384659918		350026.9359154375		43.814855656690796		329.62484612767867
1710.0		-0.012243497843981656		-156.75431245158984		21.877710189759668		350031.71177843213		44.038506376203856		329.65854427767096
1740.0		-0.013250708875446538		-156.7404309854482		21.859405398871868		350026.0348360697		44.262344149544134		329.6912667752412
1770.0		-0.0119315749250857		-156.72663513333632		21.841092232451125		350011.3704793127		44.486674238098445		329.7231416651114
1800.0		-0.01229883936920058		-156.7129422046297		21.822784542771995		349986.2170621585		44.711176624499664		329.75401606860754
1830.0		-0.012039239454318864		-156.69933046922762		21.804467181040806		349952.39681369625		44.93623811539729		329.784054097905
1860.0		-0.011578396125339407		-156.68633037223944		21.78695696221299		350029.25716835354		45.161476843675686		329.81307480182846
1890.0		-0.011874220658437034		-156.672907842795		21.768642167366856		349975.81726626214		45.38709290989391		329.841158060108
1920.0		-0.011425453778036047		-156.66008700310968		21.751126690283005		350033.98817089293		45.61294523394101		329.86823056491545
1950.0		-0.011110511156055535		-156.6468509380624		21.732816561393076		349961.0725355558		45.83913281564857		329.89432637138304
1980.0		-0.011682036353592959		-156.6342025671181		21.715294615603625		350001.0315639982		46.06569364114139		329.91945191598523
2010.0		-0.011943650191784293		-156.62163537760844		21.697766329356487		350032.3033267716		46.29266589197462		329.9436134458895
2040.0		-0.011454632028428034		-156.60891086314794		21.679848883116712		349992.7290893849		46.51989489011688		329.96673069849595
2070.0		-0.01063960766556698		-156.59652751741692		21.66232813339399		350004.74324891344		46.7472891299655		329.98875151546
2100.0		-0.01128961677818583		-156.584220856924		21.644800407914754		350008.37313638255		46.97515700863136		330.00980216436415
2130.0		-0.011800768005990031		-156.57200749243614		21.627279698773112		350002.2307195058		47.20317472927915		330.0297261513791
2160.0		-0.010966624372366212		-156.55986659390192		21.609750528199623		349988.0005725352		47.431732558626074		330.04868557925533
2190.0		-0.010337746090059996		-156.54805723817154		21.59261033315125		350026.2923278231		47.66044519006328		330.0664960611588
2220.0		-0.010564142271690233		-156.53608843600202		21.575087872734535		349993.63804513775		47.889512300284196		330.08323398047924
2250.0		-0.010309573619442946		-156.52420779099276		21.557572300447706		349951.55396022834		48.11879295089079		330.0988235162293
2280.0		-0.010144554823561112		-156.51288036847933		21.54081099061144		350025.84535444714		48.34838582903071		330.11329533108807
2310.0		-0.01065570723324519		-156.50115993800654		21.523297656287394		349966.2211467512		48.57832823868655		330.12665234892
2340.0		-0.009451279452421935		-156.4899825362486		21.506529121210793		350023.90577746276		48.80866124284781		330.1388987799472
2370.0		-0.008713733224867373		-156.47865401642093		21.489391894833542		350009.75343062636		49.039224884833814		330.1499491613811
2400.0		-0.00964447071892082		-156.46741244123479		21.472263907443214		349986.2588449316		49.26992763875617		330.1597482492465
2430.0		-0.009261107889007606		-156.45647033792795		21.455498892548963		350018.1028788341		49.50108094129474		330.1684192329875
2460.0		-0.009870866900551056		-156.44561241670044		21.438741128925464		350040.8726057727		49.73235714736117		330.17580135422
2490.0		-0.00848230578060271		-156.4345927066646		21.42161260444429		349992.40543911606		49.96414986426683		330.1820531978819
2520.0		-0.008282070510039655		-156.42388333877798		21.40485636508471		349998.4886157699		50.19607030082337		330.1869863348506
2550.0		-0.009244002541554462		-156.41324673987572		21.388100535808274		349996.3387069665		50.42831754787794		330.1906722757825
2580.0		-0.008881766996314256		-156.40291146543692		21.371707924827273		350049.58282692544		50.66075077246871		330.1930317399255
2610.0		-0.008090891984970516		-156.39242680968286		21.354960144374463		350030.45973321516		50.89346821389948		330.19409066412817
2640.0		-0.009074959444693017		-156.38201394688824		21.338214581352112		350003.124438907		51.12650637112648		330.193847159298
2670.0		-0.008248866776788178		-156.37167035467888		21.32146992698132		349967.75010811444		51.359909151868806		330.1923020507446
2700.0		-0.008855606085247072		-156.36162056745513		21.305082136406256		349988.4563601203		51.593511134089134		330.18936359760244
2730.0		-0.008536640344166822		-156.35164897646763		21.28870295961226		350000.50075618364		51.82722070090452		330.1849722922938
2760.0		-0.008181449984870661		-156.3417401082855		21.272319824196202		350005.04030195903		52.06135218990352		330.179246257954
2790.0		-0.008288107552449015		-156.3319093320271		21.255946967201545		350000.8973714188		52.295574010259564		330.172019628548
2820.0		-0.008885792479173744		-156.3221374012122		21.239568380581538		349989.50191071164		52.5302829425976		330.16344515024855
2850.0		-0.007689416845949348		-156.3124424382033		21.223200819311415		349969.47869102657		52.76508663604688		330.1533295790919
2880.0		-0.008931072661003696		-156.30302416864671		21.207172994069538		350007.09395105764		53.00018338714333		330.1417374932979
2910.0		-0.007696458486253765		-156.2936767581789		21.19115062427399		350036.6027739579		53.23543239256695		330.12858479209683
2940.0		-0.008769073568206418		-156.28418809408458		21.1747977051255		349992.5408048183		53.470931261063434		330.11389070506794
2970.0		-0.007440884054231542		-156.27497151844864		21.158779998535543		350006.54960176535		53.70671551560177		330.09764660907354
3000.0		-0.007633068359075615		-156.26581616004663		21.142761545214167		350013.1129436763		53.942831821615314		330.0798479153002
3030.0		-0.007282908080534003		-156.25672946776376		21.126749865965042		350011.67204780225		54.179109058181716		330.0603950924262
3060.0		-0.007437864351146986		-156.24771514251225		21.110749183299777		350001.9488530755		54.41545539620267		330.0392226422817
3090.0		-0.007981215896187482		-156.238758248432		21.094746724847344		349985.0075240126		54.6521878702881		330.01644056925636
3120.0		-0.007627031316666256		-156.23007357940998		21.079076670793775		350026.3908030493		54.88897079818879		329.99187675000485
3150.0		-0.007471068084398462		-156.2212414638152		21.063081013995355		349994.2975914441		55.12620389300443		329.9656745099925
3180.0		-0.007641119324794597		-156.2124804796499		21.047098544776546		349953.9615407577		55.363491117798624		329.9376347487525
3210.0		-0.007220524915010664		-156.20417426644545		21.031748333211336		350040.06237947755		55.6010296934702		329.9078119903147
3240.0		-0.006835145798028076		-156.19554035217217		21.015778555111822		349984.38133938983		55.83867870580589		329.8761152966066
3270.0		-0.006984067389991452		-156.1871634468258		21.000125854531102		349988.28379806597		56.07653487389281		329.84255419302906
3300.0		-0.0070866994747103155		-156.17884508004067		20.984475708700323		349984.87891254853		56.3146324962946		329.8071104247758
3330.0		-0.006770751072954868		-156.1707746056629		20.969131196819927		350041.85666184314		56.553020827119674		329.7697708773889
3360.0		-0.006935768686956824		-156.1623834844758		20.953185640709815		349956.1195022017		56.791522736370666		329.7304260301998
3390.0		-0.006792887683042437		-156.15444083526393		20.937857981957286		349997.7729903897		57.03004597838041		329.68900178980067
3420.0		-0.0073442866481622845		-156.14654831742857		20.922525659637124		350032.7386833485		57.26890997578775		329.6455953078178
3450.0		-0.0061780962269846855		-156.13853274283738		20.90690708755462		349992.00273994356		57.50777472834864		329.6000265511118
3480.0		-0.007362401321029994		-156.13075235115016		20.891580058122774		350012.6905083647		57.74704252143253		329.55242384590235
3510.0		-0.006815023111250129		-156.12284999380608		20.875971690186855		349957.4823949253		57.986313419411424		329.5025807408457
3540.0		-0.007535467536991177		-156.11518850653408		20.860659476598233		349963.3881514231		58.22578316651743		329.4505368954065
3570.0		-0.007312087512805866		-156.10758701314793		20.845355761540812		349961.878198768		58.4653104887409		329.39619144691625
3600.0		-0.007741738668083715		-156.1000409249859		20.83005683847142		349953.2465580525		58.70499083020776		329.3395395913953
3630.0		-0.007870534027629513		-156.09272941352503		20.815044182298664		350006.35727183986		58.944856864398744		329.2805495519882
3660.0		-0.007103803640283583		-156.0852866788345		20.799748469795023		349983.98102112114		59.184960141449565		329.21919365007597
3690.0		-0.007236624482688873		-156.07808103242598		20.784740423958024		350023.2590634925		59.42511709251492		329.15534964709224
3720.0		-0.0073020261694168925		-156.07075685202193		20.769465798379155		349986.10693046264		59.665234711065864		329.08893081202086
3750.0		-0.006699311161937613		-156.06365704355315		20.754465229618713		350011.5094537176		59.90563432111977		329.020013993598
3780.0		-0.007341268126957606		-156.0566165224701		20.739475186229008		350029.5781511795		60.145971241187		328.94840874621946
3810.0		-0.006624851547835801		-156.0494431414428		20.724210231556828		349971.9472904485		60.3866497660167		328.8742195866922
3840.0		-0.00693275134763202		-156.04267763588206		20.709493840531568		350045.93899431266		60.62726570165334		328.7972304337711
3870.0		-0.006491026107535453		-156.0356141539992		20.69424741037756		349974.0413335897		60.868012710693776		328.7174585231035
3900.0		-0.006585608408415212		-156.02895123421467		20.679538447395615		350034.4099507779		61.10874872484585		328.6347881951877
3930.0		-0.006454802671199421		-156.0221660613791		20.664570604170933		350018.26845194027		61.349567311335704		328.5491930171812
3960.0		-0.006214319663320718		-156.01542965189896		20.649606959821327		349995.39646695554		61.59049896369507		328.4606194589864
3990.0		-0.005425453847767095		-156.00890813652487		20.63490027382581		350036.07025634125		61.83159695314943		328.3690198247888
4020.0		-0.006061378497897234		-156.0022700478783		20.61994653644354		349999.7043380849		62.07267059567174		328.27425279931566
4050.0		-0.0053228229449281085		-155.99568837732517		20.605006951511434		349956.1179783549		62.31362553668566		328.1762125607541
4080.0		-0.005504945906383208		-155.9893154699961		20.590315994095718		349976.5651236968		62.55478420336094		328.0749437167792
4110.0		-0.005387217670001316		-155.9829969334695		20.57563574824081		349990.0004615197		62.795796633164635		327.97024143493866
4140.0		-0.004920342026132007		-155.97671598701407		20.560949477357926		349997.406817968		63.03706820790164		327.8621722604815
4170.0		-0.005525069775041031		-155.97048834487276		20.546274165662		349997.8484142786		63.278189860705176		327.7505068173173
4200.0		-0.0047865142220719055		-155.9643058052636		20.531601948702523		349991.7982750451		63.51935220588699		327.63522777792434
4230.0		-0.005419417987237611		-155.9581734199247		20.516938788666778		349978.9557720069		63.76041161922183		327.51619677309606
4260.0		-0.005345966516670488		-155.95208696332554		20.50228093345058		349959.557891774		64.00145880304419		327.3933539497087
4290.0		-0.0050340424158946545		-155.94620404884895		20.487858149050798		350004.86715782154		64.24252104985756		327.2666131527402
4320.0		-0.005073283191555491		-155.94036077990322		20.47343240516093		350044.05360535346		64.48365239017168		327.1358927531579
4350.0		-0.005390238554965749		-155.93440679112572		20.458785842302742		350005.33134039585		64.72465398245541		327.0010245775209
4380.0		-0.0050350481956695885		-155.92850443336832		20.44415330204972		349959.70360319596		64.96542910207654		326.86187314164323
4410.0		-0.004789532743276584		-155.92279620275997		20.429742524952204		349979.46583817527		65.20629991271394		326.7184312972888
4440.0		-0.004796577929220632		-155.9171376925054		20.415342101108116		349992.5141820116		65.44691014937283		326.5704732764321
4470.0		-0.004681871759683049		-155.91151260784807		20.40093516693744		349999.72999926656		65.68766469786851		326.4180044380891
4500.0		-0.004125436804409271		-155.9059361856217		20.38653873418285		350000.2760478845		65.92814854719155		326.26077599274583
4530.0		-0.0033577053648079108		-155.9004005477452		20.372144954015024		349994.5716843689		66.16854763273953		326.0987161334873
4560.0		-0.004315610731583351		-155.8949105254321		20.357759698222658		349982.35245456174		66.40871541553503		325.9316506244819
4590.0		-0.0033727979708313097		-155.8896124636463		20.34358547983491		350035.9655147772		66.64873803387681		325.7594667333998
4620.0		-0.003332551415395539		-155.88420305981697		20.329206099208392		350011.3052448025		66.8886378469524		325.5820267248221
4650.0		-0.0036052311948709067		-155.87883080002652		20.31482788701393		349980.5511337342		67.12846786850659		325.39919376508544
4680.0		-0.0039312409400153285		-155.87365058463917		20.30065795588771		350015.7392652128		67.36801932905603		325.2107589965426
4710.0		-0.004165688087364548		-155.86851578674327		20.286496377841456		350044.4892842518		67.6071913053573		325.0165396233518
4740.0		-0.0034251197929656757		-155.86326740606424		20.272135899751127		349994.86118366197		67.84630325716037		324.8164442498422
4770.0		-0.0038990429865387857		-155.8582113616111		20.25798116702233		350011.2865036521		68.0849908192096		324.6102151996189
4800.0		-0.004329698739711692		-155.85318478953343		20.24381895988264		350022.05175900925		68.32365553879792		324.39775791238884
4830.0		-0.004342778604305346		-155.84805879459847		20.229480191968868		349953.5733994562		68.56187454539376		324.1787938742646
4860.0		-0.004619486230399957		-155.84311401136844		20.21533181942426		349951.817693525		68.79982620316218		323.95316360022883
4890.0		-0.003360723886012591		-155.8383526306512		20.201371979214933		350016.80538293347		69.03735857225902		323.7206348810282
4920.0		-0.004502766137552753		-155.8334857741429		20.187232312534803		350002.78746116813		69.27455017217021		323.4810095791844
4950.0		-0.003941303465284178		-155.82865477443983		20.173095233490226		349982.7554654805		69.5114152958913		323.23406666848376
4980.0		-0.004370952256802274		-155.82399649268456		20.159131451062077		350030.08364877105		69.74800262740447		322.97957828374155
5010.0		-0.004051985333842146		-155.81923777246837		20.145000260144347		349998.01539924555		69.98409033487158		322.71727203595026
5040.0		-0.0040459482914327865		-155.81452188069267		20.13088134383227		349959.59259003215		70.21956992447775		322.4468883436451
5070.0		-0.0038970326088687934		-155.8099736378625		20.116926660538457		349988.86982164625		70.45475362187231		322.16819699136903
5100.0		-0.0037954039401651113		-155.80546657531409		20.10298018133069		350011.94511282817		70.68926568993075		321.88089050170225
5130.0		-0.004153611638786075		-155.80084941155494		20.08886444832325		349955.8704556944		70.9234990287565		321.5847093253129
5160.0		-0.004237127998381802		-155.79654403177946		20.07507766015042		350040.90065236297		71.15701938703319		321.2793287266488
5190.0		-0.0039010545460886545		-155.79200134933134		20.060975694291447		349972.6659660563		71.38999220519801		320.9644463608295
5220.0		-0.0043447925276149674		-155.78776456595787		20.047190145975815		350045.9507110398		71.6222554759771		320.6397357782451
5250.0		-0.004605398222271616		-155.78329414558118		20.033101779644316		349965.6407337142		71.85387440069533		320.3048597848181
5280.0		-0.00448566079009961		-155.7791213820157		20.019314445441456		350027.3525532782		72.08484934177274		319.95946209400483
5310.0		-0.004463524180012041		-155.77484492373523		20.005375526453516		350009.4211031208		72.31521832580151		319.60316476436725
5340.0		-0.004713061569624905		-155.77060458605231		19.99144364271418		349985.47406625375		72.54474069840879		319.23559639134646
5370.0		-0.0043649152143929145		-155.76653295204528		19.97766192971514		350029.60263848025		72.77329402827596		318.85637389654966
5400.0		-0.004276369955922515		-155.76235722875217		19.96373519157936		349993.96808322985		73.00117464460448		318.46503859834417
5430.0		-0.004392084268994785		-155.75822020092724		19.94982025527827		349952.20864398964		73.22798936028589		318.061208310635
5460.0		-0.004093240032812604		-155.75423452706968		19.936031458147024		349979.31698704977		73.45411223035316		317.64435218899314
5490.0		-0.003819552109802549		-155.75028508170206		19.9222490598001		350000.4637833582		73.67909106840173		317.2140788997069
5520.0		-0.0035680019787599393		-155.7463648076534		19.908465320085785		350015.9207278807		73.90306822936314		316.7698568626531
5550.0		-0.003203754873969863		-155.7424779795344		19.894685826131706		350025.51899258513		74.12586278789813		316.31121321334524
5580.0		-0.0031534457932652425		-155.73862094513916		19.880906818278394		350029.3937466154		74.3475158078152		315.83759114410134
5610.0		-0.0029964779631023912		-155.7347922776732		19.867127144196996		350027.59184031		74.56800260417326		315.3484235213569
5640.0		-0.0027066904724141264		-155.7309890445436		19.853343847643924		350020.2125042314		74.78733840899086		314.8430960644311
5670.0		-0.0028626525228020432		-155.72721822918638		19.839565768979234		350006.99493002053		75.00525311574975		314.3210975707912
5700.0		-0.002391747850433613		-155.72348240562172		19.82579655100772		349987.8481072001		75.22159840249037		313.7818634376332
5730.0		-0.0029149755268162857		-155.71976955460863		19.812022391646927		349963.1945821708		75.4366381054567		313.2245762209494
5760.0		-0.0030427627428273973		-155.71621259559768		19.798362787728262		350007.5927194059		75.6499505738899		312.6487679443165
5790.0		-0.0026332378199671255		-155.71267441910095		19.78469043183502		350046.6738143964		75.86187152074363		312.0534858803502
5820.0		-0.0028867995105596044		-155.70904909126313		19.770923073458945		350004.8753668666		76.07191917104645		311.4382796099556
5850.0		-0.0030327013994384242		-155.70545076103673		19.75715772765941		349957.40735913906		76.28019390269844		310.80228581508504
5880.0		-0.002887807654094292		-155.70200195446665		19.74349375810403		349979.3175649028		76.48647986964554		310.1448500288761
5910.0		-0.0030457812640320775		-155.6985794336807		19.7298281339785		349995.6328376932		76.6907742942557		309.46511946531666
5940.0		-0.003498573627292553		-155.69518182877658		19.71615971051753		350006.3905174192		76.89300748810277		308.7622583759835
5970.0		-0.0035891316271926973		-155.69180615073813		19.702485364216457		350011.675651066		77.09315005345904		308.03534964478644
6000.0		-0.0027861813491503627		-155.68845938877703		19.688814100123118		350011.2651195461		77.29088467584366		307.2837706736749
6030.0		-0.0030005022640820053		-155.68514402513932		19.675149487643868		350005.08482609224		77.48601698533832		306.5067858092805
6060.0		-0.0029079315227521154		-155.68184824927792		19.661477649159547		349993.4853905896		77.678749029745		305.7031186972667
6090.0		-0.0028213978238315848		-155.67858378055303		19.647813417501176		349976.1159805041		77.8686142486855		304.87234325445354
6120.0		-0.0036957891947710514		-155.67544957098193		19.634211540134984		350028.93814248126		78.05587641394406		304.0129890132952
6150.0		-0.0029833957347489845		-155.6722315260618		19.620542267190554		350000.5114707146		78.24000849764556		303.1247488485307
6180.0		-0.004090222693487801		-155.66903709552398		19.60687274418346		349966.52544532716		78.42103926287432		302.20646530564403
6210.0		-0.0034804625000644743		-155.66598195662002		19.59327214113233		350002.53102666885		78.59869583053403		301.2574826815792
6240.0		-0.003859801028998073		-155.6629497797389		19.579667460720728		350033.03256344236		78.7729035394068		300.27679452327976
6270.0		-0.0028455448115891463		-155.6598286952741		19.565999317456342		349982.32344876695		78.94352119643811		299.2635055967069
6300.0		-0.004332717260916372		-155.65683733024264		19.552383691430663		350001.90805206634		79.11044642574734		298.21662732274757
6330.0		-0.0036163006817945677		-155.65387156345065		19.53876874172643		350015.90261479095		79.27329819719426		297.1358586575324
6360.0		-0.003759181685708955		-155.65093379292097		19.525157965521917		350024.24888995476		79.43181717535339		296.02073396903097
6390.0		-0.003705851720039901		-155.64790410661786		19.511490235712074		349951.3591885576		79.58610898637126		294.8698303432365
6420.0		-0.003910110109702694		-155.64511888640297		19.497921961383962		350024.55476687755		79.73565859024407		293.68348958808195
6450.0		-0.003278213306191798		-155.6422389910471		19.484294272100424		350016.5624895226		79.8806227213544		292.460152140121
6480.0		-0.0033979554658833113		-155.63938594770778		19.47067136756328		350002.9397819359		80.02043627399533		291.20059495884755
6510.0		-0.003277206344536987		-155.63655330162982		19.45704570068242		349983.83065902535		80.15504017660196		289.90411041344856
6540.0		-0.003910112473462447		-155.6338504135882		19.443455856009873		350035.158214855		80.28410939194447		288.57104533837935
6570.0		-0.0033818535344453484		-155.63106233450415		19.42982878794033		350005.0000302261		80.40749690357785		287.20124122919424
6600.0		-0.003051818306441437		-155.62829384914457		19.41619945417811		349969.3614935316		80.52499980530854		285.7948880671855
6630.0		-0.0033496555809688065		-155.62564575252281		19.402589324425037		350004.3798938375		80.63645617369525		284.35214207889953
6660.0		-0.0036716410251336137		-155.62302009965003		19.388977243748826		350033.87521690875		80.74146651344324		282.87453196713756
6690.0		-0.0032691601063375123		-155.62031633645282		19.37534732253419		349981.6807348626		80.83975408301092		281.363375967162
6720.0		-0.003381851170685596		-155.61772924175267		19.36172699125165		350000.2333802702		80.93135467391215		279.81848924496484
6750.0		-0.0029813853570789927		-155.61516682439267		19.348109019764394		350013.2179229669		81.0157982093567		278.24280285052834
6780.0		-0.003636424550452391		-155.6126149678608		19.334476047348517		350020.8772786837		81.09317822920622		276.6361570013395
6810.0		-0.0033154448860625184		-155.61008672555485		19.320845071272625		350022.980782805		81.16301951303949		275.0023210800092
6840.0		-0.003128289480093117		-155.60757580766654		19.30720861963571		350019.6319543524		81.22526848219421		273.34267377638355
6870.0		-0.0030055335267164304		-155.60508592950544		19.29357189678482		350010.7685596347		81.27968304651982		271.6602727635334
6900.0		-0.00344222514041882		-155.60261381505407		19.279931237186446		349996.43994726986		81.32617484885029		269.9573624742569
6930.0		-0.0023575371555273252		-155.60015822343942		19.266285549572217		349976.6600893317		81.36463038475594		268.2366765154769
6960.0		-0.002891831955073906		-155.59781428357775		19.252625269277726		350027.72790090926		81.3949858126808		266.50078810308685
6990.0		-0.002075801812437918		-155.59539192739734		19.23896902198362		349997.0298204329		81.41702742100615		264.75415845138457
7020.0		-0.0027509625107093876		-155.59299221571771		19.225317020686216		349960.7892082529		81.43065995659978		263.00063201800583
7050.0		-0.001935938147848334		-155.5907006462339		19.211640795403135		349995.4358677445		81.43601318754429		261.24172570104236
7080.0		-0.0024038207533724552		-155.58843066554465		19.19796403536754		350024.55498404056		81.43290306799047		259.4829913906726
7110.0		-0.0020747960326629837		-155.58616830798476		19.184269348470682		350048.3042857507		81.42152360249453		257.72545334437376
7140.0		-0.0013744754755797594		-155.58383100534357		19.17059661192513		349990.22916305717		81.40173505993519		255.97498517866762
7170.0		-0.001859465792316777		-155.5816040031533		19.15689546238753		350002.9945877176		81.37367129073593		254.2339080945905
7200.0		-0.0015918149117160815		-155.57939497605437		19.14319108038802		350010.26312542614		81.3373728218203		252.50623739791018
7230.0		-0.0011510989970340778		-155.57720071914778		19.12947983424376		350012.06353971735		81.29297706724563		250.7945575956171
7260.0		-0.0013241640311153857		-155.57502002918804		19.115760654625934		350008.4015917303		81.24061558595233		249.10164381941917
7290.0		-0.0016904250592150837		-155.57284961703118		19.102029783465074		349999.2971680509		81.1804508678829		247.42966585708945
7320.0		-0.0014811330431581135		-155.57069663957984		19.08829690923166		349984.68814342935		81.11258512513155		245.78257301727814
7350.0		-0.001245682479793713		-155.56865552486752		19.074522597500508		350040.8617583625		81.03718898647196		244.16311576253167
7380.0		-0.0015555926572599248		-155.56653000856372		19.060775370659712		350015.28845509887		80.9545180509217		242.57121372208917
7410.0		-0.0012265620271510707		-155.5644239997231		19.047030272794164		349984.19712926727		80.86471414142758		241.01082864144095
7440.0		-0.0008874724174129961		-155.56241456316224		19.03321865485268		350023.94717086013		80.7680433475109		239.48090295938823
7470.0		-0.001097767849485148		-155.56033216463447		19.019457108353382		349981.89252074994		80.66467377476609		237.9851649846517
7500.0		-0.0014147255766551597		-155.55835219909693		19.00563301698761		350010.61815072875		80.55484847162306		236.52354921003246
7530.0		-0.001108837336408809		-155.55629762436158		18.991862387971885		349957.5676818816		80.43878851559526		235.09753514233546
7560.0		-0.0006962938923438571		-155.55434497140865		18.978024951637444		349975.27174408827		80.316727892591		233.70715117462439
7590.0		-0.0013714557724952032		-155.55240301463803		18.96417658323088		349987.46274878737		80.18889337309565		232.35259697965574
7620.0		-0.0008482316417521598		-155.55046837186072		18.950313370312085		349994.1405270258		80.05550469347038		231.0335059955138
7650.0		-0.0014579894714157335		-155.5485482866829		18.936445175200145		349995.2849004362		79.91679317599383		229.75120941770052
7680.0		-0.0012054335605981893		-155.54664487100678		18.922575220753185		349990.89559950586		79.77299282861213		228.5059336948314
7710.0		-0.001532449085517545		-155.54474686725703		18.908689379204844		349980.9795152256		79.62429311525806		227.29550660883086
7740.0		-0.0009216842941991605		-155.5429521004587		18.894722941382295		350041.6809304012		79.47094108155457		226.12144219727156
7770.0		-0.001469057776459518		-155.54107302510732		18.88081495760477		350020.6688343212		79.31309010067622		224.9809959686841
7800.0		-0.0012959915604983338		-155.5392093936765		18.866905542054635		349994.11672843434		79.15099373501641		223.87568472081054
7830.0		-0.0011893351747998561		-155.53744073149718		18.85289928824145		350038.1098773731		78.98482118521167		222.80391099981037
7860.0		-0.0012527241200981302		-155.5355991572061		18.83897466357051		350000.44717750326		78.81478115810802		221.76550624423044
7890.0		-0.000788864633673747		-155.5337674186182		18.82504276521345		349957.2345879087		78.64103841629486		220.75923635398377
7920.0		-0.0007194362822063604		-155.5320286054232		18.811005843618105		349984.48705004156		78.46375900045301		219.78414950265156
7950.0		-0.0005463688843652997		-155.53029419089896		18.796950880090264		350006.11369797774		78.28308173199615		218.8389396213704
7980.0		-0.0012205273485014643		-155.52857152417744		18.78288791416916		350022.1376331225		78.09922272508194		217.9238442989489
8010.0		-0.00047794631267284755		-155.52686266209273		18.76882010356893		350032.57046800945		77.91235882768541		217.03827144022466
8040.0		-0.0007144050195719354		-155.52515636163125		18.754733287388348		350037.3510140432		77.72254119464786		216.17980096438973
8070.0		-0.00013181388075047916		-155.52346375530772		18.740642441378636		350036.53728470765		77.53001095211394		215.34909840270257
8100.0		-0.00044474139754149415		-155.5217710846118		18.726530125184325		350030.0393046085		77.33477185757249		214.54348159963237
8130.0		-0.0008814353750036367		-155.52009095947395		18.712413244764374		350017.9351303568		77.13707472447771		213.76377233633187
8160.0		0.000197216749358375		-155.51841755213465		18.698284690796303		350000.18275608215		76.9369851884503		213.00837473864485
8190.0		-0.0007395613327440606		-155.5167541912271		18.684149283046132		349976.80659152474		76.73465672150824		212.27688271258106
8220.0		6.439708883296145e-05		-155.51517816448043		18.669878334307427		350023.4946694197		76.53016877026272		211.56810946328406
8250.0		-0.001342277522103217		-155.51352727295355		18.655718387116323		349988.76859016437		76.3236143696407		210.88114255112598
8280.0		-0.0007486157144782231		-155.51195823000035		18.64141202011743		350023.97693524696		76.11505022387641		210.21481478429467
8310.0		-0.001277879251390379		-155.51031894602303		18.627228345676947		349977.8730145674		75.9046618762008		209.56925441206505
8340.0		-0.0008069757609018252		-155.5087702317439		18.61290587886289		350001.72081112396		75.692569913944		208.94393970439125
8370.0		-0.0016592317036335992		-155.5072212353678		18.598561302655227		350019.7516757054		75.47872025769202		208.33692540616588
8400.0		-0.0015022638734707478		-155.50560499562621		18.58435184009028		349956.6128463531		75.26333975383109		207.74875026365288
8430.0		-0.001730670432770978		-155.50414205073295		18.56983336721258		350038.5626608366		75.04632633254924		207.17730399134422
8460.0		-0.0012094602253375564		-155.50253331885736		18.55559734566551		349963.93338113837		74.82792348638134		206.62328312177684
8490.0		-0.0016572177803239774		-155.50108323894716		18.541050837022127		350034.2936911313		74.60812669468358		206.08548071856603
8520.0		-0.001577729267347494		-155.49956297387646		18.526642272958593		350023.5185671346		74.3870510449064		205.5636347751643
8550.0		-0.001741742283454392		-155.49804685813334		18.512220297766458		350006.9530182434		74.16472059053638		205.05687924612255
8580.0		-0.0019429797881527515		-155.49653378662765		18.497783965607393		349984.5768646924		73.94118206598655		204.56457189730497
8610.0		-0.0017236287924665605		-155.49502002559734		18.483328915278932		349956.32564636134		73.71643949646123		204.08585689003132
8640.0		-0.0023011898505334682		-155.49358837970345		18.468700645361125		349997.4169824803		73.49066257933626		203.6209461956965
8670.0		-0.0011138685990432337		-155.4921648967311		18.45406142814384		350032.6839341223		73.26393804979709		203.16951684057307
8700.0		-0.0018473917074980583		-155.49066379241842		18.439567608805916		349986.9342501918		73.0361467942473		202.73010135419298
8730.0		-0.0014761017805236883		-155.48924554616582		18.4248959253402		350010.40278489236		72.8075105624583		202.30323863616178
8760.0		-0.0018001011479981176		-155.48774775222537		18.410372867601023		349952.90041377116		72.57786248879944		201.88732488653113
8790.0		-0.0021502590627799764		-155.48633088421613		18.39566570213089		349964.481733555		72.34744551963658		201.48302475682507
8820.0		-0.0012064393403731235		-155.48491512713906		18.380940912497085		349970.0965088308		72.11621453701221		201.08946850370754
8850.0		-0.0018453789660683132		-155.48350366843215		18.36620313148052		349969.8053609589		71.88426337321945		200.70653846780925
8880.0		-0.0015586111784646048		-155.48209350041932		18.35144896004509		349963.5463233292		71.6515846614661		200.33363222530457
8910.0		-0.0013110841665217323		-155.4806835334253		18.336677491050843		349951.2928970866		71.41819944248897		199.97032480477176
8940.0		-0.000931745637588134		-155.47934154242023		18.321691102707923		350007.4870839296		71.18408045106217		199.61600154558843
8970.0		-0.0017427456994695732		-155.47793166441846		18.30688379522574		349983.1689836448		70.94939243872972		199.27093977797975
9000.0		-0.001214490306092105		-155.47659876145343		18.29186949999688		350027.38443657197		70.71420353547654		198.93496314793595
9030.0		-0.0005544174863245278		-155.47518917896892		18.277028649057073		349990.9957007589		70.47835554881087		198.60695099939272
9060.0		-0.0012648005686766023		-155.47385572359852		18.261976007702987		350023.0074183345		70.24207078929209		198.28743442755035
9090.0		-0.0006047289307889017		-155.47251353473612		18.246892875428745		350048.6757677151		70.00514318691853		197.97517089489517
9120.0		-0.001165183459522789		-155.47110569140176		18.23200603361559		349994.16316541284		69.76781859576586		197.67078888346998
9150.0		-0.001165185823282542		-155.4697660094411		18.21689159104395		350007.6761500146		69.53002899297515		197.3736511085828
9180.0		-0.000792888934653361		-155.4684277044603		18.201761241747366		350015.0848354362		69.29185662386072		197.08373021579573
9210.0		-0.0016461506571600693		-155.46708778005944		18.18661164435191		350016.31013216637		69.0532765570355		196.80060013253257
9240.0		-0.001248699819118516		-155.46574515732203		18.171441933424045		350011.3196726488		68.81429577411376		196.52397763147928
9270.0		-0.001877578101424732		-155.4643958026349		18.156247457388613		349999.9972991422		68.57486788094093		196.25340767638795
9300.0		-0.0014197544755298317		-155.46304769868615		18.14103899034237		349982.5596131468		68.33515796521884		195.98919632251412
9330.0		-0.0011400306919902936		-155.46176987148152		18.125589937727938		350032.69861711		68.09522369413476		195.7312563804694
9360.0		-0.0015143379582894668		-155.46041613956572		18.110342274302738		350002.7373050293		67.85488287392934		195.47870440503698
9390.0		-0.000739560150864184		-155.45906535444612		18.095084347092925		349966.71458895504		67.61436035607785		195.23204666130067
9420.0		-0.0009065905062958854		-155.45776960374056		18.079560884513526		349997.61425487325		67.37342582464244		194.99028949249916
9450.0		-0.0013110853484016088		-155.45647479697743		18.064020974487214		350022.25519744586		67.13232868439509		194.75401614485688
9480.0		-0.0012376315140747317		-155.45517529645537		18.0484579491841		350040.4644027222		66.89098793267853		194.5227435366828
9510.0		-0.0009337571971380028		-155.45380907341		18.033122415319806		349979.1744942395		66.64947904371112		194.2964938736488
9540.0		-0.00042562330865860494		-155.45250367821365		18.01752155075206		349984.6954004057		66.40776711135823		194.0749550033888
9570.0		-0.0011148755606980448		-155.45119259499796		18.001897921163643		349983.7464097971		66.16585127856847		193.85793260379904
9600.0		-0.000676168841806157		-155.44993568887193		17.985992290085917		350049.0947198337		65.92367272158916		193.64507497457296
9630.0		9.76008220844383e-05		-155.44861267460584		17.970321750674522		350035.1016619168		65.68139899647193		193.43669350302247
9660.0		-1.5093787903275105e-05		-155.44728979985587		17.95463746981881		350014.8301455192		65.43908144899797		193.2327524081739
9690.0		-0.0003904068339773828		-155.4459553800014		17.938925194707174		349987.8791386252		65.19652272738178		193.03253174434218
9720.0		-0.0005322820581168356		-155.44462090454695		17.9232000114005		349954.64653371274		64.95395038380377		192.83650465653423
9750.0		-1.0057797749343916e-06		-155.44333451040717		17.90717630438377		349987.103556565		64.71111879007387		192.6438514836865
9780.0		-0.00035317761786641535		-155.44204599584688		17.891133561787655		350013.05130194966		64.46828029069147		192.45510799575888
9810.0		0.00017105347453143889		-155.44068806090706		17.875338913607898		349959.9940198185		64.22534657155279		192.26989484083097
9840.0		-0.0004316603510679644		-155.43944873250547		17.85897569442476		350044.9191257674		63.98238866001499		192.0882595073749
9870.0		-0.000452793545140352		-155.43807902757112		17.84314085895565		349978.7310244953		63.73936591206042		191.90996445392884
9900.0		-0.00033607227041327145		-155.4368224763522		17.826722539156663		350049.99970817845		63.49627300590964		191.73487164848686
9930.0		-0.0006178099772624314		-155.43543146052937		17.81083781159592		349970.31418184936		63.253042490591675		191.56269748270515
9960.0		-0.00014187404225957616		-155.4341562656238		17.794364921474582		350027.8574541835		63.0098450403788		191.3937467787501
9990.0		-0.0005664927530231233		-155.43281783612952		17.778160438191293		350006.95488401223		62.766727795222806		191.2280129073192
10020.0		9.961356351418362e-05		-155.43146457265385		17.76192551054435		349979.05210410897		62.52348366030579		191.06489170709906
10050.0		-1.0061343388973532e-05		-155.43016702979614		17.745379798320084		350016.1434206562		62.28034233138667		190.9048215581604
10080.0		-0.00021231053726165008		-155.42885116720345		17.728795944232335		350045.91454628576		62.03704845344578		190.7471079316461
10110.0		0.00027469488466486623		-155.42747180026245		17.712491563272643		349997.5703182118		61.79385629659312		190.592241489208
10140.0		2.9180614151739283e-05		-155.42614001448172		17.695861216971693		350013.63015941903		61.55067361077873		190.43991476328503
10170.0		0.00046084096521970366		-155.42474276433535		17.679513590442454		349951.6736206161		61.30756808902714		190.29018698616014
10200.0		-3.320491513135339e-05		-155.42339235420442		17.662835723911666		349953.9176487662		61.06449581285769		190.14287093024765
10230.0		0.0008069769427817018		-155.42208665329062		17.645818827695752		350020.00370866153		60.82144889243919		189.9978651291614
10260.0		5.735308476879109e-05		-155.4207071354005		17.629078398765785		350007.7983028516		60.57835351883098		189.85493219781188
10290.0		0.0006218342782420455		-155.41931967142492		17.612316855949377		349988.70111876726		60.3353834836877		189.71436522611214
10320.0		0.00013483122007528232		-155.41798173071507		17.59521727853076		350033.38946691435		60.092582823725074		189.57617393092139
10350.0		0.00021029779583190477		-155.41656942039245		17.57840204935989		350000.0289518563		59.8497381876953		189.43983870765558
10380.0		0.0005846038802512015		-155.41515067781276		17.561569326341704		349959.85861101		59.60708064555722		189.30576488952445
10410.0		0.0006097601934233267		-155.41376540711224		17.544374076363905		349982.467595133		59.364348783756995		189.1733506715225
10440.0		0.0005554256298592154		-155.41237146122103		17.527155365457908		349997.98118835967		59.12179774488578		189.04304595693444
10470.0		0.0006993112316686604		-155.41096316988683		17.509906899329252		350006.13791185524		58.87933344941966		188.91459476335297
10500.0		0.000330035228003912		-155.40954347417656		17.49263286999229		350007.07881357893		58.63702078104768		188.78806068421807
10530.0		-5.1316042359431665e-05		-155.4081093284196		17.475330201488433		350000.6618243139		58.394814046703345		188.66329155822606
10560.0		0.0006339083630607645		-155.40665965768432		17.45799822481659		349986.8362247329		58.152703899861955		188.54021040616107
10590.0		0.00047392319357311		-155.40524203844484		17.440288206921405		350034.94653670583		57.91061160607616		188.41861222994132
10620.0		0.0004789532743276585		-155.40376029889836		17.422896121818553		350006.1565239718		57.66871380720548		188.29877673458972
10650.0		0.00046788496928387404		-155.40226897054436		17.4054837667681		349970.25929475576		57.42705202551474		188.18072260115707
10680.0		0.00015596086850804032		-155.40080696100364		17.387685480354417		349995.86896220874		57.18540900837011		188.06399379633146
10710.0		0.00021935454132582043		-155.39933433175958		17.3698625991384		350014.13090210035		56.944016426247885		187.94896567649562
10740.0		0.0008281042274547067		-155.3978360286073		17.35199778285678		350024.28103784565		56.7026093275228		187.83510706106784
10770.0		0.0003954404603715609		-155.3963254950153		17.33410774855123		350027.0073831128		56.4614427699716		187.72283193307956
10800.0		0.0011903385908150377		-155.39479697231772		17.31618637711457		350022.02035567164		56.2204228867532		187.6119213094613
10830.0		0.00044977384205579574		-155.39325345851867		17.29823768739157		350009.4764484605		55.97961066921765		187.5024413355556
10860.0		0.0017024991440338026		-155.391691826191		17.280258720566927		349989.218890734		55.7389602585132		187.3942639840499
10890.0		0.0011068245949790634		-155.39011099271195		17.26224886307483		349961.1937961122		55.49846152950387		187.28732918645133
10920.0		0.0008562802437113882		-155.38855410313963		17.24383058694361		349993.3809505934		55.2580317792113		187.18145531860222
10950.0		0.0010514842516400177		-155.38698153225846		17.225382684600717		350017.7861092035		55.01785013948272		187.07690877315693
10980.0		0.0012426627767091567		-155.38534750480648		17.20728512536682		349966.5110908784		54.77795594102613		186.97371289870804
11010.0		0.0013654199119657203		-155.383781710484		17.188391695327883		350042.8627175726		54.53812968926256		186.87146069646911
11040.0		0.0012668121282264709		-155.38210744636197		17.17023202039454		349975.78482545447		54.29860295340595		186.7705009528917
11070.0		0.001584770907651911		-155.3804968130647		17.151264131350814		350035.65568068903		54.05910904476468		186.67035758483658
11100.0		0.001604895958189611		-155.37877759162393		17.133039611544593		349952.5289147524		53.819902111898585		186.57141328950024
11130.0		0.001168204344487222		-155.37712836130652		17.11400733311218		349996.28549599554		53.580888091812376		186.47347907656555
11160.0		0.0014922001663220212		-155.37545941714566		17.094941341919096		350031.8647172041		53.342126832704224		186.37661724192296
11190.0		0.0011239323061919605		-155.37372295135654		17.076233884783193		349992.0037745489		53.10357163424998		186.28071957523014
11220.0		0.001449940869456505		-155.37200762439767		17.057096625122895		350010.956789555		52.865212022658135		186.1857380343997
11250.0		0.001671305788452318		-155.37021908828996		17.038316936328076		349954.36688955966		52.62696200083431		186.09150830757477
11280.0		0.001363407170535975		-155.3684552759843		17.019108894400045		349956.5908626942		52.38900281457146		185.9982843381216
11310.0		0.0016401136147507099		-155.366673592604		16.999872786549243		349950.7828505384		52.1513717861438		185.90609161704174
11340.0		0.0009961415445412188		-155.3649035331001		16.98018663057443		350002.59061028436		51.91384839059565		185.81456180534977
11370.0		0.001613952703683527		-155.36311439600743		16.960468421020263		350046.0898319641		51.67666348778599		185.72402040554323
11400.0		0.001452959390661185		-155.36124853432202		16.941113616462417		350014.19181730226		51.43954998072224		185.63403520405186
11430.0		0.0011631718999729201		-155.35936262174667		16.921731160103285		349974.1670772219		51.20276041734775		185.54496177911554
11460.0		0.0016109353643587237		-155.35749172247594		16.901897454541032		349991.5364985559		50.96620185677636		185.45663370345966
11490.0		0.0010414217263711677		-155.35559691815084		16.882029187948348		350000.3413138315		50.729931720062766		185.3691105405723
11520.0		0.000978029235433264		-155.35367502148964		16.862123527444204		350000.39548191056		50.493903553472315		185.28229832821967
11550.0		0.0015626366613240952		-155.351724918386		16.84217999083811		349991.6383411819		50.25810681656245		185.19615781369342
11580.0		0.0014117046916907268		-155.34978005532267		16.821765413278186		350039.0191542525		50.02245271753241		185.11053779037755
11610.0		0.0012436697383639676		-155.34777189450804		16.801744660025566		350012.44471879397		49.78712425689864		185.0256809307079
11640.0		0.0012959915604983338		-155.34574169719508		16.78169517478484		349977.4773316551		49.552156857335106		184.94161337522
11670.0		0.0010675826374383507		-155.34371376316946		16.761167824237326		349998.1398423007		49.31732987463549		184.85799783349185
11700.0		0.0020114023598452034		-155.3416624863262		16.7406079188356		350010.1201992845		49.0828729436567		184.77513950835348
11730.0		0.00129901126358289		-155.3395714851455		16.719998228112015		350012.3783371486		48.848519565514124		184.69264172078834
11760.0		0.001583766309756853		-155.33745520130532		16.699355425482675		350005.8526299447		48.61452011541109		184.61083656595875
11790.0		0.0024028161554773973		-155.33530768702246		16.67867377337286		349990.17212240305		48.38078323891545		184.52957559664245
11820.0		0.0020949175375610542		-155.33313176921013		16.657957144126943		349965.534182027		48.14736394205823		184.44891518030053
11850.0		0.0025285941756983937		-155.33095930282968		16.63675338456926		349995.73050658964		47.914216324089324		184.36877246261437
11880.0		0.0017870177377648346		-155.3287531181745		16.615506685240845		350016.41112838965		47.68132996882098		184.28911477816015
11910.0		0.0027268155229518264		-155.3264729558377		16.594665505123558		349963.4891320355		47.448613675877276		184.20980101622894
11940.0		0.0029059175994424935		-155.32423206612893		16.572879726998032		350028.7677000761		47.21625187077182		184.13106383692121
11970.0		0.0024511148585120257		-155.32189633751412		16.551973343194266		349957.9053050196		46.9842781461858		184.05292914866985
12000.0		0.003500587550602175		-155.31958556427912		16.530101157142372		350003.8394838199		46.75247244003719		183.9750849843078
12030.0		0.00261110002799968		-155.31724591075206		16.508191644368768		350040.41439476516		46.52106273038301		183.89781888158475
12060.0		0.0028354834682001724		-155.3148286451713		16.486693642253332		350003.5556231169		46.28978389445814		183.82076336065856
12090.0		0.002854603920842815		-155.31238139231107		16.465162508117913		349957.5321001401		46.05888366528884		183.74423016255503
12120.0		0.002546702939166719		-155.30992889084175		16.443121928145686		349964.57612817734		45.828272612958536		183.66808544174623
12150.0		0.0026966291290251524		-155.30744216742846		16.421041732965598		349961.9619354848		45.59800333182339		183.59238222478209
12180.0		0.002757000734998624		-155.30494769019555		16.398443897312127		350011.7960166931		45.36803069575894		183.51704649925193
12210.0		0.0027751118622267017		-155.30238419512781		16.376276505282245		349989.2196755046		45.13834454542323		183.4420506517851
12240.0		0.002863658302576977		-155.29980429869153		16.353580651221908		350018.2768541984		44.908851581817515		183.36726145347131
12270.0		0.00313131036505755		-155.2971612001972		16.331326677063018		349975.60411105584		44.67973735854591		183.29290277915513
12300.0		0.0029632706842112845		-155.29454134532006		16.308070128293203		350046.8906081235		44.45103368748262		183.21899979035896
12330.0		0.002755994955223689		-155.29181802104995		16.285730671305693		349984.0304318704		44.22252163886911		183.14526143945582
12360.0		0.002921012569225645		-155.28911534978525		16.26238066163879		350034.50274926145		43.99442717493471		183.07195989377337
12390.0		0.0020013398345763533		-155.28630773693723		16.239955149168818		349951.2401915882		43.76648716015589		182.99875195503589
12420.0		0.002052659422575415		-155.28351647470825		16.216509461219953		349980.5577970147		43.5389463025581		182.92593168814741
12450.0		0.002549722642251275		-155.28068187772277		16.193016575139335		349999.27505387925		43.31171734540593		182.8533773023885
12480.0		0.0032077779930696007		-155.27780672515274		16.169480233682926		350007.61449193023		43.08485047515414		182.78113851151974
12510.0		0.0037511330837497266		-155.2748875888162		16.145897888464777		350005.3496909784		42.85830150347516		182.70914847132056
12540.0		0.0033234934880217466		-155.2719232787812		16.122269282226316		349992.4153268747		42.63206062190642		182.6373835258648
12570.0		0.00272681434107195		-155.2689068759407		16.098588447496603		349968.32410237566		42.40603268995651		182.56571665622099
12600.0		0.004093238850932728		-155.26587275211685		16.074361029025425		349994.0664802762		42.18040412389312		182.4943640982811
12630.0		0.0032409864538405836		-155.26279890621015		16.050092244542075		350009.36740073375		41.95520499401832		182.42334997464496
12660.0		0.00357504598282411		-155.25964876571192		16.026279610867274		349953.3560243733		41.73021794075879		182.35240070192594
12690.0		0.003155458534694988		-155.2565010123383		16.00140358571653		350006.445556446		41.50566661373293		182.28177506497147
12720.0		0.004834812925106533		-155.25329348818903		15.97646601201776		350047.43002668116		41.281290350106275		182.21115025763402
12750.0		0.0037621978431538815		-155.25000276415454		15.95252005298877		349958.97146777064		41.05733052276697		182.14080495936597
12780.0		0.0039231923380561		-155.24670231311376		15.92749182942229		349978.0543227028		40.83370223171502		182.07062747570666
12810.0		0.0034935423646581276		-155.24335441702482		15.902417143912883		349986.0334489159		40.61045326383836		182.00066432574425
12840.0		0.0037199385462883656		-155.23995554302957		15.877293554336386		349982.6698272154		40.38754049007674		181.9308545709709
12870.0		0.0038819388209655184		-155.2365044673155		15.852120888750104		349967.8980194796		40.16495452076957		181.86117771663942
12900.0		0.004266306248773789		-155.23301056827802		15.826363970825184		349999.6258574482		39.942598592564806		181.79151166004098
12930.0		0.004129464651028514		-155.22946846920038		15.800560710091467		350020.06299662683		39.72065974824596		181.72206604742323
12960.0		0.003476437017204984		-155.2258640939313		15.775246906319804		349971.2477602614		39.499166351363556		181.65286380648985
12990.0		0.004542008095093465		-155.22222834049646		15.748808336016353		350026.324566368		39.27790296469055		181.5836460582534
13020.0		0.0033647470051123285		-155.21851522238794		15.72339822920454		349954.3835454276		39.05709068098019		181.5146599256449
13050.0		0.003816534770477746		-155.2147644232216		15.696853324521504		349985.4174368903		38.83647169926223		181.44559986718622
13080.0		0.004624516311154505		-155.21096247120533		15.670261300473635		350004.8515378628		38.61628380739102		181.3767311397266
13110.0		0.002967298530830528		-155.20710283825187		15.643617079802722		350012.21178421564		38.39644459708343		181.30795061245954
13140.0		0.004256243723504939		-155.20318826625106		15.61692427898765		350007.7471521795		38.176999470059926		181.23930177043422
13170.0		0.0042934764852555355		-155.19921510619113		15.590180564336		349991.2067695884		37.95790644755765		181.17072861073243
13200.0		0.004424281040591451		-155.19518209836139		15.563385851321149		349962.5262487903		37.73915660840382		181.102213210018
13230.0		0.0033909102799392645		-155.19110145297498		15.535429430301345		350034.2937321132		37.52065175619656		181.03363735768932
13260.0		0.004619486230399957		-155.18694493986175		15.508529547108028		349980.8940420421		37.30257935011649		180.96520506150364
13290.0		0.004366926773942783		-155.18275308731808		15.48047547308647		350028.5115565341		37.084966080253594		180.89693798134988
13320.0		0.004925372106886555		-155.17847273232888		15.453474491454845		349950.5155333178		36.867598717411646		180.82858970320433
13350.0		0.004207947384230064		-155.1741537111901		15.425312598120465		349972.8705347646		36.65069559727311		180.76039717972895
13380.0		0.004878080365506738		-155.16975837865704		15.397085612164739		349981.51174713764		36.4340020943181		180.69206958149636
13410.0		0.004525907345535379		-155.1653039706995		15.368810191778273		349977.86066336464		36.217752211810584		180.62386043097916
13440.0		0.004525908527415257		-155.16078376721907		15.340481432983212		349961.4193588672		36.00186613098142		180.55567394309153
13470.0		0.005134664122943526		-155.15621025864607		15.31096590342527		350042.8883036468		35.7863868891324		180.48755074505652
13500.0		0.005954718566559127		-155.15155880572925		15.282531353353098		350000.783774524		35.5712737260099		180.41943901167744
13530.0		0.004812676315018965		-155.1468427435665		15.253472341735735		350000.7001853315		35.35651822527146		180.35132294694046
13560.0		0.004669796492984454		-155.14204863729384		15.224351072576505		349986.76407205313		35.14202092545522		180.28308740483715
13590.0		0.004919332700717443		-155.13719284940285		15.194604733123345		350014.7026601583		34.92796951443989		180.21493161344983
13620.0		0.004157637121645566		-155.13227329312883		15.16480818414688		350029.8113173712		34.71438904222822		180.14687594243253
13650.0		0.0048901556322053326		-155.1272724237078		15.134947429734678		350030.6994191697		34.50106872072621		180.07868459944314
13680.0		0.004894179933184946		-155.1222069151697		15.105038070280571		350018.7830888126		34.28822396524616		180.01058566443695
13710.0		0.005139693021818197		-155.11705572712145		15.075063265199033		349992.37815675884		34.07560357915136		179.94230090857153
13740.0		0.0043538480912290066		-155.11183688182072		15.04503966675443		349953.01860265434		33.8634376233433		179.8740735784644
13770.0		0.005403318419559403		-155.10653943650402		15.013786460688717		350007.15147701744		33.651648937501704		179.80581425390213
13800.0		0.005370114686307925		-155.10116726506803		14.982475584317978		350047.38766966015		33.44027822117658		179.7375608808886
13830.0		0.004500752214243131		-155.09572329890912		14.952288641628073		349967.1801933134		33.22928598320689		179.6692652110952
13860.0		0.0047563301919049845		-155.0901938767165		14.920862190919877		349979.3629219765		33.01866433880107		179.60091323700507
13890.0		0.005636757423373934		-155.08457520875442		14.889369746648205		349976.59694159403		32.80831271173327		179.53239219480926
13920.0		0.004438367866839915		-155.0788824121348		14.857825162040026		349960.19955752045		32.598418850658334		179.46389730905514
13950.0		0.005060204508841714		-155.07310420346158		14.825032090460589		350035.2246974362		32.389006199449945		179.3954476666283
13980.0		0.00582491860911827		-155.06724602114687		14.793370278193603		349990.0758979684		32.17986660204567		179.3268165600669
14010.0		0.004485659608219732		-155.06129849355733		14.760454290830712		350035.6867694333		31.971212420729188		179.25822433006883
14040.0		0.00546369120741275		-155.0552693253479		14.728675892397856		349961.5446261568		31.762796093000958		179.18940358092337
14070.0		0.005728324748688642		-155.04914454193303		14.695635860715251		349977.30505426135		31.554843614022126		179.12058854950388
14100.0		0.005233269542923021		-155.04293263093584		14.662535797087555		349978.2465969622		31.347280528132345		179.05169538141482
14130.0		0.005134662941063648		-155.03663627084586		14.629379165167723		349964.6590384608		31.140145229004844		178.9827595101773
14160.0		0.005926543732182322		-155.03022810163483		14.594939700204614		350038.686947478		30.933399531476695		178.91373578199168
14190.0		0.005459668088313012		-155.02375171585163		14.561662645992566		349995.0681795059		30.72703610137119		178.84461171591877
14220.0		0.00487707222197205		-155.01714905010516		14.527089364034662		350037.5241426872		30.52095338432703		178.7752763578253
14250.0		0.006042260409014345		-155.0104874638438		14.493693297275032		349963.69130105525		30.315339038200676		178.70592163143326
14280.0		0.006202245578502		-155.0037140201922		14.459010327928565		349976.86641120445		30.110214935694586		178.63656536558443
14310.0		0.005307729157024833		-154.99683551990026		14.424258080146704		349973.71422464866		29.905375709351823		178.5669886411752
14340.0		0.005991947782670095		-154.98987044178782		14.389452273569065		349955.88875813596		29.701030561504375		178.49740505486437
14370.0		0.00551098176691269		-154.98276108381717		14.353327239829673		350021.4314609319		29.49693572970665		178.4275565481636
14400.0		0.0057051811769462625		-154.97559428244858		14.318394236827798		349971.8073234027		29.293313052911806		178.35766959743535
14430.0		0.00640147506929012		-154.9682923508692		14.282147455739487		350006.0630020043		29.090090804569662		178.28766496189135
14460.0		0.005597514283953345		-154.96089223867708		14.245839367236693		350024.52187433187		28.887305108016115		178.2175758697677
14490.0		0.005318798643948494		-154.95338966497917		14.209468173313583		350026.8910913067		28.684919109903895		178.1473598701349
14520.0		0.006361226150094596		-154.94578316225932		14.1730342311976		350013.1208664756		28.48292604000899		178.0770058044302
14550.0		0.00536407646201869		-154.93806193148083		14.136531001256257		349982.35173524916		28.281223490958233		178.00640403924126
14580.0		0.006306891586530485		-154.93019752810426		14.098699957725279		350033.71267386526		28.079998892210895		177.935743836543
14610.0		0.006640949933634135		-154.9222811755539		14.062085845522942		349971.96245452296		27.879272581085104		177.8650418008381
14640.0		0.007166189169566676		-154.91419886854376		14.024125838947512		349990.1234349767		27.67884210757267		177.7940856962222
14670.0		0.007141034038274427		-154.90601592259966		13.986108606879526		349992.43534603156		27.478913428052586		177.72308325333836
14700.0		0.006203251358276933		-154.8977075327741		13.948017667671543		349976.8191271052		27.27924671414595		177.65178447248124
14730.0		0.007078650872751087		-154.8892403378735		13.90858034279808		350041.0027759755		27.080059568675516		177.5804087505033
14760.0		0.0065705146205119365		-154.8807134178411		13.870367971836142		349992.41876961384		26.881283014237695		177.5088815037278
14790.0		0.006440715844950956		-154.8720191085842		13.830802036181153		350022.67607792653		26.6829509455223		177.43723359700516
14820.0		0.006046284709993959		-154.8632072025754		13.791170244807933		350035.65764868166		26.4850278579947		177.3654249614248
14850.0		0.006635919852879586		-154.8542761658487		13.751473088011183		350031.3214714583		26.28750755401167		177.29344560032052
14880.0		0.006119736180561083		-154.84521426616004		13.711703967737003		350008.7289859336		26.09028688890659		177.2211867768409
14910.0		0.005565317512356679		-154.8360401449758		13.671877497428069		349969.6136511471		25.893552937808977		177.14883567536276
14940.0		0.007195369783718415		-154.82668850565523		13.63068439481115		350007.60001013894		25.697324538975238		177.07640771346323
14970.0		0.0078262596255745		-154.81720026718037		13.589416402443364		350026.74344915897		25.501402265931844		177.0036963872856
15000.0		0.006411536412679093		-154.80759614200352		13.54808937186564		350028.97119908966		25.305988760318854		176.93090434020422
15030.0		0.007914806065924774		-154.7978497789439		13.50668697508886		350012.0577351926		25.110848235710307		176.85778852893372
15060.0		0.0076743218761661965		-154.7879832859535		13.465225883156604		349978.0584562905		24.916194010769203		176.7845622697246
15090.0		0.006637931412429454		-154.7779129422477		13.422375261254704		350018.0821317062		24.721959855120886		176.71115488561085
15120.0		0.007306054016036136		-154.76771330915585		13.379459380027898		350040.0703889653		24.528177476659522		176.63759515663924
15150.0		0.00748917921162654		-154.75737968526175		13.336476763346042		350043.7158236336		24.334812729465867		176.563845131094
15180.0		0.00804762572645019		-154.74691047196404		13.293428036160755		350028.9864139287		24.141859993200313		176.48989584743563
15210.0		0.00735132947034658		-154.7362929025928		13.2503065499957		349994.8586204322		23.94921549372843		176.41563909185933
15240.0		0.007791043150893278		-154.72546211305226		13.205785346964218		350033.2713752538		23.757065835484696		176.3412605081072
15270.0		0.007403653656240698		-154.71458736142182		13.162547485106222		349964.0287916083		23.565428394417395		176.26677436484093
15300.0		0.007979203154757737		-154.70347327397633		13.117892916790362		349964.9039648976		23.374106854907794		176.19197906433604
15330.0		0.009286263020299855		-154.69213617501035		13.071828859642668		350036.98103002645		23.183300489119517		176.117072857117
15360.0		0.008120070235362502		-154.6807274291568		13.027037292501543		349999.45513689704		22.992777639078312		176.04181869803884
15390.0		0.0064155618955385844		-154.66908718641585		12.980831058505828		350032.3011396369		22.802747302396682		175.96642458015134
15420.0		0.01225758467023012		-154.65729766915146		12.934557065520439		350045.8446335839		22.61314598712373		175.8908233502031
15450.0		0.009131306749686872		-154.64545983068444		12.889580467350052		349952.70505664125		22.424003259363673		175.81504181744222
15480.0		0.010071103352993988		-154.6332734831212		12.841814538200078		350015.7700147694		22.235286335512384		175.73904392732945
15510.0		0.009941301031793378		-154.62103222270068		12.795345455784481		349971.81940411497		22.046990174029574		175.66282165316593
15540.0		0.010031860213573397		-154.60851938474903		12.747434629852325		349994.22923307493		21.859010472713948		175.58626697092177
15570.0		0.00900553109322563		-154.59585706159584		12.699461785767665		349997.6689264616		21.67153325638735		175.50956447993437
15600.0		0.010896190241123892		-154.58304638012166		12.65142932645802		349982.3762106169		21.484574475683814		175.43272733657838
15630.0		0.01026831773859261		-154.56995183453495		12.601945734746087		350032.03004955687		21.297940997904007		175.3555581265326
15660.0		0.010599359928251333		-154.5568155650061		12.553780616179248		349976.95955697354		21.111828682176878		175.27825132976204
15690.0		0.010685893627171863		-154.54338493279883		12.504159034450478		349985.89666457195		20.9260100676902		175.20057505985267
15720.0		0.010816700546267531		-154.52979515276388		12.454475828958486		349975.41934687365		20.740689806793355		175.12273266133823
15750.0		0.011589464430383192		-154.5159189409917		12.403338954039496		350029.4119944535		20.555807129175946		175.0446601815961
15780.0		0.011559279218336395		-154.5019936564617		12.353526518894318		349978.8697563559		20.371389505718142		174.96638255940454
15810.0		0.011397280125539118		-154.4877751273856		12.302257450646152		349992.2249995088		20.187405513711326		174.88786545381112
15840.0		0.011233268291312097		-154.47338006609516		12.250921381768643		349984.94366221875		20.003850689162135		174.80910169377873
15870.0		0.010618478017134222		-154.45866650076312		12.198112739315091		350039.0980632575		19.82062029779165		174.72998314388562
15900.0		0.0125363038558746		-154.44390938522804		12.146642139524236		349990.0773261981		19.63789968181615		174.6506938204695
15930.0		0.010623506916008893		-154.42885417367273		12.093711746184272		350004.40049854014		19.45570340349957		174.57124580156506
15960.0		0.012251548809700637		-154.41360061174953		12.040707319523232		349996.5177437356		19.27384157249496		174.49144521914027
15990.0		0.013572694319611344		-154.39817382133276		11.987644840556946		349968.84933712333		19.09250660015178		174.4114833429769
16020.0		0.01201207158159687		-154.38240441897702		11.9330974040336		350000.4395065112		18.91147527757724		174.33113270583695
16050.0		0.012919666685787813		-154.36645197555876		11.87848800443167		350011.474765718		18.73094789700191		174.25059260675135
16080.0		0.012438701851910287		-154.35030724011293		11.823813581223767		350001.29471705575		18.550866386330284		174.16980202066156
16110.0		0.013994292145410458		-154.33397263735		11.76907745443262		349970.2896318678		18.371256168906115		174.08878410340373
16140.0		0.014930065629617835		-154.31729675670212		11.712858014124992		349998.7146837814		18.192087177282005		174.007506074152
16170.0		0.013182287485633961		-154.3004193829047		11.656572359793048		350005.42052600626		18.013355521025744		173.92596155507582
16200.0		0.014372627258328876		-154.28332383468992		11.600213835166484		349989.08778550196		17.834956125605558		173.84404202442647
16230.0		0.01706824942569922		-154.26588319592315		11.542370455661624		350031.9011111157		17.657073551836163		173.76193134676424
16260.0		0.016124429703292364		-154.2484012518775		11.485897530536548		349974.4372573942		17.479721010344747		173.67964055236266
16290.0		0.015416060544249911		-154.23054175768		11.42792476817685		349973.39151339233		17.30271190251422		173.5969787544852
16320.0		0.015571015632983017		-154.21232498750638		11.368461458366884		350030.51771763247		17.126235163827403		173.5141345195137
16350.0		0.017393253391068706		-154.19403264379596		11.310358549493921		349984.94316570275		16.950071880379568		173.430884143684
16380.0		0.01622002014770681		-154.1753724757859		11.25076188406805		349996.81743495166		16.774417977097272		173.3474234220967
16410.0		0.016465532054460184		-154.1564939526199		11.191102985199958		349986.6235820269		16.599218050991908		173.2636940261776
16440.0		0.01889853578574413		-154.13723124498685		11.129942225319194		350032.4999447586		16.424495526183705		173.17971740434146
16470.0		0.017637761881806897		-154.11791266662215		11.07016266657811		349978.39809632953		16.250221681080802		173.09546220739347
16500.0		0.016453457969641466		-154.0981976959779		11.008877584123749		349979.5357273845		16.07639319291758		173.01092280247204
16560.0		0.01880596504441424		-154.05787878576146		10.884664361171922		349989.4025907414		15.72993999038897		172.84084800034563
16620.0		0.018995130828053635		-154.0164655448459		10.758768869183159		349987.7581650913		15.385434063275767		172.66977780897813
18750.0		0.014148243818128382		-151.54348081223142		4.963210232004995		350000.37179914117		4.364986406120778		165.7719306534213
18780.0		0.012523221627521196		-151.4913975805222		4.865667662518409		349962.90563466493		4.227206804839838		165.6624339681389
18810.0		0.011083344465213417		-151.43846603423015		4.766630971252964		349973.2870524032		4.089928674460097		165.55257526165366
18840.0		0.004232096735747378		-151.38502012682864		4.667641502611834		349964.8022683356		3.953047209312757		165.44223495242704
18870.0		0.0024330013675241944		-151.33073174201581		4.567167279072801		350006.31547680404		3.816737317009853		165.33160867251527
18900.0		-0.00018815764010470624		-151.2759758812893		4.466758337029087		350034.1405907152		3.6810026533920848		165.22069970339214
18930.0		-0.0032450107548201977		-151.22108628685308		4.367955188188731		349980.39532702137		3.545684007893783		165.10932651424523
18960.0		-0.007045443593859981		-151.16495119120407		4.266127141239374		350041.4120429773		3.4109418566157927		164.9976696965943
18990.0		-0.01168405027690258		-151.10906310912713		4.167459120288061		349956.9145513773		3.2765923844258253		164.88551894317035
19020.0		-0.012817033419189074		-151.0519058378601		4.065769680924124		349986.97214415576		3.142796734046925		164.7730562108639
19050.0		-0.013345291176326296		-150.99424624674506		3.9641573363634923		350003.17789096106		3.0095193403045783		164.66023985206652
19080.0		-0.01787120324938118		-150.9360854828099		3.862626096501466		350006.08758708276		2.876769378533325		164.54707920553741
82020.0		-0.0021502602446598533		-165.4294986979882		27.223495329847264		349998.04399636947		7.7110582900251785		311.7775038401718
82050.0		-0.0040851902489735		-165.32694117428738		27.188842361766138		349964.86191501		7.858969002897339		311.9121869337839
82080.0		-0.0025688419130140408		-165.2275215403154		27.155610202209445		350035.73622823786		8.007157781699348		312.0464637598197
82110.0		-0.0012134821625574175		-165.1259037940565		27.120113475099366		349957.89283654373		8.155853124459398		312.18045205891326
82140.0		-0.0013603898312111718		-165.02740634195914		27.086056842929096		349984.38375673536		8.304827960705083		312.3140322915628
82170.0		-0.002612106989654491		-164.92933987525535		27.05159793139048		349991.70289837755		8.45434535359685		312.44733980908813
82200.0		-0.0005956721852949861		-164.8317467012439		27.01673886902097		349974.9847727204		8.604180165230005		312.58025632584975
82230.0		-0.00021029661395202822		-164.7359164735446		26.982421573403848		350000.1394285923		8.754376121596238		312.71280328194354
82260.0		-0.004607412145581238		-164.6405444782076		26.947717750257084		350002.11302226316		8.904929425997892		312.8449774461848
82290.0		-0.0012265620271510707		-164.54691413289532		26.913573907133305		350046.69167215936		9.055864085553566		312.9767899459981
82320.0		-0.0004326673127227753		-164.45244862621004		26.87811179096675		350002.97287415434		9.207177772125263		313.1082382758149
82350.0		-0.0016864007582354696		-164.3596885772131		26.84322297287388		350005.12712558266		9.35903621360005		313.23940641741274
82380.0		-0.0030679178741196463		-164.26866625541308		26.808917491617606		350048.2068859106		9.511174964027703		313.37015683845465
82410.0		-0.00133523233615917		-164.17683314215674		26.7733028810817		350000.5304769799		9.66359655336872		313.5004897463908
82440.0		-0.0024521218201668366		-164.08668938131996		26.73828469351253		349998.44118753634		9.816531496201392		313.63052219545733
82470.0		-0.0023997976342727176		-163.997003027893		26.702916941596875		349971.44539755303		9.969750763639638		313.76013539200403
82500.0		-0.002691596684510851		-163.90898236007348		26.66816204974868		349991.06825354975		10.123519207095512		313.8894636351086
82530.0		-0.0039040754310530872		-163.82140429943348		26.633069612822993		349986.60795170255		10.277610744464184		314.01838987627644
82560.0		-0.001409693132140858		-163.73426245900632		26.59764344837302		349958.7520678919		10.432067215755879		314.14693427927335
82590.0		-0.004093240032812604		-163.65003254180533		26.563816879380532		350041.5165215675		10.586886821289		314.27509467587356
82620.0		-0.0016028843986397425		-163.56375200020483		26.527738730671523		349967.23142482154		10.742092608123556		314.4028815402596
82650.0		-0.004077139283254518		-163.4803617343386		26.493275700267127		350004.41888697166		10.897681473998134		314.5302920058176
82680.0		-0.003642461592861751		-163.39736030589583		26.45850116449616		350021.8956489684		11.053823529639402		314.65741108245487
82710.0		-0.0015747095642629377		-163.31479185387582		26.423419697912		350014.59174605086		11.210248537943201		314.7841002479734
82740.0		-0.005596510867938163		-163.23265593761096		26.388035066211053		349982.5068474524		11.366960464292234		314.9103604214969
82770.0		-0.003306388140568603		-163.15212428862668		26.353326022108575		349997.9046388641		11.524191875472141		315.0363080363464
82800.0		-0.004691931921192147		-163.0720160137036		26.31832471394763		349988.72325779404		11.681711750691761		315.1618249514817
82830.0		-0.007046451737394668		-162.99348830248726		26.28401284283174		350028.1574099818		11.839786755827618		315.2870444922763
82860.0		-0.003494549326312939		-162.9153689683684		26.24941893396494		350043.8869369719		11.998189856828049		315.41185075230106
82890.0		-0.009919164421705809		-162.83765214572676		26.21454619138462		350036.5182284154		12.156960958197828		315.5362626232866
82920.0		-0.004855943755419169		-162.76033811038207		26.179398076878034		350005.9582920568		12.316100308347288		315.6602789806939
82950.0		-0.007296996088662344		-162.68342382937388		26.143977846435998		349952.4849617556		12.475629967721858		315.7839096400649
82980.0		-0.005565317512356679		-162.60925825806964		26.11026534718023		350015.1575607266		12.635546039348085		315.9071513576772
83010.0		-0.00756766549046772		-162.5342792484151		26.075302319802873		349988.5706051141		12.796023118240967		316.030090214324
83040.0		-0.006245511837022326		-162.4608714617248		26.041072680496118		350007.4281831719		12.956785046066045		316.15258658847415
83070.0		-0.006556430158023225		-162.387860025527		26.00659161778433		350002.14693338145		13.117837260846272		316.2746420939733
83100.0		-0.008401807942211662		-162.31636557894566		25.972853841944406		350046.9807285387		13.279414416271308		316.3963726117602
83130.0		-0.0066318955518999715		-162.2441080453133		25.937878522217858		349997.26471734326		13.441283465184355		316.5176605516438
83160.0		-0.005829948689872818		-162.17335359346544		25.903655122588308		349998.44251447264		13.603712912604621		316.63863834697923
83190.0		-0.008511485212874571		-162.10298055895865		25.869195532246227		349976.242532921		13.766474766251406		316.7591911317665
83220.0		-0.005849067960635584		-162.03411913302907		25.83550196027111		350002.5719175739		13.929606943039403		316.87933652566807
83250.0		-0.005664931075870862		-161.96562395217057		25.80158062580131		350006.4658453129		14.093111791446304		316.9990744279904
83280.0		-0.004700988666686062		-161.89749216636952		25.767434336240267		349988.1723967977		14.257010357064999		317.1184139866176
83310.0		-0.006581585289315474		-161.83084579271673		25.734069352885154		350019.6047926452		14.421297927641987		317.23735156148814
83340.0		-0.004546033577952956		-161.76452958565176		25.700485150187873		350031.82352878153		14.586153682464854		317.3559743500425
83370.0		-0.006338081396472339		-161.69858255057787		25.66668906955281		350020.3884947868		14.751295411001536		317.4741415096818
83400.0		-0.006492031887310387		-161.63300349978564		25.632684144822402		349985.3612438608		14.916730061558098		317.59185533073895
83430.0		-0.005943650261515343		-161.56886270081299		25.599476926225492		350003.2730629165		15.082694405411772		317.70923121124883
83460.0		-0.0075072938844942495		-161.50508015782447		25.566068926059728		349997.9554484356		15.248953339870582		317.8261520044122
83490.0		-0.006361226150094596		-161.44161982165338		25.53245835743099		349973.35307699814		15.415777228537664		317.9427493338565
83520.0		-0.006820054373884554		-161.37960042657966		25.499662453646373		349999.74879605323		15.582937115819163		318.05890926547085
83550.0		-0.00663390711144984		-161.3179195499143		25.46667500769667		350004.33550402615		15.750468876405947		318.17464814173405
83580.0		-0.009490522591842524		-161.25657652624298		25.43349879970637		349987.1124961274		15.918377011580986		318.28996686504263
83610.0		-0.007141034038274427		-161.19664280481936		25.40114919139102		350022.8272607196		16.086681522134384		318.4048739023095
83640.0		-0.010047959781251609		-161.13596614116148		25.367604149525786		349962.52551238146		16.255376855186512		318.5193651917498
83670.0		-0.008615124259248246		-161.07666667576927		25.33488930256226		349958.039512367		16.424646880694425		318.6335290997616
83700.0		-0.008055674328409416		-161.0187672072345		25.30301540733669		350005.98787717987		16.59420320050755		318.74722342618304
83730.0		-0.012010057658287249		-160.9611968721704		25.27097137850994		350031.67695691716		16.76405431114206		318.8604511178283
83760.0		-0.010520876013169906		-160.90287472217815		25.23773842710203		349962.53103930224		16.934439131937054		318.97332716136754
83790.0		-0.008435014039222892		-160.84698294895625		25.206373625489483		350022.6904661972		17.10512047145629		319.08573473517373
83820.0		-0.01138822456192508		-160.79033513256752		25.173824336675004		349988.32321522944		17.276370570775228		319.1978047374679
83850.0		-0.007712558053931976		-160.7350475173785		25.142132879342466		350008.6795758018		17.44795950761032		319.30942405050143
83880.0		-0.010965617410711401		-160.68006948428527		25.110284044651376		350008.0742000351		17.619921056956272		319.42060772829217
83910.0		-0.008514503734079252		-160.6254000208268		25.07828028552107		349986.54325328674		17.792261926239988		319.5313576541173
83940.0		-0.009124263927502579		-160.57205995917542		25.047143392404244		350021.72654924635		17.965001039659427		319.6416815954013
83970.0		-0.008782153432800071		-160.51799872301746		25.014837256613152		349958.8627151856		18.138131980049252		319.75157503950277
84000.0		-0.00884152162275836		-160.46625011039274		24.984419953460527		350033.49980554264		18.311843408697655		319.86112757401554
84030.0		-0.008348480340302361		-160.41379266486942		24.95284088056774		350008.5831559561		18.4858406055166		319.970195491867
84060.0		-0.00979137602381482		-160.36164348358727		24.92112242714376		349961.94133499265		18.66013365319678		320.07878237383017
84090.0		-0.0092530581051685		-160.3107748545781		24.89028250877608		349975.4299842119		18.83496364617102		320.18700286614194
84120.0		-0.008924028656939524		-160.26020471492888		24.859308703357893		349967.68237332813		19.01009127359967		320.2947403460957
84150.0		-0.010140530522581497		-160.21089294752943		24.829218279818864		350021.490356395		19.18579066849108		320.4021250697064
84180.0		-0.009873886603635612		-160.16087822395914		24.797976096609446		349975.37523708213		19.361830939965543		320.509044612468
84210.0		-0.010431322611164822		-160.11213528176398		24.767627459602526		349988.79340005666		19.538243703018196		320.6155127213308
84240.0		-0.010862985325992537		-160.06367126158565		24.73715269998285		349982.4058842482		19.71503792498747		320.7215322360034
84270.0		-0.011626694828374036		-160.01548390488986		24.706553682230407		349956.3846750753		19.892231419573946		320.8271101994724
84300.0		-0.012003014836102954		-159.96854297818203		24.676855256636813		349991.4467937844		20.069816879041085		320.9322416121869
84330.0		-0.010874053631036322		-159.9218488979142		24.647032175241613		350009.57737670373		20.247987858292092		321.0370173377906
84360.0		-0.011012910333971095		-159.87543459046108		24.61709482951565		350007.1348100733		20.426443178764842		321.1412919974829
84390.0		-0.010766390283683034		-159.8292982769218		24.587045227262568		349984.24371657986		20.605194547272973		321.2450697800349
84420.0		-0.011700147480821037		-159.78436484259709		24.557901012316727		350025.74399120547		20.7844852572602		321.3484650602917
84450.0		-0.00988092824394003		-159.73969974731824		24.52864876952548		350047.338599571		20.964073848694355		321.4513612786187
84480.0		-0.012105649284581571		-159.69433051480075		24.498260978514548		349969.5315280501		21.144236357096005		321.5538881295308
84510.0		-0.009581078227982915		-159.6511098262841		24.46981195216031		350037.5119496258		21.32474092275342		321.6559337504697
84540.0		-0.011417405176076818		-159.60720600837615		24.44023743077966		350003.6840982577		21.505616937324888		321.7575105538022
84570.0		-0.011315776507373138		-159.56356024504709		24.41056112368415		349950.7765622977		21.68687568206846		321.8586223078493
84600.0		-0.011261443125688903		-159.5210957501966		24.381805662500042		349962.78155407775		21.86853382409437		321.95927529832227
84630.0		-0.011754483226265024		-159.47887907956837		24.352951883345195		349956.33717993926		22.050583137114046		322.05946399488147
84660.0		-0.00992218294291049		-159.43780629203087		24.32501618771376		350018.030232233		22.233222170869368		322.1592805919304
84690.0		-0.01110447529552605		-159.39607104571326		24.295968890400243		349975.84228083305		22.41614315107354		322.2585778582719
84720.0		-0.009349651965598128		-159.3555004040801		24.267851846939582		349999.13500886876		22.59935944627081		322.3573605598479
84750.0		-0.012347138072235206		-159.31515266165363		24.239639306485955		350006.0598486578		22.783116569212595		322.455742865023
84780.0		-0.010506789186921443		-159.2750519848493		24.211340684012058		349993.97444981895		22.967170882064778		322.5536081309978
84810.0		-0.012089549716903363		-159.2351703911363		24.182949389808837		349965.7873741416		23.151800328920345		322.6510855664392
84840.0		-0.011301688499244796		-159.1964216517229		24.15549212314793		350005.320726024		23.33677208278715		322.74806373039854
84870.0		-0.01281401607986427		-159.15790323821156		24.127951383524564		350027.1450010408		23.52211324542786		322.84455366223966
84900.0		-0.010148580306420603		-159.11961344209837		24.100328658858075		350031.37809696794		23.707837466084555		322.9405600261246
84930.0		-0.01181887913321811		-159.08155040076804		24.072625364584425		350018.15280826204		23.893960226866866		323.0360883078308
84960.0		-0.009554919680675485		-159.0437146382966		24.044843692276984		349987.3487434834		24.080472352884357		323.1311323925386
84990.0		-0.010754316198864316		-159.00695623406037		24.017993362257677		350028.88014053367		24.267577488867857		323.2257858578362
85020.0		-0.012127784712789264		-158.96956105112892		23.990056884708252		349964.06623091735		24.454961126830227		323.3198994223244
85050.0		-0.011570346341500304		-158.93326256357113		23.963063728795866		349969.1762242196		24.642638334170854		323.4134783915666
85080.0		-0.011919500840266982		-158.89716728133683		23.935993243102857		349958.7346485248		24.83085685899229		323.50663678517196
85110.0		-0.012031188488599883		-158.86215104170802		23.90986659964028		350019.4749443531		25.01937085846569		323.59925771944006
85140.0		-0.01166291826471007		-158.8264770540437		23.88265289903266		349976.0581862703		25.208460186143498		323.69146998438805
85170.0		-0.012289782623706664		-158.79186883720908		23.856383393731114		350004.8653695155		25.397891051282798		323.78316241013863
85200.0		-0.011271504469077875		-158.75747053520573		23.830047690039713		350016.943632029		25.587688195976185		323.87434461125963
85230.0		-0.009772260298691684		-158.72328027435046		23.803646991219818		350012.4297807114		25.777867691081326		323.9650221076684
85260.0		-0.010786512970460982		-158.68929637087655		23.77718254807803		349991.4395223586		25.96844379274816		324.05519953013834
85290.0		-0.009573030807903563		-158.65634782566647		23.75166222942759		350044.9788856702		26.159406345623694		324.1448701135755
85320.0		-0.009932245468179338		-158.62275464708185		23.7250680188712		349993.0367319016		26.35096418732757		324.2341288652265
85350.0		-0.008404827645296218		-158.59019804696754		23.699423087311395		350015.18351182994		26.542795938055022		324.32282423736024
85380.0		-0.01057219205552934		-158.55784750095876		23.673722757558615		350020.4585321471		26.734918400378703		324.4109620282363
85410.0		-0.009701824985569487		-158.52568064587214		23.647960059234503		350011.1160938274		26.927581569205927		324.4986561552564
85440.0		-0.011439540604284511		-158.49371883496838		23.622145195120392		349984.8933763793		27.120537370869805		324.58578932297456
85470.0		-0.009970482827824994		-158.46274145566906		23.597269211773312		350037.3774088584		27.31406756354272		324.6724899569639
85500.0		-0.010590303182757417		-158.43115602780833		23.571342301766062		349980.60835219454		27.5079373982933		324.7586469960353
85530.0		-0.01007713921352347		-158.40056464406996		23.546362485016367		350001.27774874493		27.70216918429483		324.8442685614137
85560.0		-0.010853929762378499		-158.37016106439953		23.521331469597893		350006.4529110724		27.89678146695212		324.9293609782314
85590.0		-0.01001777456920481		-158.33994378213237		23.496250354174812		349996.23403060343		28.09178723295397		325.0139279514505
85620.0		-0.01159851999399723		-158.3099133298989		23.471121088088886		349970.5122712534		28.287175312045818		325.0979619842034
85650.0		-0.010182789819447013		-158.2808319038221		23.446929122839727		350026.15832216013		28.48315983017404		325.18155954931876
85680.0		-0.011204090040920111		-158.25116176054067		23.421703242399143		349970.55416723713		28.679412397832877		325.2645665967792
85710.0		-0.011439540604284511		-158.22245771429667		23.39742604046082		349994.3376048729		28.875951587869473		325.3469893575442
85740.0		-0.011271503287198		-158.1939181868117		23.37309835561836		350004.5360528976		29.07302964801854		325.428941676436
85770.0		-0.01154519239208793		-158.1655633219876		23.3487306786874		349999.0547316475		29.27039624951015		325.5103056603578
85800.0		-0.010261276098288193		-158.13736966326496		23.3243141907321		349980.214539255		29.468335043951136		325.5912094054095
85830.0		-0.010795567352195144		-158.11011302712217		23.300841743313548		350043.1332775494		29.66661033180239		325.6715417826025
85860.0		-0.010339761195249495		-158.08227338006503		23.276346857878544		349994.16758174635		29.865241912248983		325.7513093300175
85890.0		-0.00975414798958373		-158.0553588521206		23.25279431498979		350027.95425321534		30.064250857291043		325.8305191126427
85920.0		-0.010033871773123267		-158.02861105761886		23.229202223157294		350047.511170662		30.263648837382668		325.90917381824323
85950.0		-0.011199056414525933		-158.00128883106618		23.204595938516192		349954.32758494		30.46342363068154		325.9872651167171
85980.0		-0.009510646460500347		-157.97559979759853		23.181898134955116		350045.32781881373		30.66379474327411		326.06489096481965
86010.0		-0.009046785792196088		-157.94934467042833		23.158193168329447		350022.6543573588		30.86442663863422		326.1418945526952
86040.0		-0.009788359866369892		-157.92326300582434		23.134458169385617		349984.8865117794		31.065339693431177		326.2182824658528
86070.0		-0.00953077032915817		-157.89806132009443		23.111654687829294		350033.72250694875		31.266788407973728		326.2941684813406
86100.0		-0.009841686286399316		-157.87230169710352		23.08785243935412		349968.0600342015		31.468520175882553		326.3694339048086
86130.0		-0.00839577208168218		-157.8474113809753		23.064979578152272		349989.8859473998		31.670820523732132		326.44420650983983
86160.0		-0.008479286077518154		-157.822681437294		23.04207659963499		349997.655132886		31.873452810890697		326.5183749059512
86190.0		-0.009501592078766186		-157.79811009538787		23.01914416029741		349991.49923563935		32.076434245591436		326.59194393112034
86220.0		-0.008312255722086452		-157.77369512887907		22.996182662418914		349971.5935734343		32.279788476631985		326.66492130349246
86250.0		-0.0093617284141766		-157.75013960279142		22.974151597438755		350039.7779843481		32.48352580836967		326.73730857558115
86280.0		-0.008669458822812358		-157.7260318587084		22.951133640160716		349992.75590031873		32.687632927596894		326.809096456181
86310.0		-0.00897936900027857		-157.70275985016414		22.929036675138434		350036.0082237553		32.89233480799762		326.8803843770369
86340.0		-0.009200736283034135		-157.67895085961473		22.905963686639254		349962.517987228		33.097288629457104		326.9510124871551
86370.0		-0.009357701749437234		-157.65599290048112		22.883822455838075		349977.6775744837		33.30251660377638		327.020987623005
