sod		dsTEC/dt		lon		lat		h_ipp			elev		azi
8790.0		-0.01969041775874268		-162.22812808456095		24.85970145195789		350020.5811678674		15.974349024338693		311.34762264788276
9120.0		-0.018489009681003983		-161.64600155087214		24.76089989904354		349986.5771359354		17.313475137324716		313.2249999633217
9270.0		-0.019949011893849462		-161.3942684317087		24.710730386214845		349985.15584809054		17.93561402437271		314.07114774297133
9420.0		-0.019684379534453445		-161.15040954470888		24.6576359366029		349992.00159444567		18.56625239068171		314.91268180304587
9480.0		-0.017390233687984147		-161.05545111097058		24.635988119525322		350027.0197854256		18.820925903542445		315.24800700497906
9510.0		-0.019123926187599435		-161.00712890267474		24.623886858577144		349950.61832407303		18.9487673837193		315.4153787555747
9540.0		-0.01936843349645775		-160.96119506612044		24.613481659893704		350026.1641311236		19.07699389894951		315.5825950592378
9600.0		-0.016757331104698316		-160.86762875430065		24.590130700304336		349990.86184377223		19.33460412943728		315.91655970680176
9630.0		-0.018574538782029457		-160.8222165691802		24.579102628202573		350039.53643359244		19.463846554704944		316.08319074479914
9660.0		-0.017537140174758027		-160.77589047112423		24.56690727584245		349998.208388458		19.593446047018872		316.2496400348381
9690.0		-0.01755324092431611		-160.73082459779883		24.55547260072294		350029.24142127205		19.723400411851415		316.41590496059126
9720.0		-0.01886935517159239		-160.68483767403868		24.542871335253377		349971.333170685		19.85384407495772		316.5820949764074
9750.0		-0.01711755390850878		-160.6401189826734		24.531036187207537		349984.8034216035		19.98453369680867		316.7480097782795
9780.0		-0.018605729773851186		-160.59556933781968		24.519004213299713		349989.8298058249		20.115615972489593		316.9137688989729
9810.0		-0.017127614070017876		-160.5512031372297		24.506775933954955		349985.25288300123		20.24699741864758		317.0792948151952
9840.0		-0.013934928682971675		-160.50701109095786		24.49435358589327		349971.8788951514		20.378749530657316		317.2446454853647
9870.0		-0.018855268345343925		-160.4640400712083		24.48271564441731		350032.80905490555		20.510896442729788		317.4098400633661
9900.0		-0.0174586562596766		-160.42018143401998		24.46991197930284		350002.9763151314		20.643481102810313		317.5749132627486
9930.0		-0.013441888582395553		-160.3775472108766		24.457898254029065		350046.859940934		20.776380431777824		317.73976311254796
9960.0		-0.01867717086674832		-160.33405740376395		24.444717325510858		349997.7745004175		20.909573791019156		317.9043718472385
9990.0		-0.018123757978318847		-160.29177635433325		24.43233304839166		350023.39139225055		21.043134666788674		318.06879932781334
10020.0		-0.014398786987516182		-160.24864146684732		24.418781864758685		349956.3176913196		21.17706022080793		318.2330425800126
10050.0		-0.01774240788983538		-160.20668878091823		24.406034119603305		349965.80700293276		21.311486020622993		318.397212994823
10080.0		-0.015299340451402708		-160.16492376058864		24.393106588783496		349965.26711574476		21.44616692190317		318.56110751756717
10110.0		-0.012842190914241075		-160.12332692405508		24.38000150335346		349956.3110490134		21.58124940779885		318.7248465709814
10140.0		-0.018227395842812646		-160.08291635730913		24.367710702781306		350022.7857069215		21.71664155993973		318.88835353952584
10170.0		-0.016294478579928745		-160.04166904677973		24.354255824644525		349995.8281440884		21.852413454686413		319.0516858371743
10200.0		-0.012994127481769502		-160.00158676072877		24.34162123500302		350045.72694576066		21.988589104590176		319.2148628671183
10230.0		-0.013574707061041089		-159.96066995675102		24.32782274175921		350002.39026935585		22.125213759316438		319.3779217364319
10260.0		-0.014116043500892088		-159.92092087629987		24.31484982585353		350035.3953544246		22.26216116077221		319.5407572372676
10290.0		-0.01529129184944348		-159.88036856669927		24.30071296749844		349973.02181709744		22.39941137778547		319.70335223399815
10320.0		-0.013136001524029078		-159.84096807303268		24.287407352097294		349987.97938334197		22.537038758564236		319.8657679835194
10350.0		-0.012806973257679977		-159.80173593473083		24.27393819999377		349994.336266364		22.675039810314303		320.0280011480747
10380.0		-0.01061042705141524		-159.7626546943116		24.260306851023824		349993.4999061907		22.81355126002626		320.19016523752964
10410.0		-0.012722453482069069		-159.7237579972002		24.246514754997545		349982.80270017404		22.952326130247243		320.3520541664021
10440.0		-0.011645810553497173		-159.68502707017927		24.232563276509875		349963.75614292175		23.091510687363495		320.5137894039655
10470.0		-0.013957065293059243		-159.64742431245062		24.219458428958916		350022.89251296874		23.23101460066941		320.6752952010141
10500.0		-0.012431657847846115		-159.60903677870553		24.205193685218806		349986.093174126		23.370906506409014		320.8366284788267
10530.0		-0.01214086694114267		-159.5717566083004		24.191780313640923		350028.84502281994		23.511210292530677		320.99780892786924
10560.0		-0.01324366368950249		-159.53369371667762		24.17720743307671		349975.8226151187		23.65197354738048		321.1588761797385
10590.0		-0.012530265631585364		-159.49674026577895		24.163490912354685		350001.9069148721		23.793066779688317		321.31972157754893
10620.0		-0.011061207855125847		-159.4599594804218		24.149625694351247		350018.870607866		23.93447077910841		321.48032862792667
10650.0		-0.013845375280966587		-159.42334221129641		24.135612873865963		350027.4437873354		24.07626076748211		321.64076010549405
10680.0		-0.012665098033540524		-159.38688960523533		24.121453823738126		350027.5458542537		24.218432586423063		321.80101230342075
10710.0		-0.015090051980985368		-159.3505846749601		24.10714912755581		350020.50868633296		24.36112413588694		321.9612010592984
10740.0		-0.01070903483515449		-159.31445981201367		24.09270147959738		350003.81301893014		24.504086583796877		322.12111693819577
10770.0		-0.011400298646743799		-159.27849694538537		24.078111444250755		349978.87460582703		24.647465969761015		322.2808826348712
10800.0		-0.012934762837450842		-159.243602840638		24.064395432475457		350035.002967393		24.7911735768607		322.4404232216168
10830.0		-0.011071268016634944		-159.2079745955063		24.049526204599168		349992.6353500327		24.935276725866103		322.5997952843076
10860.0		-0.013410695226814068		-159.17339479255506		24.035534518211048		350032.6475041779		25.079798888572114		322.75901865664616
10890.0		-0.011824917357507346		-159.13808274574362		24.020390207123715		349974.28955962136		25.22479016670495		322.9181357362878
10920.0		-0.009957401781351464		-159.1038206547564		24.00612807694568		349997.93556082156		25.370117783909365		323.07703417545673
10950.0		-0.011862145391738436		-159.06972620950032		23.99173377193531		350012.66512460914		25.515763264873627		323.23569813879897
10980.0		-0.011137679028777527		-159.03579043955574		23.97720795967369		350019.1716578156		25.661802714181277		323.39419205905637
11010.0		-0.011753476264610213		-159.00201443413002		23.962551986727043		350017.3739608489		25.80823129623502		323.55251185486907
11040.0		-0.009621329510938192		-158.9683816821682		23.947765724948056		350008.53177798074		25.95518809261381		323.71077593110647
11070.0		-0.010527920017234077		-158.93492335172783		23.932853006048646		349990.26785438694		26.102422402806347		323.86877114142396
11100.0		-0.008325335586680105		-158.90162206686608		23.91781365674928		349963.9074743176		26.25008002408542		324.02662161083543
11130.0		-0.00889082374180817		-158.86932921228166		23.903670743906005		350021.6174678756		26.398073882564333		324.1842531850694
11160.0		-0.0091061528002745		-158.8363515360091		23.888383699660416		349978.2204463128		26.54646965828431		324.3417219852371
11190.0		-0.010052991043886034		-158.80436247087317		23.87399543470146		350020.15861257166		26.695290975963594		324.4990484162696
11220.0		-0.010128455255882903		-158.7716903030191		23.8584638354326		349961.0856889682		26.84459020848921		324.6562776380979
11250.0		-0.00747207622793315		-158.74000778139117		23.843835256010905		349987.0336071355		26.994231245943233		324.81329333674006
11280.0		-0.009573029626023688		-158.70848683972724		23.82908969584296		350004.30425380915		27.144196362669547		324.97008035496617
11310.0		-0.008888813364138179		-158.67711869657302		23.814227413842186		350013.55593883153		27.294562552090888		325.12670494588326
11340.0		-0.010602377267576134		-158.6459043923102		23.79924972726043		350014.7074332386		27.445324289187923		325.2831626486901
11370.0		-0.010412205704161808		-158.61482789337157		23.78415583861634		350008.9496836262		27.596621840310014		325.4395747109455
11400.0		-0.009813513815782266		-158.58391918283166		23.768950617806176		349994.04111933336		27.748202631215698		325.5957238637602
11430.0		-0.009791378387574573		-158.55316156797912		23.75363321247807		349971.2216221895		27.90021219521588		325.7517358971223
11460.0		-0.009388895105018719		-158.52335148415278		23.73922961502496		350035.58622537646		28.052565133644137		325.90753737935523
11490.0		-0.009948346217737426		-158.49290454699525		23.72369331094892		349996.1966072852		28.20532560401041		326.0631841424394
11520.0		-0.00826295123927689		-158.46338586128905		23.709072020236093		350045.20867802016		28.358517089363062		326.21869703517297
11550.0		-0.008938115483187988		-158.43323187697985		23.693319018742773		349990.5323169604		28.512194404335155		326.374124274235
11580.0		-0.00921985319003715		-158.40400675583427		23.678484837385827		350024.00294685364		28.666218061293044		326.5293452658848
11610.0		-0.006255574362291177		-158.37417456458732		23.662524044298905		349951.88618079573		28.820571099100007		326.6843455569161
11640.0		-0.0054787849953160245		-158.3452550261939		23.64748347503433		349968.9073145902		28.975331402428168		326.83919340881107
11670.0		-0.006316951748039581		-158.31648254179535		23.632340911340144		349978.0681360597		29.130492744143098		326.9938839777273
11700.0		-0.007770918100355577		-158.28784155619047		23.617094927060325		349980.4937468786		29.28619657169815		327.14854167104386
11730.0		-0.008016432370868704		-158.25936090527415		23.60175133784357		349974.0724682715		29.44218844187065		327.30294463056885
11760.0		-0.008939121262962924		-158.23102456774666		23.586308667443923		349959.96334540844		29.598613595089304		327.45722058050814
11790.0		-0.0073130968382204295		-158.20357463387114		23.571792156153034		350036.24758241326		29.75538834349669		327.6112967593641
11820.0		-0.007152102343318212		-158.17553446598498		23.55615662536507		350006.1037033284		29.912575287584048		327.7652287988207
11850.0		-0.008770080529861229		-158.1476391335594		23.540425475492725		349968.20417460613		30.07019775943168		327.9190380635182
11880.0		-0.008606066331874456		-158.12060067022816		23.5256202714075		350022.55706778634		30.22831304475899		328.0727760663889
11910.0		-0.009772260298691684		-158.09299409638433		23.50970158496294		349969.0950643504		30.386778238942647		328.2263175760763
11940.0		-0.009692769421955448		-158.06625254102983		23.4947137216323		350007.12389781047		30.54557716052083		328.37964887719886
11970.0		-0.009408013193901608		-158.03964959808948		23.479634601917475		350037.6464082729		30.704788583241623		328.53284045817185
12000.0		-0.00891698583475523		-158.0124874706447		23.463445515968715		349959.91189802345		30.864405564649815		328.6858870907663
12030.0		-0.009047792753850899		-157.9861534079342		23.44818485021138		349976.05255052634		31.02457072210686		328.8389167090111
12060.0		-0.008075797015187364		-157.95997157110057		23.4328388672077		349983.6813166011		31.185027759118938		328.9917023345527
12090.0		-0.009403988892921994		-157.93392659454		23.417405518123815		349983.88076776266		31.345921586635193		329.1443739362423
12120.0		-0.005888308736296421		-157.90802737089865		23.40188775688815		349976.00857914705		31.5071702661103		329.29685936947345
12150.0		-0.008310244162536583		-157.8822675689883		23.38628533185159		349960.5013843514		31.66883480247762		329.4492141684771
12180.0		-0.008324332170664923		-157.85731500798926		23.371615491929695		350039.80598320905		31.830938365742682		329.6014603001304
12210.0		-0.008344456039322747		-157.8318187086253		23.355843895358433		350010.0036354866		31.993540737677357		329.75365285464585
12240.0		-0.006671136327560808		-157.80646902572343		23.33999238445807		349972.01815337874		32.15649556380684		329.90566155446163
12270.0		-0.005525067411281279		-157.78192345628094		23.325077146731676		350028.8423189465		32.31978745724495		330.0574734659343
12300.0		-0.006989099834505754		-157.75685740477914		23.30906737628141		349975.06889707036		32.48349607366592		330.2091615601499
12330.0		-0.005854098041390132		-157.7325787418512		23.293992871589094		350017.1344036618		32.64761374132283		330.3607202265718
12360.0		-0.008953208089211386		-157.7080961921387		23.278330238113565		350000.9487008285		32.81228422706529		330.51228135164007
12390.0		-0.005274525423773355		-157.68376197075352		23.26259393050025		349976.3399040075		32.97724940997945		330.6636122326872
12420.0		-0.00754150339752066		-157.65987746137475		23.247286755576173		349996.56369097903		33.14265382603228		330.81484544253397
12450.0		-0.005496894940664227		-157.63613010679146		23.23190562080545		350009.0628466718		33.308417327307495		330.96590940078585
12480.0		-0.0063441208026414515		-157.61251395762332		23.21645004985194		350014.23497421294		33.47459928070826		331.11685966474454
12510.0		-0.005130637458204158		-157.58902680931928		23.20092046415812		350012.2164333146		33.64122268018772		331.26771890738735
12540.0		-0.0068291111193784695		-157.56566254971207		23.18531621367922		350003.4096117765		33.80834982351208		331.41854612823585
12570.0		-0.004937446191705274		-157.54243632004335		23.16964229599216		349986.75983226206		33.97583088111268		331.5692055360336
12600.0		-0.005533118377000259		-157.51934957507652		23.153900186476267		349962.1551060071		34.143651275196234		331.7196850363443
12630.0		-0.0070031854788743415		-157.49699390230148		23.13909267099898		350036.5461236611		34.31189152993546		331.870060383537
12660.0		-0.007647155185324079		-157.47416642357686		23.12321213188289		349997.2913067527		34.48054322976088		332.02032559246834
12690.0		-0.006446754069240192		-157.45145717956575		23.107260506197687		349951.47866348736		34.64975126024214		332.1706169991901
12720.0		-0.007740731706428904		-157.42947750559924		23.092246626569693		350004.60062900465		34.8192557192946		332.32069548703083
12750.0		-0.006841185204197188		-157.40732780771498		23.076664908182405		349997.1406763429		34.98920071250574		332.4706966512897
12780.0		-0.006613783242792017		-157.38531092084972		23.061019426104075		349982.05107937474		35.159507926663515		332.6205494259059
12810.0		-0.005486833597275253		-157.36370720638948		23.04580803719699		350013.73225332703		35.33023504373699		332.77030953379665
12840.0		-0.005805800520235381		-157.34222397597435		23.030531321994864		350038.5491046393		35.50140486476325		332.9200004806328
12870.0		-0.0071782644362652715		-157.32057370649292		23.014691090635537		350002.57799020037		35.673082216658905		333.0696855694994
12900.0		-0.0039433150248340465		-157.29905712087358		22.99879129282612		349958.85356363095		35.84511377895034		333.21922295966806
12930.0		-0.005449605563044162		-157.2779522983968		22.983329284565713		349961.870650623		36.017485796623866		333.3686014713145
12960.0		-0.006586615370070023		-157.25697008449637		22.967806396132705		349957.815384794		36.19027964169906		333.5178999981006
12990.0		-0.00610363779476275		-157.2363836606434		22.952718380526793		350001.4817025773		36.36348613936484		333.6671121962383
13020.0		-0.006945830030345797		-157.21590249336253		22.93756578748515		350039.1649651127		36.53725125093218		333.8163794355835
13050.0		-0.006480963582266603		-157.19528348485397		22.921864389124373		350014.07102533616		36.71131335336444		333.96545539641085
13080.0		-0.00672949637398441		-157.17478539201912		22.90610529004356		349981.94654552545		36.885816054897795		334.11447918703266
13110.0		-0.005486832415395377		-157.15467861452655		22.890783409557816		349997.73096063174		37.06068292391838		334.2633802119689
13140.0		-0.005373134389392482		-157.13469013845503		22.875404845256163		350006.60454324074		37.23596990558585		334.41221453030795
13170.0		-0.005269492979259054		-157.11455906750197		22.85947973310542		349952.9847570956		37.41169958757721		334.5610066362189
13200.0		-0.005762534261715054		-157.095055656626		22.844476996681937		350004.35747942235		37.58793933089136		334.7098246080353
13230.0		-0.0065715239459265004		-157.07567225460377		22.82942078308844		350048.64161574934		37.76453231968404		334.85851994008
13260.0		-0.004435349345635236		-157.05590569435338		22.81333716150888		349973.51781662833		37.941465634140336		335.00708246662407
13290.0		-0.004630553353563866		-157.03676138046976		22.798176576851578		350003.65108222235		38.11882146473033		335.15559464546016
13320.0		-0.005206101670201027		-157.0177314881172		22.78296330800165		350027.0105608124		38.29658986105423		335.3040498026509
13350.0		-0.0037913808210653737		-156.99880274486867		22.76769339901639		350044.43014894705		38.4749178028995		335.45259503340594
13380.0		-0.005356026678179584		-156.97975557261168		22.75189211758788		349997.6975721931		38.653542025789605		335.6009759091041
13410.0		-0.00427737573569745		-156.96106583678866		22.736524957888747		350000.8296343088		38.83260556078981		335.74933563119885
13440.0		-0.005122587674365053		-156.9424946353874		22.72111017553135		349996.8551570829		39.01203390691449		335.8976040413303
13470.0		-0.004888141708895711		-156.92427381349475		22.70612834887555		350043.1550518265		39.191881215258114		336.04583774186244
13500.0		-0.004577225751654564		-156.90592565655044		22.69061564893012		350025.80786616635		39.37216983574143		336.1940624098855
13530.0		-0.00618312748961911		-156.8876829090163		22.67505296578582		350002.13189228997		39.55296965800222		336.3423514677276
13560.0		-0.005007881504827471		-156.86955964747392		22.65944658925395		349971.2190312091		39.73412037972239		336.4905490357219
13590.0		-0.004459498697152549		-156.8520129557935		22.644753249385726		350048.2698483914		39.91560992689777		336.6386460943936
13620.0		-0.004594329917227831		-156.83411880473088		22.629058193622868		350003.46019050665		40.09752126872178		336.7867291774769
13650.0		-0.0040660721600906105		-156.8163385290025		22.613319995809512		349951.716528669		40.27984366197558		336.9347913283714
13680.0		-0.00564682113052266		-156.7991025611027		22.59848379825658		350009.9187461063		40.462725030025595		337.0829861925571
13710.0		-0.004190840854897042		-156.78176236106836		22.583132450674082		350002.89142569527		40.64590056941955		337.2310501895761
13740.0		-0.003821566033112171		-156.76452931540703		22.567737542799996		349989.3010070063		40.82951263897081		337.3791313062737
13770.0		-0.004733187802042482		-156.7476247989511		22.5527740626033		350027.21238951944		41.013488719254404		337.52715980516706
13800.0		-0.0038396747965804964		-156.7306115804462		22.537296712325723		350000.10702561773		41.19788110415634		337.67519308756476
13830.0		-0.0037601886473637657		-156.71370506781182		22.521778170357553		349966.4118826855		41.382711876202315		337.8232582588528
13860.0		-0.0033919148778343224		-156.6971079931795		22.506685019119807		349985.3579184143		41.56805343521667		337.97143477742907
13890.0		-0.0042723456549429014		-156.68062097035784		22.491553359385218		349997.48640476074		41.75374201788465		338.11955857134075
13920.0		-0.0038930059441294263		-156.66424477204276		22.476384409471574		350002.7357077645		41.939766403783196		338.2676219440917
13950.0		-0.004618479268745146		-156.64797223371534		22.46117592660747		350001.5257566413		42.12621028851359		338.41571612839675
13980.0		-0.003948346287468472		-156.63180420721486		22.445929104314335		349993.7869459372		42.31306211730413		338.56383396048597
14010.0		-0.004599361179862257		-156.6157282509122		22.43063923355174		349980.25098610297		42.50047066180979		338.71213663057284
14040.0		-0.00484688819180513		-156.59976633247692		22.41531686885354		349959.5742532136		42.68816970829416		338.8603502005915
14070.0		-0.003844707241094798		-156.5841009343373		22.40041797401123		349992.2802410126		42.87630083024394		339.00862827787034
14100.0		-0.005069260072455753		-156.5685392381675		22.385483156454804		350018.45880697854		43.06479354230843		339.1569015573034
14130.0		-0.004397114349749333		-156.55288671552466		22.370053287481923		349978.25300552417		43.25369821084355		339.30522855987977
14160.0		-0.003748112198785294		-156.53752402048602		22.355045484356218		349991.8144731		43.44303661522081		339.4536381339905
14190.0		-0.0039111170713575045		-156.52225267597143		22.339998428742735		349999.52893060446		43.63288363061333		339.60221662515755
14220.0		-0.004093240032812604		-156.50708611941593		22.32491915178129		350000.58251462504		43.8230720777197		339.75079082223965
14250.0		-0.0037541504230745298		-156.49202498040555		22.309808806659362		349994.9238047255		44.013591593683465		339.89935459066874
14280.0		-0.0030648993529149666		-156.47724238574187		22.295116698365234		350043.7167702075		44.20452653275115		340.048004629794
14310.0		-0.002336407507094567		-156.4621988814708		22.279488696110768		349964.58474820014		44.395864507746836		340.1967336861627
14340.0		-0.0041697112064642845		-156.44759880129752		22.264724283648626		350001.5580217093		44.587755018602344		340.34571170709097
14370.0		-0.003785342596776138		-156.43310311312607		22.249930886443504		350031.8465659199		44.779930600534904		340.4946529974578
14400.0		-0.004542008095093465		-156.41852837384002		22.23465719842005		349994.7893340625		44.972531907281365		340.64371780539204
14430.0		-0.002734862943031178		-156.40405588610798		22.219355795776877		349951.10533841886		45.165490540528836		340.79283731288325
14460.0		-0.003894010542024484		-156.389849771424		22.204469428433118		349962.5799300838		45.35885486042184		340.94207157097
14490.0		-0.0029743425348946985		-156.3757361025781		22.18955135072113		349967.9959932389		45.552646299463234		341.0914515810652
14520.0		-0.003955391473412519		-156.361708719234		22.174599176595166		349967.68622213043		45.74694215256962		341.2410716351732
14550.0		-0.0034995770433077344		-156.34778074976919		22.159620298101107		349960.88340560254		45.94157189299006		341.39074828543994
14580.0		-0.0038879770452547543		-156.33411297182312		22.145054201395734		350009.6459498303		46.13652601378866		341.54047728586414
14610.0		-0.004131476210578383		-156.3203761020155		22.130019990670707		349990.273078274		46.33188944071439		341.690361761296
14640.0		-0.0024480951554274695		-156.30688960017187		22.11539423788382		350027.0329045113		46.527648930731814		341.84039455013357
14670.0		-0.003238971348651085		-156.29332708232295		22.100298994523637		349995.96467276476		46.72395456082592		341.99075585304683
14700.0		-0.0030548391914058696		-156.27986725048788		22.08518269666789		349958.1412682785		46.92053781072723		342.14114658821666
14730.0		-0.003137346225587033		-156.2668004509773		22.070902919386945		350039.66918595135		47.11753825388828		342.29173490913735
14760.0		-0.0031443890477713264		-156.25352520844692		22.055735069737857		349989.49837931525		47.3148896309287		342.4424526070916
14790.0		-0.00225993515156301		-156.24048966285181		22.04097166316107		349996.088786006		47.51263820662995		342.5933617990804
14820.0		-0.0031916796072712678		-156.22754142318263		22.026181213708476		349996.7645457061		47.7108050127017		342.7444961836078
14850.0		-0.0035358052071632735		-156.21467434880927		22.011361068112365		349991.84398794733		47.909469681204854		342.89595933599134
14880.0		-0.0030538310478711818		-156.2019012746202		21.99651896357607		349980.60605829954		48.10845843448368		343.04755629840935
14910.0		-0.002427971286769646		-156.1893618329368		21.982078185841903		350026.55063647777		48.30776261199178		343.1992851664777
14940.0		-0.0025426786381871048		-156.17676905414893		21.967189753736548		350003.08255624864		48.50746759929143		343.3512567074682
14970.0		-0.0030920672256369605		-156.16426489766803		21.952278669783148		349973.5453185234		48.70755926940664		343.5034641303878
15000.0		-0.0026875712016513607		-156.15197173381927		21.937756910481028		350002.44660826493		48.90818808639395		343.6560997637695
15030.0		-0.0025809159978327596		-156.13977182894152		21.923215522456704		350025.0511711538		49.10908471264486		343.8088492351958
15060.0		-0.0025738719937685893		-156.12765477745646		21.90864932666944		350041.90244119614		49.31038744800679		343.96189019653076
15090.0		-0.0021905079819755004		-156.11549690797216		21.89364871240375		349988.4474040475		49.512032220751884		344.11515527668416
15120.0		-0.002327349579720775		-156.1035528692252		21.87903977265603		349993.32676481456		49.71406309752044		344.26870937429516
15150.0		-0.0020204602872189955		-156.09169097882125		21.864407733839887		349992.44186709635		49.91650064090783		344.42258962052944
15180.0		-0.0026000317229558953		-156.0799051222796		21.849749679579904		349986.09579113405		50.119426702806074		344.5769105890429
15210.0		-0.0024199226848104177		-156.068328720411		21.835480058719035		350038.41604902316		50.32266438442991		344.7314643362165
15240.0		-0.002691597866390728		-156.05671851392356		21.8207853835935		350019.8956268905		50.526205850228806		344.8862519375166
15270.0		-0.0015676655601987674		-156.0451907593885		21.806070594632843		349995.5316021573		50.730136801843294		345.0413933751295
15300.0		-0.0027237970017471463		-156.03374628731302		21.79133689606409		349965.2652254272		50.93444219282918		345.19688265787
15330.0		-0.00153748034815197		-156.0224878745111		21.776978064255648		349994.9410207663		51.13927263487558		345.3529266309073
15360.0		-0.0024410523332431757		-156.01131719190587		21.762603166821037		350018.5184263922		51.344358261081794		345.50919340186533
15390.0		-0.0013996317887518847		-156.00011409810062		21.747810541224606		349970.9473769488		51.54983586243816		345.6658721659561
15420.0		-0.0024380326301586194		-155.98921324363144		21.73379228532549		350048.6422943296		51.755643596558905		345.822896785894
15450.0		-0.002046621198286179		-155.9781742164174		21.718965372307984		349989.3216918772		51.96182321051109		345.98033592096726
15480.0		-0.0018775769195448556		-155.96732063588016		21.70451317323894		349990.05910470337		52.168394709423886		346.1382311515795
15510.0		-0.001747778143983875		-155.9565379954698		21.69003793585431		349985.47275678907		52.37544200084924		346.296710290366
15540.0		-0.001965117580120197		-155.9459400531924		21.675935629369746		350041.0877440423		52.58278523417237		346.45555070462075
15570.0		-0.002149252101125166		-155.9352225718357		21.66104433609423		349958.4202909721		52.79041735949337		346.61475736544696
15600.0		-0.002288109985939815		-155.92478176426468		21.646907587990427		350002.62438971084		52.99842420783031		346.77446154425934
15630.0		-0.0015988589157802519		-155.91441554205525		21.632751380589124		350041.33390199486		53.20678976559398		346.93465871569
15660.0		-0.0016542016228790507		-155.90401869240557		21.618189072503057		350008.41475432646		53.415664487065214		347.095573344784
15690.0		-0.0019138003558808886		-155.89370752021208		21.603617174762334		349969.35642052814		53.62477832341617		347.25685340933876
15720.0		-0.0010112365143243706		-155.8835637263214		21.58940697198466		349991.4810098205		53.834266265520604		347.418702329489
15750.0		-0.0014650334754799038		-155.8734964598708		21.57518116328525		350007.95840671286		54.04406872899559		347.5810558675985
15780.0		-0.0018252550974104896		-155.8635027582851		21.560938456366404		350018.91736003105		54.25422499273785		347.7439878176502
15810.0		-0.002296157406019167		-155.85358103387497		21.54667843540103		350024.4187585721		54.46475438712005		347.90754564865864
15840.0		-0.0024722456888246606		-155.84372523692744		21.532397670193177		350024.7325076442		54.675742646585874		348.0718734021278
15870.0		-0.0016924366187649523		-155.83394740358762		21.518104845982528		350019.27450689394		54.887007184117024		348.2367318097246
15900.0		-0.0015264120431081856		-155.82425333623007		21.503804600844248		350007.7637515133		55.09845632433904		348.40200695028517
15930.0		-0.0015857790511865986		-155.81461718122955		21.489480069573155		349991.3939411361		55.31047126255322		348.56827437381844
15960.0		-0.0008140197649659955		-155.80506199464463		21.475147549093485		349969.07628275827		55.52270311205148		348.73504907362616
15990.0		-0.0011329866879261229		-155.7956559038716		21.461161895989044		350009.0973767834		55.73527150164424		348.9025282722248
16020.0		-0.002278047460670965		-155.78630899591383		21.447152946812782		350044.2258638926		55.94832624021755		349.0709603751135
16050.0		-0.0009639435910646765		-155.77696563301438		21.432777500349626		350005.50344835874		56.16159754269277		349.239967888437
16080.0		-0.0018343106610245288		-155.76769313110933		21.418389744153863		349961.2472046297		56.37521814260953		349.4097741001485
16110.0		-0.0020526582406955383		-155.7586350657068		21.4046968733082		350048.0122183468		56.58913068574702		349.5803177681781
16140.0		-0.0017447584408993187		-155.7495052686694		21.390285444047972		349992.6851859037		56.80337172854967		349.75168086615224
16170.0		-0.000330035228003912		-155.74051240961197		21.37621116071321		350000.4058199227		57.01795970175591		349.9239197424564
16200.0		-0.0012074463020279346		-155.73158042694658		21.362118275370975		350003.06196062453		57.23298175154461		350.097200527545
16230.0		-0.0009156460699099244		-155.72272108004358		21.348015781983317		350000.11985250097		57.44825284028761		350.2712636679307
16260.0		-0.0013593816876764843		-155.71393982416342		21.333908294760565		349991.33288680855		57.66368315259399		350.4459930197638
16290.0		-0.0014932083098567089		-155.70527259067578		21.320118620478596		350046.7884079162		57.87964906358636		350.6220194389432
16320.0		-0.0009387896416523044		-155.69655930935244		21.30564310596533		349958.4525961671		58.095805226247535		350.7988227353506
16350.0		-0.0017437514792445076		-155.68803179520197		21.29183284547256		350002.95666945167		58.31226884084825		350.9766227087822
16380.0		-0.001643130954075513		-155.6795587499274		21.27800097756492		350042.66555639356		58.52918843497895		351.1556986028146
16410.0		-0.0010353858658416848		-155.67110251816013		21.263828668076172		350007.3945553582		58.74629508863038		351.3356432184792
16440.0		-0.0015767223056926828		-155.66271201726693		21.249646119287934		349966.73913574684		58.96371869261919		351.51670588115803
16470.0		-0.001175245984791639		-155.65444202164673		21.23578405073301		349990.21445432585		59.18140407261779		351.69883057527477
16500.0		-0.0010303546032072598		-155.64623539983234		21.221909291812686		350008.4648596933		59.39938474914956		351.8821111737784
16530.0		-0.0004387055370120113		-155.63809068957983		21.208021322532478		350021.5377175538		59.61767796657843		352.0666167963133
16560.0		-0.0011611603404230516		-155.63000194668183		21.19411619927441		350029.6615520781		59.836371725219216		352.25254268213854
16590.0		-0.0010162677769587956		-155.62198067335285		21.180203212932387		350032.3527808031		60.05527892760337		352.43960628378665
16620.0		-0.0008864642738783087		-155.61403200349844		21.16628694163061		350029.3970037261		60.274311678061935		352.6276905918445
16650.0		-0.0007727650659955374		-155.6061321705526		21.152349766304596		350021.7382216528		60.49383996146925		352.81749731714024
16680.0		-0.002169378333542742		-155.5983022928651		21.13840848254486		350008.5168863917		60.71352288947341		353.0084647258172
16710.0		-0.001425791517939191		-155.59053475770287		21.12445784319094		349990.0269410163		60.93347454105263		353.2008430369944
16740.0		-0.0009750118961084609		-155.58281998252113		21.11049095241465		349966.6305543091		61.153841270616645		353.39495236984504
16770.0		0.0003541833976413497		-155.57521139918438		21.09682757735746		350008.3512793882		61.37435574617716		353.5903510458971
16800.0		-0.0007284918458203996		-155.56766074630158		21.083151007639273		350045.0257758992		61.59514419893404		353.7873235671148
16830.0		-0.001479120301728368		-155.56013665080877		21.069162024632746		350005.65913469903		61.81615347768365		353.9858231183193
16860.0		-0.0007023309347532166		-155.5526738760681		21.055165829773298		349961.0059366701		62.03741360196483		354.1859614464929
16890.0		-0.0009548892093305138		-155.54530248809365		21.041459550450245		349982.1731262952		62.25894017864633		354.3878267305286
16920.0		0.0001921866686038265		-155.53798232131086		21.027736927142556		349998.4957141457		62.480821222852		354.5916539374586
16950.0		-0.0006298852439610269		-155.5307246370759		21.01400753482024		350009.5403878428		62.702868034299236		354.79713500517244
16980.0		-0.0003954380966118078		-155.5235342705005		21.00027590392156		350015.12295810506		62.92499461154144		355.0041551109292
17010.0		-0.0012124775646623596		-155.51638840602493		20.986524112259072		350016.06834662706		63.14756239206805		355.21350917719826
17040.0		-0.0006157972358326861		-155.50930728659142		20.972769143266856		350011.6253498951		63.37023604603531		355.4245866738788
17070.0		-0.00011671772908745096		-155.5022836270972		20.959005651692607		350002.04942708276		63.593125515941225		355.63768030978866
17100.0		-0.0006842209894050149		-155.49530814668702		20.945226541746738		349987.65779363364		63.81637367798795		355.85316630484226
17130.0		-0.0004940458803510571		-155.48841728204002		20.931725069077853		350039.6890335409		64.03971563544044		356.0705635432196
17160.0		-0.00015495508873310593		-155.48156042039832		20.917933544935792		350014.8857968645		64.26327275815285		356.29020585080684
17190.0		0.00016099213114246537		-155.4747621656179		20.904136695317447		349984.86636647116		64.48699355158874		356.51206284703954
17220.0		-0.0003954392784916844		-155.46803710340842		20.890606150151356		350021.7736869287		64.71090379119764		356.7362741776856
17250.0		-0.001002179768830455		-155.46134914339478		20.87679337020857		349981.57445357926		64.93501669455742		356.9629576852136
17280.0		0.00030689402002128524		-155.4547245680702		20.86323727574506		350008.69769426435		65.15941897285003		357.19240485822087
17310.0		-0.0011521047768090124		-155.44814486104173		20.84940901108318		349958.34104710165		65.383920807409		357.42428072611403
17340.0		-0.00021935335944594391		-155.441641539263		20.83584713905933		349974.9441826157		65.60843786788061		357.65847913303037
17370.0		0.00014992618985843397		-155.43517855351303		20.822265274163808		349986.96218765154		65.83331994281545		357.8959217262381
17400.0		-0.00020224801199280002		-155.42877533003147		20.80868055223165		349993.7485097181		66.05823854355056		358.13594161055585
17430.0		-0.0003441220542523762		-155.4224248921741		20.79508754637585		349995.5212447252		66.28329789515223		358.3788934855024
17460.0		-0.00014791226654881212		-155.4161182428825		20.78147897725839		349992.5530432891		66.50863537880626		358.62523388164766
17490.0		1.710534745314389e-05		-155.409870647892		20.767868606212186		349984.35048772115		66.73398946567448		358.8744382139135
17520.0		-0.000605734710563836		-155.40367445711516		20.754250342656718		349971.1457435414		66.95947478030082		359.12691264591325
17550.0		-0.0004306569350527831		-155.39753205949137		20.740626819147664		349952.8557029972		67.185040689056		359.38265679192153
17580.0		-0.0008965267991471587		-155.3914431521746		20.72724149828787		350002.618198134		67.41070743972664		359.6418558240748
17610.0		2.616209294705957e-05		-155.38540237412005		20.713844343050834		350047.5340968035		67.63648452513459		359.9046759800171
17640.0		0.0002133139532768314		-155.37940470017955		20.70019088397804		350014.516799259		67.86245516381803		0.17149318336980005
17670.0		-0.0007546527568875825		-155.37346258572214		20.68653587236193		349976.3235429311		68.0884288001387		0.44194759091438096
17700.0		-9.659622418938045e-05		-155.36757716117376		20.67311870535032		350006.22658509016		68.3143220968521		0.7159552844608122
17730.0		0.00045077962183073014		-155.3617280995813		20.659681170941955		350031.57766203675		68.5404684698559		0.9946173400371842
17760.0		-0.0002062711310925376		-155.3559395654163		20.64601043100044		349978.2806248991		68.76654766032507		1.2772044987309916
17790.0		0.00016300487257221068		-155.35019504516288		20.63256363475142		349993.5442030253		68.99265552960634		1.5641666631809696
17820.0		-0.0002203591392208783		-155.34449013053072		20.619100796528592		350004.1213575648		69.21892063366138		1.8560812336904715
17850.0		0.0003471417573369324		-155.33883960651852		20.60563586271728		350009.5955239646		69.44508566368741		2.152380010829901
17880.0		-0.0003582100623807169		-155.3332361402032		20.592162678479315		350010.1588527467		69.67125531530293		2.4535809911416013
17910.0		-0.0005674997146779342		-155.3276819024868		20.578683749911157		350005.74445300363		69.89737809766753		2.7597400684894957
17940.0		0.00010162630494392893		-155.3221751270297		20.5651979731783		349996.39060715865		70.12346633042256		3.0711204619047536
17970.0		0.00029280601189294453		-155.31671456096237		20.55170469959161		349982.12032726686		70.34952323626561		3.3879714872421864
18000.0		-0.00048096483387752726		-155.31129443366396		20.538199054361034		349963.0684844544		70.57562465738536		3.710802401837009
18030.0		-2.9180614151739283e-05		-155.30590968421077		20.524899293641653		350013.1488160258		70.80157901901855		4.039239349542509
18060.0		-0.00021834521591125643		-155.300594637997		20.5113915443598		349983.9416296063		71.02730259919365		4.373249413621467
18090.0		0.0004135480419600096		-155.2953143618623		20.49786759410993		349950.0601662304		71.25310452561386		4.7142002966446235
18120.0		-0.00013181151699072607		-155.2900678439949		20.484545135693875		349985.4516125638		71.47867393749254		5.0613010794778335
18150.0		-0.00014690648677387772		-155.28486545359934		20.471213273611536		350016.0024577454		71.70409352604676		5.415156497272805
18180.0		0.00019017392717408116		-155.27969870411806		20.457864404849		350041.89695928246		71.9294770742926		5.7765364332777285
18210.0		0.00011772587262213844		-155.27460409787213		20.444319928956066		349988.2103300588		72.15457173073372		6.144840129527367
18240.0		-0.0008230765104599112		-155.2695313302048		20.43096161828019		350004.201029785		72.37946640675752		6.520768782353803
18270.0		0.0005755483166371624		-155.2645034690644		20.417596592895542		350015.2958506346		72.60410494211911		6.9044870624161305
18300.0		0.00024450849073819254		-155.25951891393444		20.40422380882552		350021.52166694216		72.8284868617777		7.2963987602575076
18330.0		-0.00021935217756606737		-155.25457646410064		20.390842590943073		350022.8948905133		73.05260389616818		7.696903090771392
18360.0		-6.741561003764116e-05		-155.2496703862088		20.377447839385685		350019.5234618224		73.27651706312005		8.10673239684325
18390.0		0.0001780986604754858		-155.24481114693492		20.364050201034146		350011.1805511946		73.50003246371871		8.525531205838075
18420.0		4.930330092968635e-05		-155.24000256579097		20.350653952375517		349997.78734649066		73.72306089309883		8.953377454158844
18450.0		0.0008955210193722243		-155.23522501045264		20.33724036339501		349979.725110922		73.94587384257136		9.39205736154127
18480.0		0.00016904309686144664		-155.23046440644003		20.323996480281956		350031.7576609552		74.16816971940563		9.840737895951706
18510.0		-0.00047492897334804437		-155.22577632408212		20.31057494004552		350003.82792303525		74.39000851824305		10.300289861852859
18540.0		0.00033406071086340266		-155.22112210481052		20.297140204873195		349971.13634574413		74.61147767726905		10.771806962613113
18570.0		0.00018111599980028895		-155.21648134264805		20.283868342467287		350008.6927884817		74.8323268311968		11.254694067196322
18600.0		0.00037229570674930456		-155.21187963972037		20.270586114701022		350041.44496652205		75.0526173452872		11.74996851079145
18630.0		-6.0370424093594265e-06		-155.20735501871482		20.25713921707038		349993.97650721204		75.27227957025609		12.258008831217014
18660.0		-8.049665651117094e-05		-155.20283449828713		20.243842391899005		350017.0066243252		75.49128959600411		12.779480720005182
18690.0		0.00017407317761599514		-155.19835221222303		20.23053577505922		350035.2196413316		75.70961616272386		13.315062570277075
18720.0		-7.345265244700059e-05		-155.1939415414527		20.217065397877864		349973.1715555992		75.92728999725225		13.865876542054508
18750.0		0.0002918002321180101		-155.1895355728406		20.203742097228577		349981.68819333334		76.14410850929065		14.431661649624292
18780.0		0.0004839845369620835		-155.1851760655157		20.190418777975513		349985.23709694296		76.35996647908581		15.012728316699212
18810.0		-0.00010363904637367426		-155.18084404667482		20.177076583560023		349984.09383130725		76.57507094409188		15.611546882363031
18840.0		-1.6099567678209496e-05		-155.1765562200491		20.16373301438348		349978.0024744626		76.78912497690222		16.227300033250565
18870.0		0.0006238458377919143		-155.1722629540322		20.150517854784137		350042.79458161164		77.0021454695966		16.861326629133572
18900.0		0.0005503955491046669		-155.16808719851267		20.137017088621324		349951.31617698073		77.21416918689009		17.51527765533206
18930.0		0.00010967608878303368		-155.1638660095832		20.123781340391634		350006.46550669335		77.4249396868634		18.188648342027648
18960.0		0.00014690648677387772		-155.15972657728753		20.110406209617015		349980.9423800204		77.63446541276507		18.88300470909318
18990.0		0.0005443561429355544		-155.15562590878548		20.097026532048567		349950.5140340673		77.842642262911		19.599125887100357
19020.0		0.0009377826799974934		-155.15151459149405		20.083763418763986		349991.1454841709		78.04939852844664		20.33814707510745
19050.0		0.0006620831974375693		-155.147437867829		20.070488788741706		350026.96364307404		78.2546536194084		21.101241403199527
19080.0		0.001180277247426064		-155.1434398743244		20.057080506144292		349981.9882042194		78.45837418711238		21.890189421900526
19110.0		0.0005886305449905687		-155.13943202481752		20.043785618668572		350008.1229584599		78.66033098874367		22.704941537775163
19140.0		0.0005554244479793387		-155.13551821367648		20.030377731998183		349953.2365446761		78.86037618333592		23.546220734653737
19170.0		-4.226166062526906e-05		-155.13157788931468		20.01706299726793		349969.6693992242		79.05859788728331		24.417570367793665
19200.0		0.0007767905488550281		-155.12767787525536		20.003745042962045		349981.19037242234		79.25468742715806		25.318241729760278
19230.0		0.0010001670274007095		-155.12381242771303		19.990418248149606		349987.8469648659		79.44857426927729		26.25029687560889
19260.0		9.559044441444605e-05		-155.1199736633328		19.977074636509407		349989.6937848702		79.64019281645702		27.21622163586151
19290.0		0.0010384020232866115		-155.11617478689266		19.963728754818103		349986.6142286351		79.8292567514809		28.21562683945387
19320.0		9.559044441444605e-05		-155.11240950728114		19.9503743452452		349978.65261741914		80.01566801665537		29.25083988912349
19350.0		0.0009428139426319184		-155.10867923780393		19.937013385542446		349965.7917952817		80.19924228558949		30.32314581038728
19380.0		0.0009639435910646765		-155.10492477779553		19.923734462919835		350024.3820254272		80.37980883728154		31.434233270871907
19410.0		0.0011440549929699075		-155.10126030418294		19.910355335756368		350001.75199719705		80.55718359485026		32.58580772317676
19440.0		0.0003813500884834671		-155.0976229037346		19.896962412338073		349974.24451441504		80.73120245113186		33.78034943384188
19470.0		0.00045078080371060666		-155.0939622867805		19.883648223433106		350018.2220185548		80.90157313813202		35.01777221732125
19500.0		0.00048197179553233823		-155.09040163498636		19.87025175020137		349980.84293905646		81.06805495882921		36.29896953418066
19530.0		0.0008904909386176758		-155.08680164040894		19.856913499471315		350015.0512538515		81.23051983314473		37.628458765176575
19560.0		0.0014107000937956691		-155.083238321911		19.843569878166136		350044.3463096181		81.38862150643199		39.00492360562446
19590.0		0.0013795067382141844		-155.07976951156417		19.830145155534748		349992.22936923616		81.5421307471527		40.43061653226228
19620.0		0.0009508625445911466		-155.07626147120376		19.8167742184958		350011.71829401515		81.69080082881176		41.90817062626004
19650.0		0.0005926536640903062		-155.07278973900844		19.80339886322878		350026.2764516417		81.83429297710077		43.43618271565889
19680.0		0.00018111836356004204		-155.06941382431486		19.78995105414684		349959.3429059703		81.97233564050457		45.0165987930122
19710.0		0.0008804284133488258		-155.0659382282022		19.77661796083526		350040.61681796424		82.10462048420813		46.64974270399068
19740.0		0.0010051982900351345		-155.06262567992096		19.763157320365096		349963.7820259379		82.23083682857735		48.336112059174255
19770.0		0.0008099942821065049		-155.0592084856006		19.74979882704125		350035.2064530682		82.3506648370679		50.075893351240104
19800.0		0.0014519536108862506		-155.05588203227268		19.736367915192165		350025.07362821884		82.46377250912494		51.8699042920605
19830.0		0.0006902580318143743		-155.0525892833941		19.722932416920305		350009.97885982785		82.56983678073078		53.71522577229123
19860.0		0.0015716898611783812		-155.0493333078618		19.709496270238915		349989.92540378403		82.66855174270674		55.609874724253785
19890.0		0.0008653358073254272		-155.04609676229552		19.696040394744706		349964.88363379985		82.75955189281278		57.55587017764643
19920.0		0.0014579894714157335		-155.04282364985696		19.68262179872213		350011.5436233636		82.84256863733805		59.54759308467452
19950.0		0.0009558961709853248		-155.03965028617156		19.669153177689147		349976.5509112943		82.91728701518971		61.58338844588192
19980.0		0.0007757835872002171		-155.03642604498503		19.65570242322845		350013.2293191822		82.9833738227567		63.66157363576349
20010.0		0.0010615455950289913		-155.03330794270377		19.642213857648265		349968.23671431746		83.04064137581013		65.77537440401315
20040.0		0.0008361563750535644		-155.03014437057507		19.62874607067056		349994.9353155736		83.0888177806272		67.92164590308955
20070.0		0.0015213807804737606		-155.02700896657618		19.61526693423345		350016.63104101736		83.12770485120127		70.09518719803772
20100.0		0.0010082168112398144		-155.02390080592346		19.601775825722644		350033.31206220575		83.15712077508964		72.29082075070914
20130.0		0.0012567496029576208		-155.02081888098118		19.588272020403636		350044.9646524843		83.17691598396786		74.50301929351956
20160.0		0.0019460006731171842		-155.01783391852283		19.57473248060908		349974.82935256977		83.1869173634824		76.72697472538925
20190.0		0.0008059687992470143		-155.01480364196902		19.561205710367812		349976.3856829414		83.1871840343264		78.95430531852537
20220.0		0.0015737049663678798		-155.01172908881165		19.547687073002944		350049.65466868225		83.1777545733852		81.17816035214882
20250.0		0.001150092035379267		-155.00874806447092		19.534132107558218		350041.0764597319		83.15841327818526		83.39579916723265
20280.0		0.0008532617225067083		-155.00579831977672		19.520572463446744		350027.46818410885		83.12944537057355		85.59803903947842
20310.0		0.001033371942532063		-155.00287462477124		19.507002527064827		350008.78420990426		83.0908839363448		87.78007811230925
20340.0		0.0010223036374882785		-154.99996951932158		19.493414033101807		349984.94763153885		83.04274127091786		89.93773402488135
20370.0		0.0007294988074752105		-154.99709538876658		19.479821863260206		349956.0642550159		82.9854179922779		92.06351540849711
20400.0		0.0014620149542752244		-154.9941652383488		19.466214025986027		349998.7641043253		82.91902869413133		94.15381885832198
20430.0		0.0011671973828324108		-154.9912601251044		19.45259216184821		350036.34745134227		82.84383468779154		96.20431402198336
20460.0		0.0007385543710892497		-154.98846167188256		19.438967210529995		349992.12645006087		82.76008611685187		98.21151952597992
20490.0		0.0015817523864472313		-154.9856046091583		19.42531837447104		350019.43266490195		82.66804649759922		100.17251247319584
20520.0		0.0014036560897314988		-154.98276508541946		19.41164795010687		350041.5049958639		82.56788535345002		102.08556102229453
20550.0		0.001960086317485772		-154.98003711579548		19.397988034892318		349981.81716334913		82.46013046155564		103.94722587394982
20580.0		0.0009770246375382062		-154.97725576837354		19.38430520877043		349993.6929435171		82.3451717991549		105.75576647932772
20610.0		0.0020979372406456104		-154.97448810448296		19.370597495927694		350000.25220458023		82.22294104436665		107.51229236509235
20640.0		0.00144792812802676		-154.97174855477203		19.356882443306965		350001.68360868376		82.09410087099808		109.21441921403147
20670.0		0.0012326014333201832		-154.96903203223462		19.343154454669367		349997.91034867894		81.95884902846758		110.8626121803313
20700.0		0.0016964609197445666		-154.96633118089258		19.32940518229499		349988.8096492393		81.81731127902738		112.45777047566064
20730.0		0.0015626354794442189		-154.9636581871621		19.31564960256386		349974.5611648299		81.6701022451634		113.99910402483025
20760.0		0.00147811570383331		-154.9609195714156		19.301841502924592		350031.5955275344		81.51738048022452		115.48792141456903
20790.0		0.001312089946296667		-154.95829145802034		19.288059474371067		350006.8542993432		81.35945662998935		116.92509794182797
20820.0		0.0008572860234863224		-154.95568574063836		19.274265949546248		349976.86171504855		81.19659099797558		118.31182040981822
20850.0		0.0020838504143971463		-154.9530119928438		19.260411601780465		350018.0516126156		81.02902527729873		119.64941989647718
20880.0		0.0015767223056926828		-154.95044287618268		19.246584287369735		349977.3696857868		80.85685731831137		120.93963035124929
20910.0		0.0013503273059423217		-154.9478088216542		19.232696231086695		350007.88083287235		80.68060007588446		122.18322055665698
20940.0		0.0016662745258178928		-154.94529290283637		19.21885692125895		349956.79560090974		80.50056277845911		123.38160577851765
20970.0		0.0013432833018781514		-154.94269750930843		19.204935654932672		349976.5756277079		80.3165161771904		124.53724657103884
21000.0		0.001320140912015648		-154.94012722522152		19.191004302982087		349991.08671581186		80.12906360932328		125.65091469080545
21030.0		0.0016924366187649523		-154.93757708815988		19.17705729406082		350000.2212057961		79.93826516483466		126.72444573806624
21060.0		0.0020375632709123868		-154.93503982322926		19.163086205741386		350003.80972365383		79.74410084257443		127.75968157514068
21090.0		0.001066578039543293		-154.93252745264775		19.149106105451473		350002.1066145757		79.54709045960641		128.75763669816462
21120.0		0.0011571324938038077		-154.9300345516119		19.13511083601345		349994.98644514196		79.34724742783702		129.72004484999576
21150.0		0.0016008728390898737		-154.92756179897847		19.121101671201053		349982.4580018446		79.14474967553534		130.6483476944112
21180.0		0.0016381008733209646		-154.92510858366794		19.107078311805317		349964.5005862992		78.93972905915606		131.54399108471088
21210.0		0.00200134101645623		-154.92257875191513		19.09295698457211		350017.1848899126		78.73229912473789		132.40837885297674
21240.0		0.0012869359968842946		-154.92015647163586		19.07889426158927		349988.1176969968		78.5224229835749		133.24297002545336
21270.0		0.0013050483059922494		-154.91766073847884		19.064733683343686		350029.7017928427		78.3105134492291		134.0488029430229
21300.0		0.0018202250166559411		-154.9152858374969		19.050653576125697		349989.91378752235		78.09676342798126		134.82709281507073
21330.0		0.0014801260815033024		-154.91282321962765		19.036454300671508		350020.3372873692		77.88081795494493		135.5793207555818
21360.0		0.0012295829121155037		-154.91038283802365		19.022242169861414		350045.30623224657		77.66318841542328		136.30636870910158
21390.0		0.0024712375452899727		-154.908057677		19.008111961024643		349988.81821839977		77.44383132415696		137.0094094412316
21420.0		0.0015394930895817154		-154.9056452594513		18.993857424036122		350002.4278526604		77.22262703832749		137.68955716544727
21450.0		0.0023062199312880167		-154.90325489232768		18.979591156776632		350010.55911857635		77.00001507804178		138.34766011417565
21480.0		0.002142210460820748		-154.90088126956385		18.96530704635708		350013.0533660026		76.77592249561648		138.98472767225363
21510.0		0.0013513330857172561		-154.89852494015702		18.95100622509848		350009.9195441548		76.55044469655667		139.60165684308723
21540.0		0.002050645499265793		-154.89618539141327		18.93668851070102		350001.135316493		76.3236414447503		140.19931087270837
21570.0		0.0015264120431081856		-154.89386170026083		18.922353209699903		349986.6647143066		76.09555634540914		140.77851137890175
21600.0		0.001910781834676209		-154.89144727134112		18.90787300916262		350041.8497396214		75.86608223760152		141.34004877078576
21630.0		0.0022488680283991023		-154.88915304595938		18.893498706556464		350015.8688185774		75.63557672438266		141.8846305672704
21660.0		0.0018785838811996665		-154.8868811029336		18.879116204433938		349984.3913891716		75.40417183435733		142.41297449262862
21690.0		0.0016773428308616773		-154.88451387669696		18.86457733178666		350022.2737406399		75.1714597219882		142.92575912869933
21720.0		0.0019198385801701245		-154.88226837628207		18.850154803554517		349979.1427227594		74.93789939231132		143.4236196550377
21750.0		0.0017276530934461746		-154.87993566132428		18.835582117706135		350005.54503882304		74.70340106184563		143.9071644880682
21780.0		0.0011349994293558684		-154.87771347170215		18.82111746702809		349950.61228872836		74.46780079064199		144.37694792922682
21810.0		0.0020798249315376557		-154.87540791485736		18.806503604183746		349965.2473154012		74.23149615046086		144.83355260573367
21840.0		0.0019500237922169218		-154.87311644007139		18.79186927632808		349973.9834201662		73.99437745490727		145.27748881469867
21870.0		0.0023997988161525937		-154.87083946778776		18.777215475204603		349976.8282911256		73.75650014380217		145.7092575191746
21900.0		0.0018292805802699803		-154.86857657885767		18.76254214080372		349973.75924521964		73.51789284273555		146.12933204326495
21930.0		0.002050645499265793		-154.8663268636427		18.747848596503566		349964.7342850622		73.27856788431606		146.53815893601134
21960.0		0.0019248674790447967		-154.86397914871563		18.732972912183413		350024.3720030291		73.0383862377845		146.9361245606651
21990.0		0.0012487021828782691		-154.8617534641245		18.71823500789398		350003.2669497393		72.79767934679836		147.32370738207817
22020.0		0.002412878680746247		-154.85954724811154		18.703486244239613		349976.4343842836		72.55654948931362		147.7013240095695
22050.0		0.0017528070428585467		-154.85723875400515		18.68854407606456		350017.9114191625		72.31457140984503		148.0692201194361
22080.0		0.0025839333371575628		-154.85505356754157		18.673750004956055		349978.8344274927		72.0721743503974		148.4278630844264
22110.0		0.001804124267097855		-154.85277414569555		18.658768770617296		350008.2710320642		71.82924980181508		148.7775527723796
22140.0		0.0027811500865159377		-154.8504995620532		18.643755239501743		350031.24034347944		71.5856155261313		149.1185408111697
22170.0		0.0020415899356517535		-154.84834915050925		18.62889963926313		349973.83669432346		71.34164635412884		149.45125063050273
22200.0		0.0016793555722914228		-154.84610292595997		18.613849015176843		349984.69186221715		71.09721830865695		149.7759276184672
22230.0		0.002470232947394915		-154.84386844260632		18.598776267011473		349989.3484032955		70.85236639495515		150.09285683367085
22260.0		0.0024390395918134303		-154.84164537059306		18.583681462108032		349987.78466295544		70.60710641898267		150.40230422489117
22290.0		0.001972161584184367		-154.83943280852102		18.56856394458094		349979.9528040532		70.36143661198058		150.70451690252415
22320.0		0.001811167089282149		-154.83711548185897		18.553227335933293		350039.5912584113		70.11520288497518		150.99966813885666
22350.0		0.0016884123177853384		-154.83492153658779		18.538060358078717		350019.0229958752		69.86872358681511		151.28811107035855
22380.0		0.0023625684181617502		-154.8327442821144		18.522879988907448		349992.45404221956		69.62208493152758		151.57010119067576
22410.0		0.001756833707597914		-154.830458215122		18.507469508586755		350032.94719780143		69.37485910228831		151.8456641572185
22440.0		0.0018232411741008678		-154.8282965750211		18.492238829916655		349993.4575117808		69.12745587892942		152.11517131862615
22470.0		0.0016833810551509134		-154.82603415322868		18.476784330045977		350021.2657224918		68.87975978007768		152.37876260536626
22500.0		0.0020093908002953346		-154.82388491085516		18.46150124198546		349968.6598750958		68.6315813696251		152.63653245545726
22530.0		0.002409861341421444		-154.8216388049097		18.445995407233077		349983.3954207329		68.38328131692606		152.88881572209206
22560.0		0.0017326831742007231		-154.81940150028595		18.430464251792493		349991.5818156535		68.13473091375819		153.1357205282767
22590.0		0.002574876591663647		-154.817173159468		18.414908489698384		349993.21998481173		67.88595327713307		153.37741623034358
22620.0		0.001880598986389165		-154.81495353855053		18.399328320462363		349988.2907763999		67.63695928605205		153.6140599881957
22650.0		0.0017799749155805408		-154.81274173924447		18.383723112705713		349976.7407434592		67.38774052894158		153.84579335142186
22680.0		0.0021100113254643293		-154.8105315517493		18.368085472327923		349958.2327223215		67.13813517771825		154.0726767427643
22710.0		0.0016713046065724413		-154.80822012118733		18.35220290780124		350006.247901435		66.88845430101196		154.29499444018208
22740.0		0.001986247228552955		-154.80592203752053		18.3362989697555		350047.77046247944		66.6387741359959		154.5129142131656
22770.0		0.0015264144068679387		-154.80373558968068		18.320586292099843		350009.1921898816		66.38867059244117		154.72634931255766
22800.0		0.0018514160084776724		-154.80156093334125		18.30485623151251		349964.1759401364		66.13853879854025		154.9356141420383
22830.0		0.0018765723216497977		-154.79927930259953		18.288866190061515		349985.0502546448		65.88826144139317		155.14076419148134
22860.0		0.0015827605299819187		-154.7969970522613		18.272839084872718		349998.6273383461		65.63764678323398		155.3418106087193
22890.0		0.0026926024642857857		-154.79472592467468		18.256790408017185		350005.55971235875		65.38704532060736		155.53903650935493
22920.0		0.0010615455950289913		-154.79246089219188		18.240714289478127		350005.55837597884		65.13632784127846		155.73247721971714
22950.0		0.0017588464490276593		-154.79020198524464		18.224611305889482		349998.61872398946		64.88550951531339		155.92223756350023
22980.0		0.00200134101645623		-154.78794904345887		18.20848179349414		349984.72569183353		64.6345998439996		156.108415785336
23010.0		0.0025789020745231378		-154.7855854457013		18.192071127178433		350035.8243515352		64.38358718075506		156.29109551321255
23040.0		0.001979204406368661		-154.78333600440234		18.175876995064684		350007.4172776565		64.13230533617131		156.47027533343137
23070.0		0.0015002511320410027		-154.78109561819556		18.159661908799063		349972.2205784684		63.881060823308104		156.64619939636196
23100.0		0.0016370950935460302		-154.77874980943582		18.143166594048793		350002.059403738		63.62992279235644		156.8189852157388
23130.0		0.0017065234450134167		-154.7763992556647		18.12662894704728		350024.086606808		63.37847365466775		156.98848810783687
23160.0		0.0023213137191912922		-154.77405711320964		18.110066269242644		350039.10154645704		63.12709630964457		157.15498584787449
23190.0		0.0021110171052392637		-154.77171877897817		18.09347326544255		350046.81506302767		62.87567398433983		157.3184879476799
23220.0		0.0018021115256681096		-154.76937693064852		18.076841194176893		350046.7550563682		62.62401493321099		157.47896011639926
23250.0		0.002245849507194422		-154.76704337537834		18.06018563486294		350039.6616031872		62.372461464527845		157.63665279634608
23280.0		0.0017286600551009858		-154.76471310451134		18.04350079066486		350025.21338050533		62.12088583487133		157.79156158278167
23310.0		0.0018966950084277447		-154.76238601259837		18.02678710160131		350003.39877667464		61.86929722812661		157.94375334326554
23340.0		0.002187488278890944		-154.7600620214345		18.010045044955653		349974.20852257777		61.61770545011599		158.09329313139293
23370.0		0.00247526421002934		-154.75762154432508		17.992986797830923		350008.31142803095		61.3660972766211		158.24023139165683
23400.0		0.002121078448628237		-154.75517622475553		17.97588638261524		350034.30540299043		61.11430383557476		158.38453153461097
23430.0		0.0022579235920131414		-154.75285578410052		17.959050533682102		349982.3810433056		60.86262843075717		158.52641259923075
23460.0		0.0023233276425009136		-154.75042408421857		17.94189954228047		349993.7989884475		60.61113460601982		158.6659615972157
23490.0		0.0016441379157303242		-154.7479846814396		17.924704551355426		349996.88730569463		60.35941254601109		158.80300429832036
23520.0		0.0024370280322635616		-154.74555073270264		17.90748282036628		349992.5385376271		60.10783424458151		158.93779287185083
23550.0		0.0016964609197445666		-154.7431176289427		17.890229116719034		349980.4333005138		59.85628462198508		159.07031111718095
23580.0		0.001798088406568372		-154.74055763674002		17.87262827684079		350029.9686286412		59.60457306976848		159.20049936232476
23610.0		0.0025356358160028105		-154.73812304763857		17.855306015330015		350002.0061685452		59.35303476159895		159.32858573378059
23640.0		0.0023132627534723105		-154.73568877893965		17.837952952437345		349966.23575986177		59.10154439039521		159.45454367392975
23670.0		0.001830287541924791		-154.7331336009924		17.820254863548495		349992.2015044736		58.850106211691255		159.57841648507167
23700.0		0.0016682860853677618		-154.73057805175065		17.80252148781623		350010.0931408517		58.59873116727964		159.70024983389175
23730.0		0.0019600874993656483		-154.72802121301092		17.78475229816478		350019.8391872598		58.34740531090448		159.82007436149527
23760.0		0.0019520377155265436		-154.7254563003576		17.766939399985734		350020.93334152456		58.09595799142001		159.937832782367
23790.0		0.00200435953766091		-154.72289413891738		17.749097047094864		350014.1665505171		57.844689992051364		160.05372731541252
23820.0		0.001853428749907418		-154.72033657260124		17.731228178237863		349999.6810044944		57.59366007053386		160.1678253827355
23850.0		0.0016079156612741675		-154.7177681213368		17.713314008133178		349976.31414348166		57.342466779023475		160.2799384580679
23880.0		0.0021613261859438843		-154.71507946186804		17.695038391195542		350013.74406690896		57.09147198778603		160.3902995230742
23910.0		0.0021935265031801797		-154.71238805459393		17.676724179149264		350042.674049817		56.84056289503806		160.49887775826397
23940.0		0.0015877906107364672		-154.70980929157002		17.658701268838215		349994.08365048375		56.58955063693974		160.60559913359992
23970.0		0.0022679861172819915		-154.70710952954255		17.640310685769226		350005.889568842		56.33876384471048		160.71067547924258
24000.0		0.0020436003133217457		-154.70440648801488		17.62188284100936		350009.14216276724		56.088080139670886		160.814067783894
24030.0		0.002416904163605738		-154.7016997733109		17.603417914945485		350003.80827493034		55.83749947015687		160.91580394457606
24060.0		0.001664262966268024		-154.69898947306027		17.584916691249173		349989.8930878062		55.58703433361054		161.01591797006094
24090.0		0.0016994794409492464		-154.6961506034197		17.566026710413198		350035.0898530157		55.3366705272244		161.1144282502314
24120.0		0.002170384113317677		-154.6934239963862		17.547441209688056		350003.15646804683		55.086236150951365		161.21126496444322
24150.0		0.0019359357840885811		-154.69069694978438		17.528825378219754		349962.8871579915		54.83602982171418		161.30661839565522
24180.0		0.001448935089681571		-154.68784653503366		17.509822190380476		349981.79386319127		54.58610600321078		161.4005427045015
24210.0		0.002025491549853421		-154.68498134809036		17.490767558830495		349990.9634230621		54.3360718883938		161.49284344966406
24240.0		0.0020425945335468113		-154.68211470125465		17.471678675749455		349991.48135420587		54.08627972220376		161.58373846646654
24270.0		0.0016531946612242396		-154.67924191271325		17.45255045555571		349982.96429495607		53.83661928584248		161.67318860448415
24300.0		0.0019158142791905104		-154.6763552289847		17.433374062477885		349964.7623203285		53.58690380251472		161.76111172816175
24330.0		0.0020124069577402612		-154.67334117000493		17.413792415150997		350004.56239492167		53.337455710502205		161.84770713330423
24360.0		0.0012356199545248629		-154.6703199938521		17.39416772108402		350034.9960132707		53.088155814250186		161.93292888418435
24390.0		0.0021824570162565188		-154.6674173290999		17.374878158535164		349989.63787791226		52.83900015344821		162.01679430799595
24420.0		0.0018453813298280662		-154.66438119648112		17.355171024934442		350001.4016060876		52.59000299001608		162.09933026031916
24450.0		0.0017648811276772655		-154.66133660193321		17.335421415958276		350003.6843435224		52.34115013038441		162.18054731559
24480.0		0.002028508889178224		-154.65827619846885		17.31562111342168		349995.847475606		52.092268766366296		162.26036786326196
24510.0		0.0007888658155536234		-154.65521147144278		17.295784910050223		349978.8864645697		51.843655523408266		162.3389733282694
24540.0		0.002144222020370617		-154.65201685811977		17.27552459476049		350018.60849295184		51.5953608920903		162.41640845327493
24570.0		0.0019701476608747453		-154.6488032505981		17.255207416380966		350047.6699331263		51.34700081920929		162.49247753567917
24600.0		0.0013613956109861062		-154.64571179486546		17.235246642180183		350001.90513034724		51.09891826777885		162.56738600832517
24630.0		0.0014127116533455377		-154.6424826021259		17.214847626064977		350011.75187549647		50.85100576145176		162.64109005750194
24660.0		0.0018292793983901037		-154.63923515634855		17.194395058619026		350010.992374775		50.603078816014744		162.71350307510536
24690.0		0.0017004852207241807		-154.63598199880562		17.173904908206126		350000.7547231233		50.35545389282862		162.78481434599257
24720.0		0.0017940629237088814		-154.63258945052024		17.152965498485184		350045.33051009756		50.10801511015482		162.85497424534137
24750.0		0.0013905750432579688		-154.62931364301951		17.13238671471335		350015.0084409714		49.86075487833018		162.9239925125409
24780.0		0.0016954551399696322		-154.62602651501678		17.111765953795643		349974.71822782885		49.61368931997728		162.99189157357654
24810.0		0.0016018774369849316		-154.62259788454168		17.090689031687617		349988.6612680787		49.366804409122885		163.05867688703614
24840.0		0.002287103024285004		-154.6191488073648		17.069556341087992		349991.52921125013		49.11992666956936		163.12426587689168
24870.0		0.0016300522713617364		-154.6155615646999		17.047964177428273		350048.4062772915		48.87335081045233		163.18883318286308
24900.0		0.0022730150161566634		-154.61222662961322		17.02717161008019		349967.52957050875		48.627123576924575		163.25241656566598
24930.0		0.0014670473987895257		-154.60860880515548		17.00547997792523		350002.9634062862		48.38086969851421		163.31482162682923
24960.0		0.002612106989654491		-154.60498102430827		16.983744013901315		350028.05019422807		48.13492311222491		163.37624338687334
24990.0		0.0014740902209738195		-154.60133843690392		16.961958807415506		350042.3388218507		47.88917916505864		163.43663555508076
25020.0		0.0026875712016513607		-154.59767279544704		16.940115484830084		350045.04336566105		47.64345579599703		163.49590919259953
25050.0		0.0024511148585120257		-154.59399696490337		16.918230132834793		350037.4026208492		47.39806363081524		163.55424537863942
25080.0		0.0018896533681233276		-154.5903057058948		16.896297423633126		350018.92393524013		47.152890163754094		163.6115927274555
25110.0		0.0015948346148006378		-154.58659810979012		16.874317163930392		349989.5282857632		46.907924389329594		163.66795529576154
25140.0		0.0022699976768318602		-154.582742898936		16.851849674978222		350011.7957485365		46.66318432440238		163.72335278236602
25170.0		0.0031172211750493325		-154.57887020732787		16.82933072506792		350022.7718805596		46.41865620898425		163.77778722516058
25200.0		0.002044607274976557		-154.57510401371783		16.80719760299265		349959.45524823666		46.174166082530256		163.83117278721028
25230.0		0.002511487646365373		-154.57106044503024		16.784128191283813		350009.7002597116		45.930006060879926		163.88367857233197
25260.0		0.0021371780163064466		-154.5670047781395		16.761012027193832		350048.9360442003		45.68622070648469		163.93533743345816
25290.0		0.0031131968740697184		-154.56318582783115		16.73873673003082		349952.07809447125		45.44244282200357		163.98595740746606
25320.0		0.002638270264481427		-154.55908694535677		16.715512042062073		349967.71450018603		45.19899752490336		164.03572462672372
25350.0		0.001713565085317834		-154.55496823655741		16.69223444038482		349971.6033138493		44.95578302155679		164.08459164470287
25380.0		0.003029682878233744		-154.5508211360534		16.66889503674477		349962.8856274737		44.712619762134686		164.1324684581745
25410.0		0.0018856267033839603		-154.54652518374698		16.645047439095332		350003.95817358326		44.469812635914565		164.17952930568464
25440.0		0.0031926889326858317		-154.54220825422468		16.621144292523958		350032.9133510962		44.227252536340615		164.22572220136234
25470.0		0.004081164766114009		-154.53800341688074		16.597652624308477		349988.94991522003		43.98492521738888		164.27104677354677
25500.0		0.0025084679432808166		-154.53364297280507		16.573641628334965		349993.6984673077		43.74285058775971		164.31552109114975
25530.0		0.002052657058815662		-154.52925978133973		16.54957601825093		349986.1914920034		43.50101521737326		164.35914486535864
25560.0		0.003168538399288641		-154.52471036087732		16.524972737484028		350025.73605099134		43.25924481204194		164.40183002908532
25590.0		0.0032017433144199943		-154.52027725504468		16.500793869048707		349993.15340794437		43.01783027372101		164.4437417493534
25620.0		0.0033888987203893957		-154.51569182704893		16.47609094536824		350008.81748743914		42.776811353229704		164.48490812722622
25650.0		0.003263119518288523		-154.5112074325844		16.451801322945357		349951.0830773907		42.53583026016451		164.52514075900012
25680.0		0.0027821570481707486		-154.5064314085287		16.426498113266273		350000.47162017226		42.295203471563056		164.56461810721382
25710.0		0.003304376581018734		-154.5016294485567		16.40113466790762		350036.7825242812		42.05483206301752		164.6032923718485
25740.0		0.003012575167020847		-154.49692901869395		16.37619033968593		349999.93699559104		41.814539056544604		164.64107322297247
25770.0		0.002985410839938483		-154.49220793077532		16.35119782318855		349950.9108353751		41.57462368223531		164.67812913962013
25800.0		0.0038356504956008823		-154.48718680354236		16.325166365881273		350006.7115852684		41.334980231734534		164.71440823393988
25830.0		0.004163676527814678		-154.4821371258478		16.299072085600386		350048.9355873093		41.09559137141261		164.74990655292248
25860.0		0.0034804601363047213		-154.477334330153		16.27391136995058		349960.7982549928		40.856478878392195		164.78464126379603
25890.0		0.00256481643015455		-154.47222798208196		16.247699166122803		349976.2809852008		40.61762969588967		164.8186104741017
25920.0		0.003926210859260779		-154.46708336064685		16.221416815357088		349977.1919505475		40.37886932551007		164.85172449983256
25950.0		0.004120407905534598		-154.46191407049892		16.19508033967664		349965.0404357696		40.14048673020741		164.8841452314527
25980.0		0.00364145463120694		-154.4565829476635		16.168185939041862		349997.7227474265		39.90251836401662		164.9158972569714
26010.0		0.0028032866966035065		-154.4512101243518		16.14121722571319		350015.2236502152		39.664615085071766		164.94679573901539
26040.0		0.0045299328283948705		-154.44594940264224		16.114702135672815		349961.84160484467		39.42708489455557		164.97701247654487
26070.0		0.0031977166496806268		-154.44037827501683		16.087103726538768		350009.0778905209		39.18983173035751		165.00649979954903
26100.0		0.003521717199034933		-154.43476493055815		16.05943023236628		350040.8421030706		38.95268123055726		165.03516746379086
26130.0		0.003937279164304564		-154.42926351987813		16.032215541600063		350001.9450405603		38.71592703124638		165.06317907663632
26160.0		0.003949353249123283		-154.42358881925088		16.004422132786427		350005.579287732		38.47946680634963		165.09048326215972
26190.0		0.003961427333942002		-154.41787884340886		15.976564673916863		349994.6058227932		38.24328027369914		165.11707306939707
26220.0		0.0038618125885479413		-154.4119934829169		15.948121136135672		350025.3875182085		38.00739104296221		165.1429652613979
26250.0		0.003500586368722298		-154.40621272887674		15.920137075802735		349985.1193032414		37.77178646117587		165.16815682988604
26280.0		0.002961260306541292		-154.40010373675173		15.891025299390538		350040.94820035994		37.53629194177349		165.19255682255414
26310.0		0.004158644083300377		-154.39424561399116		15.86291075202423		349970.61583222914		37.301194470879665		165.21632459674566
26340.0		0.004408182654793118		-154.38807369622694		15.833678753203117		349997.4967418527		37.06652732295097		165.2394817831776
26370.0		0.004291461380066037		-154.38185205448		15.804367595068456		350007.71547482256		36.831949923006476		165.26184710007846
26400.0		0.0037923866008403085		-154.3755959322572		15.774994465659734		350003.05959939584		36.59776195346018		165.28358653469323
26430.0		0.0037692430290979287		-154.3692997900873		15.745554860961327		349982.9318645466		36.36387019734196		165.30465283156008
26460.0		0.005120576114815184		-154.36281058993075		15.71549890005969		350000.99610857107		36.13010294089165		165.32495603997134
26490.0		0.004676838133288871		-154.35628574709133		15.685380015437488		350003.8721119566		35.896748286405376		165.34465564669478
26520.0		0.002863658302576977		-154.34957556721523		15.654648242745706		350045.3143576747		35.66370726415904		165.36370102408426
26550.0		0.00489417875130507		-154.34310942469978		15.624938378183455		349961.9453177387		35.43095677356517		165.38208263066127
26580.0		0.003991614909748553		-154.33631242423647		15.594067805160858		349971.12215916254		35.198522213419714		165.39981717555756
26610.0		0.005026997229950607		-154.32947076208742		15.563126818720121		349963.93658280466		34.96639135744186		165.41690087016187
26640.0		0.005186985945077892		-154.32228394796718		15.530999477973946		350046.4965773951		34.73438963607156		165.4332416699772
26670.0		0.004252220604405201		-154.31534667314364		15.499912007571634		350005.6786829699		34.50280201850093		165.44899703774888
26700.0		0.005077308674414981		-154.30822500157805		15.468206694251245		350002.61669625994		34.27165870982291		165.46418605722582
26730.0		0.0037239628472679797		-154.30104448926457		15.436418857180408		349981.4005327234		34.04062760904331		165.47863084262713
26760.0		0.0051386872420432625		-154.29367463396932		15.404004205267977		349996.8545330018		33.81000023468481		165.49249230515693
26790.0		0.004564144705181034		-154.28625530772948		15.371515838308921		349995.0716923801		33.57968618972631		165.50572376179255
26820.0		0.004542008095093465		-154.2787760011757		15.338944848885923		349974.8443213627		33.349516432503314		165.51823563337487
26850.0		0.004864998137153331		-154.27095761924917		15.305173079876404		350042.7410925068		33.11977359021481		165.53018393643478
26880.0		0.005223210563293801		-154.26338272471912		15.272461883858808		349988.41505619977		32.89036201659817		165.5415189159457
26910.0		0.004538987210129033		-154.25545894100318		15.238536589333291		350020.5547633851		32.66125591635838		165.55222872630233
26940.0		0.005412375165053318		-154.2474818713999		15.204534556467053		350034.68600647524		32.43248242986153		165.5623302777446
26970.0		0.004383026341620993		-154.2394500911664		15.170455900934478		350030.6976386802		32.204029774755256		165.57181923562783
27000.0		0.0052825763894923375		-154.2313523443806		15.136291324547939		350007.280870066		31.975723496397364		165.58060252545815
27030.0		0.005553242245658083		-154.22320485677605		15.102057957617424		349966.47254467383		31.747846506275103		165.58883627896842
27060.0		0.005417405245807866		-154.21470897612545		15.066595855025632		350010.4359018598		31.520426046092233		165.5965373417809
27090.0		0.005050140801692987		-154.20614243461893		15.031041698998324		350033.99827489164		31.29313838730984		165.6035309779346
27120.0		0.00528559372881714		-154.1975217667541		14.995412796358568		350039.2520465441		31.066267038513985		165.60997366721688
27150.0		0.005790706732332105		-154.1888408445452		14.95970489754688		350025.51706308965		30.839724392884776		165.6158193765845
27180.0		0.005396275597375109		-154.18008845767153		14.923909094543873		349991.481050387		30.613344096907134		165.62097889216108
27210.0		0.006131812629139555		-154.17097768781923		14.88686111667189		350039.3002164513		30.38740336296909		165.6256053348665
27240.0		0.0050239798906258045		-154.16210807445395		14.850915317155629		349967.761165238		30.161809829901316		165.62964987545175
27270.0		0.005052152361242856		-154.15286941560603		14.813704502153643		349976.3341152845		29.936535127088767		165.6330985652663
27300.0		0.005254400373235656		-154.14356614256525		14.77641259045963		349965.17408808507		29.711608085872314		165.63596870798537
27330.0		0.005617640516370922		-154.13389019706298		14.737843621070501		350032.6844515754		29.4870173817597		165.63825558937324
27360.0		0.005458661126658201		-154.12444160940865		14.700376817254018		349980.00735477544		29.2625887663429		165.63986508961128
27390.0		0.0052725126823436105		-154.11462392999783		14.661633727163558		350006.0409726603		29.038603054171602		165.6409525190628
27420.0		0.005523057033611286		-154.10474456251035		14.62281296224017		350012.4734634245		28.815084626261935		165.64153272101254
27450.0		0.006638938374084265		-154.09478179501266		14.583896638299565		349996.67023265455		28.59171801793665		165.6414338148673
27480.0		0.004738216700917153		-154.08475298662623		14.544902136365003		349960.89797582943		28.368778882069748		165.64080842095774
27510.0		0.005541169342719241		-154.07434028338048		14.504607429953266		350000.6468951311		28.14618236820325		165.63961118189965
27540.0		0.005853092261615198		-154.063841363415		14.464214378440634		350017.51048401464		27.923764822514194		165.6377531891831
27570.0		0.005603553690122457		-154.0532737039766		14.423740298156185		350013.7898184778		27.701798103401075		165.6353851830596
27600.0		0.004144557257051913		-154.04263039053603		14.383180818521495		349988.7110588057		27.48019309297201		165.63245926864593
27630.0		0.006152941095692436		-154.03159365391		14.341303082194806		350036.6734354468		27.258918960640173		165.62895953310067
27660.0		0.006462852455038525		-154.02079326496283		14.30057036374018		349968.1738299234		27.038006176916596		165.62490382497865
27690.0		0.006148916794712822		-154.00959721820158		14.258515603690116		349972.0908890562		26.81744388624331		165.62028717030887
27720.0		0.005052152361242856		-153.99798959803908		14.21511884171745		350045.6891389033		26.597058132557628		165.6150143351081
27750.0		0.0077568324559869894		-153.9866228728892		14.172879314513647		350003.9946290599		26.377127596129327		165.6092402783382
27780.0		0.004640615878832715		-153.97486224745023		14.129311383866707		350033.9216394238		26.157673897148868		165.60297802273692
27810.0		0.005981886439281121		-153.96300192109695		14.085639591286903		350039.0849255165		25.938389721134058		165.59605822445855
27840.0		0.006042259227134469		-153.95106019305		14.041881438777498		350021.9418844674		25.719543019478664		165.5886301569212
27870.0		0.005561293211377064		-153.93903012890365		13.998032949745756		349981.7228716351		25.501051661502416		165.58064913118884
27900.0		0.007675328837821007		-153.92657603626353		13.952822685667678		350008.14372815285		25.282754700195994		165.57202644909788
27930.0		0.0056729796778300905		-153.91403742914042		13.907524106204182		350011.700428335		25.064918702214754		165.56291093833195
27960.0		0.00629280476028202		-153.9014069447347		13.862133012465756		349991.57348180003		24.84745774826193		165.55325561919642
27990.0		0.006636926814534397		-153.888355516298		13.815376095340186		350037.5690893559		24.63033865996293		165.54304270728176
28020.0		0.007447925694535959		-153.87553456648942		13.769797899206749		349969.34089701064		24.41359349407776		165.53229072051946
28050.0		0.00693476290718189		-153.86229026075486		13.722850980948916		349966.6804395374		24.197211873053064		165.520994513004
28080.0		0.005616633554716111		-153.84860513440302		13.674515923186398		350026.7083232263		23.981020214925252		165.50905762987375
28110.0		0.0056126104356163725		-153.83515520131354		13.627372024170526		349973.7835144121		23.765295029917112		165.49663511924996
28140.0		0.007469056524848594		-153.82128329804408		13.578854532718491		349985.77905103844		23.550055274985056		165.4837383244172
28170.0		0.007853427498296494		-153.80729304037203		13.53022773635709		349970.6116257794		23.335001668208747		165.47020011016738
28200.0		0.007364411698699985		-153.79287153699076		13.480214682324974		350018.4775167117		23.12039461354391		165.4561668664806
28230.0		0.007595839142964648		-153.778341638208		13.430099917354454		350040.2922547674		22.906154661431728		165.44159454506868
28260.0		0.006558441717573095		-153.76368923579884		13.379874561953063		350034.37102037296		22.692123575080032		165.42639454034384
28290.0		0.00617306496435026		-153.74893429455938		13.329556481310478		350003.4742731983		22.478562692902514		165.41071419810345
28320.0		0.005435517554915822		-153.7337326110066		13.2778348053626		350032.7945364723		22.265389246985208		165.39450741787454
28350.0		0.00938990206667353		-153.71841430414105		13.226009268201317		350035.16050617304		22.052567820520423		165.3777546009522
28380.0		0.007320138478524848		-153.70298090831088		13.174083284164489		350010.9406073848		21.840132003058983		165.36047504198348
28410.0		0.006227399527914372		-153.6874303498061		13.122057480484196		349960.03339389246		21.628071902219887		165.3426634885304
28440.0		0.00800938954868441		-153.6714060430732		13.06860312042508		349965.1058306545		21.416214388505324		165.32422213076683
28470.0		0.009167530186022906		-153.65492684574255		13.013730386419477		350028.1397247836		21.20483376730172		165.3053065248371
28500.0		0.007910780583065284		-153.63867512492956		12.960082147572983		349980.5059577897		20.993946427422955		165.28592644399953
28530.0		0.009007546198415128		-153.6219400452523		12.904994479389806		349987.0265657762		20.783260999891368		165.26591663364414
28560.0		0.008587955204646376		-153.6047390438169		12.848476533371203		350049.5353877833		20.573030493691903		165.2454210223101
28590.0		0.00842696307350391		-153.58775252651458		12.793182465197118		350000.4532140186		20.36317810029192		165.22439616221408
28620.0		0.006015092536292351		-153.57027445595563		12.736439866784501		350003.9526760997		20.153548294291497		165.20275340843418
28650.0		0.010382019310235134		-153.55267110766536		12.679597276040672		349979.88693908975		19.94439724884488		165.18063902469632
28680.0		0.009488509850412778		-153.53458480084487		12.621309217996368		350009.11138642207		19.73564529879151		165.15800774474656
28710.0		0.009237964317265228		-153.5163576263669		12.5629106459428		350008.7227661498		19.527254895706037		165.1348381851689
28740.0		0.008764042305571993		-153.49799134237915		12.504405283084488		349979.16541370936		19.319261107589043		165.1111505139224
28770.0		0.007284920821963748		-153.47913104281363		12.444444061996153		350001.07915445603		19.111654533125062		165.0869394220695
28800.0		0.008987419965997551		-153.46010917248597		12.384361256371355		349990.9024302969		18.904262570800753		165.06210559021952
28830.0		0.012947840338284743		-153.44094982585045		12.324176459732662		349952.0430687899		18.697357286440166		165.03680548559132
28860.0		0.009346636990033078		-153.42094097129612		12.261176329702662		350044.1572220642		18.490952593548215		165.0110473958918
28890.0		0.010031859031693522		-153.40111837446662		12.199408918852527		350023.51038570516		18.284764915478505		164.9846676246352
28920.0		0.012013077361371804		-153.3811492907573		12.137537009262871		349973.31764290854		18.079040016587356		164.95780802593438
28950.0		0.010602378449456013		-153.3606653863807		12.07419133797484		349971.36409378704		17.873703688070066		164.93042570544011
28980.0		0.011467715438661317		-153.33964618980687		12.009355228301972		350014.65798686445		17.66860311547697		164.9024318382708
29010.0		0.01151802333748606		-153.3184733718851		11.944410394424219		350027.50121064205		17.463989368470138		164.87397198072338
29040.0		0.011749451963630598		-153.29713771807823		11.879353183691737		350008.93225460406		17.25978583495082		164.84500165170638
29070.0		0.011332883036706157		-153.27563353358343		11.814182426275346		349958.45731570665		17.055952939007		164.81549769023604
29100.0		0.01401039407684842		-153.25359720607938		11.747523758261098		349953.6771596577		16.852527172468157		164.785481228499
29130.0		0.01088109527134074		-153.23102242969279		11.679370672115855		349993.54831647594		16.649499629109727		164.75494694011704
29160.0		0.01331611292593431		-153.2082536896429		11.611088771913161		349998.3177419333		16.446698309515398		164.72379382615387
29190.0		0.011546198171862865		-153.1849481148065		11.541312579606764		350047.9018092919		16.244393003796688		164.69217965651308
29220.0		0.010072107950889047		-153.1618429278924		11.472813514867013		349990.0000144625		16.042595240701786		164.66011129766449
29250.0		0.01468153283790003		-153.13779475774024		11.401409756802877		350048.15113220643		15.84102911577412		164.62742629790722
29280.0		0.013503265968143958		-153.11393932648738		11.331283794439765		349998.39495618455		15.639933295732035		164.59426479386715
29310.0		0.012035212789579497		-153.0895219741238		11.259648998074665		349990.44795607496		15.439236129685412		164.56058439459997
29340.0		0.017817872101832253		-153.06452016468012		11.186489437976238		350021.2244810667		15.23878751244159		164.52629594943573
29370.0		0.014881766926583209		-153.03933242371986		11.113216926730665		350019.22163727414		15.03883346982093		164.49154466120194
29400.0		0.011517017557711125		-153.01394871389127		11.039827996929416		349983.43013003		14.839300392187496		164.45628678418583
29430.0		0.01249203181757934		-152.98798267121256		10.964917084532399		349986.9720566543		14.640146778270605		164.42049736876055
29460.0		0.013812170365835236		-152.96143265868474		10.888481845320714		350029.6053283345		14.441410488032218		164.3841985995801
29490.0		0.013806134505305752		-152.93467406130733		10.811925499994956		350037.3015597863		14.243083113363397		164.34738516482773
29520.0		0.01642025305451011		-152.90768454447885		10.735237515177342		350007.4483361114		14.044993329533042		164.3099542034112
29550.0		0.016479620062588525		-152.88010839855968		10.65702567919222		350016.81717472617		13.847408612784776		164.27206517208538
29580.0		0.013936940242521543		-152.8523273138007		10.578701228952248		349992.57678747457		13.6503381951443		164.23372356365752
29610.0		0.015107154964678758		-152.8239190415027		10.498829250522608		350002.49840865843		13.453513726054723		164.19476786920734
29640.0		0.009825590264360739		-152.7952944113344		10.418841340166319		349977.8385074688		13.257166917139514		164.15533683873443
29670.0		0.012582587453719731		-152.76605234543595		10.33731279263419		349989.0061866259		13.061228632835949		164.11538853401336
29700.0		0.013004188825158474		-152.73655987426287		10.255652029330006		349961.67053010873		12.865551475861565		164.07483333065585
29730.0		0.013454967265109329		-152.70645142807962		10.172452822141224		349970.79067258537		12.67037648407073		164.03381641446205
29760.0		0.01614958601646449		-152.6757117963318		10.087705823764923		350014.51899863034		12.475632999355284		163.99229472715245
29790.0		0.012054332060342263		-152.64472504941727		10.002833334060997		350021.0697637107		12.281277695041098		163.95024150385657
29820.0		0.013943984246585715		-152.61349386085615		9.91784012470383		349991.21181385126		12.087349742655121		163.90768006997175
29850.0		0.013868516488949215		-152.58161583453523		9.831294004239487		349994.789213025		11.89384123386202		163.86460515550417
29880.0		0.012792886431431512		-152.54906150582585		9.743178381263082		350028.160755503		11.700581591046841		163.8209118445924
29910.0		0.012835146910176905		-152.51666301934438		9.656383765134352		349956.57031839155		11.507835934594738		163.7767616601292
29940.0		0.012808984817229845		-152.4832134213483		9.566600749149638		349988.4460932696		11.315611285519196		163.73215875487097
29970.0		0.010970648673345827		-152.44947571577075		9.476682652275		349979.99948103447		11.123646731749872		163.68694227323562
30000.0		0.010339760013369618		-152.4150715887427		9.385205403449739		350004.05006037746		10.932167166784993		163.64124988653444
30030.0		0.011986915268424745		-152.38039278682638		9.29360522986909		349990.3975777216		10.741105928423778		163.5950400604742
30060.0		0.011370112252817125		-152.345006816328		9.200426682691281		350004.6861363109		10.550318325188911		163.54822254768789
30090.0		0.009867849561226253		-152.30935059329525		9.107132553699433		349982.75208953116		10.360040459044981		163.500942839279
30120.0		0.01115679593578054		-152.27299963843157		9.012269779720285		349991.2622057535		10.170204571963552		163.45315851976898
30150.0		0.012074455929000086		-152.23635409007943		8.917283485260743		349961.2994370954		9.980765610354041		163.40484096939213
30180.0		0.011325839032641987		-152.19900161962505		8.820725402848062		349961.11855121795		9.791763999236423		163.35601474421725
30210.0		0.01001676760755		-152.16093378888385		8.72259198104588		349990.10253485106		9.603192330025692		163.30667464029764
30240.0		0.011610595260695827		-152.1225360647121		8.62432395836165		349977.51168973744		9.414880846000216		163.25671348650636
30270.0		0.010036891476207822		-152.0834247915213		8.524485359231772		349995.3818651773		9.227092264163744		163.20629524828863
30300.0		0.009335567503109416		-152.04401528667944		8.42453390665112		349976.8987718448		9.039831477955502		163.15542276004533
30330.0		0.012870364566738004		-152.0034190272542		8.321528898092465		350049.83577717		8.852844902385797		163.10393554355417
30360.0		0.008720773683291914		-151.9633566137117		8.221332575885052		349952.9653729135		8.666350743404678		163.05197047907922
30390.0		0.011338921260995394		-151.92211884125402		8.118092774859155		349950.2021229202		8.48028476974605		162.9994863899707
30420.0		0.01061243861096511		-151.8796701773856		8.011791264613437		350037.66412742063		8.29450499573187		162.94639225800444
30450.0		0.00821364912022708		-151.8377535460503		7.9083102362953115		349956.7640175428		8.109242633064497		162.89283418899277
30480.0		0.009453293375731557		-151.79463999220965		7.801779125002262		349969.22964672185		7.9244327724714765		162.83877037048384
30510.0		0.010933418275354982		-151.75074188699733		7.693658312150957		350007.9567557741		7.740028730441168		162.78417027663588
30540.0		0.012543346678058896		-151.7064925748086		7.5854211623526435		350008.4125688225		7.55607212592038		162.729059787338
30570.0		0.008649336136034412		-151.66145141638694		7.475596029940846		350035.638981333		7.372556048692331		162.67343378752778
30600.0		0.009167530186022906		-151.61601912611295		7.3656423211573205		350020.81929953024		7.189311637841854		162.61718264313038
30630.0		0.01045849166576669		-151.5702366746991		7.255583330652348		349969.8840259556		7.006599153348205		162.56047313782506
30660.0		0.009672644371417747		-151.52321905480687		7.142466647626456		350012.2394447699		6.824421442211374		162.5033067989557
30690.0		0.0065805795095405396		-151.47579563419154		7.02922447198098		350012.91683253646		6.642532139669768		162.44552326354014
30720.0		0.010761356657288857		-151.42800007758362		6.915876428257727		349976.9191958839		6.461142887730176		162.38725889028905
30750.0		0.008629211085496712		-151.37892507112286		6.799457113882878		350031.34768873174		6.280191844046911		162.32847281787974
30780.0		0.011590471392038003		-151.32942761756775		6.68291536706277		350044.392926842		6.099539729659057		162.2690731107548
30810.0		0.009729999819946291		-151.2795452602305		6.566272292644289		350021.5663710926		5.919412905458074		162.20920678829455
30840.0		0.009123256965847768		-151.22926327115695		6.449525387250198		349961.68947123084		5.73974925955855		162.14883260695413
30870.0		0.01096863593191608		-151.17766200612152		6.329700626090848		349991.18138406705		5.560500574534842		162.0879180735857
30900.0		0.01293878595655058		-151.12564573634305		6.209772014584689		349983.5550622074		5.381709601352767		162.02649048897214
30930.0		0.011128624647043365		-151.07275250007376		6.088253100052938		350002.38299603947		5.203369925659686		161.96454484969095
30960.0		0.011072276160169632		-151.0193991570554		5.966618799020273		349980.1174109746		5.025313659122261		161.90196884488546
30990.0		0.013726642446689639		-150.9651712207518		5.843402587032156		349986.6413520267		4.847798543651493		161.83893245263687
31020.0		0.010907258546167675		-150.9105226976694		5.720095957898125		349958.87353398185		4.670825458716678		161.77543589534898
31050.0		0.008742911475259359		-150.8544731508425		5.593695692888113		350017.25113627873		4.494155158261435		161.71131867757725
31080.0		0.012038232492664053		-150.79798104556872		5.467203559260659		350040.73203895055		4.317992836263215		161.64671688931884
31110.0		0.013111853354391639		-150.74103044766164		5.3406173920440185		350028.11360793		4.142278997361544		161.5815899467694
31140.0		0.015711885077347536		-150.68358871530506		5.213928386870869		349976.1149229929		3.9668770723501154		161.51584485332282
31170.0		0.007421764783468776		-150.62475412114054		5.08416465462568		350016.4345281804		3.7920086032835627		161.44962983112012
31200.0		0.016270329228411432		-150.56544650539854		4.954313958397914		350021.9759610435		3.617614224221583		161.38290417776693
31230.0		0.012046282276503157		-150.50565109968278		4.824375022647469		349991.7378295399		3.443644279096816		161.3156333626067
31260.0		0.01597953595794823		-150.44489556250159		4.692855081639424		349989.86840192135		3.270142586717114		161.24784620933013
31290.0		0.012606736805237046		-150.3836481598803		4.561254461988221		349953.79125303775		3.097103224014745		161.1795378491242
31320.0		0.010220021399317734		-150.32090443401214		4.426559191156655		350004.3546152925		2.924359355851891		161.11059307617637
31350.0		0.01085091124117382		-150.25767172673577		4.2917937839769955		350023.628508782		2.7521661354104765		161.04118543967874
31410.0		0.007750795413577631		-150.1296701397316		4.022044996221572		349963.29882701393		2.4091963817287194		160.90081745005628
31440.0		0.015031690752681888		-150.06390612176511		3.8840564361304986		350008.383457182		2.2383864789761105		160.82983229472288
31680.0		0.006215325443095653		-149.5114546903772		2.758317305002371		350029.3086890392		0.8879646441089903		160.24249104704455
