sod		dsTEC/dt		lon		lat		h_ipp			elev		azi
30.0		-0.005888309918176297		-164.60635050910676		27.497573405856276		349985.50617725495		8.544207456310914		315.2311216000195
60.0		-0.005454634461918834		-164.51249749398715		27.45839481389807		350003.7259672247		8.694083866907022		315.35947003679433
90.0		-0.0055472063851286		-164.4190944784134		27.418849435253346		350001.5494514769		8.844470746716965		315.4874922304522
120.0		-0.006206269879481614		-164.32618569623955		27.37894151769517		349973.759612591		8.99512093409352		315.6150599612477
150.0		-0.0071178916484119234		-164.23500165727452		27.339685806176114		349988.74471388105		9.146147150304444		315.7422299073902
180.0		-0.005970819316117214		-164.14425871411245		27.300079723181167		349983.30694514327		9.297691427944699		315.86907335399997
210.0		-0.006027164257351317		-164.0540001751782		27.260127940143157		349952.332341644		9.449505823561907		315.9954622679884
240.0		-0.00837061695038993		-163.9666814045918		27.221868420147494		350030.78539536987		9.601674637762045		316.12143857025495
270.0		-0.0045188657052309626		-163.8773569331013		27.181241349852105		349951.71121017355		9.754178925380558		316.24699142773227
300.0		-0.004461511438582295		-163.79093199911011		27.14232212167188		349984.9286188567		9.907163297624777		316.3721930812286
330.0		-0.006369273570173947		-163.70494761315524		27.10308068537221		349995.74261342734		10.060568979987266		316.49701224597095
360.0		-0.003315446067942395		-163.6194310533833		27.06352195370446		349980.9012883138		10.214232991395392		316.6213650972883
390.0		-0.0074358516097172405		-163.53557846398027		27.02467628330522		350009.4747213796		10.368238719012709		316.74529278632986
420.0		-0.0038215648512322942		-163.45214202868436		26.985522986920724		350017.43019535486		10.522761063917002		316.868882363312
450.0		-0.007485156092526803		-163.3691627170099		26.94606778627024		349999.9217666099		10.677549532589751		316.9920060872476
480.0		-0.010849904279519009		-163.2866222918021		26.90631357756141		349958.9783012625		10.83271779517544		317.1147201209135
510.0		-0.0024662074645354242		-163.20568829961059		26.867296817719385		349965.41570797283		10.988409426031424		317.23709528921717
540.0		-0.008392754742357376		-163.12638587654436		26.829028794996436		350015.0740914382		11.144374207268882		317.3590045543485
570.0		-0.0019329184447637777		-163.04750674331987		26.79047994711179		350041.3000986567		11.300696824342353		317.4804892872022
600.0		-0.0018101613095072146		-162.96787879261083		26.750615031877352		349974.7482456025		11.45735773345713		317.6015385030181
630.0		-0.0055804124821398305		-162.89100523729326		26.712553188664636		350024.607145953		11.614503431213748		317.722224137495
660.0		-0.004909272539208346		-162.81336995992		26.67318131017434		349982.990222197		11.772074161851265		317.84251490668385
690.0		-0.0032953186536449418		-162.7373337212842		26.63458795434976		349985.2897626078		11.929906007195555		317.96232788025685
720.0		-0.005557267728517574		-162.66286914497263		26.59678019841749		350033.49689773656		12.088081592571442		318.08170310030323
750.0		-0.006978029165702216		-162.58763338862641		26.557670027443926		349991.3908125339		12.246779350844108		318.2007278844868
780.0		-0.006449772590444871		-162.51397093673353		26.519356314612345		349994.09357019886		12.405745382618392		318.3192748771993
810.0		-0.0019117876144511435		-162.44070894738567		26.480795643219697		349973.7879784461		12.565094325987317		318.43739974320204
840.0		-0.003432164978909723		-162.3689625367827		26.44303988122695		350003.370152439		12.724971328006703		318.5551728720422
870.0		-0.006965955080883498		-162.2976227165971		26.40504816848302		350008.34490445256		12.885123852459856		318.6724681232895
900.0		-0.003386884797079774		-162.22667689518056		26.36682254091873		349990.0667570727		13.045636977901452		318.7893263279444
930.0		-0.007489180393506417		-162.15724962067202		26.329421207856843		350019.3364385823		13.206490544467599		318.9057363235365
960.0		-0.007388562232097176		-162.0881882721082		26.29179275707316		350027.7239416251		13.367832975775315		319.02176976555444
990.0		-0.011294645677060502		-162.0195016160087		26.25394136939146		350014.1132588368		13.529603512183897		319.13739533300054
1020.0		-0.006458826972179034		-161.95121264489197		26.215873278677908		349975.74829540495		13.691637282676382		319.2525309141662
1050.0		-0.011419417917506563		-161.88441222838216		26.178649328576384		349986.02201488987		13.854016126747496		319.36721545342084
1080.0		-0.006357199485355228		-161.81796287841777		26.141212298494096		349976.0657818569		14.016922090967626		319.48153656521515
1110.0		-0.009133319491116619		-161.7529931641488		26.10463131616234		350014.3096758295		14.180097794201359		319.5953671791745
1140.0		-0.009203755986118693		-161.6883842413539		26.067848184548915		350030.3770226678		14.343658860684187		319.7087624772547
1170.0		-0.008984399081033118		-161.6230324537238		26.029799962679686		349953.3623114554		14.50775204072923		319.82179243685005
1200.0		-0.010698974673645393		-161.56022333603474		25.99368369694207		349998.4886096157		14.672122434933044		319.93433171121
1230.0		-0.008323325209010113		-161.49776809851187		25.95737659385615		350021.32370537147		14.836855522277943		320.0464205986091
1260.0		-0.008513496772424441		-161.4356692032176		25.920882090078408		350021.482727468		15.001930508086787		320.15804772882814
1290.0		-0.012314937754998912		-161.37390666470466		25.884199816780242		350001.1541761141		15.167497784236247		320.2692845002075
1320.0		-0.009986582395503204		-161.31248854059973		25.84733400332375		349959.30483892746		15.333495563298513		320.38009951222836
1350.0		-0.010863991105767473		-161.25354741879195		25.812426847744867		350042.5528303329		15.499758005873346		320.4904113919756
1380.0		-0.011518024519365936		-161.1928402411724		25.775210011187358		349954.2397577567		15.66636613876291		320.6002579925754
1410.0		-0.009515677723134773		-161.13455660347705		25.739954161942517		349995.8292841129		15.833505704964182		320.70972725391493
1440.0		-0.015461339544199983		-161.07661809060684		25.70453277966272		350014.2892934		16.000915764265287		320.81869228419106
1470.0		-0.012702328431531369		-161.0190095248137		25.668945891716913		350011.2550453227		16.168712944213624		320.9272077945382
1500.0		-0.011943649009904418		-160.96171218391984		25.6331925629021		349988.7606257796		16.337045627713252		321.0353433702745
1530.0		-0.013170211037055488		-160.9057859134239		25.59835317082421		350019.20720174816		16.505656506943282		321.1429743492101
1560.0		-0.012364243419688352		-160.8501823865933		25.563358089132528		350028.15245381836		16.674631467387954		321.250140500021
1590.0		-0.015210795192932308		-160.7949038280975		25.52821057964432		350015.24121852685		16.843949059206665		321.35683020989063
1620.0		-0.014853594455966155		-160.73993139096888		25.492909356271266		349982.5177237643		17.013761683487388		321.4631146401141
1650.0		-0.014332377157253474		-160.68628239198964		25.458531582937198		350006.2418097183		17.18400649956132		321.5689622628861
1680.0		-0.01141036117201265		-160.63295751418684		25.424012150916813		350007.40614656825		17.354516683766533		321.6742923596924
1710.0		-0.013174237701794857		-160.57994662011475		25.389351582636724		349987.0650745351		17.525372420974463		321.77914169320854
1740.0		-0.010776451627072007		-160.52822335329182		25.35562108101587		350025.7397212917		17.696763233828264		321.8835985552127
1770.0		-0.011668955307119429		-160.4768131981969		25.32175714116584		350042.3386337478		17.868424543912667		321.9875361191652
1800.0		-0.00988495372679952		-160.42471447972255		25.286684847478934		349959.7814720934		18.04047399795961		322.09100863277683
1830.0		-0.011846047005940104		-160.3748718041854		25.25362507639677		350015.77349282335		18.213061639746257		322.19408530493746
1860.0		-0.012272678458133396		-160.32435254131227		25.219365017703407		349971.04886205215		18.38592770714986		322.29664204337445
1890.0		-0.012070430446140595		-160.27510772650675		25.186053587454886		349984.745646921		18.559158496649047		322.39871808488624
1920.0		-0.01447626630470255		-160.22615644864328		25.15261948614483		349977.65248634573		18.732731881560696		322.5003015336778
1950.0		-0.011634744612213142		-160.17844619765685		25.12013528128151		350031.7083147103		18.906802311964782		322.60146332919766
1980.0		-0.015779300687385176		-160.13004898619772		25.08645584577678		349986.25973424874		19.081305867199532		322.7021717626548
2010.0		-0.01229682780965071		-160.0829091275693		25.053737900280204		349999.50604972057		19.256074723156033		322.80234668066686
2040.0		-0.01662048714319329		-160.03605198968685		25.02090677878854		349992.38363024686		19.431188190861505		322.9020237490602
2070.0		-0.013408683667264198		-159.99040379477123		24.989033371585425		350048.42049880046		19.60683965585065		323.00129163372674
2100.0		-0.013114869511836567		-159.94409353045808		24.95597914214626		350002.16752140503		19.782760820726097		323.1000234535014
2130.0		-0.015189665544499551		-159.89899897311864		24.923891510053455		350017.73350439407		19.959070365961338		323.1982729938693
2160.0		-0.016073113660932933		-159.85415576910202		24.891693502319686		350015.6913318187		20.135920022735107		323.29610909635903
2190.0		-0.012369273500442899		-159.8095915509704		24.85939553572391		349992.8421108294		20.313047528259887		323.3934081185115
2220.0		-0.01340264662485484		-159.76622270804634		24.828070607461676		350032.8812138373		20.490539592935633		323.49020875598745
2250.0		-0.016996807150922208		-159.72219444517225		24.795574531280188		349970.43014710955		20.66837338968844		323.58649878271257
2280.0		-0.01218815750064261		-159.67933809825772		24.764051042121668		349972.952934959		20.846705456039814		323.68234892450516
2310.0		-0.015886965216618344		-159.6367339487537		24.732430885504744		349956.9440193381		21.02547076320316		323.77772723089134
2340.0		-0.013572695501491221		-159.5953080584209		24.701793770688315		350004.32584735844		21.204500469979735		323.8725540189146
2370.0		-0.015992615822541887		-159.55413411892744		24.671066430024815		350032.6910623992		21.38387297886922		323.9668638421657
2400.0		-0.016545021749316543		-159.51319168045757		24.64024441097198		350044.2335622804		21.563785621056354		324.06074575597404
2430.0		-0.014060704339432918		-159.4725078682873		24.60933876654819		350035.839970015		21.743966297995186		324.1540726981701
2460.0		-0.015300348594937395		-159.43207004998		24.57834760957386		350008.8311749194		21.92453473631035		324.2468979845115
2490.0		-0.01480730613060152		-159.3918625696321		24.54726781108543		349964.858068184		22.10564437965111		324.3392900893918
2520.0		-0.015287267548463867		-159.35279527460884		24.517179362631293		349986.719887224		22.28703041747002		324.43112569439734
2550.0		-0.016826760638045578		-159.31396663255404		24.487011171262644		349990.21649569366		22.468779974937178		324.5224429354898
2580.0		-0.017041081552977223		-159.27537840823027		24.456766035471116		349975.06814854033		22.650869499398723		324.6132292007022
2610.0		-0.01593023147513867		-159.23788636979518		24.427507532583455		350029.6532084299		22.833457652360778		324.7035550005276
2640.0		-0.014926038964878468		-159.1997492187214		24.397105046833026		349980.11266531236		23.016478267368782		324.79338807372966
2670.0		-0.014316278771455141		-159.16272184857073		24.367699812467432		349998.3555199588		23.19976146894355		324.8826491068909
2700.0		-0.018031189600748714		-159.12592461805738		24.338224001854606		349998.4815823445		23.383384713019765		324.9713715144438
2730.0		-0.013055503685638032		-159.08933806640763		24.30867241662472		349982.55501966644		23.567549358638132		325.0596447462821
2760.0		-0.0165098064565152		-159.05383893936263		24.280119851314637		350035.98088379763		23.75197942236062		325.14734142621273
2790.0		-0.01496829944362386		-159.0177088365957		24.25043669619593		349983.7060792735		23.936795687322657		325.23451438132054
2820.0		-0.015851747560057243		-158.98263141242427		24.221744744914908		350004.19838285074		24.12215333199424		325.3212317064738
2850.0		-0.014780140621639277		-158.94777968300872		24.19299214391316		350006.41284051165		24.307784951008614		325.4073702760645
2880.0		-0.015009555324474197		-158.91314501014858		24.16417758332939		349991.2212555455		24.49377808269577		325.4929676355627
2910.0		-0.0144511111734103		-158.87956021574425		24.136362323012754		350048.28263251856		24.680108421313463		325.5780107208749
2940.0		-0.015657549331903546		-158.8453439836652		24.107424175353074		349999.64780564606		24.866936787237734		325.66256981211166
2970.0		-0.013805128725530818		-158.8121603840084		24.07948340431902		350024.7768293228		25.054195844290717		325.74661225748423
3000.0		-0.015819548424700826		-158.7791929776028		24.051489420202774		350032.06898480654		25.241714665521158		325.8300590053047
3030.0		-0.015513663730094104		-158.74643433523647		24.023441168116523		350022.2627879372		25.42956971869988		325.912942289311
3060.0		-0.015741065691499277		-158.7138659167851		23.99533276106629		349997.30134872906		25.617966471385927		325.99535194401153
3090.0		-0.01871741742218409		-158.68231933676688		23.9682282798912		350046.3709214609		25.80662497024042		326.07716013959146
3120.0		-0.0161687029234675		-158.65016438804315		23.940019702972428		349987.18130765297		25.995667062541088		326.1584191800323
3150.0		-0.01794767205927311		-158.61899831160557		23.91280564301409		350005.2683386002		26.185249681294778		326.2391967514418
3180.0		-0.017092398777216532		-158.58803634441352		23.885545796626005		350006.20671485644		26.37510277865273		326.31936978375245
3210.0		-0.018141869105546927		-158.55727035958665		23.85823851147416		349990.8073079651		26.565314301960953		326.398975185202
3240.0		-0.01586583438630571		-158.52670192403153		23.83088636707825		349958.82999678794		26.755859162427726		326.4779993599917
3270.0		-0.01630957000407227		-158.49710122834526		23.804529230112784		350005.60725139827		26.946900371124585		326.5565123239939
3300.0		-0.01594934956402156		-158.46768159957932		23.77812412463726		350037.28244506754		27.13836938863014		326.6344809423928
3330.0		-0.014531609011801347		-158.43768002815418		23.750637516711112		349957.7647057334		27.33009421850027		326.7118263087395
3360.0		-0.014921008884123921		-158.4086470259935		23.72415280355639		349956.47202520724		27.52215029466845		326.7885794157394
3390.0		-0.014795233227662678		-158.38055357694654		23.698659176684142		350036.2363828635		27.7147472718896		326.86483045127784
3420.0		-0.015905075161966545		-158.35188017100126		23.672090085576283		350004.46704607084		27.907601140721823		326.94045098566227
3450.0		-0.013668283582145913		-158.3233892289066		23.645482550660383		349957.1068885196		28.10083481698959		327.01549274461416
3480.0		-0.014744924146958056		-158.2958255706471		23.6198661604329		349991.7125255186		28.29460700418101		327.09002295312166
3510.0		-0.016117385699228194		-158.26844514232855		23.594215657485574		350010.3854813883		28.48864496447073		327.1639184533274
3540.0		-0.014782152181189147		-158.24124029899363		23.56852907634752		350013.8798358459		28.68303704647738		327.2372154481117
3570.0		-0.012641954461798144		-158.21421254443135		23.542808886249603		350001.9725928027		28.87775734574292		327.3098997133599
3600.0		-0.014196541339283135		-158.18734838963005		23.51705005286268		349976.03310609516		29.072971092721325		327.38204094151246
3630.0		-0.011814854832238495		-158.16139255344754		23.492282824767504		350033.35218845867		29.268608130377203		327.453605404323
3660.0		-0.012340094068171038		-158.13487502172407		23.46646157769728		349977.0397289023		29.464496119363297		327.524514211781
3690.0		-0.012974002431231802		-158.10926504108642		23.441635231334853		350003.8497831952		29.66070904272513		327.5947970340555
3720.0		-0.01454670043594487		-158.0838061105451		23.416770599542208		350017.60415630415		29.857460818085478		327.6645443511952
3750.0		-0.014065734420187466		-158.0585198121954		23.39188046114681		350015.9634497985		30.054463292424487		327.7336269805406
3780.0		-0.013831289636598		-158.03339613149814		23.366961262023683		349999.9253410967		30.25184045052253		327.80209598651913
3810.0		-0.013208448396701145		-158.00842254040407		23.34200793921393		349970.7449949989		30.449752778358906		327.8700180495992
3840.0		-0.011771586209958416		-157.98433368779212		23.31804633026796		350026.50881086197		30.647924800031696		327.9372697738245
3870.0		-0.011087369948072908		-157.95968993905734		23.2930453753037		349967.71203914937		30.846445253856828		328.0038865603691
3900.0		-0.013272845485534106		-157.93591804686315		23.269032520400266		349995.03279677127		31.045287383908295		328.06985343803547
3930.0		-0.014161324864601914		-157.91229078042662		23.244988804067745		350009.4800110692		31.244618664192416		328.13523968179396
3960.0		-0.011543178468778309		-157.88881296996524		23.22091833799794		350010.4900638135		31.444368037281713		328.20001084250094
3990.0		-0.011405329909378224		-157.86549677461645		23.196829432153432		349996.7410093071		31.644361311016247		328.2640879099549
4020.0		-0.012723456898084249		-157.84233626748752		23.172720410392877		349968.79673519824		31.844671696046824		328.32749910918915
4050.0		-0.013309070103750015		-157.82000519685536		23.149583238403103		350030.9310555756		32.04551744477257		328.390335109557
4080.0		-0.01380713910320081		-157.7971407552962		23.125429834940864		349975.99831819907		32.246606171610104		328.4524658152176
4110.0		-0.012240479322776977		-157.77510985053		23.102253351377954		350010.57532279193		32.448062926084894		328.5139415088015
4140.0		-0.013071605617075993		-157.7532106920366		23.07904877369701		350033.1809290396		32.65004998327544		328.57482820040786
4170.0		-0.013281901049148144		-157.73146242323048		23.055828643634232		350041.78731856775		32.85228908063958		328.6350020979179
4200.0		-0.012805966296025166		-157.70985823015351		23.0325905092387		350037.04665808845		33.05486932984047		328.6944976665768
4230.0		-0.013383527354092073		-157.688399496692		23.009336687299367		350018.76608793624		33.25776308358941		328.75329904006793
4260.0		-0.013112857952286698		-157.66707401464944		22.98606137464406		349988.14482304547		33.4611400784884		328.8114749344881
4290.0		-0.013577726764125645		-157.64621773459888		22.96325971970318		349997.3465102138		33.66492793630535		328.86899002067
4320.0		-0.012744587728396883		-157.62550738873614		22.94044679963443		349992.8036888512		33.86895133602696		328.9257650086852
4350.0		-0.01373268185285875		-157.60526552951717		22.918109482018558		350028.0583607191		34.073282287434736		328.98182652312136
4380.0		-0.014056677674693551		-157.58481891546103		22.895261126423314		349998.75042860396		34.27814344407669		329.03726526160665
4410.0		-0.012589633821543655		-157.56451673182744		22.872404987532384		349955.70731903706		34.48323809747539		329.0919500475525
4440.0		-0.01171825742616924		-157.5446730847676		22.850022091264503		349953.3322207136		34.68869235160468		329.1459302102923
4470.0		-0.012130803233993943		-157.525593241346		22.828586964079257		350046.9343304802		34.89467027073621		329.19927090586066
4500.0		-0.013022299952386553		-157.5060061348263		22.806174353433622		350020.14667831734		35.10089075633956		329.2518477787443
4530.0		-0.012253561551130384		-157.486551536569		22.783751840857022		349980.6497244118		35.30744327096116		329.30369417277456
4560.0		-0.01163071912935365		-157.46786404498332		22.762282006766668		350036.69296462275		35.51429923137864		329.3547931396215
4590.0		-0.012729495122373485		-157.44866225643992		22.73983560464781		349972.87797277793		35.721630648834164		329.4052126298627
4620.0		-0.012555420762877613		-157.43021389176434		22.7183347870247		350005.91390151903		35.92936377755983		329.45491623968485
4650.0		-0.01152204882034555		-157.41189650620743		22.69682763792922		350026.24605812225		36.13732214429304		329.50382421872126
4680.0		-0.011447591570003492		-157.39370500403976		22.675312207852183		350034.34293741826		36.34557648902657		329.55196137657515
4710.0		-0.011335901557910838		-157.37562452444098		22.653779959452876		350031.6390344072		36.554353925907606		329.5994181972973
4740.0		-0.012393421670080338		-157.35767364800674		22.63224452560047		350016.24254600424		36.76335333076825		329.64606224765237
4770.0		-0.012328019983352319		-157.33984382298175		22.61070156078685		349988.9609770896		36.97270184439124		329.6919416626404
4800.0		-0.012378327882177064		-157.32212427136574		22.58914506318154		349950.81468534935		37.182565312158935		329.73712048111423
4830.0		-0.013377491493562592		-157.30513714273826		22.568524499627458		350011.5222688364		37.39265974835674		329.7814736053469
4860.0		-0.012517185766991712		-157.28796426345843		22.547428150206347		350004.95798573364		37.60307493648719		329.82503300249124
4890.0		-0.012958909825208403		-157.2709109532708		22.526327844076402		349986.5173456427		37.81378130640573		329.8677804025732
4920.0		-0.013931908979887117		-157.25426398350447		22.505681226153165		350013.4813579032		38.0249531476355		329.9097826941786
4950.0		-0.011695117400066488		-157.2377266015182		22.48502549640962		350029.4984525982		38.236515294063246		329.9510021543087
4980.0		-0.012148913179342144		-157.22130904893828		22.464369084901872		350033.5301724076		38.448290093320885		329.99135836010214
5010.0		-0.011905414014018517		-157.2050065810162		22.443709963667224		350026.00328455213		38.66034693745496		330.0308740156493
5040.0		-0.01206841770471085		-157.18880490369523		22.423039202047878		350008.26606070716		38.872917451292686		330.06963903650365
5070.0		-0.012134828716853433		-157.17272175806056		22.402370664859227		349978.55745198205		39.08569599891824		330.1075195473079
5100.0		-0.011111518117710346		-157.1570379037835		22.38215517441696		349994.85956172924		39.298810730513566		330.1445621516938
5130.0		-0.011594494511137742		-157.14145120709634		22.361928139733493		350001.2237027567		39.51242925411273		330.1808293983421
5160.0		-0.011890321407995117		-157.12597803617913		22.341702619814036		349996.0349129243		39.726264642465814		330.2161952532447
5190.0		-0.011069257638964953		-157.11061259702302		22.321475638440244		349979.81570952013		39.940406960287085		330.25068995539226
5220.0		-0.011635749210108199		-157.09563920019355		22.301698673214307		350010.30052900966		40.154825591286645		330.2842936012992
5250.0		-0.00993425939148896		-157.0807612671645		22.28191263831329		350030.9064302556		40.36969709499938		330.3170715956837
5280.0		-0.011463688773921949		-157.0659828079147		22.262121607360104		350041.21194906626		40.584944824956324		330.34898458366564
5310.0		-0.010579234877713633		-157.05131352877942		22.242334029620928		350040.2601039428		40.80038991684996		330.37995121398586
5340.0		-0.009810495294577585		-157.03674901325138		22.222547813832588		350028.4388446752		41.01610032512756		330.40999169064867
5370.0		-0.009901054476357607		-157.0222754934561		22.202753659365147		350007.01400808245		41.2323122223964		330.439194846596
5400.0		-0.008943146745822413		-157.0079099470028		22.18296563470411		349974.3472842397		41.44871535998958		330.4674251668944
5430.0		-0.008716750564192176		-156.99419080314885		22.16405559852032		350049.20364224445		41.66543885747668		330.4947272532106
5460.0		-0.008886799440828557		-156.9800130668728		22.144260684014824		349996.65985539183		41.88265205278968		330.5211616372913
5490.0		-0.00881435256815649		-156.9662116166161		22.124908937624742		349992.3205050193		42.100065017825706		330.5466011337566
5520.0		-0.008325336768559982		-156.9525078552431		22.105558958987245		349977.6366562629		42.317768045532226		330.57107376775775
5550.0		-0.008618143962332802		-156.93917057425463		22.086644602495944		350012.14112737775		42.535729402808535		330.5945575897571
5580.0		-0.0083525034594021		-156.92591928705565		22.067723868671212		350037.38963471446		42.75412789599941		330.61711592300674
5610.0		-0.008781148834905014		-156.91249300766603		22.0483724362406		349992.9915707689		42.97288532653236		330.6387073721149
5640.0		-0.009669625850213066		-156.89943198175368		22.029457223716932		349997.90386025887		43.191821577191455		330.65924933970143
5670.0		-0.00898641300434274		-156.88646590412606		22.01054602178522		349992.63944729976		43.41100305955242		330.6787589902795
5700.0		-0.008858626970211505		-156.87384230420614		21.99205247152052		350038.86101395916		43.630670513329896		330.69732333435286
5730.0		-0.009918158641930875		-156.86105452068534		21.973142521915488		350014.2516920408		43.850508968537916		330.71480500371183
5760.0		-0.009808483735027717		-156.84835729166036		21.95423627772507		349979.7779622767		44.07064845638001		330.7312459390682
5790.0		-0.01047962131419945		-156.8359980519958		21.935745163470276		349997.21252163965		44.291259993200356		330.74670391158355
5820.0		-0.00919067257588541		-156.82373221804787		21.917260884790892		350004.53851384204		44.51205058218716		330.7610503386937
5850.0		-0.009071940923488337		-156.81155455814343		21.898780207634783		350002.20376482606		44.733110673434524		330.7743103566144
5880.0		-0.009372796719220386		-156.79946627949175		21.88030520739496		349990.0725386245		44.954407330273504		330.78645941484353
5910.0		-0.009238970097040161		-156.7877092550749		21.862239736032713		350030.5700475387		45.17612156114687		330.79755790762334
5940.0		-0.007806135756916676		-156.77578258812005		21.843764078830763		350000.33859328926		45.3981735280528		330.8075618546065
5970.0		-0.0091212454062979		-156.76394797420818		21.825299493450988		349959.98878646456		45.620381806521216		330.8163870047109
6000.0		-0.00852557085724316		-156.75244940782994		21.807249412634373		349971.8787825443		45.84281113875141		330.82404673926794
6030.0		-0.009087035893271487		-156.74102368945083		21.78919465211105		349975.3885520641		46.06570682601717		330.8306251833321
6060.0		-0.00826596976048157		-156.72968646742783		21.771149616053442		349969.10452711955		46.28874905587423		330.8359828775462
6090.0		-0.009233940016285613		-156.71843066891307		21.753109258863315		349953.6276761759		46.51206868966705		330.84015817438575
6120.0		-0.010142542082131367		-156.7074901293897		21.735464919264025		349992.3721572971		46.735838343357045		330.84320503029386
6150.0		-0.00929833828699845		-156.69663377401685		21.717828037025576		350021.7152757589		46.95976187021541		330.84499317341283
6180.0		-0.008692602394554739		-156.68561623028555		21.699800833329423		349979.11602040194		47.183929780442654		330.84554390471504
6210.0		-0.008789196254984366		-156.67492069770447		21.68217610819537		349990.2045116797		47.408307823980124		330.8448293133192
6240.0		-0.009560956723084844		-156.66429616067643		21.66455018423382		349992.96767696086		47.633079136571816		330.8429056577903
6270.0		-0.00798020893453267		-156.65374618360917		21.646927135227454		349987.068803112		47.858162129618364		330.83972563166526
6300.0		-0.008657384737993639		-156.64327912356424		21.62931540747941		349971.76492087264		48.08337399681174		330.83520279013436
6330.0		-0.00861914856022786		-156.63312579618488		21.612097696415628		350011.0451459829		48.30877765439052		330.8293456949191
6360.0		-0.008341437518118068		-156.62303702164863		21.594874982840736		350042.54160274565		48.534622923017594		330.8222340542236
6390.0		-0.008351498861507042		-156.61279584022603		21.577280846244072		350000.9466134375		48.76058500810646		330.81372604236094
6420.0		-0.008403820683641407		-156.60262985168634		21.559694991512664		349950.51904718764		48.98679548370628		330.8038551076516
6450.0		-0.007934929934582599		-156.59276010136392		21.542487461349555		349956.2559834728		49.21342844880654		330.79266988860263
6480.0		-0.007760855575086727		-156.5829682035848		21.525290717864273		349952.9848625986		49.44018450319779		330.7800380593774
6510.0		-0.007614958413727414		-156.57347681219306		21.50847440231854		350005.6673082495		49.66715408281562		330.76597574580717
6540.0		-0.00732617433905433		-156.5640573970672		21.491663476084014		350049.8945631059		49.894301479890856		330.75045061842934
6570.0		-0.008026493714257678		-156.55447577207514		21.474481351688272		350021.5290777115		50.12181183788693		330.7335130699868
6600.0		-0.0076723103166163285		-156.54496278500707		21.457305170076477		349984.8405862823		50.349601671630175		330.7151114378683
6630.0		-0.006873384339553607		-156.5357493145924		21.44050836264684		350004.3037478272		50.57748668646249		330.69515634436516
6660.0		-0.008074793599172183		-156.5266068912495		21.423719695596503		350015.3077058811		50.80552777173299		330.6736500688081
6690.0		-0.007237629080583932		-156.51730278091568		21.40656771585207		349953.38104910124		51.033979171692025		330.6506656843377
6720.0		-0.007894682197266951		-156.50851359144838		21.390149812019676		350013.62512321025		51.262510939512495		330.6260586625411
6750.0		-0.008152269370718921		-156.49957074666543		21.37337800952558		350000.2405254161		51.49125519236401		330.5998556620217
6780.0		-0.008585943645096508		-156.49068660553056		21.356606044733454		349979.3172683306		51.720387338119224		330.5720978398462
6810.0		-0.008896861966097406		-156.48209062085394		21.340200024492002		350015.77124271635		51.94960458481126		330.54265033626814
6840.0		-0.008534627602737075		-156.47355974473976		21.323799670077065		350044.23376893625		52.17899710295742		330.5115221816688
6870.0		-0.008841520440878485		-156.46488092127734		21.307058590289994		349998.3226748798		52.40852753074164		330.4786751264932
6900.0		-0.008315274243291131		-156.45647490241072		21.290667976067446		350011.1215142235		52.63838283282721		330.4441511942605
6930.0		-0.009410025935331353		-156.4481297479315		21.274281401834028		350016.20775645226		52.86847742687673		330.407892903869
6960.0		-0.008949183788231773		-156.43985310405475		21.257907270074725		350012.9595769746		53.0986253739098		330.36980690180985
6990.0		-0.008717757525846987		-156.43164186087995		21.241543408818334		350001.6084192842		53.328885268651		330.3298870915152
7020.0		-0.008036557421406404		-156.42348431099825		21.225179006630388		349983.05214671046		53.55951559977073		330.28819667093177
7050.0		-0.008067747231348258		-156.41560248234765		21.209164460586436		350023.25696888193		53.79018105158974		330.2445879714988
7080.0		-0.007701490930768068		-156.40757312730554		21.192821107822343		349988.6641976936		54.0210140343609		330.1990781281543
7110.0		-0.007078648508991334		-156.39980318332604		21.17681059846906		350014.1697436068		54.25219100201537		330.1516976685394
7140.0		-0.007118899791946611		-156.3920972858202		21.16081091233639		350031.700370254		54.48340557754904		330.1023085332829
7170.0		-0.007636085698400419		-156.38424710653567		21.144491656394777		349973.96869304404		54.71474738763597		330.050909868778
7200.0		-0.006567499644946887		-156.37686570299945		21.128835297609907		350043.6962646283		54.94617713862499		329.9974553356167
7230.0		-0.00629581973584707		-156.3691306993391		21.11253110821183		349970.8174379207		55.17788332575756		329.94197492543054
7260.0		-0.006736541559928457		-156.36185531809997		21.096877216299276		350026.2742710905		55.40977798370368		329.8844032203572
7290.0		-0.005738383728317863		-156.35444087201972		21.080914783228344		350005.90199469216		55.64167329435734		329.82464137842646
7320.0		-0.0060241492817862665		-156.34708645576794		21.064964070163114		349977.7740410045		55.873625186255396		329.7626718862656
7350.0		-0.005893339998930846		-156.33997881854637		21.049327492607944		350011.09658439644		56.10589608270216		329.6985432855227
7380.0		-0.006594663972029251		-156.33293150661024		21.03370203339745		350036.7211071914		56.33814500746572		329.63210416165265
7410.0		-0.006463859416693336		-156.32574224973368		21.017773265325246		349986.45399039984		56.57050428738984		329.56335811077054
7440.0		-0.006702329683142292		-156.318796753934		21.002153939907295		349997.970078052		56.80315102056812		329.4923203947173
7470.0		-0.006815023111250129		-156.31190998609705		20.986546430346124		350001.8641879903		57.035774962439305		329.4188487879971
7500.0		-0.007326175520934206		-156.30507776179064		20.97094711767666		349998.4290042417		57.2684647787111		329.34292844734597
7530.0		-0.0067546526871565355		-156.29830120552123		20.955357990313896		349987.57085220795		57.50117883715001		329.2645017539805
7560.0		-0.007419752042039031		-156.29176378132422		20.940068574645792		350039.09795499407		57.734106706537716		329.18358124312965
7590.0		-0.006516181238827702		-156.28508441523317		20.9244856434657		350014.4169733431		57.967157616239625		329.10009043468045
7620.0		-0.007633069540955492		-156.27846271142167		20.90891735820125		349982.13027314935		58.20014150704295		329.01392275362775
7650.0		-0.007337243825977991		-156.2720849199575		20.89365215132615		350012.01389349066		58.43311110363052		328.9250447876145
7680.0		-0.0070846879151604475		-156.2657491783456		20.87838352035275		350035.4770442471		58.66633224311919		328.8334832863007
7710.0		-0.007826258443694624		-156.2592814810917		20.862840663376083		349981.75479447935		58.899457876105245		328.73908220882214
7740.0		-0.007152103525198088		-156.25305132439422		20.84759209818655		349990.77647745796		59.1326196649699		328.6418256389291
7770.0		-0.00707361724635691		-156.24686311178112		20.83234210614001		349993.3341728244		59.36599472444546		328.54170665778804
7800.0		-0.007690421443844407		-156.24072860018407		20.817104307283337		349988.6051954292		59.599268514515416		328.4385774268786
7830.0		-0.0067154107296158215		-156.2346437632989		20.801875038259574		349976.85553675145		59.83252809776628		328.33240298888944
7860.0		-0.006739557717373384		-156.2287926480879		20.78693031204488		350028.3952982556		60.0657288861528		328.2231096878085
7890.0		-0.006773770776039425		-156.2228005940758		20.77171158754922		350003.0673720939		60.299060792824015		328.11068447144623
7920.0		-0.00757772801573657		-156.21685443717215		20.756499372235517		349970.9338643206		60.532429595546105		327.9950351174953
7950.0		-0.006926711941462908		-156.2111413948358		20.741568823447313		350002.26111382805		60.76564242342893		327.87604393628584
7980.0		-0.00783229666798386		-156.205476842655		20.726646213181294		350026.7015454238		60.998747987732884		327.75365492693174
8010.0		-0.007267815474510605		-156.19984992189634		20.711720009448058		350044.955307018		61.23201466861305		327.62786227801485
8040.0		-0.007120910169616604		-156.19409547814374		20.696545803813184		349985.1151863467		61.4650887325833		327.49850401913994
8070.0		-0.007463020664319111		-156.18856470109833		20.681639561446744		349989.5366057521		61.69810025830503		327.36553573579283
8100.0		-0.007379504304723384		-156.18307150090172		20.666731675408776		349987.72908275854		61.931225373774815		327.228917901109
8130.0		-0.006154953837122182		-156.17762726133893		20.651835792471424		349978.9488432789		62.16414457592754		327.0884948810181
8160.0		-0.006627870069040481		-156.172402939823		20.637198013145884		350034.908796072		62.3969423069583		326.9442023773224
8190.0		-0.006483982103471283		-156.1670491923474		20.62231826092815		350012.68767499086		62.62957005616822		326.7959435374439
8220.0		-0.005256414296545278		-156.16173389348407		20.60744057483054		349984.12978597824		62.86221689518206		326.64366741716435
8250.0		-0.006086532447309606		-156.1566325611601		20.59281146279694		350020.81226872094		63.09478412995045		326.4872589967244
8280.0		-0.005805799338355505		-156.15140592090663		20.577951933468086		349978.86426348705		63.32707515838046		326.32658436706305
8310.0		-0.00618312748961911		-156.14639590090852		20.56334226431123		350002.0837907139		63.559133413963444		326.16155488933924
8340.0		-0.006038234926154854		-156.14141933408334		20.548728313178202		350019.3294094708		63.7912283550952		325.9921158056263
8370.0		-0.0053751447670624735		-156.13648874245197		20.534125348946965		350029.8280426627		64.02299862439497		325.81809735352493
8400.0		-0.006116717659356403		-156.13142988429635		20.51929776908308		349961.63080886286		64.25457122525135		325.6394130304993
8430.0		-0.006202244396622122		-156.12674208620328		20.504927658624137		350031.9575489294		64.48611965780677		325.4559748889976
8460.0		-0.00649505277227482		-156.12176263815073		20.490114024421025		349950.86931574345		64.71731838616729		325.2676163133068
8490.0		-0.0067466017214375534		-156.11715865120223		20.47575772178415		350008.2326533627		64.94824757868172		325.0742297418245
8520.0		-0.0065996952346636766		-156.1124291715996		20.46118607454811		349986.5948162703		65.17885324323836		324.8756843991661
8550.0		-0.006503101374234048		-156.10773399953433		20.44661564869889		349958.8441800624		65.4093216435318		324.6718727892174
8580.0		-0.006514169679277833		-156.10324058386388		20.432265305462824		349997.6284121936		65.63954795898228		324.4626465649466
8610.0		-0.006230418049119051		-156.09878934270785		20.417923442500996		350029.9295874145		65.86933034642476		324.2478480817107
8640.0		-0.00699513451315536		-156.0942149203122		20.403378443179413		349982.8599231029		66.09870492314921		324.02734108095973
8670.0		-0.005392250114515618		-156.08983383751536		20.389040183696263		350002.92342081387		66.32793973770535		323.80099694117393
8700.0		-0.006421597756068067		-156.08549449975447		20.374711840267533		350016.5065195123		66.55666431826525		323.5686358533654
8730.0		-0.005657890617446321		-156.08103050919266		20.360185762347133		349950.6261336552		66.78500012030204		323.33010885587356
8760.0		-0.00553009985579558		-156.07675786325723		20.345860611865643		349952.10173986014		67.01311527710308		323.08525578961036
8790.0		-0.006400468107635309		-156.07268531337107		20.33174232151854		350020.5937084481		67.24067647448877		322.8338949725593
8820.0		-0.005916482388793348		-156.0684890000862		20.317431038216583		350009.4977278635		67.46775686313072		322.57585495468027
8850.0		-0.0057655527829197336		-156.06433047487403		20.30312809392743		349992.1040197443		67.69429440253913		322.31095551625066
8880.0		-0.006396443806655694		-156.0603602018989		20.2890140171081		350042.4801455429		67.92046923531		322.0390047648841
8910.0		-0.006204257138051868		-156.05626472502175		20.274712424666983		350013.1712903166		68.14616768009047		321.75980607415113
8940.0		-0.0061157118795814695		-156.05220866838997		20.26042307593766		349977.45738769695		68.37118014689192		321.4731679606832
8970.0		-0.00610363779476275		-156.04834589210068		20.246325161869297		350009.36836347636		68.5955320805515		321.1788851319134
9000.0		-0.006522217099357185		-156.04450890951725		20.232220196642636		350035.6510931449		68.8194858574075		320.87671803755586
9030.0		-0.006686230115464083		-156.04055499167703		20.217947796834284		349981.6110461913		69.042659499229		320.56647580982997
9060.0		-0.00583498113438712		-156.03678903285498		20.203856509652237		349995.5808682861		69.26516476272776		320.2479177966749
9090.0		-0.005541168160839364		-156.03304896717742		20.1897600284679		350003.8810537169		69.48715979048289		319.92077727572223
9120.0		-0.005944657223170153		-156.02934527535507		20.175672045453325		350005.98667836934		69.70830064134606		319.5848545709443
9150.0		-0.005460671504328193		-156.02567444112125		20.161588778133538		350002.06503484864		69.92864885710259		319.2398858247155
9180.0		-0.0052614467410595795		-156.02203756852543		20.147512228758096		349992.0578752002		70.1481300995458		318.8856213953052
9210.0		-0.0057343582454583725		-156.0184274259365		20.133433881785685		349976.3011712646		70.36691278442353		318.5217459496198
9240.0		-0.004832802547436541		-156.01499738999817		20.119515146972414		350029.23332719784		70.58486985347375		318.1479966010119
9270.0		-0.0036001999322364817		-156.0114517503274		20.10544697298572		350001.4725213535		70.80177985621748		317.764138309244
9300.0		-0.0043649140325130375		-156.00793967770895		20.091387448337883		349967.622582837		71.01765203828772		317.36987012673046
9330.0		-0.0038728832573514792		-156.004599865099		20.07747349115367		350002.9232164733		71.23273583986618		316.96479054161165
9360.0		-0.004074121943929716		-156.00129409994642		20.06356605032799		350032.18090665713		71.44663404105954		316.54870506781094
9390.0		-0.0042512148246302665		-155.99786963320298		20.049515456327125		349980.7014744142		71.65944179717584		316.12124498449504
9420.0		-0.003804459503779151		-155.99461588237196		20.03560422412605		349998.5292810481		71.87129953903442		315.68199362152035
9450.0		-0.0045802430909793685		-155.99139480653696		20.021699504455857		350010.35736209713		72.08184825217424		315.2307411279087
9480.0		-0.004108333820715879		-155.98820298785415		20.00779749853075		350016.3299401561		72.29113035098034		314.76709995438694
9510.0		-0.0038316273765011447		-155.98504153491675		19.993900219597972		350016.3951497935		72.49905239046811		314.2907349716538
9540.0		-0.003260103360843596		-155.98190334460185		19.97999906475061		350010.84395080805		72.70576181735932		313.8011627306184
9570.0		-0.004165686905484671		-155.97879120428982		19.966098187127383		349999.54892178066		72.91111107874882		313.298045019808
9600.0		-0.0033899033182844536		-155.97571092667212		19.95220570440915		349982.26684124116		73.11486055381847		312.78110928194394
9630.0		-0.003133321924607419		-155.97280415216332		19.938441990553454		350034.46123492345		73.31699462834513		312.2499410199071
9660.0		-0.0036364233685725147		-155.96977338064352		19.92454750281383		350005.8016324835		73.51773794410317		311.70392239637647
9690.0		-0.0036505101948209793		-155.96677417001936		19.91066276985711		349971.1565459175		73.71667294671742		311.14289696465
9720.0		-0.003733018410882019		-155.96394355445952		19.89689589969059		350006.2670350503		73.91386744064812		310.566343494983
9750.0		-0.0040036878126873945		-155.96113209570836		19.883119521415203		350035.92613049876		74.10943208560387		309.9736637322268
9780.0		-0.003804460685659027		-155.95820886861995		19.86923889022349		349984.0909659676		74.30298699046655		309.36469047606425
9810.0		-0.004954552721038294		-155.95545296249352		19.85546984805969		350002.13802561164		74.49454429088728		308.73890839123317
9840.0		-0.004382020561846058		-155.95272403324134		19.841703222959197		350014.42007436976		74.68398190940913		308.09592151369014
9870.0		-0.005704173033411575		-155.95001508606407		19.827930331167483		350021.18352646567		74.87141260978412		307.4350636163168
9900.0		-0.005658896397221256		-155.9473288770219		19.814155340781824		350022.3181668585		75.05665897803118		306.75596808801214
9930.0		-0.005734359427338249		-155.94467108471275		19.80038632639641		350017.61917191837		75.23945571643566		306.05840070054495
9960.0		-0.0059828922190560555		-155.9420399896436		19.78662158327379		350007.1462693643		75.41975113761549		305.34187970566006
9990.0		-0.005450611342819097		-155.93942563732244		19.772848427272073		349991.232006534		75.59772833699411		304.60556844964714
10020.0		-0.005877240431252636		-155.93683944521112		19.759082591337318		349969.4836297706		75.7729458905778		303.84950101078334
10050.0		-0.005928558837371821		-155.9344133192501		19.745401755683236		350018.1173953302		75.94543095221424		303.07306388111607
10080.0		-0.0049827240097754695		-155.9318669590894		19.731628052704306		349985.25766118243		76.11524948470655		302.27553691750734
10110.0		-0.005940632922190539		-155.92948324360336		19.71793950269386		350022.73286778945		76.28199804512177		301.45699030747323
10140.0		-0.004832801365556665		-155.92698678484524		19.70417355943608		349978.4130079588		76.44564700074147		300.6169013089712
10170.0		-0.005264462898504506		-155.92464994036473		19.690485425154943		350004.5675362386		76.60603814863217		299.75498653862496
10200.0		-0.004163672982175049		-155.92232996310244		19.67678836745148		350025.2635449115		76.76323555236459		298.87052541360197
10230.0		-0.004103302558081455		-155.92002958454972		19.66308657152186		350040.40769975446		76.9170271089956		297.96335237154227
10260.0		-0.004535972234563983		-155.91775436606994		19.649388069237997		350049.83224630356		77.06712156183548		297.03355115882994
10290.0		-0.004382021743725936		-155.91536944078808		19.63563005829276		349977.240523004		77.21342581349724		296.0808235840411
10320.0		-0.004430318083000811		-155.91313183855138		19.62192484548646		349975.5590084912		77.35606759542814		295.10431148942206
10350.0		-0.004398120129524268		-155.91105160691544		19.60827981847611		350044.5587253291		77.49459318525497		294.1046580564754
10380.0		-0.003708871423124457		-155.90885873809304		19.59457516007703		350031.58929593116		77.62898507140964		293.0814630788899
10410.0		-0.004675832353513936		-155.90667977050455		19.580861202643405		350013.18258011434		77.7592597498693		292.03420443108837
10440.0		-0.0049324149290708484		-155.9045244105492		19.56715166668562		349989.07843933906		77.88500876348284		290.963687448394
10470.0		-0.00469595622217176		-155.9023894550112		19.553442739016198		349959.35823333636		78.00616607864679		289.86979388907343
10500.0		-0.004194868701516286		-155.90040644324063		19.5397779413592		350000.5273118373		78.12255185312036		288.75283489003164
10530.0		-0.004215995986189292		-155.89843732523727		19.52610134507156		350036.25825555157		78.23418722483133		287.61247196762326
10560.0		-0.005446585859959606		-155.8963551790632		19.512381367343668		349989.8943698844		78.34084919767722		286.4492942845078
10590.0		-0.004126446129823835		-155.894425120597		19.49870040746945		350014.4430587515		78.44225381803822		285.2643008372587
10620.0		-0.004901221573489364		-155.89251561387027		19.485018306157603		350033.38013307564		78.53829395721677		284.05793706504795
10650.0		-0.005133655979408837		-155.89048829568182		19.471294755867184		349970.2764249379		78.62905797863161		282.82982593507325
10680.0		-0.004511821701166792		-155.8886117427665		19.4576030612543		349978.14171971474		78.71413874943357		281.5819108176306
10710.0		-0.004435351709394989		-155.88675239653548		19.44390719003961		349980.4527670136		78.79350998119916		280.314568286435
10740.0		-0.005592484203198796		-155.88490402330643		19.43019906744211		349977.32715849765		78.86717582172977		279.0280329540175
10770.0		-0.004905248238228731		-155.88307620982738		19.41649241361333		349968.56657773815		78.93479633868834		277.72449262746557
10800.0		-0.005326847245907722		-155.88139244528662		19.40279649530488		350030.9448946649		78.99632399134605		276.4047762387603
10830.0		-0.004761360272659534		-155.8796002353819		19.389084397524723		350011.0230753301		79.05162501604066		275.0703153302956
10860.0		-0.0051064892885667205		-155.87781977199194		19.37536315961753		349985.61996058		79.10073431156391		273.72161360537336
10890.0		-0.0057866812494726146		-155.87617934844974		19.361641511264036		350031.4251719145		79.14349927035072		272.3604602212986
10920.0		-0.004900218157474183		-155.87443278182994		19.347915558530353		349994.86068768054		79.17973474973665		270.98913154996035
10950.0		-0.004250206681095579		-155.87270459214307		19.334191205398888		349952.68941270653		79.20940104052549		269.6090851462988
10980.0		-0.005346973478325299		-155.87110947269088		19.320451187934438		349981.83048877586		79.23261172586378		268.22061367798926
11010.0		-0.004775445917028121		-155.86953332358115		19.306709855387798		350005.34889851604		79.24912029702375		266.827029766946
11040.0		-0.005320810203498363		-155.86797150860315		19.292961278884434		350023.3112679664		79.25897213445069		265.42945801501406
11070.0		-0.00500989306437734		-155.86641783819152		19.279197346301768		350035.7950115567		79.26223671559436		264.02877397450044
11100.0		-0.005087370017803955		-155.86488180907168		19.265431781489685		350042.6626203554		79.25875320274805		262.6282110915031
11130.0		-0.005014924327011765		-155.86336031675546		19.251660775923565		350043.9534502849		79.248573414704		261.22913686624025
11160.0		-0.005124600415794799		-155.86185451319233		19.23788644995536		350039.65059187263		79.23169840304365		259.83354680327903
11190.0		-0.0055401635629443065		-155.86035761832045		19.224099851072044		350029.8284828309		79.20824314562546		258.44217081070116
11220.0		-0.0050139161834770775		-155.8588723222175		19.210305237945413		350014.4468117794		79.17820636636847		257.05716640574923
11250.0		-0.005519032732631672		-155.85740391864735		19.196510522695814		349993.44614584		79.14157872980962		255.68107226014715
11280.0		-0.0049827263735352225		-155.8559510661331		19.18271435205345		349966.84208336566		79.09844537006147		254.3153222570394
11310.0		-0.005374137805407663		-155.85462485616495		19.168867741393225		350011.483250835		79.04897930103687		252.95989626938325
11340.0		-0.005637764385028745		-155.8531941123588		19.15505516979943		349973.7350568976		78.9931534104013		251.6180609800462
11370.0		-0.005792720655641727		-155.85189590919614		19.141196546044682		350007.1479114741		78.93110773895154		250.29047582646535
11400.0		-0.00435686543055381		-155.85048301239163		19.127363633469606		349958.26494925003		78.86298945255835		248.9774508391517
11430.0		-0.0056528581729320205		-155.84920530617197		19.11348449912113		349980.4879676048		78.78883515034968		247.68171039792
11460.0		-0.00525842467421527		-155.8479393389005		19.099596733978863		349997.09191477206		78.70878834498227		246.40386228458482
11490.0		-0.004685896060662664		-155.84668628003269		19.08570248760229		350008.0665668342		78.62296892681377		245.14509073492454
11520.0		-0.005229245241943407		-155.84543935391906		19.071792749589022		350013.4427294284		78.53154076149772		243.90520700072736
11550.0		-0.00439007152756504		-155.8442012530268		19.057871804617776		350013.19664066844		78.43461894938278		242.68543691605282
11580.0		-0.004670802272759389		-155.84297721594714		19.043947525512646		350007.3022500146		78.33232256950019		241.48729548593718
11610.0		-0.004093240032812604		-155.8417659837518		19.030018656819085		349995.7658067541		78.22480350965951		240.31116028893817
11640.0		-0.00407512772370465		-155.84055759235486		19.016071692018652		349978.6123861717		78.1122277553952		239.1559682996874
11670.0		-0.004176755210528456		-155.83948061338205		19.002052599336288		350032.399929096		77.99471466499486		238.02384936227747
11700.0		-0.004027838346084585		-155.83829529142685		18.988092948406923		350003.92844905984		77.87242044421183		236.91439559320293
11730.0		-0.0036726456230286716		-155.8371131857355		18.974117253470798		349969.81339856144		77.74549007947614		235.8269050082833
11760.0		-0.0042934764852555355		-155.83606028486162		18.96006039192975		350006.5676556863		77.61406555166435		234.7629477508064
11790.0		-0.004136507473212808		-155.8350163792129		18.945991661307247		350037.6168487696		77.47829418896475		233.7221311361556
11820.0		-0.003939290723854433		-155.8338666098542		18.931997865502098		349986.4808713319		77.33832320168173		232.70462968287114
11850.0		-0.0033003510981592437		-155.83283655203226		18.91790358031966		350006.12737647165		77.19428131366992		231.70940356157294
11880.0		-0.004035886948043813		-155.8318125839487		18.903794857527192		350020.0466862209		77.04630918237231		230.7367487096027
11910.0		-0.0027368768663407995		-155.830684668302		18.889772809756742		349951.8529343745		76.89456036984102		229.78723803046083
11940.0		-0.003822570631007229		-155.82968236064798		18.875652613373536		349954.35968012083		76.73917108315882		228.86048141823917
11970.0		-0.002824416345036265		-155.82868010123505		18.861511000291234		349951.1058549257		76.58023183346508		227.95485424046092
12000.0		-0.002933086654044364		-155.82780349746636		18.847262299663075		350018.4239358399		76.41791769971005		227.07160934609104
12030.0		-0.002663424213893799		-155.82681882460577		18.83310153328008		350003.66391577944		76.25233561908718		226.20980686215472
12060.0		-0.0028395089510596635		-155.82583460447736		18.81892146173931		349983.1178410826		76.0835712224515		225.3683101942081
12090.0		-0.0031715569204933203		-155.82497386628114		18.804625241446026		350033.02434878796		75.91179600256294		224.54799272964402
12120.0		-0.002656380209829629		-155.8240060066789		18.790427375319098		350000.94128357526		75.73710981664885		223.7480740582059
12150.0		-0.003355692623378166		-155.8230461411635		18.776222384416254		349963.1057467265		75.55963487415096		222.96830689061267
12180.0		-0.0029039072217725012		-155.82220030969054		18.76188192467662		349995.5431226762		75.37943025913424		222.20744348057795
12210.0		-0.0034231070515359304		-155.821357836561		18.747523805954756		350022.10677184444		75.19661809024886		221.4654220664505
12240.0		-0.003808484986638641		-155.82041152488736		18.733280816873297		349966.8391899178		75.01134253621562		220.74244006927705
12270.0		-0.004093241214692481		-155.8195852535969		18.718904813247864		349981.76725873444		74.82369691377565		220.03792282542
12300.0		-0.003939290723854433		-155.8187562185724		18.7045040883621		349990.74799555074		74.63368621425256		219.350268904824
12330.0		-0.004721111353464009		-155.8179356655728		18.690094996188545		349993.8869250119		74.4415023751763		218.68035041532156
12360.0		-0.004552070620362316		-155.81711899342108		18.675671581032958		349991.13469507266		74.24719349583906		218.02721092876845
12390.0		-0.004492702430404027		-155.81629998763532		18.661225627227424		349982.41265699547		74.05078205696562		217.3897553656738
12420.0		-0.005244339029846682		-155.81548804474974		18.64677087789325		349967.8250929294		73.85244392900705		216.76859732061334
12450.0		-0.005419419169117489		-155.81479074134015		18.63215844872186		350023.0084385378		73.652229511091		216.16298478978646
12480.0		-0.005701154512206896		-155.8139878234184		18.617677977488682		349996.57975299656		73.45023019731511		215.5726321679537
12510.0		-0.005660907956771125		-155.8131832541925		18.60317804369662		349964.1645163344		73.24644352214523		214.9964282270909
12540.0		-0.00574542891426191		-155.81248965695048		18.588509283349136		350001.3117303271		73.04096923546454		214.43427382043166
12570.0		-0.005348982674115415		-155.81180181380353		18.57382746572965		350032.469714134		72.83393662610904		213.88629382726967
12600.0		-0.005976855176646696		-155.811009287271		18.5592911343352		349982.2135357801		72.6254024979287		213.35199027021085
12630.0		-0.005479791956970835		-155.81032076930958		18.544570228373182		350001.24700701237		72.41530460868252		212.83000050578437
12660.0		-0.006248530358227006		-155.80963797484767		18.529837812753918		350014.28335536364		72.20384330340404		212.3210529387708
12690.0		-0.0050652345895962625		-155.80895627388605		18.51508793279323		350021.2437462341		71.9910215597227		211.82435093115186
12720.0		-0.0056216659992304125		-155.80826939451123		18.500312353596684		350022.0095617082		71.77681452054068		211.33898717556042
12750.0		-0.005386213072106258		-155.8075867799482		18.485524828798322		350016.744600717		71.56139945424847		210.86548975006792
12780.0		-0.004876067624076992		-155.80690537583533		18.470721622404362		350005.39227908384		71.34479074549569		210.40325189778122
12810.0		-0.004696963183826572		-155.80622644189592		18.455905031762864		349987.97587616276		71.12705765914946		209.9520623882432
12840.0		-0.004851918272559678		-155.80565045678597		18.440883469777784		350039.28198746126		70.90815384052217		209.5110167382076
12870.0		-0.004301525087214764		-155.80496501289036		18.426023244046252		350009.43574544694		70.68816374706269		209.0800656359338
12900.0		-0.004062047859110996		-155.80428297624462		18.411152572150254		349973.5368778836		70.46720655066048		208.65934692921266
12930.0		-0.003909105511807636		-155.80371012119315		18.39607969527313		350006.2989052329		70.24531484411438		208.24848726807213
12960.0		-0.003649503233166168		-155.80312867464997		18.380975725884525		350032.6183995586		70.02237916974633		207.8463720280731
12990.0		-0.004116382422675108		-155.80244386354642		18.36605384050398		349978.1534639336		69.79860766676745		207.4536594135263
13020.0		-0.004006708697651827		-155.801863798803		18.350917685614128		349992.05250402074		69.57397294307981		207.06972130868732
13050.0		-0.004512827480941727		-155.80127561679092		18.335752789488954		349999.49429125246		69.34841821200527		206.69383414995735
13080.0		-0.004181785291283003		-155.8006888345109		18.320572916646455		350000.7025530599		69.12212340426512		206.3264865388779
13110.0		-0.003115211979259217		-155.80010037596873		18.30537435495411		349995.60164562054		68.89507932609929		205.96721131372686
13140.0		-0.0038004328390397833		-155.79951153247248		18.290159446896325		349984.22358008474		68.66734161069971		205.6158760608828
13170.0		-0.0032671473649077665		-155.7989152002764		18.27491893359537		349966.3807158321		68.43883442884021		205.27175606545484
13200.0		-0.003360723886012591		-155.79841878950322		18.259440784454796		350016.2168368362		68.20963341515309		204.93485400258595
13230.0		-0.003881936457205765		-155.7978180337089		18.24416285038899		349985.6381238727		67.9798521738958		204.6053284705047
13260.0		-0.001708536186443162		-155.79732097902638		18.22864862189273		350022.69804963376		67.7495085803607		204.28291146526334
13290.0		-0.0026352493795169943		-155.796708364156		18.21332528678123		349979.1698202072		67.51846069712619		203.9666889941044
13320.0		-0.0029441549590881484		-155.7961998735246		18.197762395229717		350003.1412949106		67.28692439298655		203.6572675209783
13350.0		-0.002379673765614894		-155.79568664805802		18.18217614574053		350020.55446740054		67.05485246449553		203.35415288906154
13380.0		-0.0023263449818257172		-155.7951622345675		18.166558275171504		350031.2101026857		66.82216704853549		203.0567657748337
13410.0		-0.002549722642251275		-155.79463625495373		18.150922563752648		350035.39257756714		66.58905154589442		202.76556323423733
13440.0		-0.0020919001982362506		-155.7941055995376		18.135265325376352		350033.0074109193		66.35548169084856		202.48018535153008
13470.0		-0.0017155778267475793		-155.79357159497928		18.119588951226046		350024.096002006		66.1215051358318		202.20055849678326
13500.0		-0.001639109016855652		-155.79302699718724		18.10388413897281		350008.42484400887		65.8870263195039		201.9260949688642
13530.0		-0.0016793543904115463		-155.7924746635776		18.088155391453235		349986.07936685253		65.65211614865599		201.6568338270134
13560.0		-0.0009086020658457541		-155.7919198003303		18.07241038465917		349957.230571026		65.41688537800279		201.3929453168362
13590.0		-0.001394599344237583		-155.79146299874347		18.056395477931638		349994.8360565407		65.18134326557318		201.13423828403018
13620.0		-0.0015505637583852528		-155.79099126120386		18.040343718057322		350025.35350331385		64.94532522684122		200.87995026148369
13650.0		-0.0008673461849954194		-155.7904155477823		18.02453049960348		349976.3887379002		64.70905421491649		200.63064133589532
13680.0		-0.001089720429405796		-155.78993318313115		18.008435416593535		349993.4626542628		64.47247004266248		200.38591597653593
13710.0		-0.0012627878272468568		-155.78943639282727		17.992306037083534		350003.445385674		64.2354808184447		200.14530149794072
13740.0		-0.00043971013490706913		-155.78893493317383		17.97615615769749		350006.6828484852		63.998273372231324		199.9092239771838
13770.0		-0.0003431162744774418		-155.78842564951668		17.959982121459305		350003.0619459348		63.76081375020923		199.6774009464051
13800.0		-0.00046989771071361935		-155.78790990778822		17.943786370981364		349992.6341893831		63.52314499878241		199.44979828182932
13830.0		6.137856762828173e-05		-155.78738029718807		17.92755956416953		349975.1194829494		63.285158132464346		199.22592927662123
13860.0		-0.0007566666801972044		-155.78693890870667		17.911028189061007		350022.7432829039		63.04692163524719		199.0058550769877
13890.0		-0.0006580577145780787		-155.78639238498982		17.89475325398622		349991.36765295547		62.80854476129514		198.78974868347356
13920.0		-0.0003521706562116044		-155.78583936565974		17.878459000170807		349953.18756477535		62.57003188709116		198.57747274797174
13950.0		-0.00020023408868317816		-155.7853668727279		17.86184452221685		349979.5664973352		62.331202264306185		198.3683778563857
13980.0		-1.1068305043784462e-05		-155.78488815658014		17.845207523368735		349998.96696607675		62.09228490268387		198.1629813318148
14010.0		-0.00043367427437758624		-155.7843983010944		17.828542080891232		350011.1921741264		61.85321097828496		197.96095918127648
14040.0		-0.0006550403752532755		-155.7838905763126		17.811839913567507		350015.9607251594		61.61387911539185		197.76191688847456
14070.0		-0.00012175135548162908		-155.7833749066506		17.795114838831875		350013.68131174427		61.37447903934217		197.5662502367507
14100.0		-0.0003702806015598061		-155.7828480801236		17.778363230697575		350004.2223982755		61.134970487112966		197.37373213090456
14130.0		-0.0006942823327939883		-155.78231150686685		17.76158758641388		349987.64643674437		60.8953938519645		197.18435403017747
14160.0		-9.659622418938045e-05		-155.78175757964365		17.744778525024014		349963.62582672667		60.65563083893024		196.99770376005594
14190.0		-0.00028475504617396323		-155.78128554508135		17.727632406737722		350003.2445514286		60.41574873660842		196.8138546715439
14220.0		3.823499588590188e-05		-155.78080390499252		17.71045965846575		350035.5579387527		60.17585585781633		196.63297675603215
14250.0		0.0002757006644398006		-155.78021620946194		17.693573621838237		349989.80333749205		59.93595398036649		196.45497021729622
14280.0		0.0007858449305891906		-155.7797024075547		17.676334965058917		350007.0322776772		59.69585055356944		196.27927071797333
14310.0		0.0005946675873999281		-155.7791789922927		17.659071639301615		350016.96155169513		59.455779500710065		196.10635675801248
14340.0		0.00045882940566983486		-155.77864092982497		17.64177773463694		350019.3645339124		59.21566617498449		195.93595666660008
14370.0		0.0010545027728446974		-155.7780813130168		17.624444963611698		350013.91788556986		58.97540270822648		195.76773385076024
14400.0		0.0010072098495850035		-155.77751030690447		17.607087139624337		350001.09322793875		58.735180383732114		195.60205645671624
14430.0		0.001585777869306722		-155.77692455343563		17.58970072417939		349980.7433385318		58.49495600769773		195.43873558084837
14460.0		0.00176287193188715		-155.776419280519		17.571955685588616		350022.86253460124		58.25476783541377		195.27777993992274
14490.0		0.0010494715102102724		-155.7757989035709		17.554505039845594		349987.1120619839		58.0144910184212		195.1188331472133
14520.0		0.0014298146370389287		-155.77525364315608		17.536685648140086		350013.3601943832		57.77419227365512		194.96197455168266
14550.0		0.002267987299161868		-155.77460231348132		17.519178278507045		349962.394064785		57.533979120232004		194.80736800204082
14580.0		0.0017105477459930308		-155.77403023051585		17.501304227610216		349973.42752564326		57.29385215390496		194.65494023856726
14610.0		0.001674323127777121		-155.77343207123906		17.483386560868073		349976.1702026697		57.05361004914773		194.50419196746304
14640.0		0.002433004913163824		-155.77282067907657		17.46544239489787		349971.27026535943		56.813490537653664		194.35556706737765
14670.0		0.0017417399196946388		-155.7721908834258		17.44746583517377		349958.47100909054		56.57341502436346		194.20883279351023
14700.0		0.0033597169243577796		-155.77162690632736		17.429094714780835		350006.3434031755		56.33327117858527		194.0636962392302
14730.0		0.002686566603756303		-155.77104715811413		17.410691489484474		350046.2352775987		56.093252306380876		193.92049856861902
14760.0		0.0030638923912601557		-155.77035756225413		17.392611764757792		350009.29373122565		55.853311263871575		193.7790820787759
14790.0		0.00308804174277747		-155.76965096532393		17.37450428635739		349964.5431422414		55.613486037490304		193.63946499751867
14820.0		0.002501425121096523		-155.76909942635666		17.35563076614712		350048.404749142		55.37364713255666		193.50133346710228
14850.0		0.0025376485574325563		-155.76834514888154		17.33744831634246		349987.092746594		55.13386098866626		193.36476911055178
14880.0		0.0030991100478212543		-155.76766384670395		17.31887130194197		349986.1802436551		54.89423427987945		193.22992821222243
14910.0		0.0029421433995382796		-155.76696483027138		17.300264078082282		349977.21993013937		54.65476731744196		193.0967566270772
14940.0		0.0029501908196176312		-155.76632422021927		17.281236768405293		350027.41654847283		54.41525217488747		192.96480565906418
14970.0		0.0032832457507060995		-155.76557738613525		17.262553761059618		350001.5790852504		54.17592939134667		192.8344886985011
15000.0		0.003737042711861633		-155.76480810594285		17.24383691147014		349967.45000907034		53.93671771308212		192.70560253346628
15030.0		0.002824417526916141		-155.76409681295752		17.22469525665743		349992.1119870767		53.697501772987785		192.5778878517711
15060.0		0.0032087873184841647		-155.76336569332653		17.205520182608485		350008.40675568767		53.45847558150578		192.45166242051204
15090.0		0.0037662233260133725		-155.76261128157336		17.18630818304005		350016.1457529543		53.21959022673063		192.32679059492435
15120.0		0.003273184407317126		-155.7618351504583		17.167061950205603		350015.4276087135		52.980883193903274		192.20329721587572
15150.0		0.0028626513409221667		-155.76102890099463		17.147772005720565		350005.77254902106		52.74222170700243		192.0809014579379
15180.0		0.003598188372686613		-155.76019577599038		17.12844312542119		349987.372208396		52.50367204511445		191.95968505649452
15210.0		0.0033717921910563753		-155.75934137757952		17.109082898293426		349960.5640038112		52.26533989934148		191.8397963161066
15240.0		0.004684889099007853		-155.75855049490798		17.089290750138435		349991.8496474931		52.02722587698048		191.72119516391373
15270.0		0.0037621978431538815		-155.75772387304542		17.069447089360246		350013.6472292673		51.7891170635544		191.60347291900808
15300.0		0.00426530165087873		-155.75679062067303		17.04997504003559		349960.54571604077		51.551255927373205		191.48701632521025
15330.0		0.0045430138748684		-155.75599905654371		17.029651541159858		350030.9332324015		51.313559472627276		191.37164501726335
15360.0		0.004506791620412244		-155.75500385122064		17.010096327735347		349959.69592466205		51.07591032800769		191.25712599936517
15390.0		0.004288444040741234		-155.75415219334428		16.98968519015259		350011.59026600607		50.83850257787934		191.14375629232367
15420.0		0.003871875113816792		-155.75318888647678		16.969647072171597		349988.56447135657		50.60128621565171		191.03141713582085
15450.0		0.004381013600191247		-155.75219944785616		16.949573928174132		349956.6809439892		50.36429844390971		190.92013755067114
15480.0		0.00482374462006275		-155.75125750525544		16.929035379291456		349980.7709202487		50.12740421277154		190.8096628167983
15510.0		0.00520509707230597		-155.7502832836067		16.908452124412314		349995.39177458454		49.89066966396228		190.70007357653898
15540.0		0.0048700305816676325		-155.74928251171545		16.88783175427235		350000.91521602776		49.65419933888598		190.59151029313756
15570.0		0.004800603412080122		-155.74825470262098		16.867174506843515		349997.3262216598		49.41799452313577		190.4839434909222
15600.0		0.004263288909448986		-155.74718604631963		16.846465095731094		349983.7559885131		49.1818385465531		190.37699660212704
15630.0		0.005026998411830483		-155.74609079658507		16.82572104056407		349961.12573583797		48.945975048948796		190.27103317814635
15660.0		0.0045611250020964784		-155.74504321595583		16.804500744277785		349993.54866568		48.71031996275726		190.1658908483788
15690.0		0.005212139894490263		-155.74395458535795		16.78322676763376		350015.7526309304		48.474754683165905		190.061357584188
15720.0		0.004340767044755477		-155.74275705530812		16.762353784642734		349964.32339873817		48.239472820459184		189.9577121259193
15750.0		0.00545161712259403		-155.74168439720256		16.740556326748166		350031.51481370535		48.00442375837647		189.85484888371343
15780.0		0.004546031214193203		-155.74042252122948		16.71960487340896		349961.1226954749		47.76964454200351		189.75279949480299
15810.0		0.005723293486054218		-155.7392764435642		16.69771247172557		350008.2746833833		47.534998612641175		189.65133019086207
15840.0		0.00482374462006275		-155.7380921438244		16.675770327919675		350045.198078556		47.300551949641694		189.55051989319338
15870.0		0.005063221848166517		-155.73679845751874		16.654238902159648		350008.91481280886		47.066407777920766		189.45050164614568
15900.0		0.004696962001946695		-155.7354728716897		16.63267056678376		349963.1156287724		46.83256831609081		189.3512541369733
15930.0		0.005798758879930963		-155.73417707173914		16.610592181435052		349969.9090385996		46.598814105082695		189.25242689440427
15960.0		0.004560119222321544		-155.73284885930477		16.588474289684196		349966.9295147117		46.36538930711148		189.15436332363953
15990.0		0.0038990429865387857		-155.73148227489605		16.566311102911286		349953.7909818012		46.13220928689486		189.05691545799962
16020.0		0.005216164195469877		-155.73014388145745		16.543629463059517		349992.536246079		45.899154795340856		188.9598882229747
16050.0		0.005111520551201146		-155.72876966490716		16.52090351817267		350021.0731053846		45.66641850034318		188.86354430427585
16080.0		0.005606572211327137		-155.7272818542156		16.498599563873462		349976.8810458323		45.433949534313285		188.76778856284255
16110.0		0.004620489646415138		-155.72590398237233		16.475311591490655		350046.92744830344		45.20178485443911		188.6726542451863
16140.0		0.006745597123542496		-155.7243317800186		16.45291337090104		349981.7905282723		44.96978698860978		188.57792462372763
16170.0		0.005747441655691655		-155.72286172577918		16.429517116166924		350029.8676690357		44.73802170608999		188.4836766173428
16200.0		0.00644474014593057		-155.72128092982445		16.406553549423773		350005.7525699176		44.506590761567914		188.39003640190379
16230.0		0.006067414358426716		-155.71966203406012		16.38354883905425		349971.39776887465		44.27549747740419		188.2969890943212
16260.0		0.0065866165519499		-155.71806086062833		16.360003645071455		349987.03873587213		44.04452038119178		188.20420565034362
16290.0		0.006743582018352998		-155.71642088415604		16.336414886431225		349992.1741003152		43.81390360351897		188.11201198984583
16320.0		0.006861309072855012		-155.71473587720757		16.312776813671245		349986.38310357556		43.58356232891925		188.02027183960948
16350.0		0.007103804822163459		-155.7129971867357		16.28908117967879		349969.06341346353		43.353377125444915		187.92880401106476
16380.0		0.006479958984371545		-155.7112860861853		16.26484902981011		350001.7519795643		43.12353932086485		187.8378571091741
16410.0		0.006603721899403043		-155.7095284580009		16.24056549067802		350023.2147126328		42.89399806740082		187.74734441557894
16440.0		0.006255571998531423		-155.7076581153865		16.216731204173968		349973.3120121788		42.66479027092855		187.65730013867466
16470.0		0.007097768961633976		-155.7058692509483		16.191843749220062		350032.2433801126		42.43577801896758		187.56752156647312
16500.0		0.007132983072555446		-155.70389437846848		16.16790324734012		349959.4329499118		42.20702681399822		187.47808353993665
16530.0		0.006880428343617778		-155.70200894238573		16.142913124453344		349995.5703046797		41.978636805490474		187.38910595837984
16560.0		0.00809793480715481		-155.7000775519747		16.117873932561505		350020.39632297214		41.75061253331188		187.30057911482322
16590.0		0.007494212838020719		-155.69808408959565		16.092769978993562		350032.7412986886		41.522731146111425		187.21219170242114
16620.0		0.00848330919661789		-155.69604481483287		16.06761925815123		350033.8404162703		41.29523627030981		187.1242544706026
16650.0		0.008106991552648725		-155.69395320130658		16.042416061044236		350023.23753318563		41.068043214087744		187.03664075510855
16680.0		0.007069594127257172		-155.69180016389555		16.017152160806525		350000.2780726133		40.8410327307346		186.94918086407577
16710.0		0.008439038340202506		-155.68959840167847		15.991841695966453		349965.9451979995		40.614394472223175		186.86211105759574
16740.0		0.00774978845192282		-155.6874691568734		15.96544116128995		350037.1630743481		40.388077819812246		186.77535149440956
16770.0		0.00818446850607534		-155.68516243104352		15.940029740811417		349979.3552587675		40.16211964454776		186.68893693183827
16800.0		0.008556764212824645		-155.68291741478907		15.91351294467847		350025.8219800014		39.936381976551154		186.60267629206817
16830.0		0.009110175919374238		-155.68055158465302		15.887462942131707		350001.5980618261		39.710929993135274		186.51664238298946
16860.0		0.009675665256382181		-155.67813357097694		15.861365005338248		349965.64455606043		39.48586212364912		186.4309494138379
16890.0		0.008688575729815372		-155.6757230754271		15.834688919504485		349975.72474177927		39.26118419974631		186.34559193451722
16920.0		0.009570012286698883		-155.67324200733728		15.807945593602929		349972.4722553352		39.03667251846222		186.26027341059992
16950.0		0.009605229943259984		-155.67070746345897		15.781153185407007		349957.23998420313		38.81256979897715		186.17529143449744
16980.0		0.00982760064203073		-155.66822878837132		15.75323086827866		350043.96562251914		38.58879171598885		186.09052732056634
17010.0		0.010187821082081439		-155.66556281947277		15.726316456939747		350002.7292248141		38.36521950452682		186.00582097904316
17040.0		0.01068488784739693		-155.66289712065338		15.69881143752289		350006.24558305554		38.14204085985432		185.92139784775748
17070.0		0.00999966107821698		-155.66016917418014		15.671250225321662		349996.99472661596		37.919205556079724		185.8371837680376
17100.0		0.010846886940194206		-155.6574367650106		15.643089918528183		350031.69491787534		37.69675043402778		185.75321378814408
17130.0		0.009705850468428978		-155.6545767700519		15.615411038458813		349996.3074368816		37.47453778095154		185.66930655828983
17160.0		0.011669959905014488		-155.6517040633009		15.58712451371725		350004.0446243044		37.252632393074535		185.58553296692685
17190.0		0.00983565160774971		-155.64876968005498		15.558784094844361		349998.966651367		37.03113088384528		185.50200209000545
17220.0		0.009598185939195812		-155.64582670628252		15.529836343589336		350036.9172154395		36.810040422990106		185.41871205227406
17250.0		0.0104544661829072		-155.64275005052656		15.501372249997916		350004.712007368		36.58913690076875		185.33537867196623
17280.0		0.010224044518417472		-155.63961155038697		15.472857714757723		349959.8114811322		36.36866178436588		185.25228813865508
17310.0		0.011305716345864041		-155.63650644337898		15.443165624602397		350012.22531607747		36.14853131024426		185.16932844752785
17340.0		0.01164279321417237		-155.63331955494596		15.413401057331248		350049.9347841963		35.92862744115423		185.0863475899984
17370.0		0.011406335689153158		-155.62996496187267		15.384707988196354		349964.2742700707		35.70913567853287		185.00356151278973
17400.0		0.010484651394953998		-155.62663898852793		15.354828055776103		349974.9287294913		35.4900063197201		184.92090080111637
17430.0		0.011991947712939047		-155.6232427254111		15.32489018270091		349971.9453478055		35.27127617279951		184.83840063943296
17460.0		0.012686227681973281		-155.61976433722413		15.294884789251132		349954.41605939064		35.05280804401151		184.75588785713788
17490.0		0.011724296832338351		-155.616302641424		15.26367133254083		350031.1347049754		34.83466629628897		184.67343157340073
17520.0		0.012319970199513215		-155.6126743752213		15.233545249987207		349985.57687513065		34.61694564960544		184.59113624805758
17550.0		0.012435682148825731		-155.6090670688939		15.202212021933724		350034.22563379444		34.399654637439774		184.50900306956456
17580.0		0.011402311388173544		-155.6052766576294		15.17195936941496		349959.8502732394		34.18256912299075		184.42675820504837
17610.0		0.011624682086944291		-155.60150419341358		15.140494029598083		349979.0493051009		33.96592902609544		184.3446779752265
17640.0		0.011462682994147015		-155.59765033364687		15.108964375735393		349983.5797988968		33.749651305783836		184.26265601024645
17670.0		0.012151934064306579		-155.59370436525953		15.07736229349954		349972.6160633331		33.53361885431677		184.18054713857123
17700.0		0.012417571021597653		-155.58972322517454		15.045115326685451		350000.3527486352		33.318014782158265		184.09855898466438
17730.0		0.012394429813615025		-155.58565825634125		15.012803385765553		350013.14864690695		33.10279001452856		184.01662612880216
17760.0		0.013505277527693826		-155.58147098814175		14.98102060894768		349958.6872912729		32.88798132009558		183.9347838064438
17790.0		0.013943984246585715		-155.57727139494972		14.947985357853414		349993.70873860735		32.673452244203816		183.85286574957823
17820.0		0.014342440864402202		-155.57298091987172		14.91488064127397		350013.1457688352		32.459266669440304		183.77093947659915
17850.0		0.013961088412158982		-155.56860684434372		14.88171415857216		350017.6668253476		32.24551736009845		183.6891053041799
17880.0		0.014219684911025515		-155.56414931942672		14.848487387559212		350007.35104559455		32.03221422395023		183.60736709910935
17910.0		0.016242154394034626		-155.5595877026258		14.81518413462051		349980.54051833786		31.819133425039453		183.52545969594482
17940.0		0.015136336760710373		-155.55501497122017		14.780618866967366		350041.9678604724		31.60651308195513		183.44365089391735
17970.0		0.015402981861536135		-155.5502760280327		14.747190803112208		349984.70556612033		31.394271008603873		183.3618391021516
18000.0		0.014489346169296202		-155.54550335960647		14.7124797189577		350013.46259712894		31.18229173370562		183.27988434579603
18030.0		0.014138181292859533		-155.5406397619904		14.677704222146813		350026.61829319596		30.970754734281876		183.1979881761674
18060.0		0.015069926930447668		-155.53567997493752		14.642861455900054		350023.8107734481		30.759612188396147		183.11608795392388
18090.0		0.01580546278033224		-155.53062654815585		14.607954989866407		350005.32798274234		30.548900816047457		183.03421892740002
18120.0		0.017064223942839726		-155.5254660685993		14.57297526615379		349970.1105765067		30.338485088840628		182.9522206657426
18150.0		0.016121411182087684		-155.5202652033531		14.536697773860865		350019.08772964776		30.128428366453		182.870159261159
18180.0		0.01647358183829929		-155.5149064625385		14.501586777638668		349951.7329618037		29.918821409145856		182.7881313169478
18210.0		0.017118558506403838		-155.50951204773563		14.465180155901958		349968.67521107383		29.709675497822694		182.7061430865859
18240.0		0.016174741147756737		-155.50399806709984		14.428691723605908		349967.6707763197		29.50076738329721		182.623936643223
18270.0		0.017178931294257186		-155.49838605834597		14.392140389393811		349950.62906728964		29.292333163764994		182.54177245415283
18300.0		0.017003852336866253		-155.4927209897495		14.354272737962189		350015.53451349586		29.084291617854497		182.45955299843536
18330.0		0.01686801533701604		-155.48688188377918		14.31757324407541		349963.798846161		28.876527978951522		182.3771438623161
18360.0		0.01697970298534894		-155.48099058254843		14.279556896647547		349993.812233096		28.669220108583694		182.29473898725593
18390.0		0.016665766143143364		-155.47498795318452		14.241468926635452		350006.55217972957		28.462320426039597		182.21227923776098
18420.0		0.01827670150750209		-155.4688767240852		14.203313044305299		350002.34022867866		28.255865591754954		182.12979986901647
18450.0		0.016234105792075397		-155.46264254774843		14.165079726913474		349980.034685255		28.049721164021385		182.04714538743053
18480.0		0.018061373630915634		-155.45633406031476		14.125505794941438		350036.64870547876		27.843949941456316		181.9643806332864
18510.0		0.01779171000888519		-155.4498706953492		14.087133368548868		349979.64407296106		27.638640643485004		181.88159888513397
18540.0		0.01780579565325378		-155.44333801735942		14.047423158995235		350001.75443957746		27.43380591398617		181.79880856282028
18570.0		0.018848227886919387		-155.43666881009287		14.007627690610855		350004.54695117474		27.229223342257406		181.71575774974005
18600.0		0.018991105345194145		-155.42988606563205		13.967766076647791		349990.0978885945		27.025126815942542		181.63270063722092
18630.0		0.018667109523359347		-155.42298057713208		13.927833010338047		349957.71125386655		26.82143617038289		181.54954318057653
18660.0		0.019237625395482204		-155.41597224879206		13.886531435380641		350000.6991261393		26.618038002437387		181.46615518684843
18690.0		0.01970249302544128		-155.40884195856253		13.845158453090566		350025.6122644227		26.415107366011036		181.3827250124906
18780.0		0.019463014615457633		-155.3866773769848		13.720597093334668		349989.316007046		25.808816738391712		181.13179601157634
20070.0		0.019886629910206		-154.91066563913924		11.54299535629073		349990.48556895554		17.53577342023452		177.3675129755888
21270.0		0.018702325998040566		-154.05368072772538		8.69074284789256		350041.4040751429		10.586836663561414		173.46366604289122
21300.0		0.016141533868865632		-154.02502859287677		8.608915653114268		349976.829239903		10.422854633828578		173.35992208052667
21330.0		0.014506452698629223		-153.995680109807		8.524032656431933		350024.54056718573		10.259374438934884		173.25587113029695
21360.0		0.012289782623706664		-153.9659713011712		8.4391007868863		350048.0171259064		10.096431623878047		173.15155038039376
21390.0		0.006373301416793192		-153.9358731602622		8.35411190909688		350045.13488588296		9.933905955727283		173.04682358054393
21420.0		0.0007747754436655297		-153.90539606507994		8.269073199580836		350017.1426731618		9.771853988499657		172.94175113859515
21450.0		-0.002668453112768471		-153.8745539557618		8.18399300924741		349965.58970363997		9.61034567921152		172.83640876297324
21480.0		-0.004732179658507794		-153.84298184339377		8.095853801543733		350025.9346618969		9.449404604769555		172.73082067751693
21510.0		-0.012723458079964127		-153.8111740947818		8.009168601660237		349991.54898059927		9.288823590866997		172.6247527143831
21540.0		-0.010390070275954117		-153.77880565341846		7.920934647441242		350001.38065732457		9.128811198793926		172.5184359247944
21570.0		-0.014613107902447825		-153.74604282963153		7.832659346284425		349986.87898215465		8.969299035844799		172.41179146717514
21600.0		-0.019508297161047336		-153.7126641878523		7.742820384146659		350012.95695306733		8.810189156901231		172.30470684817448
21630.0		-0.01923963813691195		-153.6788927657852		7.652946592736997		350015.75984263513		8.651628646172455		172.19734502372077
22830.0		0.0024652028666403663		-151.8853485493632		3.6290939125994055		350028.6658592755		2.727917573942989		167.61529541630549
85290.0		-0.0026586943306278915		-167.84469127201234		28.62689413423161		350009.1597830625		4.263127618611833		311.2381570733858
85320.0		0.0022418228424550555		-167.72221638679437		28.591875436560205		350048.8379899608		4.402177649209833		311.377893113936
85350.0		-0.008526577818897972		-167.59887023702336		28.555374689451217		350004.7086471133		4.54157079601778		311.5172543828056
85380.0		0.005310747678229513		-167.47749225216072		28.51923359243958		350000.6056139646		4.6812600019602115		311.6562142955883
85410.0		-0.0006520194902888427		-167.3566342053654		28.482543892758496		349977.7949177958		4.8214037979333995		311.79485684451606
85440.0		-0.0028817706116849324		-167.23770985705323		28.446239620315882		349997.0721704047		4.961930054426219		311.9331417982919
85470.0		-0.002354519816202522		-167.11933334200012		28.409399656772774		349993.45869035553		5.102755112674757		312.0710230179769
85500.0		0.0016562143643087958		-167.00151463602626		28.37202830185278		349965.84126669075		5.243839978935441		312.208478533032
85530.0		-0.0007717604681004796		-166.88695713940706		28.3360179444013		350047.14207223244		5.385465984526334		312.34565739486754
85560.0		-0.002629212337107635		-166.77018868660002		28.297610970813558		349978.25281048194		5.527359442793639		312.4824120756168
85590.0		-0.00024048182599882537		-166.65670357920123		28.26058385875218		350013.72209282126		5.6696099353695075		312.6187891661824
85620.0		0.0004115376642900173		-166.54371618012135		28.223061752405936		350030.3138981126		5.8123473050525405		312.7548563182091
85650.0		-0.0038054664654339617		-166.43126686904264		28.18504614221791		350023.3329208782		5.955384052155324		312.8905125577329
85680.0		0.0014338401198984193		-166.31934702920648		28.146542672396244		349993.80225880723		6.098769578255897		313.02578290966613
85710.0		-0.001432834340123485		-166.2093175962164		28.108515045284868		350004.0692108916		6.242455735577238		313.160640703238
85740.0		-0.0011178929000228478		-166.09978793875598		28.070016629679127		349994.2750662556		6.38660288958549		313.2951693979427
85770.0		-0.0038628195502027527		-165.9921139507469		28.032016420215463		350026.36547665857		6.531137910162158		313.42932896983814
85800.0		-0.006483983285351159		-165.8849636897042		27.99355846311768		350034.61447766237		6.675977365207075		313.5630742359334
85830.0		-0.00371088180079445		-165.7783462733559		27.954647086119525		350017.9497705279		6.821079888878941		313.6963823779015
85860.0		-0.007603890108683629		-165.67220736126941		27.915289729919877		349982.70030217804		6.966731469237899		313.8294022313133
85890.0		-0.0032912943526653277		-165.5679212390757		27.87646500041144		349986.71676262654		7.112654971198026		313.9619871026318
85920.0		-0.00870467529749358		-165.4641421613394		27.837207103110057		349967.8148954315		7.258940549168031		314.09418305401465
85950.0		-0.0012537322636328176		-165.3621555548579		27.798503581050834		349993.2667645151		7.405719089801252		314.22605708255145
85980.0		-0.00646184667526359		-165.260679147273		27.759380668408202		349994.4320472898		7.552802027626882		314.35750945611994
86010.0		-0.006716414145631003		-165.15970451693735		27.719843168372154		349972.25902000256		7.700238775933087		314.48856476033853
86040.0		-0.008529597521982528		-165.0605354341202		27.680885306613746		349990.4783938881		7.847980070941887		314.61919621535714
86070.0		0.0012195203868466534		-164.96183894198853		27.64152726504995		349987.75986445136		7.996188154371495		314.7494867785296
86100.0		-0.002880764831909998		-164.86491342955725		27.602767913812954		350027.548891088		8.144788876569194		314.87939660316755
86130.0		-0.007488174613731483		-164.76848108451492		27.563621287185505		350043.0025054412		8.293699038486636		315.0088814177101
86160.0		-0.0037742719279726003		-164.67255030811114		27.52409170278795		350033.0916007869		8.442874849122504		315.1379175443511
86190.0		-0.010913296770456911		-164.5770697710677		27.484183708669892		350003.7413911596		8.592607061860349		315.26665366073394
86220.0		-0.009314435490916907		-164.48335382802728		27.444905734574697		350014.7481814381		8.742615014741787		315.39494381780304
86250.0		-0.010404155920322703		-164.39011339607976		27.405262210293643		350002.3680134695		8.892989450784768		315.52283356468354
86280.0		-0.010628540542403071		-164.29857949009286		27.366266046932513		350035.2369067464		9.043862321214561		315.65038926859546
86310.0		-0.007111853424122688		-164.20752251908152		27.326917006865294		350043.5591517398		9.195043975893867		315.77751236615234
86340.0		-0.01016970995485336		-164.11693434512682		27.28721910920804		350028.21428906545		9.346583843017314		315.9042270083176
86370.0		-0.012495050338784019		-164.0268239999258		27.24717662348023		349988.0788236214		9.498431516556309		316.0305062801235
