# sod		dsTEC/dt [TECU/s]		lat		lon		h_ipp		ele		azi
41520.0 -0.00195736917565 25.90040344664775 -164.16207535726807 349994.15384800452739 10.85331214223831 310.05840514630756
41550.0 -0.00014187522414 25.88802736640663 -164.08411218184435 350011.40773724578321 10.97925092759374 310.23447663891579
41580.0 -0.00199731553360 25.87525707066793 -164.00642402063593 350016.09102521371096 11.10556194825979 310.41034795503748
41610.0 -0.00252758603216 25.86209833618398 -163.92899886586713 350009.46263503190130 11.23232088397452 310.58607588543566
41640.0 -0.00028576200783 25.84854475218412 -163.85187834413517 349987.70969480648637 11.35932152854234 310.76150045938613
41670.0 -0.00291195700561 25.83550082024036 -163.77627792540540 350024.17875337973237 11.48688263845466 310.93686541427996
41700.0 -0.00228810762218 25.82117965282699 -163.69971940591140 349976.68250202387571 11.61462509844303 311.11187787177982
41730.0 -0.00152742018664 25.80737730013361 -163.62468527730138 349986.59669186826795 11.74287779893834 311.28678936632190
41760.0 -0.00172463575412 25.79319821306861 -163.54994929305482 349981.84048136509955 11.87139999980573 311.46141347112678
41790.0 -0.00030689165626 25.77955051609412 -163.47674585217163 350032.70356816053391 12.00030575601004 311.63583655784066
41820.0 -0.00192084435995 25.76464220032577 -163.40254216237136 350004.61005725245923 12.12971817435262 311.81015195488504
41850.0 -0.00186751557616 25.74936459752419 -163.32864464647116 349961.41389728151262 12.25939022325252 311.98416847200946
41880.0 -0.00168337987327 25.73463450463987 -163.25627389392426 349973.75858536828309 12.38942985650353 312.15796782414907
41910.0 -0.00127083642921 25.71955144228322 -163.18417717181671 349973.58431735634804 12.51987082621118 312.33157469585581
41940.0 -0.00218044663859 25.70411726785444 -163.11235971300590 349960.49576253257692 12.65069559317527 312.50497436028945
41970.0 -0.00007546539388 25.68925595410930 -163.04203267215814 350005.08857505209744 12.78198282704184 312.67822605677912
42000.0 -0.00153949190770 25.67405002010086 -162.97200258852070 350034.71191926952451 12.91352130926933 312.85116622016335
42030.0 -0.00297132401369 25.65758735761231 -162.90100002965448 349984.91229722928256 13.04563476992327 313.02404248473817
42060.0 0.00046285488853 25.64170517491893 -162.83152711985423 349988.54015184752643 13.17793889261399 313.19655826472217
42090.0 -0.00100117398906 25.62549407323157 -162.76230799832962 349981.42295383755118 13.31076684501973 313.36896848224552
42120.0 -0.00165118191979 25.60988240955783 -162.69458562831866 350029.75802893657237 13.44387489537900 313.54108463713339
42150.0 -0.00073352310845 25.59301281937417 -162.62594046340391 349994.98411943297833 13.57737818225907 313.71299409467554
42180.0 -0.00080295145992 25.57675951657049 -162.55874320948851 350019.70765366591513 13.71140115928509 313.88479140825234
42210.0 -0.00126479820492 25.55924445827531 -162.49065883866933 349958.76803242787719 13.84569421516261 314.05628358684419
42240.0 -0.00256179672707 25.54235227169157 -162.42404015501467 349955.26707392465323 13.98036591546578 314.22755299586066
42270.0 -0.00147811452195 25.52609399543655 -162.35886755469483 350010.21087290812284 14.11545016343912 314.39862462687125
42300.0 -0.00129901008170 25.50858195480903 -162.29279620267096 349981.03157637640834 14.25092871286161 314.56948339413856
42330.0 -0.00313533348416 25.49171501851544 -162.22815311972045 350011.47655150014907 14.38688328560752 314.74019110030099
42360.0 -0.00067918854489 25.47359116927613 -162.16264772323922 349955.16479156352580 14.52309754669483 314.91058035709057
42390.0 -0.00294415614097 25.45708043183953 -162.09969609269641 350032.35878366604447 14.65990030521020 315.08090302997641
42420.0 -0.00051819404999 25.43931649679300 -162.03589529635340 350021.72314984910190 14.79690193769966 315.25085845833758
42450.0 -0.00245916346047 25.42126208056998 -161.97234670167734 350000.07364014349878 14.93443997234483 315.42070528301349
42480.0 -0.00210799976591 25.40387789263444 -161.91022927271604 350036.15557557716966 15.07226763137615 315.59025270489428
42510.0 -0.00355894523327 25.38524481597573 -161.84724755125484 349986.72904056869447 15.21050115402015 315.75958919534156
42540.0 -0.00092872829826 25.36729561648571 -161.78564924700916 349998.88097432162613 15.34926636462173 315.92881066444141
42570.0 -0.00202850888918 25.34906535477980 -161.72434131585203 349996.24180859327316 15.48831103070054 316.09772209037970
42600.0 -0.00031997152086 25.33055828110581 -161.66330700050042 349980.35551974084228 15.62774433929391 316.26640659399129
42630.0 0.00070333671453 25.31275138953228 -161.60365222370470 350025.21619913168252 15.76760034428040 316.43488951150368
42660.0 -0.00219553806273 25.29370062766986 -161.54315589181138 349983.51720557827502 15.90786007896092 316.60315538082278
42690.0 0.00087237862951 25.27535974206453 -161.48402074407505 350003.75811642967165 16.04860837894157 316.77126870193410
42720.0 0.00196612335990 25.25675404326906 -161.42517354130521 350009.11880350857973 16.18962369299555 316.93905799615976
42750.0 -0.00168438565305 25.23788992654504 -161.36656197273359 350004.26700405310839 16.33124000653368 317.10677974865166
42780.0 0.00022337766043 25.21876506016890 -161.30825032969034 349983.54279555380344 16.47306229354564 317.27412879657686
42810.0 -0.00230018407076 25.20037188903979 -161.25126428195566 350026.53623560816050 16.61543251669127 317.44136788426886
42840.0 -0.00224081824456 25.18073945149090 -161.19348150514733 349980.18610431067646 16.75810080489848 317.60830365115334
42870.0 -0.00221063185063 25.16184573086394 -161.13703714993338 349995.98919493611902 16.90118451149888 317.77502580531581
42900.0 -0.00280328669660 25.14270768817077 -161.08083364183420 350000.75055698025972 17.04481085174525 317.94163176635783
42930.0 -0.00293308547216 25.12332542703023 -161.02491181028125 349990.90857658535242 17.18872493804274 318.10792421426225
42960.0 -0.00335770536481 25.10469766065163 -160.97030835220613 350043.86265908461064 17.33303658513087 318.27398714683818
42990.0 -0.00206875544461 25.08483767249860 -160.91490816842645 350008.30321012437344 17.47777999574068 318.43984628868913
43020.0 -0.00283347309053 25.06474128028074 -160.85977336714745 349959.62967383116484 17.62293546987398 318.60548578103084
43050.0 -0.00152943056431 25.04541179595959 -160.80592875450571 349975.56948226410896 17.76859101486627 318.77097297631354
43080.0 -0.00283749739151 25.02585305451522 -160.75236214508260 349976.87228176277131 17.91451977175642 318.93613199671120
43110.0 -0.00280026581164 25.00707255821373 -160.70004991718179 350045.02604703046381 18.06106098799437 319.10122439586235
43140.0 -0.00128291169590 24.98706486503871 -160.64699468297982 350020.75679808109999 18.20781415154515 319.26594001407989
43170.0 -0.00143887374629 24.96683559862891 -160.59417728578271 349985.37375863734633 18.35512572306801 319.43054614528751
43200.0 -0.00175079548331 24.94739468342226 -160.54264743429727 350013.34179664589465 18.50274269845286 319.59484656329505
43230.0 -0.00122757017069 24.92773918580270 -160.49136681283395 350028.79443161655217 18.65078355457625 319.75893236455221
43260.0 -0.00166124444506 24.90787130402162 -160.44031742979081 350033.28634817060083 18.79937691333267 319.92290265505767
43290.0 -0.00075465275689 24.88779291800298 -160.38953798723733 350023.49348772969097 18.94826520657558 320.08655750759584
43320.0 -0.00156364125922 24.86750632116589 -160.33901299523450 350000.75608494598418 19.09755887871640 320.24998193720086
43350.0 -0.00127083642921 24.84701363932241 -160.28873825403844 349965.43780349195004 19.24729227813188 320.41320210786864
43380.0 -0.00112292416266 24.82733373199607 -160.23969725040615 349996.45521749276668 19.39744495758900 320.57620173944952
43410.0 -0.00133925900090 24.80745437057617 -160.19088752544073 350016.10737011302263 19.54810815724129 320.73905122273368
43440.0 -0.00277511186223 24.78737810191561 -160.14234306559828 350021.49698891397566 19.69904961673087 320.90156991555216
43470.0 -0.00222270593545 24.76710610540321 -160.09401548729556 350016.74566014483571 19.85061392563827 321.06402496409680
43500.0 -0.00188864758835 24.74664166641596 -160.04596313919839 349996.88881439901888 20.00239501446106 321.22610063986264
43530.0 -0.00168136713184 24.72598567264457 -159.99813705303663 349966.08491016272455 20.15474389273943 321.38806930215048
43560.0 -0.00215830884662 24.70616498707557 -159.95152240819965 350001.93603351339698 20.30740439248159 321.54973150851526
43590.0 -0.00246318894333 24.68615957913240 -159.90514413981808 350025.59282376430929 20.46049611867616 321.71117991942793
43620.0 -0.00122253890805 24.66597067080479 -159.85898493313988 350038.51087623741478 20.61414911038347 321.87251553196836
43650.0 -0.00226295485465 24.64560171200933 -159.81308146780512 350037.59020242001861 20.76810310274648 322.03353545590619
43680.0 -0.00098306167995 24.62505412965563 -159.76741889610960 350024.07935108430684 20.92246916737243 322.19432588564553
43710.0 -0.00198524144878 24.60432969430649 -159.72199307879717 349998.31884049344808 21.07728179300979 322.35491348402792
43740.0 -0.00157571652592 24.58343054947779 -159.67680749449920 349960.00744791142642 21.23251977280938 322.51528152250307
43770.0 -0.00195002497410 24.56338840226658 -159.63276208104310 349992.65674208663404 21.38827763194625 322.67550364307141
43800.0 -0.00072144784176 24.54317840848932 -159.58896694763413 350011.54444472957402 21.54431763142620 322.83539402375118
43830.0 -0.00265336287050 24.52279945121811 -159.54537563232333 350020.54126404784620 21.70098976364562 322.99522600439934
43860.0 -0.00006540168673 24.50225719275240 -159.50204370832182 350015.00183407124132 21.85788234674217 323.15467762992432
43890.0 0.00058359691860 24.48155022011337 -159.45892427883462 349998.82124928757548 22.01535097600329 323.31402692153330
43920.0 -0.00078383337104 24.46068303628806 -159.41605220150575 349969.08824048284441 22.17313629812979 323.47307081678912
43950.0 -0.00103337194253 24.44069130766026 -159.37429303899444 350011.15745904669166 22.33135904554906 323.63190374406554
43980.0 -0.00097601767588 24.42054177484640 -159.33273871788970 350042.84541604667902 22.49015067883536 323.79062882850621
44010.0 -0.00212007385073 24.39920315498535 -159.29055319815308 349976.65383645612746 22.64924823075501 323.94903980820277
44040.0 -0.00072647792251 24.37874775528620 -159.24946903327111 349982.69618644379079 22.80876339224199 324.10722424429844
44070.0 -0.00087640529425 24.35814147106944 -159.20860621130456 349976.94971250090748 22.96873078492587 324.26520936829280
44100.0 -0.00316753143763 24.33842412528210 -159.16882336778019 350044.54569777380675 23.12912842982347 324.42297797250927
44130.0 0.00211805992742 24.31752130795778 -159.12839253727623 350015.89535383321345 23.29005418692037 324.58060720166026
44160.0 0.00055743837129 24.29647541080123 -159.08820552659114 349973.56197787541896 23.45126476726718 324.73790557032817
44190.0 -0.00039342653706 24.27632228258789 -159.04905775956246 350007.40541695617139 23.61311561335728 324.89515330990019
44220.0 0.00081401858309 24.25603154352863 -159.01015190255404 350027.39779289159924 23.77518939295801 325.05202148097260
44250.0 -0.00004829752115 24.23456001376444 -158.97061326558202 349950.40927371196449 23.93784630710061 325.20879445643425
44280.0 -0.00137346969580 24.21503244336456 -158.93296438769960 350034.05245895311236 24.10082380715282 325.36526509013970
44310.0 -0.00075364579523 24.19432977950431 -158.89470092787627 350019.19399696215987 24.26424374573766 325.52152981495709
44340.0 -0.00054133880361 24.17349125371936 -158.85663671129268 349993.88423800934106 24.42823900240563 325.67769415927569
44370.0 -0.00046084332898 24.15356364753669 -158.81961413075342 350043.31427028030157 24.59254391360395 325.83354802056158
44400.0 -0.00045379696116 24.13246583309073 -158.78199562995954 349993.07643363159150 24.75727077567961 325.98918054382023
44430.0 -0.00193291844476 24.11228037671298 -158.74539106605204 350019.51582212094218 24.92245433314223 326.14461961171463
44460.0 -0.00177494601671 24.09196872483134 -158.70899402724390 350034.48375185858458 25.08807182257985 326.29984750337098
44490.0 -0.00092671437495 24.07153070752625 -158.67279264596840 350038.91194267757237 25.25422448270321 326.45494516178559
44520.0 -0.00041958744813 24.05097261973668 -158.63681695467733 350030.36625850759447 25.42066341478565 326.60971487891362
44550.0 -0.00076874076502 24.03028938271331 -158.60102416127802 350012.25541847012937 25.58774953994499 326.76444458657983
44580.0 -0.00020325260989 24.00949076811681 -158.56546468889402 349980.51798619795591 25.75505985770289 326.91879748844764
44610.0 0.00032601092702 23.98961247694994 -158.53086461708511 350028.70090979896486 25.92295917577452 327.07306510846752
44640.0 -0.00012476987669 23.96857927526794 -158.49571230449362 349974.28125653788447 26.09118175258374 327.22703568370076
44670.0 0.00018816000386 23.94847238454427 -158.46152651243969 349998.93368865735829 26.25985054664110 327.38080792728306
44700.0 -0.00039543809661 23.92824954505221 -158.42752288109560 350013.71453477721661 26.42909984567715 327.53449009116736
44730.0 -0.00030085579573 23.90791796217484 -158.39373266799439 350016.11823120992631 26.59866130921300 327.68786769406250
44760.0 -0.00109676325159 23.88747693839570 -158.36014289713145 350007.15198846533895 26.76864781829232 327.84103171741947
44790.0 -0.00092369703563 23.86692734148728 -158.32674971784385 349987.09512007236481 26.93909422725692 327.99401079311201
44820.0 -0.00196209669516 23.84627129890525 -158.29355596183788 349955.69786509405822 27.10997697624629 328.14678664991703
44850.0 -0.00149320830986 23.82654745935215 -158.26127905115052 350006.28756240103394 27.28140071990914 328.29944437817221
44880.0 -0.00121448912421 23.80672310575881 -158.22920879222843 350044.71645939163864 27.45311090285386 328.45177939934274
44910.0 -0.00089854072246 23.78575274074122 -158.19658495784074 349981.16190978698432 27.62547393198509 328.60408828639584
44940.0 -0.00038537557134 23.76572552915462 -158.16489894902745 349997.57663345150650 27.79806114374007 328.75602537948248
44970.0 -0.00056749971468 23.74559533562731 -158.13338553717426 350004.42434581648558 27.97124193120167 328.90789028247070
45000.0 -0.00158074897043 23.72537007678456 -158.10207463062380 349999.34184285998344 28.14474737688310 329.05946600255015
45030.0 -0.00152943056431 23.70504835038923 -158.07095253917305 349983.37240715045482 28.31870152235850 329.21085385555494
45060.0 0.00000704518594 23.68462831348391 -158.04000456335584 349957.62928776722401 28.49324004358207 329.36216519182034
45090.0 0.00055944874896 23.66515388595922 -158.00995004768549 350014.55886262189597 28.66809195756984 329.51318053293170
45120.0 -0.00041153766429 23.64455185158761 -157.97939231334152 349965.83680808823556 28.84337070152605 329.66399299200799
45150.0 -0.00014388678369 23.62489357549672 -157.94970214766181 350001.57575288880616 29.01911122323860 329.81463206772992
45180.0 -0.00150628935633 23.60514542991661 -157.92019253175826 350026.76472551561892 29.19528915499091 329.96507889905320
45210.0 -0.00205768713957 23.58530602504435 -157.89085200677354 350042.25828385539353 29.37201259559553 330.11542313700301
45240.0 -0.00167935675417 23.56538364573849 -157.86170828522549 350045.89784563705325 29.54902130233911 330.26545258127294
45270.0 -0.00033405952898 23.54536987956661 -157.83272199956420 350040.67847960349172 29.72668714948372 330.41547354360836
45300.0 -0.00070635523573 23.52527778942433 -157.80393897477322 350023.05906651541591 29.90457584382789 330.56513033805459
45330.0 -0.00009659622419 23.50509875063087 -157.77531989497430 349996.02123301383108 30.08306131441994 330.71473173007553
45360.0 -0.00097702581942 23.48484161922662 -157.74689319793424 349957.36343850567937 30.26187150266071 330.86405479128530
45390.0 -0.00137548125535 23.46553269598524 -157.71928704610491 350005.81052249204367 30.44113150091567 331.01320381954338
45420.0 -0.00117424020502 23.44613947599065 -157.69183648647831 350045.24976309016347 30.62097834242791 331.16229370425896
45450.0 -0.00118732243337 23.42564462861248 -157.66393798430312 349975.16080429498106 30.80113845358125 331.31109925806186
45480.0 0.00049002276125 23.40610007059032 -157.63684790876496 349992.82116104103625 30.98172579035460 331.45971607302243
45510.0 -0.00075163541756 23.38647883276170 -157.60992617603094 350000.42229802813381 31.16277537371864 331.60817465693526
45540.0 -0.00203555171136 23.36678299765223 -157.58317531064853 349997.74518239963800 31.34426201719454 331.75645551798084
45570.0 -0.00180814974996 23.34701063979180 -157.55658406801743 349985.60619330592453 31.52629728176497 331.90465336057116
45600.0 -0.00156062273801 23.32717094772608 -157.53017907624977 349961.97570781502873 31.70861522535037 332.05254748849535
45630.0 -0.00097602003964 23.30827415993664 -157.50452582948381 350029.81913226749748 31.89159314188706 332.20045523990558
45660.0 0.00005332996567 23.28829347751945 -157.47845680925911 349985.81208983715624 32.07479116977147 332.34800955110580
45690.0 0.00026060569466 23.26925780589250 -157.45313622622675 350033.36642965301871 32.25858770128040 332.49552962316767
45720.0 -0.00042663027031 23.24914018870157 -157.42739873597816 349969.19942238088697 32.44270758757940 332.64278577374279
45750.0 -0.00170551648336 23.22997232556916 -157.40241484170804 349996.05798347853124 32.62727692852762 332.78988573185501
45780.0 -0.00146805199668 23.21073344972347 -157.37757719782419 350014.14450983796269 32.81243407128812 332.93694844792878
45810.0 -0.00063390954494 23.19143339667091 -157.35291255803509 350021.44758570194244 32.99790292337610 333.08374220364317
45840.0 -0.00083716215483 23.17206990837492 -157.32840965510437 350018.77553804218769 33.18379791208317 333.23036548172524
45870.0 -0.00062284005802 23.15264314746424 -157.30406500855872 350006.35658906213939 33.37015410684636 333.37684997313772
45900.0 -0.00050108988442 23.13315520185876 -157.27988100424594 349983.98589642066509 33.55694549238677 333.52317551480991
45930.0 -0.00029984883408 23.11360363071136 -157.25584662050935 349952.44223290029913 33.74428709696517 333.66944245513156
45960.0 -0.00238068072727 23.09500412742907 -157.23253959757491 350013.32405974529684 33.93190729003106 333.81542058213057
45990.0 -0.00134026596255 23.07533272532639 -157.20881485290951 349962.54761981312186 34.12018870250444 333.96143977934423
46020.0 -0.00082911118911 23.05661499511013 -157.18581380280722 350004.35293171927333 34.30868600563993 334.10712003404853
46050.0 0.00014388796557 23.03783391022298 -157.16294834140962 350037.83084561396390 34.49778194075145 334.25279247996866
46080.0 0.00038336282991 23.01800028659574 -157.13971038467994 349956.35012561734766 34.68719834529606 334.39821973455372
46110.0 -0.00067616884181 22.99911179366949 -157.11716024721835 349969.90305217634887 34.87706227068578 334.54351349423808
46140.0 -0.00130806564532 22.98016378021192 -157.09474657986644 349974.97269312851131 35.06751332016486 334.68879739368288
46170.0 -0.00044071827844 22.96116677958268 -157.07249481091975 349969.69395278580487 35.25827297702921 334.83383223082552
46200.0 -0.00122958173024 22.94211812643465 -157.05039419225338 349954.81647535972297 35.44945608080975 334.97871987159641
46230.0 -0.00030588705837 22.92400901972681 -157.02895272148450 350036.80792236700654 35.64109771979381 335.12349340585018
46260.0 0.00000301970308 22.90485736260835 -157.00714548803882 350003.27262631244957 35.83317104076568 335.26813196216006
46290.0 0.00049505166013 22.88565315399611 -156.98547753236232 349960.90173642151058 36.02579452918195 335.41274224667040
46320.0 -0.00134730760286 22.86739305650254 -156.96447148378195 350015.07958286907524 36.21869090358317 335.55708333626995
46350.0 -0.00069830663377 22.84809113666825 -156.94309216092950 349954.21519169863313 36.41224800885667 335.70149946552789
46380.0 -0.00048197179553 22.82973419002212 -156.92237095858835 349990.09838159009814 36.60601519154559 335.84559583155931
46410.0 -0.00057957261762 22.81132383127269 -156.90177545593056 350017.97402079030871 36.80037938940881 335.98971728258687
46440.0 -0.00061378685816 22.79287106581039 -156.88133024370569 350036.07446344196796 36.99505952776200 336.13361763270325
46470.0 -0.00070836561340 22.77437246206101 -156.86102385489301 350045.18449829984456 37.19018353886463 336.27741319219501
46500.0 0.00055944874896 22.75582403220622 -156.84084390688412 350046.14538825768977 37.38589220731837 336.42123303137856
46530.0 -0.00112795660717 22.73723692597350 -156.82081459652684 350037.22983868420124 37.58190471340964 336.56482935526105
46560.0 -0.00088243997290 22.71860810599629 -156.80092567097688 350019.13223414774984 37.77833623647993 336.70830800875103
46590.0 -0.00064699059141 22.69993737565648 -156.78117389977129 349992.05090818367898 37.97522184821502 336.85170375159748
46620.0 0.00037129110885 22.68122681298552 -156.76156144067170 349955.80767199303955 38.17253384946836 336.99499497535811
46650.0 0.00044775873687 22.66343711244106 -156.74252768049362 350021.64059519767761 38.37039415430996 337.13829561443652
46680.0 -0.00195505505485 22.64464939876105 -156.72319218283565 349967.11306074820459 38.56851990004967 337.28135262705428
46710.0 -0.00102230245561 22.62677622753475 -156.70441717428631 350015.88027170393616 38.76730397431646 337.42452676309875
46740.0 -0.00006037278785 22.60839259459031 -156.68557227399924 349999.02670981455594 38.96629059157102 337.56740626120870
46770.0 0.00036223318148 22.58996596560798 -156.66684730723605 349974.21921296883374 39.16587068549151 337.71035182105373
46800.0 -0.00119134555247 22.57198450778190 -156.64848003388164 349995.84849332366139 39.36576040122277 337.85310716216009
46830.0 -0.00134630182308 22.55396554734233 -156.63024072593444 350008.93326668348163 39.56609075419161 337.99579638746025
46860.0 -0.00058863054499 22.53590481240173 -156.61211792033816 350014.22536696773022 39.76699902424797 338.13855013604950
46890.0 0.00027167518158 22.51781392539595 -156.59413445682890 350010.14304802194238 39.96820454106597 338.28111311397618
46920.0 -0.00116619042118 22.49968951149483 -156.57628056002210 349997.32809061277658 40.16982273585843 338.42359587510629
46950.0 -0.00060976019342 22.48153121016890 -156.55855312800668 349975.96476060710847 40.37188862114434 338.56603519483480
46980.0 -0.00078282640938 22.46381056146692 -156.54115599161139 350002.82559470459819 40.57437364566514 338.70840871632635
47010.0 -0.00083615755693 22.44605177261053 -156.52387292614651 350021.94218493066728 40.77740310043057 338.85083867497650
47040.0 -0.00045580852071 22.42779991487200 -156.50652920968122 349974.50914419908077 40.98068864989164 338.99305824434083
47070.0 -0.00043971249867 22.41044151225911 -156.48968568174979 350034.37272936012596 41.18462799579987 339.13544730991430
47100.0 -0.00035820888050 22.39212990854529 -156.47259236662578 349969.80476718768477 41.38876047208714 339.27757458069760
47130.0 -0.00153647456838 22.37471110780575 -156.45599587550484 350012.75870648212731 41.59348075029030 339.41981919678636
47160.0 -0.00021331631704 22.35726570007387 -156.43952745489716 350046.93620493356138 41.79850236480748 339.56191326550737
47190.0 0.00093979660331 22.33886828893899 -156.42280174327587 349957.02368255145848 42.00395472438605 339.70398487523710
47220.0 -0.00045882940567 22.32135916885867 -156.40656115271599 349975.41940018720925 42.20998066892653 339.84617693297520
47250.0 -0.00115814063734 22.30382666365267 -156.39044872352235 349984.96419768314809 42.41629526449393 339.98822033600743
47280.0 -0.00086433002755 22.28626709200209 -156.37445513744160 349986.24973243288696 42.62301408739844 340.13023125458852
47310.0 0.00016702917355 22.26867993964030 -156.35857742211309 349979.44659480452538 42.83017204028576 340.27224892958043
47340.0 0.00001006134339 22.25106725651063 -156.34281756483890 349964.40059873182327 43.03773971460691 340.41425027493523
47370.0 -0.00056448001159 22.23387723905182 -156.32734091492458 350000.63263451494277 43.24584569941526 340.55636716731311
47400.0 -0.00016300605445 22.21666729310903 -156.31199017886891 350028.09210936073214 43.45419633979424 340.69831701099167
47430.0 -0.00084018067603 22.19897230248176 -156.29656305364054 349989.56177088990808 43.66319385493473 340.84050203763235
47460.0 -0.00043669279558 22.18171275826640 -156.28143940339598 350000.99144381843507 43.87237301891200 340.98246835429057
47490.0 0.00029884187242 22.16442221650746 -156.26641545722586 350005.27108412608504 44.08213191847552 341.12461672083367
47520.0 -0.00104745758690 22.14711327498367 -156.25151261649620 350001.00347228627652 44.29218168229541 341.26666583043198
47550.0 -0.00007546657576 22.12978146374271 -156.23672082220006 349988.81151306629181 44.50265227180095 341.40875137332625
47580.0 -0.00009558808065 22.11286413129410 -156.22219093157429 350029.29063351359218 44.71368734821525 341.55102516268005
47610.0 -0.00075666786208 22.09548750700515 -156.20761842367486 350001.38082213047892 44.92500024423659 341.69320487362916
47640.0 -0.00105248884954 22.07809158571173 -156.19315808873858 349965.40626315213740 45.13670655225317 341.83541344123995
47670.0 0.00029984883408 22.06111370187753 -156.17896308802639 349981.89100342523307 45.34884100349864 341.97769316866510
47700.0 0.00006439708883 22.04411492140281 -156.16487549457099 349990.61872687004507 45.56137332852310 342.12002031466187
47730.0 0.00022840774118 22.02709051465008 -156.15088545705248 349992.18275432847440 45.77443530019203 342.26253809591685
47760.0 -0.00029682913099 22.01005373489352 -156.13701431954456 349985.22783759329468 45.98772815327040 342.40494576981200
47790.0 -0.00154955561485 21.99298833357145 -156.12323243630769 349971.57802204228938 46.20165824350973 342.54767190085238
47820.0 -0.00019620978770 21.97634498673343 -156.10971986586077 350010.22744896076620 46.41575618924546 342.69023629358509
47850.0 -0.00006339130906 21.95967421097159 -156.09629718613732 350042.15231018792838 46.63042308399525 342.83306528016800
47880.0 -0.00050008292276 21.94256199681162 -156.08284199585725 350004.68456015083939 46.84536791127068 342.97586200234565
47910.0 -0.00044272983799 21.92543380558736 -156.06949124923878 349959.49211287032813 47.06072102036878 343.11877131694666
47940.0 -0.00052523923593 21.90913182273708 -156.05651287591655 350030.53032918740064 47.27662671101159 343.26195576060570
47970.0 0.00039040683398 21.89197064910509 -156.04336637886055 349970.16666060127318 47.49279686174581 343.40511764059283
48000.0 -0.00065906467623 21.87563795803616 -156.03059642914243 350025.86397776473314 47.70934692374487 343.54838813937425
48030.0 0.00027871918564 21.85844770178072 -156.01765443076013 349950.23187402635813 47.92631138134380 343.69181343360270
48060.0 -0.00101022837079 21.84208060920932 -156.00508081092454 349991.24406930804253 48.14365910079861 343.83536929550627
48090.0 -0.00037430844818 21.82569053556944 -155.99259484586719 350025.54589144326746 48.36152488081544 343.97921247549488
48120.0 -0.00012678261812 21.80887745415809 -155.98008884428023 349989.35835772939026 48.57960512016891 344.12302121599350
48150.0 -0.00090960902750 21.79245361173643 -155.96779274161631 350009.26779628731310 48.79830982742272 344.26725544632205
48180.0 0.00020929201606 21.77561430108004 -155.95548374048721 349958.15908414497972 49.01716596842421 344.41140417058489
48210.0 0.00069729849024 21.75916515452663 -155.94338524187049 349963.13673554919660 49.23657713393222 344.55592429552007
48240.0 -0.00145899525119 21.74270747978264 -155.93139029844738 349960.35942681413144 49.45625047906278 344.70050085372844
48270.0 -0.00018111718168 21.72623626630029 -155.91948967946746 349950.35301973391324 49.67631653829259 344.84528991589775
48300.0 -0.00063390954494 21.71014920415736 -155.90779109092767 349997.04494599439204 49.89692002110586 344.99046711512312
48330.0 0.00081200702354 21.69405268187524 -155.89619241797530 350036.21582246478647 50.11777168944866 345.13571682967080
48360.0 0.00028475504617 21.67754248610296 -155.88457127431707 350004.68143695872277 50.33898665938308 345.28118044921592
48390.0 -0.00126882250590 21.66102113586930 -155.87304277886633 349965.93783849570900 50.56059907402133 345.42690915713604
48420.0 0.00022840774118 21.64528309170442 -155.86183041915234 350047.69123562332243 50.78257692951347 345.57287857185094
48450.0 -0.00085125016296 21.62873446342125 -155.85047791763370 349995.08055960200727 51.00505783510324 345.71926187133516
48480.0 -0.00040046699549 21.61257811064180 -155.83933781789028 349998.68881494458765 51.22773370772449 345.86571280431798
48510.0 0.00078785767202 21.59640009518018 -155.82827177309412 349996.14653932768852 51.45101759325712 346.01272913562059
48540.0 -0.00001509378790 21.58022220920958 -155.81731061827503 349985.68901265691966 51.67443342955237 346.15976355246096
48570.0 0.00039543927849 21.56402698240978 -155.80642750572579 349968.81427670642734 51.89838666484651 346.30730999037081
48600.0 -0.00062787368441 21.54821325902333 -155.79574197893012 350009.17519831471145 52.12258301203927 346.45503230513026
48630.0 -0.00024853160984 21.53238693201033 -155.78514111453435 350042.79317408893257 52.34715293625027 346.60310052728647
48660.0 -0.00067617002369 21.51616073721380 -155.77451782665980 350005.18860685825348 52.57224126732490 346.75170656409506
48690.0 0.00076169794283 21.49993339750736 -155.76399115270414 349960.05773009452969 52.79755805717488 346.90051380205620
48720.0 -0.00018111718168 21.48407783510966 -155.75364749305896 349973.07559656072408 53.02321784380710 347.04967650204969
48750.0 -0.00022639618163 21.46821177426125 -155.74338689354533 349979.36837833188474 53.24925430633625 347.19925248538470
48780.0 -0.00099513576477 21.45233725347861 -155.73321108698406 349978.82427943963557 53.47563455907005 347.34921783942741
48810.0 0.00040952492286 21.43644844636683 -155.72311085830955 349971.92495513428003 53.70249872808733 347.49976608446588
48840.0 0.00085628024371 21.42056009389879 -155.71310554634877 349957.60804142709821 53.92953469989231 347.65052223833266
48870.0 -0.00058259232070 21.40502151181397 -155.70325477084387 350003.19876070693135 54.15715777038474 347.80203041038129
48900.0 -0.00043971131679 21.38948339858815 -155.69349887402294 350041.43577560596168 54.38488962244367 347.95370014340705
48930.0 0.00058460388025 21.37356396125103 -155.68372907158871 350007.50884211901575 54.61313675101118 348.10607092523833
48960.0 -0.00041958626625 21.35764495573297 -155.67404953148369 349966.35805808659643 54.84160389595037 348.25878175726587
48990.0 -0.00060674167222 21.34208064619011 -155.66453159077167 349984.84871053509414 55.07042112639245 348.41202042590697
49020.0 -0.00037833274916 21.32650113159533 -155.65508300098983 349997.27579780481756 55.29973301902030 348.56599949610683
49050.0 0.00051215818946 21.31092028460410 -155.64572130259751 350002.70575832389295 55.52924940434396 348.72035771106471
49080.0 0.00056951009235 21.29533336207328 -155.63643907843598 350001.51270298101008 55.75908392933187 348.87526594359036
49110.0 -0.00053328665601 21.27973931781840 -155.62723391778408 349993.80602923966944 55.98926964335516 349.03079108614583
49140.0 0.00000402430098 21.26414020054755 -155.61810749895213 349979.48405522853136 56.21977275068606 349.18691083585537
49170.0 0.00008653251704 21.24887722569452 -155.60912145955240 350026.17398311011493 56.45073549162383 349.34384451689738
49200.0 -0.00012074321195 21.23326875452781 -155.60015172653732 349998.66478792019188 56.68184229161796 349.50118325023362
49230.0 -0.00006540405049 21.21764524713392 -155.59124486965911 349965.29617077019066 56.91350967584903 349.65952898094156
49260.0 -0.00001509142414 21.20237068301102 -155.58249560470645 349992.16856233589351 57.14525803097550 349.81823959078110
49290.0 -0.00028274348662 21.18708116822823 -155.57380991081209 350013.20773444697261 57.37749385378295 349.97791169298227
49320.0 -0.00033003640988 21.17179101572477 -155.56520514303458 350027.53345352597535 57.60992147890365 350.13815506047308
49350.0 0.00003320373325 21.15649458506379 -155.55667314639138 350035.53816032037139 57.84267014777875 350.29918067504246
49380.0 0.00006842375357 21.14118549072955 -155.54820498904959 350037.64327396452427 58.07588368721869 350.46122802277586
49410.0 0.00046989652883 21.12587784611759 -155.53981749919004 350033.01041439361870 58.30927229172784 350.62390690674283
49440.0 0.00000100696165 21.11056676620955 -155.53150356990409 350021.97547107283026 58.54294829921642 350.78741027069174
49470.0 0.00065302763382 21.09525113332420 -155.52326088534480 350004.63683668617159 58.77694389250072 350.95181785561789
49500.0 0.00057353557521 21.07993300565513 -155.51509107611085 349980.90260461531579 59.01122430287631 351.11711106511268
49530.0 -0.00103940898494 21.06460591575741 -155.50698530089241 349951.17897229734808 59.24593331977049 351.28354292863827
49560.0 -0.00023243322404 21.04960491694594 -155.49901353411238 349983.33282783813775 59.48075262141182 351.45066441595708
49590.0 0.00053832028241 21.03458659077559 -155.49109646822859 350010.00571723934263 59.71609860971709 351.61915133266967
49620.0 0.00011068068668 21.01925928961914 -155.48321265377308 349960.91938773635775 59.95149156805927 351.78829922409881
49650.0 -0.00024551427051 21.00454894154422 -155.47548506409811 350044.10086261946708 60.18733661447655 351.95877807937171
49680.0 0.00015294352918 20.98921455537948 -155.46773722279471 349982.63972272351384 60.42333836156550 352.13016336570752
49710.0 0.00050008410464 20.97418864975639 -155.46010409343634 349984.15111007727683 60.65962462744884 352.30269739306169
49740.0 -0.00051115359156 20.95915188201278 -155.45252946625550 349979.92315146699548 60.89633780195120 352.47665590339375
49770.0 0.00004226284251 20.94442232525571 -155.44507166947628 350038.74771185312420 61.13318913955474 352.65161488107719
49800.0 0.00058661780356 20.92908371496903 -155.43759739735165 349952.30896603688598 61.37028908276490 352.82779767795068
49830.0 -0.00034814753711 20.91434531392041 -155.43027041298370 349999.06800046190619 61.60766858787130 353.00530302583354
49860.0 -0.00004829870303 20.89960165515554 -155.42300800097567 350039.86401729751378 61.84529177494817 353.18411995417318
49890.0 0.00052624619759 20.88455135951442 -155.41576465965076 350005.08526613656431 62.08330316268659 353.36454714394597
49920.0 0.00072849184582 20.86950960881733 -155.40859758766513 349963.70549591910094 62.32138256856078 353.54608802160345
49950.0 -0.00072748606605 20.85474630486205 -155.40151708533472 349986.94578945357352 62.55994442056229 353.72951549150298
49980.0 0.00035921466028 20.83999066057501 -155.39451287670090 350003.66993678826839 62.79851038941303 353.91404941571443
50010.0 0.00037430844818 20.82522313365285 -155.38756181326650 350014.85956634487957 63.03748232311472 354.10045693052302
50040.0 0.00027368674113 20.81045851752172 -155.38067999486898 350019.81742041185498 63.27656592201521 354.28827367248084
50070.0 0.00003924195754 20.79569086075462 -155.37385986895876 350018.85382298845798 63.51588671316077 354.47778607357395
50100.0 0.00009056036366 20.78091342585003 -155.36709312965255 350012.30076485313475 63.75558464613994 354.66932076041593
50130.0 -0.00022337884231 20.76614072069024 -155.36039533143250 349999.50077102426440 63.99537284622926 354.86241486545515
50160.0 -0.00042059322790 20.75136762374187 -155.35375993413584 349980.71657556481659 64.23535898474768 355.05733558535354
50190.0 0.00064397088833 20.73659289398518 -155.34718480143269 349956.02493861876428 64.47557220310090 355.25421117822646
50220.0 0.00015394930896 20.72208728674071 -155.34069441459897 349996.47706465888768 64.71597520907322 355.45304585000434
50250.0 0.00021230935538 20.70757025251557 -155.33425490363317 350031.47642518021166 64.95671200151733 355.65420297924476
50280.0 0.00001106830504 20.69279428546265 -155.32786303369122 349989.00180834531784 65.19746161727969 355.85713028645756
50310.0 0.00040549944000 20.67826896230309 -155.32153781737165 350012.50527758337557 65.43863386051905 356.06273313063366
50340.0 -0.00044675295709 20.66375222200476 -155.31528324940078 350029.74520133715123 65.67975365356443 356.27013934104849
50370.0 -0.00008754066058 20.64896754449853 -155.30906002914418 349969.96583543810993 65.92121685166276 356.48024976884096
50400.0 0.00064900096908 20.63469963508759 -155.30293445460879 350047.40505715180188 66.16273116482485 356.69255526961598
50430.0 -0.00004326507664 20.61992103109141 -155.29683392150059 349975.67913594841957 66.40441847114201 356.90740777517414
50460.0 0.00056045571061 20.60563642647146 -155.29081103545232 350042.11275433562696 66.64641471165962 357.12520914503500
50490.0 0.00019620978770 20.59085873131417 -155.28482482205229 349958.71971745975316 66.88843577352020 357.34545392702296
50520.0 0.00070434367618 20.57657463413024 -155.27892033028954 350013.51809328049421 67.13058514239096 357.56847623950136
50550.0 -0.00055240710865 20.56204260545719 -155.27305874448069 349990.59024997148663 67.37288910086085 357.79445308692192
50580.0 -0.00008552791915 20.54751147839791 -155.26725384139783 349961.86636100802571 67.61530827954928 358.02341902712186
50610.0 -0.00040147632090 20.53321071648281 -155.26150498565488 349999.99495882075280 67.85798412305743 358.25583450149276
50640.0 0.00100117517094 20.51891523400585 -155.25581904533928 350032.18846382852644 68.10059613753356 358.49108426856287
50670.0 -0.00004326625852 20.50437225004078 -155.25016801716484 349986.69023387506604 68.34354546830404 358.73026322203253
50700.0 -0.00040851914309 20.49007243243235 -155.24458889193500 350007.61102371383458 68.58636258881211 358.97238844872641
50730.0 0.00067818040136 20.47553441953476 -155.23905008457800 349950.52856463007629 68.82943317053387 359.21855437118796
50760.0 0.00015596205039 20.46122940949843 -155.23357432695349 349960.25865500979125 69.07246785999956 359.46820589535355
50790.0 -0.00059869188838 20.44692193189342 -155.22815019443078 349964.40669542644173 69.31558256654631 359.72179881933971
50820.0 0.00061177411673 20.43260495759684 -155.22276992541558 349963.21817334275693 69.55890654845567 359.97985376077713
50850.0 -0.00008150480005 20.41829329969785 -155.21744799215048 349956.20584837067872 69.80215926188107 0.24182461089044
50880.0 0.00015495627061 20.40419566077274 -155.21217632107599 350016.69744933489710 70.04543749468426 0.50815510389048
50910.0 0.00022337766043 20.38988012270611 -155.20695595159290 349998.56091361958534 70.28876263933185 0.77910862957133
50940.0 -0.00003722921611 20.37577421468170 -155.20178329579167 350048.08977214712650 70.53209172407229 1.05478229828790
50970.0 0.00081703828617 20.36145002056009 -155.19665732428558 350019.01672929245979 70.77556002554577 1.33579294702258
51000.0 -0.00048297993907 20.34713604493994 -155.19159139701773 349984.04099705349654 71.01884874011184 1.62146166378353
51030.0 0.00016703153731 20.33301199872459 -155.18655644152776 350017.36093033663929 71.26234368136721 1.91317198730227
51060.0 -0.00000804978384 20.31889652355346 -155.18158175313823 350044.85776667110622 71.50558354025601 2.20981343224274
51090.0 0.00048499031674 20.30457305668171 -155.17665548311510 349993.46530753746629 71.74893675664012 2.51277970041630
51120.0 0.00051819404999 20.29045135306957 -155.17177484181562 350010.04477853793651 71.99211742438320 2.82148187339478
51150.0 -0.00005534034334 20.27632660130498 -155.16694121328513 350021.17700618319213 72.23523107354819 3.13655440755185
51180.0 -0.00013382425842 20.26200360702945 -155.16215919745352 349953.15242876671255 72.47839521050747 3.45872122289192
51210.0 -0.00029481875332 20.24806142622869 -155.15740643062836 350027.30337259545922 72.72133298406469 3.78741587553792
51240.0 0.00067315150248 20.23393056792523 -155.15271345213660 350022.05147629231215 72.96412949148385 4.12327769239351
51270.0 0.00030488009671 20.21979768983630 -155.14806624111989 350011.35410076379776 73.20679684770604 4.46673624480649
51300.0 -0.00006641101214 20.20566490545728 -155.14346627237782 349995.16399087011814 73.44928475405472 4.81802406374443
51330.0 0.00033003640988 20.19152434607389 -155.13890545561443 349973.68634988646954 73.69171516043488 5.17803304595984
51360.0 0.00041656774504 20.17756556607395 -155.13438206239113 350020.82899306528270 73.93377130698968 5.54604406812642
51390.0 -0.00012376173315 20.16341980147179 -155.12990946452206 349988.53080275561661 74.17581138773159 5.92391695322262
51420.0 0.00054737466414 20.14928713321831 -155.12549424456066 349950.45577304717153 74.41738466977833 6.31041494566419
51450.0 0.00012275595338 20.13531073662414 -155.12109539807270 349981.64755468815565 74.65882907341869 6.70743508272367
51480.0 0.00015294471106 20.12133662603291 -155.11674580121283 350007.34469178505242 74.89986073330940 7.11440807958342
51510.0 0.00053831910053 20.10735839684955 -155.11243887819631 350027.70193022303283 75.14056528812122 7.53230654762128
51540.0 -0.00017910444025 20.09336877751807 -155.10816732756211 350042.88012769538909 75.38103758955086 7.96223737692904
51570.0 0.00050108870254 20.07922945532035 -155.10396883282311 349977.76589499972761 75.62100181532033 8.40368970428070
51600.0 -0.00023444478359 20.06524443537164 -155.09979041668342 349982.00086518097669 75.86052007263486 8.85768757757713
51630.0 0.00044977266018 20.05125623274472 -155.09565348422259 349980.89280868135393 76.09958453726128 9.32500999311281
51660.0 -0.00031896574108 20.03741221545028 -155.09153279118775 350049.37035415228456 76.33812767696767 9.80620081233834
51690.0 0.00035820769862 20.02341106570546 -155.08747291023232 350037.71840290166438 76.57624194387816 10.30268629233547
51720.0 0.00057353793897 20.00941086067753 -155.08345682070359 350020.64908274449408 76.81372726163437 10.81445320723023
51750.0 0.00075867942163 19.99541734532531 -155.07948923650727 349998.06444540340453 77.05045433187971 11.34184423531397
51780.0 -0.00021331749892 19.98141419474144 -155.07555472299515 349970.27140703052282 77.28663108869328 11.88717753204432
51810.0 0.00075465275689 19.96754864741941 -155.07163617773256 350012.23636863380671 77.52196825830194 12.45004918389416
51840.0 0.00019520518981 19.95367715975688 -155.06775643507638 350048.94085121154785 77.75651321242671 13.03205451955164
51870.0 0.00001509260602 19.93966628018072 -155.06394087127481 350005.15452419873327 77.99031713800439 13.63500185440576
51900.0 -0.00046587222785 19.92566275198635 -155.06017180547474 349955.87443890515715 78.22309432874377 14.25862924415315
51930.0 0.00033003522800 19.91178166929533 -155.05640968260559 349976.65307101793587 78.45486089946873 14.90468988851004
51960.0 0.00053027049857 19.89789550677884 -155.05268522869790 349992.16209755931050 78.68556595181957 15.57465747714418
51990.0 0.00001106712316 19.88400128602941 -155.04899532361736 350002.44521995726973 78.91517241755069 16.27027727214387
52020.0 0.00029884305430 19.87010335556538 -155.04534339108943 350007.43597581144422 79.14353420849156 16.99262491168870
52050.0 0.00028576200783 19.85620987832804 -155.04173619135494 350007.02272973302752 79.37045141284874 17.74239968132883
52080.0 -0.00016401065235 19.84230435279828 -155.03815861634499 350001.43724044226110 79.59604653794669 18.52316822579393
52110.0 0.00032500278349 19.82840254818842 -155.03462415415567 349990.46504113730043 79.82000381789750 19.33497857328757
52140.0 0.00079792137917 19.81449792897747 -155.03112654542377 349974.19719635043293 80.04229390181423 20.18053129090967
52170.0 -0.00032399818559 19.80068138364804 -155.02761864107686 350028.54186184611171 80.26288050597600 21.06286411767885
52200.0 0.00034814635523 19.78676869703847 -155.02419294489991 350001.71742365881801 80.48143848624713 21.98230908105869
52230.0 0.00029984883408 19.77285547690350 -155.02080470499959 349969.57158254738897 80.69788865355666 22.94189750976818
52260.0 0.00028978749069 19.75903019115374 -155.01740985060550 350008.06065376382321 80.91208605506584 23.94433284682403
52290.0 0.00022941470283 19.74519426909384 -155.01404621129745 350041.35316813923419 81.12388607319180 24.99272420578937
52320.0 0.00007949087674 19.73126779934329 -155.01076090807538 349993.38523370865732 81.33304683682387 26.08929772824077
52350.0 0.00003219677160 19.71743037143004 -155.00747376016915 350016.06923271622509 81.53927865900148 27.23577530302607
52380.0 0.00037933971081 19.70349956960959 -155.00425813863214 349957.50093169603497 81.74252232078931 28.43778677499044
52410.0 0.00013583818173 19.68965139049076 -155.00103768512761 349969.66678225062788 81.94237695302424 29.69615083953061
52440.0 0.00035116487644 19.67579777080537 -154.99785072927335 349976.57673909701407 82.13864033212653 31.01526895368199
52470.0 -0.00016199909280 19.66193119661426 -154.99469043104287 349978.28524108510464 82.33108132828130 32.39995840770608
52500.0 0.00034412323613 19.64806696964844 -154.99156941901356 349974.67013626173139 82.51926010103543 33.85121320660765
52530.0 0.00017004769476 19.63419954772819 -154.98848251105275 349965.77555494569242 82.70288603636394 35.37359122265006
52560.0 0.00061076597320 19.62032746560633 -154.98542802475154 349951.60998915135860 82.88160369506912 36.97100840308750
52590.0 -0.00018614726243 19.60650641933743 -154.98235313723174 350008.48831601720303 83.05503437942767 38.64768553473375
52620.0 0.00012577565646 19.59262039323282 -154.97936007736971 349983.80632626637816 83.22272619812261 40.40627102382520
52650.0 0.00021130239373 19.57879234421244 -154.97635513762785 350030.14520121365786 83.38419529539385 42.24829257907652
52680.0 0.00000905556361 19.56489643653000 -154.97342522771405 349994.91022543516010 83.53903397414015 44.18012264654595
52710.0 0.00034814753711 19.55100459717897 -154.97053291058072 349954.34834107011557 83.68667710763327 46.20084425404347
52740.0 -0.00014690648677 19.53715469784794 -154.96761927145496 349984.91276560910046 83.82662070151039 48.31367125881932
52770.0 0.00042964879152 19.52328892498341 -154.96472927173508 350010.24609307479113 83.95831708535015 50.52140388149926
52800.0 -0.00000905438173 19.50938387081364 -154.96192941323397 349953.82559319678694 84.08118262210058 52.82062981214814
52830.0 0.00044273101987 19.49555028938280 -154.95905229626274 350045.05982646904886 84.19465316012807 55.21153075127862
52860.0 -0.00014690766865 19.48163735411128 -154.95631392288126 349978.05532151460648 84.29815137652419 57.69208275239876
52890.0 0.00091262754871 19.46774962070550 -154.95354716686197 349982.26000383216888 84.39109613394699 60.25922052541692
52920.0 0.00008351517772 19.45385562889218 -154.95081000151089 349981.17566475272179 84.47294655875260 62.90642723005835
52950.0 0.00001911808888 19.43996364200297 -154.94810879493278 349974.79188066162169 84.54323430729920 65.62454053588509
52980.0 0.00026060687654 19.42605670913983 -154.94542921930230 349963.11799841932952 84.60140257781549 68.40896203881270
53010.0 0.00006439590695 19.41216953652505 -154.94272590360072 350022.71611734107137 84.64713805460200 71.24535016216377
53040.0 0.00006439945259 19.39825531039069 -154.94010869836387 350000.44584551639855 84.68006559689161 74.12356379181665
53070.0 0.00002213661009 19.38432789870984 -154.93751339424480 349972.85686133243144 84.69985309669082 77.03244378194235
53100.0 -0.00008049783839 19.37041268086601 -154.93489235877561 350016.56407990958542 84.70648392124782 79.95447393732539
53130.0 0.00087237981139 19.35648128855065 -154.93235966826214 349978.35412906203419 84.69984789393710 82.87676101076339
53160.0 -0.00034512901591 19.34254923895507 -154.92979361526653 350011.44167200196534 84.67996403961642 85.78536270390809
53190.0 0.00059869307026 19.32860212270969 -154.92731239010342 349962.57162123546004 84.64691839813506 88.66704066828164
53220.0 0.00008250703418 19.31464982568088 -154.92479699412596 349984.99919505044818 84.60099360733020 91.50769619686602
53250.0 0.00016200027468 19.30069648476807 -154.92231454846117 350002.12286897096783 84.54263408405109 94.29380450345791
53280.0 -0.00004729174138 19.28672501461096 -154.91985092943543 350013.87629143986851 84.47195908087387 97.01809484135040
53310.0 0.00026161383819 19.27275159615301 -154.91741873610775 350020.31169931590557 84.38967733226944 99.66858498279913
53340.0 0.00021029661395 19.25876950618618 -154.91501217883274 350021.39693969767541 84.29617649060381 102.23921849138578
53370.0 -0.00020425957154 19.24477104574361 -154.91262473305872 350017.08299604244530 84.19184114384171 104.72545264138913
53400.0 0.00007948969486 19.23077170226559 -154.91026836484960 350007.44003890827298 84.07751008528878 107.12088252296026
53430.0 0.00045782362589 19.21676588477167 -154.90793821277640 349992.43476091604680 83.95364768226328 109.42386254602877
53460.0 0.00003622225446 19.20275210821933 -154.90563270375196 349972.05103100463748 83.82078980290440 111.63336679335401
53490.0 0.00043769975724 19.18869928421896 -154.90328257598807 350022.89035476092249 83.67942488013291 113.74964880635281
53520.0 0.00045581088447 19.17466468109285 -154.90102315660999 349991.70187599211931 83.53018633780236 115.77306746611346
53550.0 -0.00021029661395 19.16059802663144 -154.89872755898398 350031.80082709621638 83.37377684961704 117.70460242271608
53580.0 0.00013684396151 19.14654654502223 -154.89651580955979 349989.79953745845705 83.21032860452853 119.54817576218505
53610.0 -0.00052222071473 19.13245623982499 -154.89426545247332 350019.05010935198516 83.04066673361136 121.30520699208245
53640.0 0.00047492897335 19.11835402961356 -154.89203800924051 350042.86849023867399 82.86509217366772 122.97945826187139
53670.0 0.00053630754098 19.10427752622592 -154.88989603796270 349984.58775124046952 82.68384885863263 124.57478721707622
53700.0 -0.00006339130906 19.09015446633243 -154.88771376873234 349997.51722541078925 82.49767487913564 126.09375476766532
53730.0 0.00027368674113 19.07602169177493 -154.88555499380152 350005.00380022265017 82.30680933631329 127.54036236942434
53760.0 0.00057554949852 19.06187771611204 -154.88341817331127 350007.02213274687529 82.11155527017502 128.91829926763879
53790.0 -0.00013382544030 19.04771924213036 -154.88130036665717 350003.52380328066647 81.91214793231843 130.23124247712133
53820.0 0.00005836004642 19.03355081204651 -154.87920473796595 349994.54565782286227 81.70897868278630 131.48246037272980
53850.0 -0.00021230817350 19.01938077901476 -154.87713738495722 349980.17780662793666 81.50250648669608 132.67507505141694
53880.0 0.00013885552105 19.00512596357443 -154.87501256128732 350036.67650807462633 81.29257431988718 133.81287206179351
53910.0 -0.00013382544030 18.99093151309850 -154.87298602177998 350011.26534326747060 81.07978657773701 134.89847373995187
53940.0 -0.00024953857149 18.97672771698209 -154.87098060370795 349980.34340828750283 80.86419244915645 135.93502716783522
53970.0 0.00006842257169 18.96243213204882 -154.86891681327759 350020.20167677477002 80.64579960430433 136.92545384515188
54000.0 0.00049002157937 18.94820671215212 -154.86695212037048 349978.19861859269440 80.42514674481598 137.87210666242876
54030.0 0.00049907596111 18.93389370029057 -154.86493527808850 350007.04259661119431 80.20226525713744 138.77759684263603
54060.0 -0.00022136373712 18.91964956434375 -154.86301203089971 349953.95599338412285 79.97726515393141 139.64429458347814
54090.0 0.00005936582620 18.90530708108509 -154.86103138288246 349971.56978777889162 79.75020544915306 140.47442311978565
54120.0 0.00003320491513 18.89095133702042 -154.85907034631907 349983.57656806707382 79.52131824658538 141.27000152348458
54150.0 0.00016300487257 18.87659071439809 -154.85713495972217 349990.09918035939336 79.29091470337215 142.03293927977776
54180.0 -0.00009659622419 18.86220777835108 -154.85521151002627 349990.84372027497739 79.05869279368238 142.76513639952839
54210.0 0.00076672802359 18.84781898490412 -154.85331220488303 349986.06615236308426 78.82513504283713 143.46823795637181
54240.0 0.00017206161807 18.83341752401641 -154.85143146259625 349975.64223672263324 78.59017210635281 144.14386437631813
54270.0 0.00051417093089 18.81899555554996 -154.84956294264111 349959.41746794991195 78.35370414861511 144.79349341103605
54300.0 -0.00028576318971 18.80446181943067 -154.84764110347237 350013.74543762207031 78.11617282496952 145.41853734837679
54330.0 -0.00002414935152 18.79002158350379 -154.84581511737443 349986.30010591540486 77.87751810390812 146.02030640552923
54360.0 0.00061479263794 18.77545664098119 -154.84392900315555 350029.18408736959100 77.63777098886897 146.60002133877759
54390.0 -0.00009357888486 18.76098620222355 -154.84213498092046 349990.24308813177049 77.39691361061188 147.15880779858364
54420.0 -0.00015897938971 18.74638642861740 -154.84028036987036 350021.54702195711434 77.15510933863125 147.69775969213143
54450.0 0.00078685189224 18.73177849514359 -154.83844890523889 350047.23382829967886 76.91260472303462 148.21794586278932
54480.0 0.00025456983413 18.71726934111193 -154.83670597476441 349991.07079943642020 76.66904169025150 148.72018793229469
54510.0 -0.00005534034334 18.70262948017441 -154.83490597393720 350005.14459045045078 76.42484753050866 149.20549420051577
54540.0 -0.00011269579187 18.68797363334735 -154.83312207788094 350013.39762943051755 76.17990551009518 149.67464473459310
54570.0 0.00068321166399 18.67329391976529 -154.83134797876386 350015.63833583332598 75.93407282975711 150.12834138699412
54600.0 0.00048197415929 18.65860602957696 -154.82959512706097 350012.19427617453039 75.68774626816545 150.56746360637408
54630.0 0.00040449366023 18.64390436712894 -154.82785892654999 350002.92917957156897 75.44082990078145 150.99264967208327
54660.0 0.00037531422795 18.62918746291860 -154.82613789518274 349987.79375968407840 75.19332075747849 151.40453115758189
54690.0 -0.00035821006238 18.61430693401756 -154.82434796790781 350042.23011430539191 74.94516946750342 151.80367611192582
54720.0 0.00024350389284 18.59955443790447 -154.82265422468097 350015.19819702394307 74.69650922281529 152.19070730125247
54750.0 -0.00008150361817 18.58479637593555 -154.82098177781918 349982.48049379978329 74.44755687757764 152.56626668289672
54780.0 0.00054334918128 18.56986137741150 -154.81923505458087 350019.01492481678724 74.19793379121502 152.93065012342240
54810.0 -0.00045882822379 18.55491396606364 -154.81750755528469 350049.70479305274785 73.94803972736845 153.28453972340643
54840.0 0.00014187640602 18.54010685759734 -154.81587628405552 349999.08171877264977 73.69773882692036 153.62830360782192
54870.0 0.00104745758690 18.52511592493387 -154.81417019574343 350017.53114293515682 73.44687089712210 153.96226314132900
54900.0 0.00020224683011 18.51027895081734 -154.81256596346688 349954.94458820857108 73.19580914987323 154.28702628947312
54930.0 0.00047090467237 18.49526246682496 -154.81089320276183 349961.55143435858190 72.94444308960706 154.60290170214822
54960.0 0.00005031026258 18.48022749881137 -154.80923322506035 349962.06958624534309 72.69275483795030 154.91022936914692
54990.0 0.00076873958314 18.46517059390705 -154.80758307584438 349956.38183122035116 72.44068101390781 155.20930092651358
55020.0 0.00037330148652 18.44991940172432 -154.80586180798755 350019.52722001262009 72.18834018479492 155.50050230082610
55050.0 0.00002113083031 18.43483357224656 -154.80424323241826 350001.81134675070643 71.93593370951307 155.78425860166718
55080.0 0.00028777474926 18.41972123623873 -154.80262993674461 349977.69412503857166 71.68307637364015 156.06060794064209
55110.0 0.00038135127036 18.40441335734394 -154.80094918701670 350022.38369173277169 71.43015198429237 156.33006164862135
55140.0 0.00007546539388 18.38927168275062 -154.79936484345359 349986.11645320709795 71.17701696496816 156.59278183592812
55170.0 0.00071541198123 18.37391384946389 -154.79770077433707 350018.04069054033607 70.92350412434376 156.84889877562429
55200.0 0.00029280601189 18.35854140247823 -154.79605313443889 350043.87544267717749 70.66997219445449 157.09887555975354
55230.0 0.00065101489239 18.34334611776072 -154.79450312537026 349988.95949793234468 70.41630488173340 157.34285373750544
55260.0 0.00031695418153 18.32793474579677 -154.79287804200365 350002.23898508120328 70.16247737912200 157.58102319884978
55290.0 0.00079892597706 18.31249825703676 -154.79126041337761 350009.03729828260839 69.90841966108874 157.81353282259212
55320.0 0.00084018067603 18.29704138741780 -154.78965336595581 350009.48253636155277 69.65424236087767 158.04064321676356
55350.0 -0.00032198544416 18.28157264360638 -154.78806281933964 350003.83657398913056 69.40013754351904 158.26266265597832
55380.0 0.00026563813917 18.26607419849572 -154.78647514747092 349991.48560781683773 69.14571927066221 158.47949895262320
55410.0 0.00051014426615 18.25056286362855 -154.78490242983278 349972.97049722447991 68.89136063572894 158.69156709039967
55440.0 0.00033003522800 18.23481420433263 -154.78325189758201 350022.00021542515606 68.63691527568207 158.89892161487865
55470.0 0.00069025684993 18.21925247985709 -154.78169156155079 349990.27366326097399 68.38221353224280 159.10159266430858
55500.0 0.00046486644808 18.20367884379716 -154.78014570588405 349952.35739262774587 68.12760388767194 159.29995963941442
55530.0 0.00012275713526 18.18786154303655 -154.77852191033750 349981.76349943876266 67.87296812938804 159.49407548171121
55560.0 0.00084219341746 18.17201959444397 -154.77690619669133 350004.53320932853967 67.61827812618107 159.68404868436755
55590.0 0.00024249574931 18.15614948340149 -154.77529555508210 350020.51082252338529 67.36346055673474 159.86995060592108
55620.0 0.00074962267613 18.14025599165002 -154.77369312517416 350029.84380047954619 67.10862124356785 160.05197123805306
55650.0 -0.00033305493109 18.12434766189948 -154.77210483359261 350032.82982762996107 66.85394590608446 160.23035134366364
55680.0 0.00121549608587 18.10840657856276 -154.77051698667961 350028.77015848644078 66.59905048797140 160.40493133443007
55710.0 0.00077377084577 18.09244964669496 -154.76894170866322 350018.28025968931615 66.34429996694435 160.57606706959041
55740.0 0.00010766452923 18.07646998356924 -154.76737348317545 350001.07495782524347 66.08954748115138 160.74375461929529
55770.0 0.00081502554474 18.06045958173603 -154.76580595540378 349976.81195936445147 65.83462302537676 160.90796960101690
55800.0 0.00082106140527 18.04418241370691 -154.76416086711271 350019.05216083955020 65.57986698417514 161.06903890692394
55830.0 0.00082408347211 18.02813390492632 -154.76261274699567 349981.54126583132893 65.32516106095497 161.22696658171043
55860.0 0.00086030454469 18.01180599123816 -154.76098070682301 350010.03019362222403 65.07047555258248 161.38181475589667
55890.0 0.00080999546399 17.99570746901196 -154.75944147923056 349958.69252731930465 64.81573548049336 161.53361071590692
55920.0 0.00014489138158 17.97906188310854 -154.75772773473997 350045.76214260049164 64.56104342953944 161.68250214662206
55950.0 0.00038940223608 17.96292518911931 -154.75620642393545 349981.00598953943700 64.30658029033049 161.82868804852689
55980.0 -0.00011671891097 17.94648960579194 -154.75459272950920 349981.42506501544267 64.05196511588957 161.97197387860228
56010.0 0.00096193084963 17.93003539144751 -154.75298918910454 349975.11598268710077 63.79755616301947 162.11267624376205
56040.0 0.00107764516271 17.91328109950620 -154.75129922485451 350033.97186743095517 63.54320720086908 162.25075843823637
56070.0 0.00161093418248 17.89676500122516 -154.74969831434075 350013.08674992620945 63.28874893352679 162.38616556186523
56100.0 0.00079087619322 17.88023129218398 -154.74810701574003 349985.44023111276329 63.03451483154017 162.51918898956478
56130.0 0.00043669279558 17.86339144471617 -154.74642924894579 350022.67922288179398 62.78038743443908 162.64980496289024
56160.0 0.00077276506600 17.84680726177793 -154.74484643683383 349980.78426443599164 62.52633637540060 162.77804805925385
56190.0 0.00039644387639 17.82990637320997 -154.74317224778869 350003.28741549234837 62.27228587441033 162.90391952386213
56220.0 0.00113600639101 17.81297665914400 -154.74150139927184 350018.46326024271548 62.01833612528435 163.02754023435642
56250.0 0.00033003522800 17.79632093522296 -154.73993205288909 349955.18193709664047 61.76466402592340 163.14908169982991
56280.0 0.00084923623965 17.77933551772641 -154.73826606324630 349955.67866939771920 61.51089234465461 163.26833181814254
56310.0 0.00112996816672 17.76202913168056 -154.73651526018159 350020.40851369686425 61.25737341814712 163.38557931738575
56340.0 0.00096293662941 17.74499165113482 -154.73485887875361 350006.32904788292944 61.00396223532988 163.50076878430971
56370.0 0.00104444142946 17.72791803622880 -154.73319809261150 349984.41312949918211 60.75049076534610 163.61382799187882
56400.0 0.00063189680351 17.71051617177584 -154.73145143950887 350026.36860710009933 60.49728626119218 163.72502271233941
56430.0 0.00126479938680 17.69339398875415 -154.72980010864143 349989.86014132015407 60.24423258179905 163.83431308784407
56460.0 0.00161797700466 17.67593115793989 -154.72805653943468 350016.60757941659540 59.99129919429404 163.94171673103625
56490.0 0.00033104100778 17.65843219416186 -154.72631052239319 350035.42887064442039 59.73840999146901 164.04721901489131
56520.0 0.00099312420522 17.64122118533259 -154.72465884835773 349976.01769868936390 59.48566325825402 164.15092296060126
56550.0 0.00105349462931 17.62367123730735 -154.72292056352680 349979.93507109954953 59.23323238921509 164.25298096238743
56580.0 0.00087237981139 17.60608058673802 -154.72117494848163 349975.58314969763160 58.98074417956848 164.35317295667724
56610.0 0.00191380153776 17.58813903185171 -154.71934043797080 350033.98691492713988 58.72854553236850 164.45176676031366
56640.0 0.00221566311327 17.57049173573154 -154.71759924660896 350014.29694348573685 58.47649297741667 164.54869624886001
56670.0 0.00086835551041 17.55280597264372 -154.71585092020666 349986.33435863815248 58.22442005558645 164.64387938255572
56700.0 0.00169143083899 17.53476219088941 -154.71401261706194 350020.73397627752274 57.97264823692004 164.73756250919902
56730.0 0.00130806446344 17.51668505785311 -154.71217387650412 350047.11639649793506 57.72106296311009 164.82969640753888
56760.0 0.00131712120893 17.49891428696342 -154.71042793913955 349995.79729287419468 57.46963382100339 164.92028793889310
56790.0 0.00121448912421 17.48076690817086 -154.70858220979616 350005.81092303432524 57.21828465421926 165.00931256638145
56820.0 0.00162099670775 17.46258623097340 -154.70673455548362 350007.69524884503335 56.96711212679458 165.09686088310926
56850.0 0.00143283434012 17.44438096046515 -154.70489107890762 350001.90325334202498 56.71628643272179 165.18307135561665
56880.0 0.00126681331011 17.42613285366821 -154.70303740350511 349987.37264347821474 56.46543855976380 165.26772134188820
56910.0 0.00175079430143 17.40750464419061 -154.70109069434380 350033.99835334625095 56.21491028820371 165.35106229676674
56940.0 0.00170451188546 17.38919588053976 -154.69923598504107 350003.31632292922586 55.96455987048904 165.43302206723965
56970.0 0.00142377877651 17.37084660332504 -154.69737124454957 349963.89799177180976 55.71422259601936 165.51351320224725
57000.0 0.00236458234147 17.35211029394465 -154.69541233963719 349985.21253622043878 55.46421443816096 165.59276671650230
57030.0 0.00198624722855 17.33333876852232 -154.69345019429144 349998.07747519481927 55.21442256816735 165.67072801731689
57060.0 0.00206473232551 17.31453073494459 -154.69148327721589 350002.37608137540519 54.96481686424453 165.74739699446852
57090.0 0.00119335711202 17.29568256225120 -154.68950825099495 349997.84749007504433 54.71532129241606 165.82274281236741
57120.0 0.00233842024852 17.27679929936876 -154.68752843453498 349984.75086153671145 54.46603107598388 165.89684707908106
57150.0 0.00241891690504 17.25788969702584 -154.68555001650071 349963.58191808778793 54.21711340523405 165.96983770784814
57180.0 0.00170450952170 17.23855684391829 -154.68346158062050 350000.96245288476348 53.96820355138622 166.04149250052953
57210.0 0.00288378335311 17.21919144667659 -154.68137244737167 350029.86855217628181 53.71963837986422 166.11204969650791
57240.0 0.00212107844863 17.19978663571316 -154.67927675111929 350049.83450829423964 53.47127797195218 166.18143391711376
57270.0 0.00202146606699 17.18072080407321 -154.67726481761102 349992.92650460638106 53.22295947159606 166.24955492852894
57300.0 0.00317356848004 17.16123977677103 -154.67515437852700 349995.00879217963666 52.97499355429208 166.31663127391488
57330.0 0.00167432430966 17.14172200208815 -154.67303770493908 349988.18683863151819 52.72726920365128 166.38260540769167
57360.0 0.00305081370855 17.12177186728970 -154.67081561850731 350039.29712827131152 52.47975669613814 166.44747261902299
57390.0 0.00293811673480 17.10217181670098 -154.66867976249821 350013.99393323622644 52.23238023213583 166.51119801955869
57420.0 0.00261613247251 17.08253522318358 -154.66653604998322 349979.66273245308548 51.98523371155844 166.57385650711848
57450.0 0.00238369924847 17.06246872128199 -154.66429272259782 350003.38217881880701 51.73848145612893 166.63556773837209
57480.0 0.00347844975863 17.04235088446370 -154.66203253635663 350017.06570876855403 51.49176307100510 166.69611161964011
57510.0 0.00274894976928 17.02260658020835 -154.65986695359737 349955.57984188944101 51.24541065276871 166.75571546455996
57540.0 0.00246822020597 17.00200692882569 -154.65749493926657 350017.17794461175799 50.99928617519138 166.81430236950627
57570.0 0.00253664277766 16.98176582941786 -154.65520450482100 350002.49830220919102 50.75322870230880 166.87178090319173
57600.0 0.00349857362729 16.96149219368368 -154.65290947994811 349978.85358518175781 50.50754375771435 166.92835923674167
57630.0 0.00315143186996 16.94076301903661 -154.65050605834816 350011.50314715504646 50.26212218353598 166.98397835837301
57660.0 0.00306489817104 16.91998958722233 -154.64809127896314 350034.34946896973997 50.01693472356341 167.03863048321034
57690.0 0.00304980792877 16.89916824266826 -154.64566157959908 350047.08217410556972 49.77190588949721 167.09227809618147
57720.0 0.00362032380089 16.87872943121887 -154.64331981161519 349984.78556479886174 49.52712833766996 167.14499094513997
57750.0 0.00366057272009 16.85740624728118 -154.64077420271030 350043.72389416303486 49.28276361925666 167.19688205900255
57780.0 0.00311420265384 16.83645598747564 -154.63830754091236 350026.84541409090161 49.03845570109267 167.24773430581720
57810.0 0.00409827129545 16.81547104074787 -154.63583385681946 350000.59348420612514 48.79453201896526 167.29776581383871
57840.0 0.00371792698674 16.79444454536787 -154.63334700069549 349964.42485255189240 48.55085647746316 167.34689919015108
57870.0 0.00371088180079 16.77249261964874 -154.63063939311661 350046.62608258798718 48.30727010262130 167.39504276075252
57900.0 0.00410933960049 16.75137806337063 -154.62812386386932 349990.15998929273337 48.06407337956460 167.44239592946877
57930.0 0.00364749285550 16.72978192326068 -154.62549490258411 349987.99223712272942 47.82115903305557 167.48889913763165
57960.0 0.00458024427286 16.70814089629490 -154.62285103520645 349975.51149315759540 47.57849832060330 167.53454253129965
57990.0 0.00449773369304 16.68600346068280 -154.62008774497048 350016.23348261881620 47.33601612096915 167.57928688771148
58020.0 0.00398356394403 16.66381776414750 -154.61730906420749 350046.33470945805311 47.09380390380905 167.62319791249601
58050.0 0.00451785874358 16.64204553494234 -154.61462270623318 350002.91032384056598 46.85202052488273 167.66638320549447
58080.0 0.00350159333038 16.61976511079640 -154.61181067329221 350011.70638413261622 46.61031432669397 167.70862897209122
58110.0 0.00434076586288 16.59744459567135 -154.60898773319866 350010.34611084032804 46.36900816886095 167.75014552738338
58140.0 0.00498071363211 16.57507714932204 -154.60614755492841 349998.24323879927397 46.12796790974333 167.79085561428610
58170.0 0.00457320026880 16.55219203350121 -154.60318085204082 350037.59333000145853 45.88703656428362 167.83066788067254
58200.0 0.00517490949650 16.52972842814355 -154.60030385676532 350003.67391614988446 45.64650967264393 167.86977423274223
58230.0 0.00480362075140 16.50722086521734 -154.59740979833853 349959.07181726209819 45.40628185299192 167.90811513107124
58260.0 0.00514975554709 16.48372841494348 -154.59429226982803 350028.47102735005319 45.16632490855798 167.94567932639805
58290.0 0.00479657674734 16.46112212247593 -154.59135647414433 349961.51914321817458 44.92656412747660 167.98242648569078
58320.0 0.00501291276746 16.43752293337656 -154.58819628150903 350007.92556691356003 44.68708983550376 168.01841908421625
58350.0 0.00509139550066 16.41387965388103 -154.58502312815881 350043.54058593045920 44.44805825406734 168.05376020472949
58380.0 0.00501995440777 16.39065316743285 -154.58192368986005 350004.99716495722532 44.20912210614653 168.08823947400083
58410.0 0.00465470270508 16.36738667465628 -154.57880945919234 349955.81241418141872 43.97059974542044 168.12206050943340
58440.0 0.00635518910769 16.34358905734312 -154.57557045293805 349956.78725781477988 43.73235899706724 168.15514655649642
58470.0 0.00488411740792 16.31924504531861 -154.57219838374652 350006.66380733996630 43.49424488226203 168.18740690394702
58500.0 0.00529364114890 16.29485306507591 -154.56880961420615 350045.18115466274321 43.25654807741790 168.21902699415801
58530.0 0.00527653816520 16.27089923094424 -154.56550287931753 350010.90078138839453 43.01916509608917 168.24994764883067
58560.0 0.00601006009178 16.24689582162388 -154.56217277750369 349964.92883758898824 42.78206831014056 168.28015668201124
58590.0 0.00558946686387 16.22184702437612 -154.55860646080890 350028.05616614967585 42.54518345067421 168.30961303931471
58620.0 0.00576253426172 16.19773779841345 -154.55522492793796 349957.98479044530541 42.30859973341573 168.33837657833703
58650.0 0.00551098294879 16.17258833048960 -154.55161705957218 349997.47565130516887 42.07247079787395 168.36654657944169
58680.0 0.00570417421529 16.14737204761347 -154.54797468206439 350023.61793413665146 41.83645374526405 168.39391599790082
58710.0 0.00507730867441 16.12210702406660 -154.54431245698382 350037.94941471423954 41.60086248533942 168.42068268369576
58740.0 0.00630789618443 16.09678646255065 -154.54062360415350 350039.79366692434996 41.36556681633281 168.44677058641903
58770.0 0.00618111474819 16.07140222435436 -154.53690009207077 350028.33386301714927 41.13041377627705 168.47208979784449
58800.0 0.00590943956661 16.04597092014673 -154.53315544037832 350005.00913606863469 40.89568925170233 168.49682015864872
58830.0 0.00604125226548 16.02048733471112 -154.52938418762020 349969.27701754216105 40.66129164774367 168.52090304916817
58860.0 0.00608150118468 15.99391685951417 -154.52537192081189 350039.05916176456958 40.42719392172003 168.54432566268872
58890.0 0.00635317518438 15.96831841412531 -154.52153911932837 349977.41010073572397 40.19332227536522 168.56704647459068
58920.0 0.00575046017690 15.94162584488001 -154.51746406673436 350020.59305496234447 39.95976484236736 168.58912319970477
58950.0 0.00645983511571 15.91540546525671 -154.51347343213112 349992.79561818763614 39.72667272747372 168.61065189101421
58980.0 0.00691463667476 15.88911943056161 -154.50944303361715 349951.02752388920635 39.49370740272166 168.63142863329722
59010.0 0.00621130232400 15.86225790732992 -154.50528066248563 349955.11492776777595 39.26117839091221 168.65164630123704
59040.0 0.00613382300681 15.83480742229490 -154.50097857889708 350003.80468326061964 39.02895746469788 168.67122964346848
59070.0 0.00794398668008 15.80728566354408 -154.49663558209824 350037.87662655860186 38.79689368474898 168.69008961576816
59100.0 0.00666207958207 15.78024404788959 -154.49237376522129 350001.24232374411076 38.56526821738441 168.70840119062402
59130.0 0.00623444471386 15.75314715287531 -154.48807981592483 349951.31372083444148 38.33398135149511 168.72610641053632
59160.0 0.00734730635125 15.72491583351324 -154.48353460531058 350002.47049271874130 38.10300664232758 168.74319206752892
59190.0 0.00749421165614 15.69661581539664 -154.47894990867999 350038.99001978989691 37.87227078564315 168.75961632524070
59220.0 0.00681200577193 15.66879616506361 -154.47443881952239 350004.42632271070033 37.64186085766138 168.77543513335812
59250.0 0.00688646420415 15.64092704930212 -154.46990014605038 349956.91459199041128 37.41192547212297 168.79074179082178
59280.0 0.00652523798432 15.61244180866445 -154.46520583483155 349951.01370220724493 37.18213045982689 168.80533525045306
59310.0 0.00764312970246 15.58280243648044 -154.46026106315725 350044.34830744564533 36.95278101109049 168.81940409833564
59340.0 0.00820962363737 15.55419756722757 -154.45549739479273 350010.27151420898736 36.72375087073209 168.83287390774962
59370.0 0.00743384005017 15.52552351841511 -154.45068686551426 349960.96182661596686 36.49489112405733 168.84565649386505
59400.0 0.00654636645087 15.49568445661779 -154.44562268869097 350009.74911114573479 36.26647828466177 168.85792259570323
59430.0 0.00686634151737 15.46577943936691 -154.44051918356908 350043.62360124289989 36.03841451412620 168.86961495965980
59460.0 0.00798222049408 15.43692869285799 -154.43559669982739 349951.46274957712740 35.81067397534716 168.88072013010535
59490.0 0.00702431512731 15.40689054933224 -154.43040630387779 349955.02037792000920 35.58318387820196 168.89119605420305
59520.0 0.00762200005403 15.37622287508867 -154.42506224823674 349998.61106123682112 35.35603026358832 168.90109722365557
59550.0 0.00781720406196 15.34549560302876 -154.41968340722562 350027.68774265237153 35.12935929600869 168.91051458112491
59580.0 0.00740063513504 15.31525869612048 -154.41436275576660 349985.36479071807116 34.90284114910155 168.91924965110451
59610.0 0.00803555045975 15.28382403517261 -154.40877982796576 350037.77613151632249 34.67677673384261 168.92748733534117
59640.0 0.00791581184570 15.25346463031718 -154.40337675678006 349965.51804920658469 34.45104176212573 168.93515401224047
59670.0 0.00797618463355 15.22188435610797 -154.39769333275683 349985.42482316773385 34.22548934305505 168.94216230931846
59700.0 0.00780714035481 15.19024214464759 -154.39196987004368 349990.17788437567651 34.00039140356429 168.94867928911847
59730.0 0.00796511632851 15.15853295619003 -154.38620017454073 349979.12213980033994 33.77565196470086 168.95464840322609
59760.0 0.00841891447154 15.12675597539505 -154.38038210630651 349952.06644971296191 33.55124580439134 168.96005605602758
59790.0 0.00823075446768 15.09374114722861 -154.37428186354776 350015.37441436573863 33.32710066436468 168.96486002997582
59820.0 0.00734227508861 15.06182303539110 -154.36836079168620 349955.46115278732032 33.10330157074970 168.96911361404239
59850.0 0.00757973839341 15.02867434677614 -154.36216864299806 349986.72049040906131 32.87999227919492 168.97290573488831
59880.0 0.00923695971937 14.99544244342652 -154.35591390244142 349999.95953548699617 32.65684728686155 168.97604017460705
59910.0 0.00785845757905 14.96214610671714 -154.34961381735189 349997.25103904027492 32.43416327800335 168.97869868935240
59940.0 0.00775984979531 14.92877864730400 -154.34326027996769 349977.71237048041075 32.21181792417679 168.98080841385473
59970.0 0.00838067829378 14.89414176831867 -154.33661093063114 350044.92171183135360 31.98966635514267 168.98228271360910
60000.0 0.00768136588023 14.86062899166342 -154.33014620702144 349991.11430227011442 31.76797597646839 168.98328546957779
60030.0 0.00807680515872 14.82585113182956 -154.32339362032621 350024.53199217747897 31.54665265375158 168.98376081335263
60060.0 0.00953680855345 14.79099763263855 -154.31658355149492 350040.32047144323587 31.32567178554909 168.98369508477930
60090.0 0.00889082374181 14.75606484845001 -154.30971067812644 350037.91880626603961 31.10496166118514 168.98304592296691
60120.0 0.00805567432841 14.72105874835990 -154.30277953270095 350017.93343870993704 30.88460631144405 168.98186563051920
60150.0 0.00951366498171 14.68598890916281 -154.29579848410569 349981.43340641818941 30.66474712250245 168.98024141388555
60180.0 0.00889384344489 14.64961909360314 -154.28850862885349 350027.98306973092258 30.44506289290217 168.97797899179781
60210.0 0.00828810637057 14.61439867608165 -154.28140232034517 349955.36136879865080 30.22584613342485 168.97525746119484
60240.0 0.00946436049890 14.57788303488481 -154.27399534063193 349966.33180276490748 30.00697646425319 168.97200464453076
60270.0 0.00908703471139 14.54128115753374 -154.26651489294488 349957.70304239820689 29.78831103151107 168.96813455403878
60300.0 0.00931041237182 14.50337824443617 -154.25873712976590 350032.07848901022226 29.57011278432329 168.96380833374434
60330.0 0.01014053052258 14.46662982972617 -154.25113522425977 349987.26013878732920 29.35228941641020 168.95897075280803
60360.0 0.00982760064203 14.42856742519929 -154.24322523782999 350023.75402746163309 29.13481695128233 168.95360813927090
60390.0 0.00908300922853 14.39041949498575 -154.23524186470505 350040.41667117457837 28.91762423991290 168.94767798885619
60420.0 0.00863323420460 14.35219214939696 -154.22718985060237 350037.90664484165609 28.70079433616105 168.94123180450129
60450.0 0.00839677904334 14.31389510355491 -154.21907796423636 350017.37535838317126 28.48446629537970 168.93435533333610
60480.0 0.00838369681498 14.27550913225430 -154.21088351407965 349976.16667658090591 28.26832319307848 168.92685590952851
60510.0 0.00990608455711 14.23579584838327 -154.20237981367060 350014.61052003502846 28.05265341654038 168.91891041212864
60540.0 0.01072916106757 14.19599905263884 -154.19380199277478 350033.03097541350871 27.83733852776311 168.91044727451452
60570.0 0.00967767445217 14.15611064055699 -154.18513914134013 350030.19546658266336 27.62223768076599 168.90138105213958
60600.0 0.01005500378532 14.11614807991804 -154.17640865359050 350008.31933100149035 27.40760943231714 168.89187055522692
60630.0 0.00998557307009 14.07610652046963 -154.16760327666270 349966.62025856599212 27.19336328686390 168.88186113727622
60660.0 0.00833841899691 14.03471014972333 -154.15847056639910 350000.94669760297984 26.97947589590518 168.87133915097891
60690.0 0.00910615280027 13.99322360703432 -154.14925263466839 350013.85040010511875 26.76587668489891 168.86026193356977
60720.0 0.00747006230462 13.95165314609374 -154.13995447300013 350006.04778543580323 26.55264774837179 168.84868035221317
60750.0 0.01182894165849 13.91000862201796 -154.13058530398388 349978.78019868303090 26.33992584851208 168.83667892765055
60780.0 0.00968773815932 13.86698170471886 -154.12086772772886 350023.77406508568674 26.12739831176310 168.82406629209908
60810.0 0.00939996341006 13.82516643165456 -154.11132764883678 349954.09571645222604 25.91534945422825 168.81101751409841
60840.0 0.01117994187128 13.78197483442151 -154.10144796859888 349957.45987314265221 25.70366276596212 168.79746155069628
60870.0 0.00952473210487 13.73738869595834 -154.09121441737108 350031.44094828329980 25.49219940209233 168.78331339259051
60900.0 0.01220123618336 13.69402056592520 -154.08115634084027 349991.11445560026914 25.28121359022921 168.76872988496677
60930.0 0.00925004076584 13.64926412171813 -154.07075323114594 350022.22170592471957 25.07061662736747 168.75365690587890
60960.0 0.01072211588163 13.60441804370691 -154.06025826097402 350031.07607118505985 24.86038579515609 168.73808085766038
60990.0 0.00958007481197 13.55947874530342 -154.04966486688801 350016.99009660910815 24.65045110502345 168.72195889303114
61020.0 0.01173033387475 13.51445262675739 -154.03897832520872 349980.74433385301381 24.44089370905991 168.70534138959871
61050.0 0.01083782783094 13.46803084105857 -154.02794689732707 350014.94573959987611 24.23184811291200 168.68831185211641
61080.0 0.01072111246561 13.42150633014687 -154.01680446379359 350024.53651133924723 24.02300586688233 168.67067989954694
61110.0 0.01074224093217 13.37489883266990 -154.00557242843163 350012.31212444417179 23.81464726622706 168.65261916694419
61140.0 0.01155122943450 13.32820181379537 -153.99424051483379 349977.13328300602734 23.60665771643012 168.63405904525186
61170.0 0.00910715621629 13.28007557771601 -153.98253097378552 350007.40648962650448 23.39890036517075 168.61491484866394
61200.0 0.01194566293321 13.23186326517267 -153.97072661115928 350015.15636223368347 23.19162517281333 168.59534179727800
61230.0 0.01027636870431 13.18356010373626 -153.95881915440074 349999.49505056627095 22.98474418127462 168.57528594676123
61260.0 0.01337245904905 13.13516590887986 -153.94680573405279 349960.22080679889768 22.77823739053146 168.55473434518731
61290.0 0.01174743804032 13.08533298630077 -153.93440989404249 349984.96465712785721 22.57203435097328 168.53364363131860
61320.0 0.01165084536177 13.03540576833582 -153.92190452197556 349985.48396581038833 22.36621528812340 168.51206382540005
61350.0 0.01233506162366 12.98539443578037 -153.90929991676384 349963.22628108318895 22.16091248657575 168.49007760828138
61380.0 0.01220425588644 12.93392630975485 -153.89629615652302 350002.21619367972016 21.95582169290410 168.46749528158907
61410.0 0.01464530940156 12.88236851350523 -153.88318637061076 350017.45228883158416 21.75121923054780 168.44448939910293
61440.0 0.01315411265126 12.83071456795721 -153.86995954512261 350007.72141241375357 21.54699240704501 168.42098969421428
61470.0 0.01095153176634 12.77895639316356 -153.85660234741110 349971.51775716524571 21.34300635364409 168.39691169172912
61500.0 0.01154418543043 12.72574707637824 -153.84285876415228 349997.50593334343284 21.13950682368986 168.37240930229939
61530.0 0.01215998266627 12.67244112247516 -153.82899451424717 349998.15384799521416 20.93640864260598 168.34742926116837
61560.0 0.01267214085572 12.61903829210474 -153.81500638423947 349973.23612179886550 20.73369035533483 168.32195811451223
61590.0 0.01507596397286 12.56416136760384 -153.80060676517709 350006.82862625271082 20.53128317650825 168.29595253953357
61620.0 0.01396310233547 12.50918502089519 -153.78607931566182 350014.30764075368643 20.32926641988054 168.26946232023812
61650.0 0.01502565371027 12.45411961729289 -153.77143497388846 349997.23961033951491 20.12777018304037 168.24256949051883
61680.0 0.01221834271269 12.39894548859443 -153.75664420738806 349952.09607378672808 19.92649438169386 168.21508473851662
61710.0 0.01346704371369 12.34091301978003 -153.74116251650435 350049.12121153250337 19.72571141442421 168.18717986788741
61740.0 0.01514941662530 12.28554998478486 -153.72611351598960 349952.36964794714004 19.52531047732579 168.15878486301972
61770.0 0.01358979848518 12.22730298200934 -153.71034283390011 349993.52842027135193 19.32515867582566 168.12981534645542
61800.0 0.01353345472583 12.16896029824656 -153.69444131400360 350008.59405476134270 19.12549761455050 168.10042421450456
61830.0 0.01137816085478 12.11051741446178 -153.67839950358220 349996.58505586255342 18.92624385425675 168.07055853315651
61860.0 0.01541606290801 12.05197420442072 -153.66221392578345 349957.27483651693910 18.72737657154974 168.04020493303997
61890.0 0.01556497740869 11.99193166106314 -153.64559301328356 349972.34573415573686 18.52890895430895 168.00937163298235
61920.0 0.01458996787635 11.93177788507741 -153.62881125438847 349958.03116599284112 18.33071216766693 167.97797626117722
61950.0 0.01719905516292 11.87011935237771 -153.61158977905095 349997.27621168363839 18.13294971885098 167.94612277114578
61980.0 0.01425691294526 11.80836530955724 -153.59422802030633 350009.83733115717769 17.93571234244489 167.91386910107414
62010.0 0.01669595490083 11.74649595265883 -153.57669390089163 349991.89647138863802 17.73870454998249 167.88102605728349
62040.0 0.01527217494244 11.68311767687756 -153.55871617999151 350026.87314765434712 17.54219444963870 167.84776496416973
62070.0 0.01664262257140 11.61963326015025 -153.54057705405998 350032.87809964176267 17.34607327971517 167.81401596513390
62100.0 0.01545832338676 11.55603464952369 -153.52226087064551 350008.17897676210850 17.15021031218797 167.77969466473365
62130.0 0.01467750617316 11.49234048188418 -153.50379134471299 349956.01848381385207 16.95484269544818 167.74495319114047
62160.0 0.01528525480703 11.42712194036329 -153.48485565493479 349953.94951712246984 16.75988883244250 167.70973887105680
62190.0 0.01773234418269 11.36037159791353 -153.46544615984129 350000.80909350328147 16.56532856246129 167.67403841288765
62220.0 0.01877477405259 11.29351376106083 -153.44586385919081 350017.91385512799025 16.37117437803408 167.63785956591323
62250.0 0.01393895062019 11.22654063710754 -153.42609286671714 350003.52524183411151 16.17729983257897 167.60112006188979
62280.0 0.01664866315945 11.15946553982068 -153.40614936893755 349959.95741028245538 15.98386580420926 167.56392362898049
62310.0 0.01563038264106 11.09086015801530 -153.38573289675941 349965.63924839068204 15.79096137621218 167.52632794074717
62340.0 0.01513029853642 11.02069741395498 -153.36480452914398 350015.53439332079142 15.59829562354162 167.48814358224925
62370.0 0.01707529224788 10.95043247679423 -153.34370050307709 350036.15594448521733 15.40613241566879 167.44954175879326
62400.0 0.01849605486695 10.88005901813659 -153.32240677775843 350026.02292334754020 15.21436501573589 167.41045266409952
62430.0 0.01924668214098 10.80956899244813 -153.30090624514943 349983.27103450056165 15.02286485262886 167.37079175243107
62490.0 0.01596243061050 10.66539123496114 -153.25671615965689 349960.02072784397751 14.64128472406523 167.29015701758041
62520.0 0.01881703216758 10.59169026862959 -153.23400572562042 349977.03968276362866 14.45110548223666 167.24911749420477
62550.0 0.01378701523454 10.51788098242181 -153.21109280213457 349962.74791191611439 14.26133877859277 167.20759944935861
62580.0 0.01957370121154 10.44249877622050 -153.18763864623372 349989.75067805498838 14.07186053275392 167.16552058833247
62610.0 0.01733086786179 10.36700973349208 -153.16397938259132 349985.55422055069357 13.88282902965845 167.12298463589849
62640.0 0.01984537402936 10.29142221830922 -153.14012429442712 349951.65545687265694 13.69433172743007 167.08004913104062
62670.0 0.01723427400136 10.21278958098686 -153.11538381545523 350030.88333596475422 13.50608223513935 167.03652410815747
62700.0 0.01795169517837 10.13551669588174 -153.09076163822650 350005.70418553519994 13.31834023022709 166.99258099675049
62760.0 0.01923863353902 9.97770093517802 -153.04017465565784 350002.85370305646211 12.94393807629910 166.90314609875443
62820.0 0.01923058375518 9.81651239199925 -152.98802121338142 350016.66711161471903 12.57124854001722 166.81182228535010
62970.0 0.01962602421555 9.39980437665024 -152.85076077415439 350049.98720530793071 11.64664507192721 166.57497114140122
