# sod		dsTEC/dt [TECU/s]		lat		lon		h_ipp		ele		azi
60.0 0.00581485637932 20.80500027620327 -159.21648423788608 350018.68408123496920 65.42086287930802 248.80147292924420
90.0 0.00662686369833 20.78970006347569 -159.21613474758482 350005.16449357848614 65.33296963932456 248.20107241013972
120.0 0.00623142530624 20.77438540247487 -159.21578320319929 349985.35933237988502 65.24236027666555 247.60488915044996
150.0 0.00649605737017 20.75905309739404 -159.21542720573927 349959.28691635560244 65.14907697693461 247.01284599186744
180.0 0.00642159805154 20.74361339079024 -159.21533916222799 349998.66016873996705 65.05310295708205 246.42594910535718
210.0 0.00624953672894 20.72814782723438 -159.21524399525072 350031.71330618485808 64.95453253508312 245.84321261063337
240.0 0.00655542349184 20.71278134543865 -159.21488734659854 349986.60203543957323 64.85337636719134 245.26516133602769
270.0 0.00680898636431 20.69729093246609 -159.21479201013224 350006.88893335498869 64.74966318177249 244.69205737069259
300.0 0.00615394776188 20.68178229249309 -159.21469316761278 350020.79690566658974 64.64344383849743 244.12363728262744
330.0 0.00684118520420 20.66638722892599 -159.21433589805508 349956.62196462880820 64.53474261560675 243.56031285002751
360.0 0.00653932421963 20.65072346193683 -159.21449167570904 350029.40147303789854 64.42361362746955 243.00163100826256
390.0 0.00682709837795 20.63530614902860 -159.21413112496359 349952.50209407415241 64.31007647036145 242.44825591327742
420.0 0.00663994444933 20.61961147604211 -159.21428392469986 350012.37938814982772 64.19418297818970 241.89972381129195
450.0 0.00677376959416 20.60402543691194 -159.21417030442063 349994.28631437476724 64.07597173705275 241.35590369146604
480.0 0.00677880056132 20.58843803951737 -159.21406150661332 349969.74839135445654 63.95546622908272 240.81772571880788
510.0 0.00658460321958 20.57268570437065 -159.21420134003083 350010.23338200896978 63.83271935948952 240.28418466312291
540.0 0.00705550671007 20.55691388267289 -159.21433697323553 350044.20998652651906 63.70776201991040 239.75574216001360
570.0 0.00672446570229 20.54127428365067 -159.21421299881177 350000.35218450706452 63.58063202874762 239.23260292695662
600.0 0.00703035187425 20.52561895919694 -159.21408312404066 349950.07847846671939 63.45136812089710 238.71447267718801
630.0 0.00684017912895 20.50980256101109 -159.21420932244007 349964.59733409527689 63.32000921919746 238.20169691335050
660.0 0.00737548000374 20.49396203496185 -159.21432674405085 349972.59565268363804 63.18658979050267 237.69380512460828
690.0 0.00737849852495 20.47811082434106 -159.21444358997326 349974.06614132970572 63.05115345149756 237.19138516773000
720.0 0.00748918127992 20.46223854530629 -159.21455280299750 349969.00610101595521 62.91373196045500 236.69396054986206
750.0 0.00749421195161 20.44634165909764 -159.21465168910245 349957.40379789471626 62.77435677730384 236.20136136480340
780.0 0.00868958357788 20.43027254269575 -159.21500906070884 350010.22699675243348 62.63308481888288 235.71444175586481
810.0 0.00779003589377 20.41434126417177 -159.21509724261580 349985.48705684486777 62.48992824270026 235.23220480350295
840.0 0.00846721228817 20.39821955407765 -159.21543466657886 350025.03399668075144 62.34493318295955 234.75505644678015
870.0 0.00826093997520 20.38225581147458 -159.21551174167871 349987.14293049275875 62.19814250973688 234.28315598506975
900.0 0.00843903804473 20.36609383558981 -159.21583549758520 350013.40840630140156 62.04958156438445 233.81619570282146
930.0 0.00900855020537 20.34991473816484 -159.21615457626203 350033.00959854573011 61.89929911274484 233.35446615204239
960.0 0.00853965886537 20.33389329856376 -159.21620688454598 349975.31105187721550 61.74730997865357 232.89749814163622
990.0 0.00985174940261 20.31767573488097 -159.21651096579836 349981.60916672367603 61.59367605317869 232.44581273803419
1020.0 0.00949354111305 20.30143391172519 -159.21680447190761 349981.20175304636359 61.43840940358575 231.99893903857236
1050.0 0.01009424485645 20.28497043101144 -159.21733888774639 350044.46331389993429 61.28153239918984 231.55668450324310
1080.0 0.00940801289843 20.26888659964965 -159.21736397828826 349960.27831186354160 61.12312955604064 231.11983440192449
1110.0 0.01061042852877 20.25237941205452 -159.21788153857017 350010.00484803877771 60.96317480046000 230.68742227619094
1140.0 0.01055106181616 20.23604857061722 -159.21813530769330 349982.67664153594524 60.80172573462876 230.25980915499355
1170.0 0.01075934568868 20.21949670796217 -159.21863530657512 350018.78378243185580 60.63882760958225 229.83712204124291
1200.0 0.01059131014441 20.20312501781491 -159.21886984413311 349977.94858832098544 60.47449248890454 229.41905481814629
1230.0 0.01079557001142 20.18652777544003 -159.21935008899723 350000.40658703353256 60.30877555436838 229.00585567098014
1260.0 0.01075934568868 20.16990005676507 -159.21981547888959 350015.94579937588423 60.14167328594129 228.59707138387756
1290.0 0.01125842371807 20.15325515838548 -159.22027436877539 350024.65763718262315 59.97326143039384 228.19316761002304
1320.0 0.01161763896929 20.13658293845691 -159.22071959914601 350026.45657033659518 59.80353394208054 227.79369268184112
1350.0 0.01204024464315 20.11987951666491 -159.22114812584866 350021.29634981136769 59.63250343668334 227.39844481794623
1380.0 0.01138419937454 20.10316537158137 -159.22157313729676 350009.34839582256973 59.46027733177978 227.00814956874120
1410.0 0.01154317935519 20.08641783522837 -159.22197907637008 349990.40241962205619 59.28679499457139 226.62188537234402
1440.0 0.01198691585936 20.06964697505805 -159.22237219604656 349964.53903874009848 59.11212283114943 226.23997845839975
1470.0 0.01231393227069 20.05262334648868 -159.22300598954254 350001.17278797831386 58.93630692112002 225.86253445382957
1500.0 0.01176454486512 20.03556882542839 -159.22362429623789 350030.69362157676369 58.75934709977751 225.48925929027925
1530.0 0.01178265658329 20.01873048167315 -159.22398124099425 349983.95722590014338 58.58130267191206 225.12036950814948
1560.0 0.01199898994418 20.00162198617199 -159.22457076622052 349999.35333731397986 58.40215384102845 224.75543712205675
1590.0 0.01256548387909 19.98449328618796 -159.22515061730536 350007.72608511243016 58.22198692177616 224.39488260921030
1620.0 0.01236625468377 19.96733436490281 -159.22571355587155 350008.95035051461309 58.04077999208285 224.03828174158213
1650.0 0.01150494376836 19.95014117188970 -159.22625633943591 350002.96091372333467 57.85853611208950 223.68543274899523
1680.0 0.01225054155258 19.93293442725627 -159.22679258425643 349990.00933453068137 57.67538188043012 223.33701006480436
1710.0 0.01273653824003 19.91569127814110 -159.22730625827708 349969.79358804225922 57.49122626294405 222.99214434513078
1740.0 0.01163876920866 19.89816246090216 -159.22805237627148 350011.04234943538904 57.30614262809197 222.65113497934868
1770.0 0.01301626320545 19.88060618191315 -159.22878435787595 350045.01803030725569 57.12017708479158 222.31407402946593
1800.0 0.01188025799632 19.86328128665987 -159.22924943102913 350003.19295474886894 56.93331876426944 221.98068544457877
1830.0 0.01180479289791 19.84593577422753 -159.22970079138832 349954.27586750127375 56.74562959658064 221.65116213072324
1860.0 0.01390574806882 19.82828900189634 -159.23037856047890 349966.35262932628393 56.55707587763492 221.32510585936524
1890.0 0.01210967299462 19.81061919480337 -159.23104330279503 349971.18312457483262 56.36775204073209 221.00290010330511
1920.0 0.01240952182870 19.79291646342164 -159.23168768252958 349968.60378510504961 56.17762273950793 220.68415175494835
1950.0 0.01419955956502 19.77517658726969 -159.23230824145313 349958.52924031671137 55.98668214251104 220.36866457706122
1980.0 0.01294281055300 19.75713862359254 -159.23316535725155 350009.15382037125528 55.79507305460403 220.05706912176211
2010.0 0.01471373020044 19.73934055640556 -159.23374959736094 349984.26339039113373 55.60267820171774 219.74855026690136
2040.0 0.01369947605132 19.72122602765412 -159.23455985093642 350019.63663970027119 55.40957661693026 219.44338631082104
2070.0 0.01411403253228 19.70337168432127 -159.23510706580035 349979.91524969972670 55.21581408051785 219.14166081285182
2100.0 0.01338654646624 19.68519360111636 -159.23587745867940 350000.20367964077741 55.02137068202617 218.84311829225348
2130.0 0.01451953315416 19.66698662090156 -159.23662999833229 350012.95975703187287 54.82630998599257 218.54793360302895
2160.0 0.01482340658469 19.64903953759812 -159.23711277050324 349950.72752911597490 54.63058673517442 218.25573941573231
2190.0 0.01428911178514 19.63046956745629 -159.23806782666759 350015.51687157247216 54.43430161621341 217.96688840812243
2220.0 0.01622605630371 19.61216283180210 -159.23875440642692 350005.35345382150263 54.23740824071179 217.68101914662915
2250.0 0.01541404883697 19.59381631068702 -159.23941325144165 349987.38829631078988 54.03989274036976 217.39794370292245
2280.0 0.01456581837709 19.57514153965638 -159.24030212573339 350028.87777757272124 53.84191169707856 217.11825462119413
2310.0 0.01567868045769 19.55673190928902 -159.24091726140847 349995.54937379341573 53.64332548163855 216.84118957234270
2340.0 0.01581451849168 19.53829084034303 -159.24150897550828 349954.54515589773655 53.44421783311759 216.56700977368635
2370.0 0.01506288322185 19.51950483098211 -159.24232207281196 349972.46180631686002 53.24463407388090 216.29579333822622
2400.0 0.01595438082666 19.50068026949225 -159.24310880757557 349982.42248556762934 53.04454685194548 216.02730567520527
2430.0 0.01561327744134 19.48182442423958 -159.24387387663921 349984.57377249095589 52.84402068252013 215.76170735944066
2460.0 0.01682072300470 19.46292756716793 -159.24460964897517 349978.68017945531756 52.64300092236815 215.49866100977187
2490.0 0.01684889665719 19.44400273814443 -159.24532504415939 349965.02641429845244 52.44159304685458 215.23849318568435
2520.0 0.01700988937928 19.42470867941330 -159.24625285926399 350009.32826604880393 52.23974178916861 214.98087280472180
2550.0 0.01618480145700 19.40536700896889 -159.24714803542150 350045.27419014461339 52.03742612764798 214.72562124109072
2580.0 0.01628542212990 19.38633629324940 -159.24778612204014 350007.64470105059445 51.83481439272695 214.47329780568901
2610.0 0.01731275703003 19.36726147823154 -159.24838967968819 349961.80620919261128 51.63174808036063 214.22318960130818
2640.0 0.01732483155805 19.34746804626591 -159.24944364821695 350038.97832341678441 51.42831488552779 213.97554356547900
2670.0 0.01894079611675 19.32832499035737 -159.24999433635458 349977.06537181884050 51.22455964607813 213.73043411123649
2700.0 0.01748884250587 19.30845098888904 -159.25099161143086 350037.62144945748150 51.02044900918251 213.48764657412676
2730.0 0.01853630201332 19.28923937422292 -159.25148682368456 349959.56759758573025 50.81604794018214 213.24732979756308
2760.0 0.01680663603071 19.26928359978163 -159.25242405080121 350003.40578015986830 50.61129431740829 213.00917427733336
2790.0 0.01835719742534 19.24929243774345 -159.25333607233117 350038.95975808706135 50.40629722072063 212.77348403189066
2820.0 0.01790339913457 19.22961502588987 -159.25397853140160 350001.18363191559911 50.20099439345166 212.53995604154611
2850.0 0.01921146522309 19.20989336345238 -159.25458458757859 349954.93768386635929 49.99535849101978 212.30842092928552
2880.0 0.01855340736078 19.18978523660013 -159.25540590951624 349965.34315628092736 49.78956786664015 212.07940872517719
2910.0 0.01978902642889 19.16962566005805 -159.25618733438284 349966.94126619119197 49.58344818487412 211.85225170143525
2940.0 0.01899814979246 19.14942520645408 -159.25693622296052 349960.01197604276240 49.37709047839683 211.62718453027983
2970.0 0.01863591587231 19.12881641888082 -159.25788993836545 350008.81853553373367 49.17053910996025 211.40427887872613
3000.0 0.01906154080605 19.10816004480258 -159.25880789519687 350048.76702174451202 48.96375597416704 211.18333841184776
3030.0 0.01907562763230 19.08784045836454 -159.25946119270745 350016.15792168490589 48.75680609794897 210.96450200261543
3060.0 0.01971456740573 19.06747619865623 -159.26007639305436 349974.83165962435305 48.54962151633640 210.74748547240955
3180.0 0.01932415998081 18.98409125151560 -159.26313131968016 349977.45928209461272 47.71933547799978 209.89881718714619
3210.0 0.01981518778316 18.96273985604431 -159.26403168573290 350018.98099170904607 47.51135280930432 209.69110990742863
3360.0 0.01920744047891 18.85610363008940 -159.26750727310625 349965.14794615935534 46.46979397139423 208.67881896884052
7140.0 0.01843065029939 14.75833312129448 -159.10849891302666 350008.93710984289646 21.47509424871923 190.50106474816306
7170.0 0.01710950382920 14.70989212610078 -159.10256976084850 349971.05472915060818 21.29691549762590 190.37948210458012
7260.0 0.01660740742633 14.56001706493606 -159.08441123227345 350006.83574534580112 20.76502982465415 190.01514090082742
7290.0 0.01577527631254 14.50987791738628 -159.07796307479134 349982.03737180400640 20.58850246148786 189.89362310851246
7320.0 0.01503873453514 14.45830245783606 -159.07157355856049 350024.25984886940569 20.41250873168913 189.77229418624728
7350.0 0.01576722667643 14.40799804730585 -159.06474282076073 349964.02087285649031 20.23686901202279 189.65086431585584
7380.0 0.01194566145586 14.35624511631269 -159.05795057424254 349969.49760214239359 20.06169209578897 189.52949790970746
7470.0 0.01248398085186 14.19771623280411 -159.03680570503573 350041.46846333611757 19.53876013030386 189.16543200860363
7500.0 0.01514136743240 14.14561904020523 -159.02919567312338 349973.84861693158746 19.36529653775149 189.04403571257455
7530.0 0.01011940013547 14.09206159511736 -159.02160520901003 349970.56987528409809 19.19232537559648 188.92271597444255
7560.0 0.01494716986906 14.03702860522213 -159.01401302750045 350030.04070745315403 19.01978144027171 188.80136423410099
7590.0 0.01637799287123 13.98328789915156 -159.00597856195125 349988.62452462967485 18.84759425889253 188.67986403947677
7620.0 0.00990608463098 13.92808258188260 -158.99795728942817 350011.02328487485647 18.67595528199544 188.55850843009983
7650.0 0.01615159683734 13.87278164066281 -158.98970210793368 350013.79574626777321 18.50468575739701 188.43701182780671
7680.0 0.01049471436343 13.81739906863171 -158.98123228891538 349998.36576479393989 18.33389329924552 188.31553620467761
7710.0 0.01234914948405 13.76193097330563 -158.97253808307619 349964.25301645230502 18.16353477917681 188.19400813302215
7740.0 0.01472479872708 13.70497786017012 -158.96382237266747 349991.68648862186819 17.99365424686630 188.07249029112023
7770.0 0.01950728923912 13.64793326137998 -158.95486926571695 349999.71083331760019 17.82418352254140 187.95087041249670
7800.0 0.00488914837508 13.59080971487652 -158.94569614605069 349989.63385296054184 17.65521691998470 187.82928958312255
7830.0 0.01908669578961 13.53360097542476 -158.93628901462296 349960.70519764814526 17.48669133400719 187.70764360541861
7860.0 0.01699680870214 13.47488285071963 -158.92681651969406 349990.54773331154138 17.31853534361841 187.58581554365014
7890.0 -0.00645379644822 13.41609101000339 -158.91712594619270 350002.74797069281340 17.15093969205310 187.46409661302545
7950.0 0.00771658338906 13.29824034690156 -158.89699723280512 349968.80676501709968 16.81700237051636 187.22029879793331
7980.0 0.01014354896992 13.23776440827358 -158.88674313872707 350001.15476915426552 16.65072521255897 187.09830914224901
8010.0 0.01208753623680 13.17720641105764 -158.87624527687055 350014.73110540769994 16.48493741185312 186.97629570735225
8040.0 0.01363809770529 13.11655976503862 -158.86548807505790 350008.70106339547783 16.31957274563781 186.85415007222383
8070.0 0.00433976060017 13.05583695701542 -158.85448974509129 349984.44249086175114 16.15472308983989 186.73200966642364
8100.0 0.00359315677765 12.99359419700861 -158.84339826638180 350017.62633063830435 15.99032748300218 186.60977436812283
8130.0 0.01623913664844 12.93125689780068 -158.83202801404707 350030.36043981462717 15.82631366368967 186.48732657819178
8160.0 0.00592553913429 12.86884950480655 -158.82041916848837 350025.46500832680613 15.66287148935581 186.36495612174346
8190.0 -0.00597081828197 12.80635205570952 -158.80853122276667 350000.48826675210148 15.49982423723823 186.24238314093043
8220.0 0.01421666528181 12.74233095743215 -158.79653712387764 350032.49574832152575 15.33727713812222 186.11976602735126
8250.0 0.00170752926172 12.67822563499315 -158.78426938967380 350045.05926326382905 15.17518945245975 185.99703636068651
8280.0 -0.00351769138377 12.61404254489968 -158.77173573625109 350038.88513655215502 15.01360182216993 185.87425225632276
8310.0 0.00159382813328 12.54977537643510 -158.75891991524796 350013.11852492112666 14.85245000572870 185.75130884500206
8340.0 -0.00087539807406 12.48543655340841 -158.74584102465175 349969.20908723305911 14.69182341431265 185.62834016563539
8370.0 -0.00057253042331 12.41956056518391 -158.73262062918039 349980.62679093889892 14.53166326387603 185.50524991971562
8400.0 -0.00074257900447 12.35359515037164 -158.71909732769143 349971.63401170726866 14.37189655620170 185.38191967554022
8430.0 -0.00192185084146 12.28610045037902 -158.70544497899294 350019.03108220733702 14.21271209353849 185.25863827636286
8460.0 -0.00073151081023 12.21851648305183 -158.69148365498731 350045.97854283638299 14.05393443855806 185.13512801659084
8490.0 -0.00050913955745 12.15232670213447 -158.67711173438241 349980.87455653585494 13.89566751591933 185.01154585096759
8520.0 -0.00324500997921 12.08312058981915 -158.66269269559487 350043.21843689493835 13.73787182258451 184.88782560194332
8550.0 -0.00627569830482 12.01531188758958 -158.64785995469867 350013.75368022173643 13.58058641210781 184.76402343618849
8580.0 -0.00629582239508 11.94742546282881 -158.63272137455601 349964.93616856355220 13.42374885548827 184.64003748832297
8610.0 -0.00379037286220 11.87651754962879 -158.61752286330719 350043.18594997003675 13.26744617116930 184.51599879127997
8640.0 -0.00435284127731 11.80849064774018 -158.60179108662703 349957.48554922174662 13.11162177587211 184.39181464801780
8670.0 -0.00819654296023 11.73742081868240 -158.58595118621128 349996.11456549726427 12.95620203478468 184.26736563436134
8700.0 -0.00459332421132 11.66628906865745 -158.56982352710227 350017.40003772173077 12.80137453334224 184.14293999594412
8730.0 -0.00363642355324 11.59507567582010 -158.55336186467170 350018.59780983719975 12.64696528288313 184.01826175723414
8760.0 -0.00467885150259 11.52379506272251 -158.53659099118317 350001.54846235085279 12.49307683246320 183.89348665049940
8790.0 -0.00675465176381 11.45244426964349 -158.51949933452892 349965.74880447331816 12.33967093448972 183.76855059402752
8820.0 -0.00923192757033 11.37953676042202 -158.50218679542755 349982.96584940049797 12.18678495967502 183.64350773988221
8850.0 -0.00321683621591 11.30655565828381 -158.48453785992578 349980.91221316810697 12.03435852615834 183.51825934681858
8880.0 -0.00377628599902 11.23201628218760 -158.46665902630710 350031.79061672650278 11.88247613191679 183.39293348423013
8910.0 -0.00273184560371 11.15890566838946 -158.44836004671203 349993.41340422444046 11.73108340857435 183.26744086192130
8940.0 -0.00244809582023 11.08422052552814 -158.42978651788593 350005.62652826122940 11.58010618192391 183.14166091162639
8970.0 -0.00255475360942 11.00948284012439 -158.41090258848789 350001.26414814405143 11.42973066569814 183.01588164327441
9000.0 -0.00160389021535 10.93316824097534 -158.39173185168241 350047.27025585435331 11.27978447213633 182.88982842197316
9030.0 -0.00461847928721 10.85829896914518 -158.37215162462880 350005.72525066230446 11.13036870949195 182.76365595732719
9060.0 -0.00289988175738 10.78186074552154 -158.35229270571043 350015.63071058504283 10.98144639862979 182.63730213395201
9090.0 -0.00131712187374 10.70536481233612 -158.33209057115252 350007.95285239722580 10.83305310922155 182.51081896955893
9120.0 -0.00078987063505 10.62880591161294 -158.31152680628333 349981.79058071412146 10.68513078582274 182.38411107900646
9150.0 -0.00007043433438 10.55068193772781 -158.29068068229512 350007.76630674581975 10.53776125761878 182.25730354702543
9180.0 -0.00398054555209 10.47249899624873 -158.26947182291272 350015.79133450239897 10.39089237701356 182.13031032002516
9210.0 -0.00517994147934 10.39425730072957 -158.24789408994775 350005.75693850778043 10.24450955228185 182.00310445244128
9240.0 -0.00468388258056 10.31443452675455 -158.22598182013627 350045.55141677521169 10.09857495103584 181.87562215257174
9270.0 -0.00074157281843 10.23609076240789 -158.20368432648485 350001.41849961690605 9.95325311673686 181.74812002463767
9300.0 -0.00144189123335 10.15616567048161 -158.18104016420844 350006.99583035241812 9.80837256244565 181.62032285101461
9330.0 -0.00234747544280 10.07619341029894 -158.15803013675165 349995.92191876377910 9.66403272540161 181.49238442579644
75690.0 0.00516585461616 30.24328919189061 -167.04780212715522 350003.24714988470078 8.01074262838847 318.99807785257605
75720.0 0.00648800750323 30.17893017657209 -166.94630628543132 350043.71768048219383 8.18765052788072 319.07851426905660
75780.0 0.00889887380265 30.04950611746397 -166.74520267600300 350015.20680350251496 8.54243313815076 319.23760542022995
75810.0 -0.00142981677920 29.98551967479735 -166.64679305281987 350012.28111102618277 8.72034742768651 319.31626721834948
75840.0 0.00008653360659 29.92130962581436 -166.54898499891692 349974.45947846304625 8.89866232046781 319.39435123894270
75870.0 0.00315143290410 29.85902190790401 -166.45416471492581 350034.64958664588630 9.07744634032264 319.47187371053877
75900.0 0.00674962070431 29.79546180767020 -166.35875946522023 349989.72729308623821 9.25640232597037 319.54875276636210
75930.0 0.00067013229800 29.73383795913022 -166.26630538701272 350043.97719300072640 9.43584493893287 319.62507074805256
75960.0 -0.00043669279558 29.67094473585903 -166.17324277147119 349995.58796460460871 9.61559433943857 319.70077747739788
75990.0 -0.00218145166122 29.61000725035173 -166.08311327079616 350044.95869805291295 9.79571594174715 319.77588828324485
76020.0 -0.00300352082222 29.54780928505970 -165.99236948528076 349991.60735772177577 9.97615099236299 319.85038557218053
76050.0 0.00044373622717 29.48757820210161 -165.90451949306933 350037.78686254378408 10.15700191951267 319.92429410748781
76080.0 0.00583296828216 29.42609756462462 -165.81605575847695 349980.26833811681718 10.33812624410473 319.99757446916055
76110.0 0.00080496370275 29.36659885722947 -165.73045935318268 350022.29167824145406 10.51961493398731 320.07024830321473
76140.0 -0.00321683621591 29.30693144246647 -165.64538400527323 350030.39384709484875 10.70150236707003 320.14232221410600
76170.0 -0.00592050813019 29.24709626402343 -165.56081923710946 350005.67604485619813 10.88385538804489 320.21381093100626
76200.0 -0.00350058588858 29.18819390940661 -165.47795303985569 350009.68831575755030 11.06632544792616 320.28462289935732
76230.0 -0.00309407930226 29.12912988481264 -165.39557564673589 349982.27879798505455 11.24932564842169 320.35486154298042
76260.0 -0.00352775342890 29.07099676161729 -165.31484386665156 349988.65291718766093 11.43268230999051 320.42448003589544
76290.0 -0.00010062045130 29.01272217495404 -165.23461579494668 349959.70215762872249 11.61634087250957 320.49346231619120
76320.0 -0.00025557598324 28.95646774968831 -165.15713737121018 350034.39544402062893 11.80036606726037 320.56182239561832
76350.0 -0.00276505037110 28.89899989691601 -165.07901562821078 350005.47357153519988 11.98470034455899 320.62954350911093
76380.0 -0.00383162722877 28.84247839454404 -165.00248796245418 350012.75807258207351 12.16944501204614 320.69664848155873
76410.0 -0.00739862268908 28.78583381846989 -164.92644098363425 349984.76441335957497 12.35445812158635 320.76309967609541
76440.0 -0.00471004397176 28.73014654058488 -164.85197214220941 349992.86106444522738 12.53982893164722 320.82891680497681
76470.0 -0.00129599152356 28.67541865975355 -164.77906179968380 350038.32817662507296 12.72559513814498 320.89410653204845
76500.0 -0.00158175367913 28.61948851738423 -164.70548483026698 349982.09862302709371 12.91182190538221 320.95868196784966
76530.0 -0.00616602203136 28.56562079112376 -164.63458310157154 350029.44320285879076 13.09815678745574 321.02255505384846
76560.0 -0.00615092898214 28.51055469143819 -164.56300328050838 349976.03989502787590 13.28501877411119 321.08582472096543
76590.0 -0.00574240987598 28.45754562612595 -164.49404131947040 350031.59625208005309 13.47223132178702 321.14844549987902
76620.0 -0.00653831770118 28.40335699613851 -164.42442328047892 349982.45895089395344 13.65973955028963 321.21040168298697
76650.0 -0.00489015456113 28.35123117267943 -164.35739233033581 350043.86138012167066 13.84760746631821 321.27170590934503
76680.0 -0.00513365601634 28.29793228674415 -164.28970042854263 350000.59420811198652 14.03577875107236 321.33234216806017
76710.0 -0.00818547480292 28.24561946611729 -164.22349029024480 349997.80562821868807 14.22435352269130 321.39233128610709
76740.0 -0.00693174368424 28.19322273766078 -164.15769523376838 349961.54992685653269 14.41319039396565 321.45163736783888
76770.0 -0.00454703880372 28.14182043870528 -164.09336702064115 349965.89614321291447 14.60237683303383 321.51027814551708
76800.0 -0.00528760536223 28.09141270078214 -164.03048710418761 350012.23152686469257 14.79195392429796 321.56826019990325
76830.0 -0.00867449019625 28.04091960117475 -163.96798018013109 350028.96463944017887 14.98198507401095 321.62559497412155
76860.0 -0.00616602203136 27.99036264147639 -163.90588081362560 350010.69022397417575 15.17211388646578 321.68219801332816
76890.0 -0.00462652883098 27.93972309113719 -163.84414390276061 349963.73824404366314 15.36276530064646 321.73816345454082
76920.0 -0.00503706045696 27.89009059108762 -163.78382851648860 349959.51172519940883 15.55375984684900 321.79344722256042
76950.0 -0.00621431988492 27.84146950606871 -163.72492620207782 349998.01915416866541 15.74504231083118 321.84803391839120
76980.0 -0.00589837155704 27.79278177027265 -163.66638232672764 350006.28695930913091 15.93667592759562 321.90193473613289
77010.0 -0.00369377722895 27.74403320220852 -163.60820052328609 349983.48754043597728 16.12860563389658 321.95513433847208
77040.0 -0.00652523709791 27.69629646049051 -163.55139611239616 350006.30769409611821 16.32093028404591 322.00765147474482
77070.0 -0.00593358869652 27.64850561876489 -163.49494638289602 349997.99339201953262 16.51350908138070 322.05945195265917
77100.0 -0.00820861748826 27.60173249142858 -163.43986019482318 350035.63566223252565 16.70642761554413 322.11055145967219
77130.0 -0.00889686137516 27.55383014182241 -163.38409019109105 349968.29950186330825 16.89973042685905 322.16095632841962
77160.0 -0.00537011409537 27.50801595929714 -163.33067397119947 350025.39231753069907 17.09347907889956 322.21067626865045
77190.0 -0.00638638091205 27.46109364728128 -163.27659840612520 349973.35899830609560 17.28731317766525 322.25963057619907
77220.0 -0.00630387203118 27.41625638634329 -163.22484385976179 350048.46717418264598 17.48166365911247 322.30790821699833
77250.0 -0.01041924904342 27.37030347542678 -163.17240387793126 350017.77287441398948 17.67634806492167 322.35546656238512
77280.0 -0.00914438764843 27.32431145537593 -163.12028907080543 349957.33063917513937 17.87131083015723 322.40229047125223
77310.0 -0.00746402614862 27.28041433667451 -163.07047643461095 350024.02973066177219 18.06661436456642 322.44838960055336
77340.0 -0.00525842541289 27.23541279032285 -163.01998152666985 349983.95706595759839 18.26220488263850 322.49374919757059
77370.0 -0.00607445740221 27.19143780728298 -162.97077477307630 349994.75602945312858 18.45817989320511 322.53838582994530
77400.0 -0.00894918400983 27.14743194413116 -162.92187476897865 349976.56761498842388 18.65439921988462 322.58226697503534
77430.0 -0.00842998248112 27.10445639453221 -162.87425001865569 350009.75808746833354 18.85094647799077 322.62540618890881
77460.0 -0.00922387786035 27.06144585315467 -162.82691027519641 350016.24606638681144 19.04786972554477 322.66780936236387
77490.0 -0.00683816668299 27.01839963443321 -162.77984915450989 349996.74010328482836 19.24522859152971 322.70948438562209
77520.0 -0.00636826919388 26.97639870069185 -162.73406238612347 350026.98399469628930 19.44265864128516 322.75035449933944
77550.0 -0.00603219677573 26.93436068380870 -162.68853808094556 350032.74408058356494 19.64059683825913 322.79050302855006
77580.0 -0.00888780558994 26.89229761714362 -162.64329044671669 350011.71446150448173 19.83885767304288 322.82988886147041
77610.0 -0.00770551508401 26.85021476188407 -162.59832261269975 349963.21785889286548 20.03738521033576 322.86849705770624
77640.0 -0.00910011472372 26.80916559200816 -162.55458039482022 349969.55882786400616 20.23624097350371 322.90633562092046
77670.0 -0.00869058950539 26.76915108030954 -162.51205609720361 350031.09727560915053 20.43537247398707 322.94339028300942
77700.0 -0.00877309823852 26.72806114142698 -162.46883944414517 349985.49392768926919 20.63487578445934 322.97967529665561
77730.0 -0.00682508607972 26.68800977816684 -162.42683441477777 349995.24533629044890 20.83461137874593 323.01515977923469
77760.0 -0.00823578499164 26.64794193535572 -162.38508428188419 349979.41024067532271 21.03466079044426 323.04985504247998
77790.0 -0.00914438772229 26.60890423428236 -162.34451876281048 350021.80138020310551 21.23507565528618 323.08376630678521
77820.0 -0.00829213237050 26.56984561815887 -162.30419030253361 350040.49329091329128 21.43591356448863 323.11689953206280
77850.0 -0.00869562047255 26.53078745054087 -162.26412598973417 350031.34233043249696 21.63680600841514 323.14918215470709
77880.0 -0.00689652672942 26.49170863846278 -162.22429044336300 349999.32621232606471 21.83819598660990 323.18069127598466
77910.0 -0.00761696901300 26.45366196505270 -162.18561851399360 350026.90178729873151 22.03989487675807 323.21138739300591
77940.0 -0.00797316552141 26.41560832004864 -162.14718484701959 350029.56034678127617 22.24184634986770 323.24125570061074
77970.0 -0.00862418004446 26.37754653233337 -162.10898359839226 350007.97551201283932 22.44411097286010 323.27030240410159
78000.0 -0.00899144456245 26.33948126821762 -162.07101727871606 349961.60425320640206 22.64663756964345 323.29851360568546
78030.0 -0.00911923251713 26.30244362104844 -162.03418612995651 349977.40746687818319 22.84952067508470 323.32590107467689
78060.0 -0.00746301999951 26.26540525699291 -161.99758406768075 349968.66256889887154 23.05262144334787 323.35243554271847
78090.0 -0.00976823459423 26.22939438366726 -161.96210605664228 350022.85770429763943 23.25601920994397 323.37812593377106
78120.0 -0.00963944034270 26.19234730035529 -161.92593967169447 349967.65815196186304 23.45976923607591 323.40297652352956
78150.0 -0.00808485420389 26.15632201133176 -161.89088073700819 349977.23473889660090 23.66392696362482 323.42699120232788
78180.0 -0.00836659168913 26.12133419160055 -161.85694489105177 350048.82357344962656 23.86811978412172 323.45010192197776
78210.0 -0.00933456039372 26.08531062498090 -161.82231111053736 350012.03646527417004 24.07279671401631 323.47237883861584
78240.0 -0.00964849627565 26.04928987227367 -161.78788742880144 349952.24461919534951 24.27776595773810 323.49378417662291
78270.0 -0.00882642717005 26.01531465420552 -161.75544277661194 350046.32495361659676 24.48297076472862 323.51430318999070
78300.0 -0.00718530725845 25.98032075481837 -161.72231321939589 350029.79676921479404 24.68847066479096 323.53394010554712
78330.0 -0.00930236177544 25.94533345673382 -161.68938721368113 349990.55347451381385 24.89421580496183 323.55268126296988
78360.0 -0.00862418004446 25.91136247232687 -161.65753120542414 350019.28298745304346 25.10029906838776 323.57053573756417
78390.0 -0.00840382112685 25.87739971567851 -161.62587337298305 350025.60320466011763 25.30658231812353 323.58747585280344
78420.0 -0.00637833120208 25.84344282115083 -161.59440739028381 350010.28386900573969 25.51314256242244 323.60350796447574
78450.0 -0.00697802916570 25.80949036479734 -161.56312826728345 349973.90010967385024 25.72003872635000 323.61863507318543
78480.0 -0.00692872512610 25.77654546912610 -161.53289338170705 350008.12632946204394 25.92732397786146 323.63285882557011
78510.0 -0.00862518619358 25.74362072850412 -161.50285840580213 350018.99997425358742 26.13462159896677 323.64611609232054
78540.0 -0.00735636213646 25.71069401479516 -161.47299260997136 350010.78349921759218 26.34238656902538 323.65846919286366
78570.0 -0.00599899200834 25.67777704752655 -161.44330766334659 349981.67693848721683 26.55042386084861 323.66988222948783
78600.0 -0.00565386387884 25.64586955374029 -161.41465626696547 350023.77292431797832 26.75867626901945 323.68034042590477
78630.0 -0.00791379932587 25.61397020219973 -161.38617766751045 350045.75153169594705 26.96720219271773 323.68984580777612
78660.0 -0.00892302272943 25.58208299720265 -161.35787388684022 350047.20351956505328 27.17595310640994 323.69838479563441
78690.0 -0.00744792672868 25.55020468019293 -161.32973817586273 350028.96523579303175 27.38502010975960 323.70596350860728
78720.0 -0.00809894117787 25.51834385957311 -161.30177805439885 349989.84918103460222 27.59426580686653 323.71255584340042
78750.0 -0.00520710907506 25.48748138805320 -161.27482367030581 350024.90799189545214 27.80376473247485 323.71816536266391
78780.0 -0.00726177887531 25.45662729771054 -161.24802869194824 350041.05529061891139 28.01357949956872 323.72279339069888
78810.0 -0.00791078087854 25.42578035263687 -161.22138912950388 350038.73792076483369 28.22376086314717 323.72643911465173
78840.0 -0.00922689645543 25.39496168628350 -161.19492701684953 350014.73844357952476 28.43392800135792 323.72904483037377
78870.0 -0.00679993094843 25.36414878592334 -161.16861351232041 349973.00704302079976 28.64454175878736 323.73066391903404
78900.0 -0.00767734157925 25.33432395790674 -161.14328163017348 350008.02355464454740 28.85540382116469 323.73126255144609
78930.0 -0.00675465165301 25.30451572292505 -161.11810631035897 350023.91063766181469 29.06645648793007 323.73082581493492
78960.0 -0.00676068899089 25.27472242361566 -161.09308318625733 350021.17652477603406 29.27775691863120 323.72935325958042
78990.0 -0.00697501034903 25.24494779862873 -161.06821404671589 349999.46716674137861 29.48925791096195 323.72683119991643
79020.0 -0.00710279845145 25.21518852919997 -161.04349272969495 349959.53943938296288 29.70104863280144 323.72326247521613
79050.0 -0.00720040060315 25.18641032057354 -161.01973476004522 349998.24605593178421 29.91299245557130 323.71862253895671
79080.0 -0.00645782134014 25.15764792131832 -160.99612111365778 350018.99337814562023 30.12516127846569 323.71291188303945
79110.0 -0.00752238575184 25.12889912367951 -160.97264710290821 350022.33552222792059 30.33762140754713 323.70612966539267
79140.0 -0.00624048131306 25.10016265668322 -160.94930915557944 350008.66871341876686 30.55042102859495 323.69827234787601
79170.0 -0.00685527203045 25.07145957206711 -160.92612798970973 349975.02981997095048 30.76317524178740 323.68928828500617
79230.0 -0.01432734796291 25.01504029462012 -160.88096134124626 349956.87419627606869 31.18968408946372 323.66803157788468
79260.0 -0.00645983378610 24.98732823092012 -160.85897719322415 349971.99404433090240 31.40329279969442 323.65572389212878
79290.0 -0.00690658866375 24.95963797546144 -160.83712951843705 349969.58868082519621 31.61705977289767 323.64227639139045
79350.0 -0.01368840789401 24.90524857632763 -160.79461482921755 350014.94259177614003 32.04521571621719 323.61193980921422
79380.0 -0.00620023283707 24.87762181406063 -160.77316259872660 349961.37505897972733 32.25956657396259 323.59502781101617
79410.0 -0.00582894364877 24.85093924540884 -160.75261618192829 349993.31239148974419 32.47416953971909 323.57694695263820
79440.0 -0.00816132582074 24.82428008255816 -160.73219899163715 350008.32852118555456 32.68888840017297 323.55767446106222
79470.0 -0.00616702806968 24.79764180268494 -160.71190645234162 350006.96751343458891 32.90379227913211 323.53720680710342
79500.0 -0.00515176769758 24.77102183909551 -160.69173402923496 349989.76400036923587 33.11895119812981 323.51553974696122
79530.0 -0.00644977170403 24.74441888812027 -160.67167855285024 349957.06429358012974 33.33441058465789 323.49266614173177
79560.0 -0.00602012246931 24.71876124573411 -160.65252539297421 350010.11958057899028 33.54978062119897 323.46854252763166
79590.0 -0.00607143880714 24.69311205122291 -160.63347841352339 350049.03831117693335 33.76553420437840 323.44319760381268
79620.0 -0.00625054324739 24.66658181885740 -160.61378616013249 349967.77234007418156 33.98146577304666 323.41660298677323
79650.0 -0.00500586802472 24.64097961990624 -160.59497572470806 349974.90061006974429 34.19751625053543 323.38874298542578
79680.0 -0.00602213476754 24.61539945762038 -160.57627983613426 349966.54333431273699 34.41373990697540 323.35961049602565
79710.0 -0.00570417391982 24.59073577752182 -160.55845426060586 350048.13402522914112 34.63009192361972 323.32919072492598
79740.0 -0.00561260969694 24.56519941851295 -160.53998289686541 350009.24464809335768 34.84665711303806 323.29747788391228
79770.0 -0.00515780473999 24.53969269018252 -160.52162830585732 349954.36353810317814 35.06330006893304 323.26445074504852
79800.0 -0.00604427152536 24.51509444175629 -160.50413386972545 349990.71150708105415 35.28008685172282 323.23010185302456
79830.0 -0.00343015135107 24.49051380508391 -160.48674308665645 350012.76805551070720 35.49709108237161 323.19442331982202
79860.0 -0.00456213196375 24.46594946011100 -160.46945313307856 350020.83732041995972 35.71435520643169 323.15740446679143
79890.0 -0.00463055379677 24.44142226950251 -160.45228237546974 350012.43616147805005 35.93148547493929 323.11900988401902
79920.0 -0.00631795885743 24.41690873581756 -160.43520672912356 349990.67124237958342 36.14895990075527 323.07925377806333
79950.0 -0.00494650205079 24.39242613461325 -160.41824105593119 349953.52623786870390 36.36645480198088 323.03810513477117
79980.0 -0.00192185087839 24.36882194220017 -160.40210553190158 350011.59512102417648 36.58424850234807 322.99556449155057
80010.0 -0.00540331886276 24.34481493496693 -160.38570816314694 350000.45785157103091 36.80205722569416 322.95160416468025
80040.0 -0.00223981143064 24.32083250916876 -160.36941120076358 349975.06906776968390 37.01998943891495 322.90621562628940
80070.0 -0.00411034597121 24.29730276190137 -160.35357986739805 349990.12086033169180 37.23800142259086 322.85938297847213
80100.0 -0.00681200547646 24.27379360224075 -160.33784340356988 349991.58714280463755 37.45617541410015 322.81109506743240
80130.0 -0.00384973894693 24.25031257896758 -160.32220730868448 349978.70071772485971 37.67437662999813 322.76133234223147
80160.0 -0.00273486412491 24.22685722606104 -160.30666782986680 349951.89129643142223 37.89266780076672 322.71008247586292
80190.0 -0.00355190241108 24.20426018731350 -160.29194025759512 350022.83826228044927 38.11112603506368 322.65733251046851
80220.0 -0.00366359109356 24.18084487826025 -160.27658072725978 349969.78910067211837 38.32979051067601 322.60306734574357
80250.0 -0.00456615670794 24.15830006657391 -160.26204386382793 350013.16146571747959 38.54826324900706 322.54726185263365
80280.0 -0.00247023235645 24.13576614186486 -160.24758722279060 350044.63708839751780 38.76702727627196 322.48991134632843
80310.0 -0.00390407395370 24.11284976006454 -160.23286915830337 350006.10739613324404 38.98575476910370 322.43099277386744
80340.0 -0.00331041318022 24.08995177675837 -160.21823412930479 349955.13367101177573 39.20472375426736 322.37049395501504
80370.0 -0.00345128203365 24.06790077255056 -160.20440173453977 350003.32399501278996 39.42364944609035 322.30839404985943
80400.0 -0.00431863028693 24.04587088282330 -160.19065487872800 350038.81627307552844 39.64263809821669 322.24467759043250
80430.0 -0.00377125488412 24.02346185474353 -160.17664284263896 350004.50237922742963 39.86164698355614 322.17932709939998
80460.0 -0.00205668224621 24.00107705899509 -160.16271512811110 349957.46178308036178 40.08075542410793 322.11232513720057
80490.0 -0.00351266045354 23.97952212488574 -160.14957669168726 350011.50292207486928 40.29982924864483 322.04365387303324
80520.0 -0.00143283552200 23.95759142449433 -160.13617149299077 349995.75456126313657 40.51892751457034 321.97329533419992
80550.0 -0.00262015692123 23.93568252695028 -160.12284615368827 349967.78235492203385 40.73813060947508 321.90123010835424
80580.0 -0.00337883501324 23.91418749212166 -160.10994550782863 349985.55097996909171 40.95747410978492 321.82743794478915
80610.0 -0.00437900277932 23.89272980314358 -160.09713710623143 349989.57028937991709 41.17655601922141 321.75190601187558
80640.0 -0.00291396856516 23.87128547884235 -160.08439923340120 349982.47198087349534 41.39586365784492 321.67460670632050
80670.0 -0.00281032966652 23.84987166515990 -160.07174533023846 349962.56163171958178 41.61506517888598 321.59552653763023
80700.0 -0.00127284872743 23.82924567577357 -160.05984969743847 350048.08216967154294 41.83443771944795 321.51463810375179
80730.0 -0.00260003275710 23.80787682678972 -160.04734817244267 350004.42288522608578 42.05369561650703 321.43192856894177
80760.0 -0.00397953934758 23.78691645116722 -160.03526586218189 350007.30149451456964 42.27294249674847 321.34737424733800
80790.0 -0.00280227973495 23.76598171028698 -160.02326032595073 349998.18402732256800 42.49213646948392 321.26095551799290
80820.0 -0.00254871656701 23.74544648943481 -160.01166748353239 350036.51463592797518 42.71135352471167 321.17264754426105
80850.0 -0.00192788792080 23.72456130160053 -159.99981151427875 350003.82114947587252 42.93046007132096 321.08243431392270
80880.0 -0.00190474567868 23.70370310293169 -159.98803007604286 349959.28836260735989 43.14951108054741 320.99029129250704
80910.0 -0.00206775040351 23.68323922509109 -159.97665623138076 349962.85427890252322 43.36858990800160 320.89619089299390
80940.0 -0.00268153534112 23.66279323013479 -159.96534897958600 349955.55245951749384 43.58772812580975 320.80010686077094
80970.0 -0.00173067191012 23.64275267584163 -159.95445964207104 349995.26543116476387 43.80652001726011 320.70204129922013
81000.0 -0.00172161605104 23.62272226236144 -159.94363022325518 350024.93529423046857 44.02545622257870 320.60193861567171
81030.0 -0.00147811481742 23.60235634787911 -159.93253970194880 349982.91921446286142 44.24420104983145 320.49979700026580
81060.0 -0.00107965746093 23.58236904039617 -159.92184481677555 349990.60170445218682 44.46302998175444 320.39557072252910
81090.0 -0.00105651462786 23.56241009615849 -159.91122159647807 349986.75310278125107 44.68165664485101 320.28925650284407
81120.0 -0.00240684178607 23.54283112292598 -159.90099664743289 350032.44813053309917 44.90018152056319 320.18082090637398
81150.0 -0.00089652827650 23.52291962760663 -159.89050716926417 350006.61773674935102 45.11856333397245 320.07024152935270
81180.0 -0.00167633690335 23.50303075263454 -159.88008175802960 349970.04369359463453 45.33687422894950 319.95748483307415
81210.0 -0.00091162147346 23.48352126712790 -159.87005390564326 349983.17153555061668 45.55498113373284 319.84253683642368
81240.0 -0.00123360662216 23.46403468061787 -159.86009021326609 349985.59809026587754 45.77293443213250 319.72536540321914
81270.0 -0.00188361529157 23.44456692598391 -159.85018654967183 349977.76328965555876 45.99082000142368 319.60593266740000
81300.0 -0.00152138151915 23.42511685884240 -159.84034111726547 349959.83659379743040 46.20866491914715 319.48420542101258
81330.0 -0.00250343697612 23.40604616654124 -159.83089491894484 349991.65950247738510 46.42606016039597 319.36020419655563
81360.0 -0.00050209610740 23.38698495000935 -159.82150061075416 350014.16479409020394 46.64349837770955 319.23383906328468
81390.0 -0.00117625324192 23.36761355007535 -159.81184613937941 349964.06727713067085 46.86064029507623 319.10512274107606
81420.0 -0.00154955517165 23.34892861245956 -159.80289342717171 350028.19641197472811 47.07775875324025 318.97398736868598
81450.0 -0.00206573825302 23.32960221850235 -159.79335659456086 349957.63510362710804 47.29456688314539 318.84044134537487
81480.0 -0.00172865931643 23.31096305991839 -159.78452424269668 350001.17960241250694 47.51116136991813 318.70443971704969
81510.0 -0.00183229880600 23.29234431267742 -159.77574984232703 350034.70130294654518 47.72750125094540 318.56595663942073
81540.0 -0.00189267085518 23.27341721692958 -159.76670933072845 349995.96835297998041 47.94365418748953 318.42494841495244
81570.0 -0.00109072591371 23.25484162711989 -159.75804906260967 350009.50234400946647 48.15948753174245 318.28140353710234
81600.0 -0.00054435673388 23.23596669760780 -159.74912579480628 349950.27030371874571 48.37504647036209 318.13528117745250
81630.0 -0.00112393053337 23.21775084116367 -159.74089329187086 350007.24422880448401 48.59041877930144 317.98653068862546
81660.0 -0.00151534432900 23.19923024195883 -159.73239209760607 349992.01334691140801 48.80562644446513 317.83511095633389
81690.0 -0.00127486102566 23.18106032377911 -159.72427318294544 350029.11005486175418 49.02025770622300 317.68106564190253
81720.0 -0.00167533097584 23.16258621750551 -159.71588233244697 349994.17780261486769 49.23480548315698 317.52426261673025
81750.0 -0.00162502027005 23.14445064909794 -159.70786511242125 350012.58121128659695 49.44892729664343 317.36473303898219
81780.0 -0.00088344767323 23.12632617108622 -159.69989359305654 350022.17489596363157 49.66289207146703 317.20238237156030
81810.0 -0.00190776390441 23.10792229201319 -159.69166305655057 349958.10586046520621 49.87641273129552 317.03723367418644
81840.0 -0.00063692762294 23.09014848578143 -159.68411267848444 350012.19353846181184 50.08958135007590 316.86922855725237
81870.0 -0.00145899672854 23.07209257580703 -159.67629970287973 349992.95548174064606 50.30235687401007 316.69833720371832
81900.0 -0.00167533068037 23.05405606359106 -159.66853547419910 349964.49338649306446 50.51480169779208 316.52450428538197
81930.0 -0.00176387682525 23.03634069379199 -159.66113579752866 349990.69704723358154 50.72678346808259 316.34772166936597
81960.0 -0.00116518508461 23.01864435266016 -159.65378523742228 350007.72348757740110 50.93834143849249 316.16793887831653
81990.0 -0.00082408155156 23.00096244840333 -159.64647973357211 350015.96720376703888 51.14956443731981 315.98508965818314
82020.0 -0.00114807929395 22.98329398945671 -159.63921786679592 350015.54753430373967 51.36046863977367 315.79912425022235
82050.0 -0.00149823883382 22.96565939852080 -159.63201363114499 350005.02768088970333 51.57064036127287 315.61011587273413
82080.0 -0.00130202875064 22.94803399743408 -159.62484851463728 349986.26179901789874 51.78057047128014 315.41788066253577
82110.0 -0.00279825528623 22.93043476597202 -159.61773400175267 349958.07313167303801 51.98991385475182 315.22247369339630
82140.0 -0.00101928511628 22.91312677271802 -159.61096728464804 349986.67141566798091 52.19893388829555 315.02376854044007
82170.0 -0.00079188315488 22.89584075699159 -159.60424899761566 350006.15389309823513 52.40734369881973 314.82180723036021
82200.0 -0.00117826568788 22.87829854123008 -159.59726886682151 349951.45652952417731 52.61522974442795 314.61651612957462
82230.0 -0.00024853249625 22.86132260900071 -159.59094633319128 350018.83503802679479 52.82255036956726 314.40786135204360
82260.0 -0.00099413013273 22.84408911198778 -159.58435962286782 350012.22673420980573 53.02936175514625 314.19577477315988
82290.0 -0.00057152416339 22.82687788937818 -159.57781876821946 349996.69398528989404 53.23553169778283 313.98025340381866
82320.0 -0.00085426779775 22.80995068901604 -159.57162564513033 350038.34337132796645 53.44109265295712 313.76123668683022
82350.0 -0.00154049946030 22.79277275012510 -159.56516770154926 350005.82726223394275 53.64613338852818 313.53863987458465
82380.0 -0.00103739683445 22.77560938674543 -159.55874820489970 349965.04668823629618 53.85066343100782 313.31240449081145
82410.0 -0.00010162674815 22.75873725058025 -159.55268297217685 349980.96804338786751 54.05426834256601 313.08264224598980
82440.0 0.00061881605251 22.74187026339079 -159.54665065603126 349989.24060617946088 54.25743390785328 312.84910636586903
82470.0 -0.00012678187944 22.72502536762703 -159.54066240817642 349988.79669488128275 54.45981324084975 312.61188366845289
82500.0 -0.00069126262971 22.70818921265182 -159.53470834195127 349980.54380492586643 54.66166211161287 312.37081029911758
82530.0 -0.00033104115551 22.69137567465047 -159.52879742583727 349963.63184007070959 54.86269447866967 312.12595362531937
82560.0 -0.00016099286982 22.67482392769530 -159.52322545426921 350005.22185430116951 55.06298998788088 311.87722361642653
82590.0 0.00001911764568 22.65828680897523 -159.51769227868419 350038.65132227353752 55.26250578799888 311.62458325820103
82620.0 -0.00060875367497 22.64152263430096 -159.51189668321345 349997.11037741880864 55.46129075189707 311.36795141702038
82650.0 -0.00039543839208 22.62501727749281 -159.50643977516242 350014.23709442652762 55.65921272912175 311.10733361555765
82680.0 0.00050511477633 22.60852769711324 -159.50102062540194 350023.25756109971553 55.85629642060246 310.84266005692643
82710.0 -0.00040348802819 22.59181784446874 -159.49533819366388 349957.16101306583732 56.05262913839337 310.57382515622737
82740.0 -0.00038034534285 22.57557983647940 -159.49028233531592 350018.10045914258808 56.24821285470172 310.30076314839556
82770.0 0.00018916667005 22.55914107758934 -159.48497525121917 350002.83140458073467 56.44263412543150 310.02363679582220
82830.0 -0.00015193715847 22.52651410401843 -159.47474985629680 350017.28869908954948 56.82912845095311 309.45632217449509
82860.0 -0.00043367427438 22.51033539939787 -159.46983932717217 350046.42357244621962 57.02088316727721 309.16618546364975
82890.0 -0.00006339086585 22.49394534011331 -159.46466308523117 350000.32536288164556 57.21182680859908 308.87153329887940
82920.0 -0.00004326684946 22.47779117361371 -159.45981835072598 350014.07520128507167 57.40167516400304 308.57247157689216
82950.0 0.00058158624546 22.46144009954438 -159.45471391056347 349951.93936847988516 57.59049920617255 308.26889305599548
82980.0 -0.00013080647589 22.44531668541554 -159.44993686031194 349950.09775738976896 57.77825393642110 307.96076097277131
83040.0 -0.00010062052517 22.41331133907526 -159.44077017782129 349991.98488924559206 58.15058770433239 307.33054753820358
83070.0 -0.00001609897674 22.39742931250237 -159.43638197570328 350035.68541944492608 58.33503011593894 307.00842473005207
83100.0 0.00021733987934 22.38136126981682 -159.43173467676277 350003.22819284349680 58.51830009553173 306.68155187729178
83130.0 0.00001308060327 22.36530428292576 -159.42711596082160 349963.37534474488348 58.70048061326091 306.34979888505012
83160.0 0.00107362071399 22.34944949142599 -159.42281482545991 349984.99816883262247 58.88156430611436 306.01309688400931
83190.0 -0.00007345324339 22.33362004030526 -159.41855322945753 349998.43812117166817 59.06114219240020 305.67169105212616
83220.0 0.00011571357440 22.31779083129420 -159.41431413881571 350005.03886806778610 59.23967427243026 305.32515626852137
83250.0 0.00000905585908 22.30197877068835 -159.41010814048065 350003.95264668390155 59.41681563803689 304.97369383923132
83280.0 0.00049907773393 22.28617059920405 -159.40592603138910 349995.88721125479788 59.59279684599605 304.61704390119417
83310.0 0.00075163438342 22.27037986695586 -159.40177616032778 349980.18367064837366 59.76733770411722 304.25536825756637
83340.0 0.00010967667972 22.25477796917245 -159.39794258311119 350026.41923033446074 59.94049905444137 303.88854731351091
83370.0 0.00024853279172 22.23901192480549 -159.39385031173347 349995.99958194419742 60.11223342427180 303.51655293565187
83400.0 0.00030186098457 22.22325735736581 -159.38978483783785 349958.33403664641082 60.28257065711942 303.13928710662310
83430.0 0.00037732696938 22.20768768837916 -159.38603560770014 349982.73981849849224 60.45137928291678 302.75680115202618
83460.0 -0.00001006222980 22.19212820123188 -159.38231402725455 349999.92112586367875 60.61866507174035 302.36902220694429
83490.0 0.00013281906959 22.17657333985607 -159.37861601513211 350010.16766904108226 60.78450606608219 301.97580249793970
83520.0 0.00045379843851 22.16102253063272 -159.37494072717374 350013.52590282354504 60.94888614865727 301.57708128603997
83550.0 0.00127385524588 22.14549599886680 -159.37130071296409 350009.08210560213774 61.11140509517240 301.17320127869993
83580.0 0.00026563784370 22.12996852874678 -159.36767923423065 349998.03345727268606 61.27250227012326 300.76363874688371
83610.0 0.00054536280912 22.11445702106076 -159.36408668547517 349979.62749268673360 61.43183905979924 300.34868175983229
83640.0 0.00046989771071 22.09894828187723 -159.36051411020296 349954.48750994447619 61.58962950523143 299.92802673896034
83670.0 0.00061277841916 22.08360163489116 -159.35725283799070 349992.19899960234761 61.74560079459051 299.50190904628414
83700.0 0.00097903708350 22.06826136027695 -159.35401567998136 350022.96048508211970 61.89980355162341 299.07020816983305
83730.0 0.00042562478601 22.05278815022134 -159.35052039827309 349976.44484333973378 62.05218876674094 298.63291718755659
83760.0 0.00067616943275 22.03746287034187 -159.34733011719840 349993.32873585540801 62.20277665902798 298.18994665099831
83790.0 0.00178299491414 22.02214786995921 -159.34416504904306 350003.16524513904005 62.35143865605903 297.74139260360676
83820.0 0.00050612085158 22.00684167782597 -159.34102379106187 350006.04286431241781 62.49817176133067 297.28720065458168
83850.0 0.00137246302962 21.99153851286821 -159.33790221091124 350002.22520279604942 62.64304806799966 296.82721439392782
83880.0 0.00125272471104 21.97623792845680 -159.33479957853473 349991.74646972492337 62.78604361585077 296.36139788301500
83910.0 0.00116518493687 21.96096011600147 -159.33172823621840 349973.80487753637135 62.92677389701708 295.89022290578799
83940.0 0.00055542503892 21.94580081715261 -159.32895176054467 350020.20649609528482 63.06565134136153 295.41306372641111
83970.0 0.00078182092508 21.93053200858884 -159.32591989414118 349988.84841696638614 63.20235000435891 294.93032534457194
84000.0 0.00114506077274 21.91526441171174 -159.32290430504952 349950.96341142617166 63.33706503167635 294.44166913655550
84030.0 0.00042562449054 21.90012398706764 -159.32019201919204 349976.97766952775419 63.46953654208045 293.94743083132880
84060.0 0.00085728661443 21.88498821972373 -159.31750016900196 349996.26738473586738 63.59980563698021 293.44750539089182
84090.0 0.00127888591758 21.86985808752043 -159.31482893364532 350008.81482311710715 63.72782388472312 292.94192551652782
84120.0 0.00108166975916 21.85473095902483 -159.31217622275003 350014.73808412533253 63.85360337691279 292.43062905727896
84150.0 0.00049505284201 21.83961219518446 -159.30954497114058 350013.85600303765386 63.97702231171850 291.91377861061608
84180.0 0.00135737012813 21.82450047376631 -159.30693390989447 350006.23963687568903 64.09807129471497 291.39135876615592
84210.0 0.00060070433434 21.80938979027940 -159.30433884076942 349992.12536557298154 64.21681674094098 290.86321862760963
84240.0 0.00066811964891 21.79427982943768 -159.30175914195138 349971.53672734834254 64.33322978718235 290.32936892773517
84270.0 0.00164615095263 21.77928099852020 -159.29948363591470 350015.12407143600285 64.44695184683732 289.79044323671167
84300.0 0.00074056652158 21.76418454433931 -159.29694240550501 349981.16273908503354 64.55836246252775 289.24571780703644
84330.0 0.00112694905458 21.74918502568423 -159.29469856936115 350011.81390840560198 64.66715790250259 288.69574534185233
84360.0 0.00162602678850 21.73409737098707 -159.29219116174411 349964.71278319042176 64.77351346743971 288.14016636976123
84390.0 0.00111588134047 21.71910103450568 -159.28997974445446 349982.34973127953708 64.87719063116191 287.57944309268413
84420.0 0.00125775508726 21.70410729231977 -159.28778527532677 349993.44416084699333 64.97822375984097 287.01350496378598
84450.0 0.00105852766476 21.68911698035742 -159.28560786006295 349997.98472548928112 65.07656931459462 286.44244310431282
84480.0 0.00175079607425 21.67412758932864 -159.28344552271847 349996.06796201877296 65.17223506307081 285.86624256691749
84510.0 0.00105450247737 21.65914431395617 -159.28130108130100 349987.54319169744849 65.26511231212939 285.28515188352696
84540.0 0.00189065826149 21.64416598585665 -159.27917339300234 349972.46598793659359 65.35519009031825 284.69921425953532
84570.0 0.00122555713379 21.62924823480706 -159.27733198181480 350022.80745727848262 65.44253124653866 284.10829783406353
84600.0 0.00166225022484 21.61426431363847 -159.27522845391681 349995.09115268569440 65.52710750643065 283.51247931742063
84630.0 0.00244809633731 21.59929907138519 -159.27314896616764 349960.45319038443267 65.60859966803810 282.91257473364124
84660.0 0.00199228486190 21.58438023558726 -159.27135026137481 349991.54254838824272 65.68734953473505 282.30777074222101
84690.0 0.00219956325012 21.56946570728311 -159.26956888522290 350016.06975351739675 65.76308819482611 281.69878539019032
84720.0 0.00288076394550 21.55454249460210 -159.26779639001253 350034.42294491454959 65.83597204550210 281.08525094656068
84750.0 0.00213214764008 21.53962355897808 -159.26604040640240 350046.24059954751283 65.90579490325085 280.46776748597290
84780.0 0.00217239596834 21.52466306035037 -159.26402606703661 349979.66525969095528 65.97258932661950 279.84631005550330
84810.0 0.00234244454950 21.50974818517784 -159.26229759796385 349978.63655996043235 66.03632294502361 279.22103534163483
84840.0 0.00229917710910 21.49486792826946 -159.26085237038916 350043.31290949694812 66.09700512032455 278.59198467984811
84870.0 0.00265738658054 21.47995232842604 -159.25914991320795 350029.51672122254968 66.15454843033791 277.95949538380518
84900.0 0.00244105262871 21.46503930941402 -159.25746092114096 350009.30385566037148 66.20894709515076 277.32367474816652
84930.0 0.00202850829824 21.45012242365827 -159.25578101362254 349982.85271604638547 66.26026386264661 276.68441107000172
84960.0 0.00180915612067 21.43520163217428 -159.25410977160513 349950.17007406055927 66.30847831580547 276.04184955344391
84990.0 0.00219050739104 21.42031869904642 -159.25272947385020 349982.91844413522631 66.35332545659207 275.39697798118857
85020.0 0.00163005138495 21.40542053831184 -159.25135314965195 350009.63493678811938 66.39510559162353 274.74889852658561
85050.0 0.00188864640647 21.39050820763928 -159.24972108198375 349957.72255744133145 66.43359821085389 274.09848041061775
85080.0 0.00184437289082 21.37561637215201 -159.24863423598197 350044.06541067175567 66.46894284899706 273.44534715462231
85110.0 0.00192185102613 21.36070021078287 -159.24702151525742 349979.57973335962743 66.50097691135876 272.79021630962154
85140.0 0.00153244938099 21.34579469052337 -159.24568872046979 349980.98576331045479 66.52973664826123 272.13309840881590
85170.0 0.00195103075387 21.33088740725656 -159.24436627318323 349976.07483023405075 66.55520710037528 271.47419766598773
85200.0 0.00141874869575 21.31597748038314 -159.24332101205607 350037.16588804405183 66.57740531432253 270.81359687014310
85230.0 0.00201039687554 21.30106413534698 -159.24201809895385 350019.65231667552143 66.59627256044847 270.15169517900375
85260.0 0.00199127937760 21.28615079854619 -159.24072546695984 349995.81278529576957 66.61181462616642 269.48864318939661
85290.0 0.00145396546591 21.27122346299975 -159.23970655649191 350038.08354399912059 66.62409686578690 268.82432847149579
85320.0 0.00301358271962 21.25629400579740 -159.23842494443892 350001.89495964441448 66.63311312296918 268.15893959944668
85350.0 0.00203957660328 21.24137810703188 -159.23716081211001 349959.13566562253982 66.63866460556427 267.49358238932780
85380.0 0.00218447093957 21.22643392130081 -159.23616515058143 349982.63432676158845 66.64100632816491 266.82727172835803
85410.0 0.00253764737555 21.21148863585411 -159.23518030985937 349999.76843763142824 66.63997656204437 266.16097338765815
85440.0 0.00150327024419 21.19652941499833 -159.23419798911863 350010.78609995171428 66.63569894218448 265.49428394668013
85470.0 0.00259298919624 21.18156895880883 -159.23322564472954 350015.45526383817196 66.62806190555746 264.82798187742520
85500.0 0.00212409785624 21.16660344429890 -159.23226053684334 350013.85460184235126 66.61710851581279 264.16207960173068
85530.0 0.00265235561338 21.15163330046779 -159.23130254929623 350005.98335904721171 66.60284416487437 263.49678545447557
85560.0 0.00276001925620 21.13665640774327 -159.23034999135203 349991.88391896244138 66.58529672351592 262.83218554369159
85590.0 0.00294918563078 21.12167748180713 -159.22940539436806 349971.48330806661397 66.56443924543132 262.16868771573581
85620.0 0.00314338326800 21.10665645668972 -159.22873352246327 350017.10377778392285 66.54029184887146 261.50644315912712
85650.0 0.00295220444746 21.09166230177522 -159.22779840090820 349984.25110530294478 66.51292177851715 260.84530235729358
85680.0 0.00316451380284 21.07661357443902 -159.22713071792484 350017.51687085814774 66.48233947651873 260.18545208372910
85710.0 0.00333053719662 21.06161792066841 -159.22621203934202 349972.01902730297297 66.44841708767304 259.52803274731082
85740.0 0.00400871937079 21.04655606533327 -159.22555604046767 349992.71957425773144 66.41135937967488 258.87196973405332
85770.0 0.00268254171184 21.03149020697961 -159.22490770112282 350007.08255823235959 66.37106659935237 258.21824698091677
85800.0 0.00339795310212 21.01640759016935 -159.22425874081185 350015.28955772798508 66.32764449769400 257.56641088160171
85830.0 0.00380546557902 21.00132079230225 -159.22361657199363 350017.16943563055247 66.28103290918000 256.91722860736496
85860.0 0.00297333527777 20.98622610009702 -159.22297851478234 350012.77800253871828 66.23128034239195 256.27067516357192
85890.0 0.00386885659261 20.97112381173396 -159.22234437410808 350002.11553651094437 66.17841012596843 255.62691494851896
85920.0 0.00342612645915 20.95601194788857 -159.22171253978658 349985.20968222618103 66.12245925801102 254.98599683880749
85950.0 0.00312728429126 20.94089506964782 -159.22108546343574 349962.00948425382376 66.06342953188800 254.34828268331839
85980.0 0.00325004054010 20.92569820702513 -159.22072554429553 350004.68064530845731 66.00135311113141 253.71388300597908
86010.0 0.00301559546105 20.91048286860136 -159.22036448158556 350041.11178935598582 65.93629426853008 253.08258205530302
86040.0 0.00359013829338 20.89532977840179 -159.21973946101980 349999.18010222818702 65.86827728982162 252.45452454044874
86070.0 0.00313633985487 20.88018458605642 -159.21912571597443 349950.83734746463597 65.79724136678027 251.83080653511081
86100.0 0.00323092304216 20.86493511138615 -159.21876894132373 349968.41837884578854 65.72333560619114 251.21027823527641
86130.0 0.00290793181822 20.84967867627392 -159.21841666747528 349979.64266824722290 65.64651760760752 250.59387308901108
86160.0 0.00341405178339 20.83440260818306 -159.21806060042755 349984.62725864909589 65.56687084951953 249.98107967660079
86190.0 0.00331544459059 20.81911936580034 -159.21770813552368 349983.25985408574343 65.48438014215712 249.37259794236704
86220.0 0.00328928279312 20.80382534925907 -159.21735664182944 349975.57492245081812 65.39909442872643 248.76834439983534
86250.0 0.00349052384345 20.78852072881091 -159.21700584160180 349961.57265140116215 65.31104834492518 248.16841241675280
86280.0 0.00282240419455 20.77309994946537 -159.21691526970548 350013.16837775707245 65.22028282474045 247.57279352589529
86310.0 0.00448666627440 20.75777193562995 -159.21656496298812 349986.49823683127761 65.12682086819510 246.98177318927463
86340.0 0.00325607846892 20.74232599943971 -159.21647627075239 350025.33607867360115 65.03070110589752 246.39540326061189
86370.0 0.00420492886303 20.72697102443250 -159.21612267003439 349986.02228581998497 64.93197801195747 245.81339763605158
