# sod		dsTEC/dt [TECU/s]		lat		lon		h_ipp		ele		azi
30.0 -0.01156833478195 23.14832054022300 -157.71290174423274 350014.69233741238713 32.33731465049129 328.16610544487605
60.0 -0.01100586514803 23.13231830931336 -157.68819072531414 349995.30070432182401 32.50469360376426 328.30294784856335
90.0 -0.01029246827199 23.11624827183432 -157.66363556377789 349966.06137248501182 32.67225752403568 328.43941860525314
120.0 -0.01229481388634 23.10109782254684 -157.63988320820704 350033.98093464877456 32.84035697297409 328.57580105567314
150.0 -0.01007311373066 23.08488356898397 -157.61559246308116 349988.49583518784493 33.00873308362852 328.71188655505813
180.0 -0.01133690851957 23.06959275661095 -157.59210897522610 350039.70770489610732 33.17750721310243 328.84777372299777
210.0 -0.01187220909889 23.05323545821350 -157.56807187348926 349978.71561726555228 33.34681166885662 328.98357074407977
240.0 -0.01078450022903 23.03780536607226 -157.54484613159914 350013.99091213475913 33.51637904281665 329.11906104707498
270.0 -0.01114371607119 23.02230716138722 -157.52174875446815 350041.29258200246841 33.68632555146449 329.25433954943765
300.0 -0.01036290240323 23.00575144938698 -157.49812231697715 349954.66085602063686 33.85668671468038 329.38943589073813
330.0 -0.01137111803259 22.99011966106816 -157.47528129957340 349966.03965668473393 34.02744416377188 329.52433582515476
360.0 -0.00957705629076 22.97442018038036 -157.45255983917781 349970.04524049162865 34.19867665144649 329.65910466617350
390.0 -0.01093945768152 22.95866007287194 -157.42997868737950 349965.14145312458277 34.37016202160756 329.79356103216804
420.0 -0.00989602203184 22.94283091378609 -157.40750600026237 349953.64176866225898 34.54224330689959 329.92798737117204
450.0 -0.01019587204780 22.92792906907495 -157.38581188645526 350040.36775122024119 34.71450994802522 330.06204691329634
480.0 -0.01003185903169 22.91197649466163 -157.36359511226689 350012.74321841448545 34.88731652883843 330.19603241664322
510.0 -0.01068991911003 22.89596668145385 -157.34151619909829 349976.33220633957535 35.06040138991220 330.32972888367192
540.0 -0.00972396041378 22.88087761466686 -157.32018281442353 350040.41016725730151 35.23388686560742 330.46323808354254
570.0 -0.01024014408610 22.86474437996715 -157.29834066402779 349989.17010325193405 35.40790649816888 330.59667188658074
600.0 -0.01012342635701 22.84953522347195 -157.27724772571412 350038.06178227718920 35.58219054228658 330.72980740076673
630.0 -0.00945631071506 22.83329077592459 -157.25566859539552 349970.03186744730920 35.75685569234247 330.86274227854022
660.0 -0.00934864736770 22.81796537284943 -157.23481614476628 350003.67191474512219 35.93193757695069 330.99550722031302
690.0 -0.00956598798572 22.80258261646127 -157.21408188670674 350029.79667687788606 36.10741711434930 331.12808738605435
720.0 -0.01019486508615 22.78714098555470 -157.19345855368792 350048.90775788854808 36.28337614381773 331.26055250905301
750.0 -0.00834344789579 22.77116266142267 -157.17267200998162 350004.31387552712113 36.45958747701168 331.39271311626658
780.0 -0.00998960091671 22.75512508844567 -157.15199005262980 349953.14107391983271 36.63639892826759 331.52486260425400
810.0 -0.00923092031320 22.74000990239428 -157.13202931504111 350003.82077883370221 36.81339502717921 331.65665245327494
840.0 -0.00893811548319 22.72483605979516 -157.11216964121064 350048.09777867980301 36.99093436812180 331.78838610806469
870.0 -0.00987791090462 22.70912996680391 -157.09214842657147 350028.51052767783403 37.16875250709175 331.91984137314228
900.0 -0.00796914062949 22.69337284756785 -157.07224483459831 350001.33316103462130 37.34697273723823 332.05112362245495
930.0 -0.00961026120589 22.67756141375951 -157.05244719962187 349967.36511720623821 37.52572981969764 332.18234894016030
960.0 -0.00875901104294 22.66266542000435 -157.03333774836136 350037.42033104877919 37.70475169559722 332.31328723849060
990.0 -0.00844004530186 22.64675979048289 -157.01378452459736 349987.53030244633555 37.88415551313093 332.44403933657048
1020.0 -0.00946234893935 22.63176336690902 -156.99489771595367 350043.13528443127871 38.06397699472329 332.57463717010347
1050.0 -0.00785342631642 22.61576185558777 -156.97557410941491 349978.29157988820225 38.24419633362208 332.70506526954881
1080.0 -0.00895824053373 22.60066585993487 -156.95690291414240 350019.86475155502558 38.42489848239912 332.83539829035698
1110.0 -0.00882038961057 22.58505062472940 -156.93808452787692 349996.48287469334900 38.60585118647934 332.96543771443135
1140.0 -0.00919570383852 22.56938335579794 -156.91936222166478 349966.85117826797068 38.78740703171504 333.09548936945902
1170.0 -0.00940398771104 22.55415273754995 -156.90103595193821 349985.76136733591557 38.96914565589155 333.22519139555720
1200.0 -0.00845715064931 22.53887185265090 -156.88280639912995 349998.33776873815805 39.15142962771220 333.35485942362470
1230.0 -0.00859600617037 22.52355027351510 -156.86469578349352 350003.04036385286599 39.33399174288700 333.48426307693489
1260.0 -0.00845815642909 22.50818478174118 -156.84669365885762 350000.56850068457425 39.51695622562392 333.61351187799642
1290.0 -0.00834847915842 22.49277168387062 -156.82878877399631 349991.66855738125741 39.70045902954359 333.74272675583177
1320.0 -0.00888076239842 22.47732092710918 -156.81100364465951 349974.79269882477820 39.88422582298330 333.87166940844963
1350.0 -0.00885661304690 22.46182945804098 -156.79332846101659 349950.59195776563138 40.06837417486068 334.00044433806715
1380.0 -0.00910212849929 22.44723203306785 -156.77626081660171 350035.71412554010749 40.25293988311978 334.12908493184523
1410.0 -0.00893107266100 22.43165793617394 -156.75879700077351 349997.39461311046034 40.43790240385270 334.25757505845030
1440.0 -0.00865134533182 22.41604208390713 -156.74143450078193 349952.27681098040193 40.62334982174580 334.38599490578252
1470.0 -0.00857789504314 22.40132245331128 -156.72468077304828 350016.37835408560932 40.80904479805982 334.51413578977537
1500.0 -0.00885057718637 22.38562747621951 -156.70752609309062 349957.27018341142684 40.99534465272816 334.64231773544390
1530.0 -0.00866845186116 22.37082855611465 -156.69097724503291 350007.57329339534044 41.18182418062864 334.77016367416871
1560.0 -0.00871373204299 22.35552340352861 -156.67427825766879 349992.83735715318471 41.36884986049758 334.89800321015878
1590.0 -0.00912024080840 22.34018564050830 -156.65769268192238 349970.42469763848931 41.55615177034328 335.02559663434238
1620.0 -0.00841690054824 22.32527093844293 -156.64144461969121 350000.34612230211496 41.74385502710860 335.15305827435509
1650.0 -0.00702129424234 22.31031385246015 -156.62528504540578 350024.21898835152388 41.93209673856654 335.28051466642734
1680.0 -0.00849941230994 22.29532483981125 -156.60923557795425 350040.60510671045631 42.12060036053342 335.40771810171725
1710.0 -0.00820761089594 22.27984466945763 -156.59305858057769 349990.32766380161047 42.30948383961525 335.53477739083081
1740.0 -0.00736944296133 22.26478568147155 -156.57720956467128 349992.98059124592692 42.49878302628013 335.66172764345924
1770.0 -0.00745597666025 22.25014596025587 -156.56168415314528 350048.86586956214160 42.68847662811655 335.78855204285742
1800.0 -0.00799127723958 22.23501468014584 -156.54602466866578 350038.44854241888970 42.87865587008429 335.91533705765784
1830.0 -0.00764916674487 22.21985600499656 -156.53047588150886 350020.43365646339953 43.06907833128665 336.04186251320965
1860.0 -0.00774878267215 22.20465765431495 -156.51500990196158 349996.60416366718709 43.26010599592465 336.16846475598646
1890.0 -0.00780814849835 22.18943589357248 -156.49965945159178 349964.83638716023415 43.45130889975373 336.29474929761119
1920.0 -0.00761696879140 22.17507332465822 -156.48482525250770 350048.44601865578443 43.64305733354121 336.42106186597255
1950.0 -0.00741069647842 22.15978764040983 -156.46966579993008 350003.35739501845092 43.83507872241312 336.54715206465841
1980.0 -0.00750528114306 22.14447268276101 -156.45460433239501 349951.40968778263777 44.02749902512398 336.67313982885332
2010.0 -0.00696595508088 22.13001194002334 -156.44004790737426 350015.58884026668966 44.22045645064946 336.79915823381219
2040.0 -0.00720744268666 22.11463820855254 -156.42517833546412 349950.16016532853246 44.41367232603032 336.92494875921284
2070.0 -0.00756263540971 22.10012098464460 -156.41081785337852 350000.63594149053097 44.60726492036169 337.05062529091356
2100.0 -0.00728190230076 22.08557176990244 -156.39654610861848 350044.83747580461204 44.80127010877578 337.17622500769045
2130.0 -0.00785845757905 22.07011447125250 -156.38196227474111 349959.21470477338880 44.99566583923804 337.30173040006258
2160.0 -0.00737950548660 22.05550400367438 -156.36786771848807 349990.79579754825681 45.19054647235459 337.42723514666443
2190.0 -0.00737346726231 22.04087011584612 -156.35387435315974 350015.27654208615422 45.38566453125724 337.55250600710281
2220.0 -0.00687841560219 22.02619970601611 -156.33995519154135 350034.31762725953013 45.58138655530979 337.67789823179180
2250.0 -0.00763910540148 22.01150980237286 -156.32614180659064 350045.94619732443243 45.77727794685649 337.80299727642154
2280.0 -0.00753949065609 21.99635483844804 -156.31221501644316 349989.43865921627730 45.97371267053474 337.92816760965542
2310.0 -0.00725976687255 21.98161149405495 -156.29858005279323 349988.22606733627617 46.17041558936093 338.05314654198548
2340.0 -0.00635518792581 21.96727152090395 -156.28522198968864 350043.27560266014189 46.36751343801154 338.17806061116238
2370.0 -0.00788361271034 21.95247012187348 -156.27175267813917 350029.97906398307532 46.56514545656454 338.30305058726424
2400.0 -0.00636726319250 21.93764943296791 -156.25838200048779 350009.64114769548178 46.76303095429900 338.42784547276392
2430.0 -0.00640449240861 21.92280558758185 -156.24510125703506 349982.77759982831776 46.96128845339986 338.55256518447158
2460.0 -0.00696998056374 21.90836157907403 -156.23208848040426 350012.74630754813552 47.15995381939702 338.67724942163812
2490.0 -0.00614287857042 21.89389233718187 -156.21916071431085 350036.50271021481603 47.35900423028620 338.80188000555080
2520.0 -0.00599798600696 21.87897386838610 -156.20613380930899 349990.97451594937593 47.55853716125461 338.92655899537573
2550.0 -0.00631192166729 21.86445971162867 -156.19338140009955 350001.91488058585674 47.75830013524889 339.05103819948130
2580.0 -0.00669729842051 21.84991375376807 -156.18069839524239 350007.52411660458893 47.95866409012879 339.17569495270573
2610.0 -0.00618916453203 21.83535375264160 -156.16811526237470 350005.97591396607459 48.15918997049064 339.30009148435062
2640.0 -0.00573436179110 21.82076555349605 -156.15560553654780 349998.82361862156540 48.36025522813633 339.42461423151428
2670.0 -0.00569109198694 21.80657404949422 -156.14335646379089 350049.06402439158410 48.56158228581275 339.54898629585529
2700.0 -0.00602515387968 21.79153468464984 -156.13085445440009 349964.80274656973779 48.76329856998094 339.67334207265355
2730.0 -0.00575750181720 21.77729301869604 -156.11875893442775 350003.40614893659949 48.96554426062372 339.79783148459580
2760.0 -0.00577964079105 21.76303402245836 -156.10675272586323 350035.46426256373525 49.16803679267344 339.92216906802304
2790.0 -0.00601106587155 21.74834634729569 -156.09466634127591 349996.78955958969891 49.37089485469324 340.04648198395057
2820.0 -0.00609659379070 21.73363950403339 -156.08266178833387 349951.91982277482748 49.57415426065720 340.17081305409999
2850.0 -0.00589132725750 21.71931913875057 -156.07089813112873 349965.67861322499812 49.77779140848460 340.29514350880140
2880.0 -0.00590038518487 21.70497454039376 -156.05920727249105 349973.78767836000770 49.98190684619467 340.41958528818611
2910.0 -0.00632500153188 21.69061660536901 -156.04760632270705 349975.25464637856930 50.18624318801121 340.54387297616330
2940.0 -0.00648700298844 21.67623081278960 -156.03606993878702 349971.50741850584745 50.39117555549915 340.66840996883764
2970.0 -0.00601005890990 21.66183559017552 -156.02462754622337 349960.86152766551822 50.59626067135748 340.79273142002222
3000.0 -0.00584604825755 21.64781218104188 -156.01340263729210 350010.31173437274992 50.80187922822022 340.91724977834394
3030.0 -0.00608653362919 21.63337873747720 -156.00211373260296 349987.81219897232950 51.00775136752485 341.04167163531616
3060.0 -0.00515579140762 21.61932106771110 -155.99104858913813 350025.08960708975792 51.21400510068222 341.16614085881264
3090.0 -0.00638738706116 21.60484681051715 -155.97990467774088 349991.14911221433431 51.42078143011666 341.29081839984610
3120.0 -0.00546067268621 21.59036251454630 -155.96884783795844 349950.63921546190977 51.62779609844944 341.41540193756799
3150.0 -0.00615193531592 21.57663935202851 -155.95815135621689 350036.38093272317201 51.83516785230157 341.54002745154799
3180.0 -0.00484688819181 21.56212212908304 -155.94724668663494 349983.97808300144970 52.04293240167379 341.66474170997782
3210.0 -0.00586717908786 21.54797553093293 -155.93655721175213 349991.91997637227178 52.25106535428170 341.78952552824848
3240.0 -0.00555525498709 21.53380807957613 -155.92593537688580 349994.37326470389962 52.45967026218132 341.91450269080445
3270.0 -0.00551601421143 21.51963111646222 -155.91539787186713 349990.41761390399188 52.66848496641905 342.03938779792486
3300.0 -0.00550897138924 21.50542947892033 -155.90492011185006 349981.36887736897916 52.87788848373530 342.16461536776819
3330.0 -0.00573033512636 21.49159959424405 -155.89466134310612 350032.61685809679329 53.08743362465255 342.28968875882430
3360.0 -0.00539929411858 21.47736953319314 -155.88433358989673 350011.72659244760871 53.29750400163189 342.41505158983574
3390.0 -0.00542344347010 21.46313066592739 -155.87408701599546 349984.55035750567913 53.50781767821214 342.54039115988621
3420.0 -0.00563675742337 21.44925023058105 -155.86403915342572 350018.82775596342981 53.71850311506648 342.66586293874570
3450.0 -0.00534697111457 21.43534713928826 -155.85405169776990 350047.96521351952106 53.92970198547049 342.79164137657722
3480.0 -0.00492235358568 21.42106536356559 -155.84401969317452 350003.46697650384158 54.14112856829195 342.91740440363435
3510.0 -0.00565587433038 21.40677250891080 -155.83406134512279 349953.03243971522897 54.35290153175656 343.04329891464636
3540.0 -0.00485493915752 21.39283243339810 -155.82429378381548 349964.56044089794159 54.56505641543912 343.16937678788378
3570.0 -0.00539728137715 21.37887818805059 -155.81459559864641 349970.42323183268309 54.77756802487292 343.29561877383640
3600.0 -0.00545463564380 21.36490573417749 -155.80495996709871 349970.95761083345860 54.99054281110825 343.42216313493356
3630.0 -0.00520710981374 21.35092690068460 -155.79540326041277 349965.31131173111498 55.20371267038573 343.54869969534491
3660.0 -0.00510246262383 21.33692579454130 -155.78590145780763 349954.69661259651184 55.41746284868895 343.67570350571316
3690.0 -0.00458225701429 21.32327768197255 -155.77659397553447 350006.07039231900126 55.63134128971237 343.80263887113574
3720.0 -0.00506624036937 21.30925354423217 -155.76723168496591 349984.00493420753628 55.84573410873655 343.92998730833102
3750.0 -0.00450980895974 21.29557520893437 -155.75805381611320 350024.48595873359591 56.06035754904023 344.05741344468061
3780.0 -0.00533992711050 21.28153212744528 -155.74883322897938 349990.81519427243620 56.27534034574390 344.18508724023565
3810.0 -0.00463055335356 21.26747234896946 -155.73967133811200 349951.90765009354800 56.49082464626255 344.31319999312535
3840.0 -0.00489015563221 21.25410079254802 -155.73079367698381 350044.80152302328497 56.70652355028786 344.44140637337057
3870.0 -0.00494952027652 21.24002467592673 -155.72177301891469 349994.28194839600474 56.92255547314011 344.56986707127714
3900.0 -0.00463457883642 21.22628112542781 -155.71291957216147 350007.30355972517282 57.13895569666114 344.69864077770501
3930.0 -0.00522421397931 21.21252560848043 -155.70413047200321 350014.83840849809349 57.35569820745750 344.82770884459302
3960.0 -0.00492134662403 21.19875381022621 -155.69539895994930 350017.19935169536620 57.57289220036197 344.95722765326190
3990.0 -0.00536407882578 21.18497789832824 -155.68674096239411 350013.60783219523728 57.79026660589994 345.08686096646994
4020.0 -0.00490424009469 21.17118154736264 -155.67813328811178 350005.16198040917516 58.00820695888835 345.21712747693550
4050.0 -0.00511755641173 21.15738489977976 -155.66960261508942 349990.57859430927783 58.22625955883925 345.34744792625060
4080.0 -0.00409726551567 21.14390183162723 -155.66121807353187 350040.79397438745946 58.44481247866449 345.47835073844459
4110.0 -0.00483280136556 21.13008246795045 -155.65281005341282 350015.43351080175489 58.66358046487734 345.60947376045920
4140.0 -0.00414757459638 21.11625395581704 -155.64446450953164 349984.59243217762560 58.88269229811659 345.74100549999309
4170.0 -0.00518598016530 21.10273476339416 -155.63626092559124 350018.82562814187258 59.10229033888200 345.87315879822665
4200.0 -0.00461143408280 21.08920953291330 -155.62812495725802 350047.39923695102334 59.32208686091057 346.00556080505322
4230.0 -0.00439107730734 21.07535323559752 -155.61996421951108 350000.24909396655858 59.54219979753271 346.13839011446231
4260.0 -0.00491832928470 21.06180723162397 -155.61194827528621 350018.13235146552324 59.76266405334590 346.27171482721070
4290.0 -0.00450678925665 21.04793466501991 -155.60390938693291 349960.10184823255986 59.98345276658877 346.40551815054107
4320.0 -0.00483179558578 21.03436527851692 -155.59600706945773 349967.53505070134997 60.20467764833521 346.53997980666315
4350.0 -0.00460237970107 21.02079343384080 -155.58817309443592 349969.23198497295380 60.42606364123775 346.67473101571983
4380.0 -0.00413147739246 21.00720228080478 -155.58038490908615 349966.18423850741237 60.64799860530472 346.81034901065118
4410.0 -0.00473419121806 20.99361244673717 -155.57266838960612 349957.23612655699253 60.87002649841565 346.94620030116005
4440.0 -0.00464262743838 20.98031265484620 -155.56507648485470 350014.48571666236967 61.09253662781700 347.08287267962640
4470.0 -0.00363441180902 20.96670253595353 -155.55747289873082 349995.08939719013870 61.31524264723432 347.21997225442180
4500.0 -0.00498876341594 20.95338595784905 -155.54999966634972 350041.70303617604077 61.53827307253894 347.35771202440486
4530.0 -0.00338587901730 20.93975185540134 -155.54250155654111 350012.13148347195238 61.76177012178563 347.49633323743296
4560.0 -0.00454804513750 20.92611706598062 -155.53506872464285 349976.89761072490364 61.98544567865408 347.63543041320912
4590.0 -0.00393526524099 20.91277172229220 -155.52776300507838 350007.90885545033962 62.20941688229294 347.77520618073476
4620.0 -0.00374308211803 20.89941527429633 -155.52051075448529 350033.82674364186823 62.43371808591478 347.91574220978634
4650.0 -0.00355995219492 20.88575857936950 -155.51324713295622 349982.76997104380280 62.65832152304353 348.05702595210823
4680.0 -0.00353077158077 20.87238038217047 -155.50609906929458 349998.53541263099760 62.88334108137579 348.19926830364545
4710.0 -0.00311017835287 20.85900073040571 -155.49901438507351 350008.76640076562762 63.10849815750693 348.34206183209938
4740.0 -0.00283749620963 20.84560227753056 -155.49197111936886 350014.34938152693212 63.33418200401430 348.48605955672872
4770.0 -0.00289485165816 20.83220610572958 -155.48499440945358 350014.25341469421983 63.55993508072267 348.63056199243067
4800.0 -0.00423410947718 20.81879479976006 -155.47806234937968 350009.35263888724148 63.78614694349447 348.77623423960290
4830.0 -0.00295924756511 20.80538172977434 -155.47119051913222 349999.01311982702464 64.01253065392515 348.92264484654066
4860.0 -0.00379439816039 20.79196136717650 -155.46437154165636 349983.52052915561944 64.23921402355705 349.07004047167396
4890.0 -0.00335770536481 20.77852750639489 -155.45759734908631 349963.17833315394819 64.46633862082709 349.21870132670222
4920.0 -0.00341505726770 20.76536447937029 -155.45093803256199 350010.03862265404314 64.69361647395053 349.36818339611108
4950.0 -0.00476739849695 20.75192332031428 -155.44427648551161 349979.11136521492153 64.92116347875717 349.51872301546359
4980.0 -0.00340399014453 20.73874220292478 -155.43771849137275 350015.89402944315225 65.14901316501408 349.67042247880943
5010.0 -0.00400469359246 20.72528776850025 -155.43115987407728 349974.72158978879452 65.37713674359691 349.82327816358480
5040.0 -0.00300150804386 20.71208535954530 -155.42469701024982 350001.61699488479644 65.60564975521510 349.97754456137898
5070.0 -0.00400570055412 20.69888190418263 -155.41829277746629 350023.16266442183405 65.83427061451854 350.13276852295911
5100.0 -0.00271474025625 20.68565959039362 -155.41192576654603 350040.14068701863289 66.06338864267876 350.28970472474441
5130.0 -0.00425322756606 20.67218496561506 -155.40557442917606 349978.35293885227293 66.29254588660282 350.44757282840686
5160.0 -0.00327620292852 20.65895241439637 -155.39931065952146 349985.06103550735861 66.52213075279943 350.60714241161713
5190.0 -0.00349555510609 20.64571828299538 -155.39310238530612 349986.50523470714688 66.75185632022260 350.76793816249779
5220.0 -0.00363239670383 20.63247690420020 -155.38694245432970 349982.93486333359033 66.98184903216831 350.93025547051371
5250.0 -0.00361831342322 20.61946762360420 -155.38086427701060 350048.24339856579900 67.21224903891675 351.09443081002797
5280.0 -0.00325708365776 20.60621037125082 -155.37479922407189 350034.71789780911058 67.44276915418348 351.25997553046335
5310.0 -0.00353379128385 20.59294805213283 -155.36878325368895 350016.12386509496719 67.67352333600719 351.42717600391211
5340.0 -0.00354284566559 20.57967934900680 -155.36281428657890 349992.52392191346735 67.90454382677393 351.59616796491787
5370.0 -0.00352674846167 20.56640587463488 -155.35689356168874 349963.86694271024317 68.13580055624378 351.76696630995639
5400.0 -0.00240985897766 20.55335629031240 -155.35105000139376 350004.39898938313127 68.36740986252461 351.93989023327060
5430.0 -0.00319067619126 20.54030551723912 -155.34526055549978 350039.74494563601911 68.59908787415340 352.11443375640448
5460.0 -0.00271272633294 20.52700606261933 -155.33947112309804 349996.38845005631447 68.83122199873178 352.29149449979263
5490.0 -0.00326412766182 20.51394069299830 -155.33377305006786 350021.85394008085132 69.06335526241969 352.47019314860358
5520.0 -0.00215831002850 20.50085957234872 -155.32811125759252 350042.68774685543031 69.29587281982884 352.65144767036747
5550.0 -0.00317759514478 20.48755442844114 -155.32247061300262 349983.98408610001206 69.52848847168356 352.83473381083286
5580.0 -0.00246419472311 20.47446603177138 -155.31690498670488 349994.73131384886801 69.76132620113766 353.02042250216999
5610.0 -0.00298540729430 20.46136339658030 -155.31137578855112 350000.80512939486653 69.99452347443709 353.20893715394510
5640.0 -0.00251249460802 20.44826037960149 -155.30589762500412 350001.74534928798676 70.22779460773991 353.39974055874325
5670.0 -0.00156967830163 20.43515175908640 -155.30046423811916 349997.73846125602722 70.46125043997633 353.59319911558140
5700.0 -0.00261814403206 20.42203617035359 -155.29507361662601 349988.83654184639454 70.69492104914536 353.78950728554366
5730.0 -0.00279121261178 20.40891524052792 -155.28972699088720 349974.99431941937655 70.92877448400279 353.98871941383101
5760.0 -0.00267751104014 20.39598853584008 -155.28444015132018 350031.32672321144491 71.16292636402194 354.19125850887872
5790.0 -0.00260506298559 20.38285731167089 -155.27918191583692 350007.60723243467510 71.39709130593724 354.39656222761045
5820.0 -0.00253261729480 20.36971050078452 -155.27395518414028 349979.27748929336667 71.63165159868781 354.60574255248497
5850.0 -0.00304276274283 20.35676816301719 -155.26880232424929 350020.81386708933860 71.86615298788254 354.81780183395415
5880.0 -0.00219352650318 20.34361372545167 -155.26366375150977 349982.56141073815525 72.10097393704490 355.03388369082404
5910.0 -0.00315344579327 20.33065428127334 -155.25859106835549 350014.46467951219529 72.33582964486470 355.25341705833370
5940.0 -0.00241891572316 20.31749578875171 -155.25354230990405 349966.22024461347610 72.57083962517683 355.47690105171040
5970.0 -0.00289686203583 20.30451480554663 -155.24854319530402 349988.62917429953814 72.80613633186155 355.70490607279186
6000.0 -0.00229012272737 20.29153251446488 -155.24359084667583 350006.03213355131447 73.04143619010253 355.93685283620476
6030.0 -0.00313432770438 20.27854361006408 -155.23867920107389 350018.58279895503074 73.27684464881439 356.17324891664754
6060.0 -0.00327418900521 20.26554668568005 -155.23380631089032 350026.32267780788243 73.51238774912690 356.41440269496093
6090.0 -0.00279624269254 20.25254338499983 -155.22897340055599 350029.21227624919266 73.74803015705120 356.66045763485846
6120.0 -0.00284353443392 20.23952790102745 -155.22417400850424 350027.40120798442513 73.98388376122833 356.91202137734842
6150.0 -0.00309307300541 20.22651453061110 -155.21942237627042 350020.53413441684097 74.21966220919892 357.16848827888657
6180.0 -0.00255676664632 20.21348423857372 -155.21469847744183 350009.08462523110211 74.45573689048717 357.43132207872958
6210.0 -0.00292906117118 20.20045965669691 -155.21002500893428 349992.50679140910506 74.69165818609434 357.69939738841185
6240.0 -0.00350461066970 20.18742188922437 -155.20538218220454 349971.25696365442127 74.92779153722729 357.97423553507502
6270.0 -0.00286466408235 20.17454783990082 -155.20078926086350 350021.00918532349169 75.16385362636532 358.25524890419661
6300.0 -0.00273184560371 20.16150356496141 -155.19622815597924 349989.95704859402031 75.39995522535976 358.54318174312692
6330.0 -0.00285661548039 20.14860515269522 -155.19170122601292 350030.30971446353942 75.63621882855702 358.83888471519469
6360.0 -0.00234445610905 20.13554904049320 -155.18721457056128 349989.58761022146791 75.87236265240286 359.14178226226818
6390.0 -0.00258091599783 20.12264248419396 -155.18276817135217 350020.19119840115309 76.10848165595192 359.45266518009021
6420.0 -0.00254167285841 20.10972644514011 -155.17835673951186 350046.03888509422541 76.34459321147790 359.77209228666976
6450.0 -0.00231225815558 20.09665526031915 -155.17398177045050 349990.77658163849264 76.58065440703758 0.10042782033554
6480.0 -0.00258594607859 20.08372012506022 -155.16963718635617 350007.11313403118402 76.81676642270212 0.43865562418008
6510.0 -0.00201140235985 20.07078574830811 -155.16533640963007 350018.49522547330707 77.05264083741051 0.78620454326355
6540.0 -0.00192487102468 20.05783272528772 -155.16105979585080 350025.29247902240604 77.28862597019297 1.14519422391088
6570.0 -0.00221767349094 20.04488401578821 -155.15682957105975 350027.07742297463119 77.52427762547764 1.51442154659374
6600.0 -0.00153446300883 20.03192040811502 -155.15262636707556 350024.20245899818838 77.75993445883174 1.89613236709607
6630.0 -0.00177091935197 20.01895627899292 -155.14846386368279 350016.41189627535641 77.99531168579811 2.28985887077507
6660.0 -0.00132919765751 20.00598553326020 -155.14433563085976 350003.81548731867224 78.23050039716782 2.69689342869521
6690.0 -0.00084521075679 19.99300130826843 -155.14023456338197 349986.52379006240517 78.46560044761766 3.11871270958094
6720.0 -0.00112091142123 19.98014184881965 -155.13616598705030 350041.03750778175890 78.70032701452766 3.55494027625054
6750.0 -0.00157773044923 19.96715125970402 -155.13213967229800 350014.01993817184120 78.93475062084130 4.00703753650487
6780.0 -0.00077276506600 19.95415461984863 -155.12814644113402 349982.18677651230246 79.16886618863555 4.47620725719099
6810.0 -0.00168941573380 19.94126966066874 -155.12417679401008 350022.36950692906976 79.40260954622991 4.96343600557553
6840.0 -0.00082005798926 19.92825543001899 -155.12024487377511 349980.98104633484036 79.63605135503023 5.47062116002612
6870.0 -0.00136441413219 19.91535627885806 -155.11634234579796 350011.56352645996958 79.86889172627374 5.99756252360987
6900.0 -0.00132617559067 19.90232831430055 -155.11247377262623 349960.55536569282413 80.10142411058726 6.54784071747814
6930.0 -0.00095488920933 19.88941366660015 -155.10863543292641 349981.55135769583285 80.33320196641026 7.12050460910371
6960.0 -0.00164615065716 19.87648207946821 -155.10482068833542 349997.86663548275828 80.56449952396696 7.71947598401687
6990.0 -0.00108368220512 19.86354808949781 -155.10104294302917 350009.31868232320994 80.79501275108569 8.34497010530613
7020.0 -0.00179305714393 19.85060551568017 -155.09729591400128 350015.98204800579697 81.02477760427831 8.99976569342386
7050.0 -0.00157068526328 19.83764739041622 -155.09357264081567 350017.92834336124361 81.25382997871395 9.68703906964907
7080.0 -0.00170753040667 19.82468816625080 -155.08988633691081 350014.99615077022463 81.48185472530429 10.40742017979770
7110.0 -0.00169142847523 19.81172235581916 -155.08623141087739 350007.24559254664928 81.70884913035425 11.16430104664207
7140.0 -0.00142981700080 19.79874847098077 -155.08260606053571 349994.68911183997989 81.93473397285371 11.96086330473163
7170.0 -0.00166023748341 19.78576823077906 -155.07901148727896 349977.30743817798793 82.15936882496101 12.80013325600648
7200.0 -0.00154754287342 19.77277516954101 -155.07544127242875 349955.15371386706829 82.38272106155297 13.68670885100041
7230.0 -0.00168841231779 19.75986322901232 -155.07188741278298 350005.40581566561013 82.60442553758303 14.62217972237485
7260.0 -0.00138755652205 19.74685221681752 -155.06837364754651 349973.62784050777555 82.82461064106431 15.61413114079136
7290.0 -0.00111889986168 19.73392042741814 -155.06487714762261 350014.27897877059877 83.04276661431270 16.66343022256408
7320.0 -0.00113197854439 19.72089875888952 -155.06142498824209 349972.80638227332383 83.25896558679983 17.77873371615053
7350.0 -0.00132517335653 19.70794583174988 -155.05798310312531 350003.84763609245420 83.47278547676143 18.96320709828511
7380.0 -0.00125171834032 19.69498207257766 -155.05456858415658 350030.08068536315113 83.68405681844895 20.22432387773508
7410.0 -0.00033506412688 19.68193793689480 -155.05120074679371 349974.08915385976434 83.89257537857317 21.57056033475475
7440.0 -0.00158376630976 19.66895567637670 -155.04784096061809 349990.66248431336135 84.09784328886550 23.00657422588939
7470.0 -0.00063491650660 19.65596456070564 -155.04450919874714 350002.40069824736565 84.29956490743656 24.54177218629341
7500.0 -0.00010263090284 19.64296307951394 -155.04120370391195 350009.30559039767832 84.49734457367839 26.18551858067344
7530.0 -0.00105852825570 19.62995297677488 -155.03792568007123 350011.36390443798155 84.69069890767439 27.94712160491324
7560.0 -0.00096193203151 19.61692757230765 -155.03466870504826 350008.59280450362712 84.87916019267959 29.83869805530852
7590.0 -0.00089149790027 19.60390239483412 -155.03144643831354 350000.93411266338080 85.06200300709607 31.86708119595983
7620.0 -0.00065302763382 19.59085704920274 -155.02824009309367 349988.44334504194558 85.23872219521080 34.04915628893433
7650.0 -0.00051014544803 19.57781539592336 -155.02507077983529 349971.05217211134732 85.40840399028029 36.38950744685288
7680.0 -0.00082408110835 19.56479532084437 -155.02188774131014 350026.38949879817665 85.57035057226256 38.90514030262050
7710.0 -0.00016300369069 19.55173309464280 -155.01876797291413 349999.25714960880578 85.72356912913517 41.60172582388632
7740.0 -0.00037128992697 19.53866305446375 -155.01567372677604 349967.23835397977382 85.86709919332495 44.48990288752976
7770.0 -0.00060674167222 19.52560773352464 -155.01256393084614 350007.94510674476624 85.99987293058645 47.57848052424526
7800.0 -0.00036726562599 19.51254664381654 -155.00948433788017 350043.76300509832799 86.12072789910796 50.86496841681188
7830.0 -0.00049907714299 19.49945004688219 -155.00646522891833 349997.05917563103139 86.22850559094238 54.34918235318435
7860.0 -0.00021230935538 19.48636750139423 -155.00343427816145 350023.07885457389057 86.32202276400363 58.02367293967244
7890.0 -0.00039443113496 19.47325521346769 -155.00046456464139 349966.55210555437952 86.40014033723193 61.87278428868198
7920.0 -0.00011068305044 19.46014635067741 -154.99747649539984 349982.73412353452295 86.46176149431327 65.87662560136559
7950.0 -0.00011671891097 19.44703532699720 -154.99451992149525 349994.00917173363268 86.50608370579114 69.99888840983041
7980.0 -0.00010766452923 19.43390144410544 -154.99157625440142 350000.32433848734945 86.53224412590541 74.21060229974654
8010.0 -0.00039040801586 19.42076883588536 -154.98866634622354 350001.73175649624318 86.54002562988882 78.46058153617520
8040.0 -0.00015696783016 19.40761722741971 -154.98577203232435 349998.16618947871029 86.52905933149351 82.71164767287259
8070.0 0.00021734061802 19.39446160442565 -154.98290607795633 349989.66818380262703 86.49967172059080 86.91382922482063
8100.0 -0.00066308897721 19.38129558442310 -154.98006252337507 349976.20920987706631 86.45221561194921 91.02773171215679
8130.0 -0.00046989652883 19.36811194694889 -154.97723472079036 349957.74554917123169 86.38724522158050 95.01887687582708
8160.0 0.00032701552492 19.35491918218750 -154.97439284184532 350011.96946214605123 86.30589484451285 98.85326465910686
8190.0 0.00005232300401 19.34172151699362 -154.97161575329770 349983.57804981898516 86.20911077872680 102.51064472659947
8220.0 -0.00044977266018 19.32850202089616 -154.96881648039235 350027.81226927880198 86.09798675115383 105.97691179251342
8250.0 -0.00005534270710 19.31528345992212 -154.96608267131677 349989.42676891013980 85.97371861847722 109.24407704451301
8280.0 -0.00072547332462 19.30203221489583 -154.96332025734776 350023.59467505104840 85.83730694952786 112.31159039764036
8310.0 0.00000402430098 19.28879650701764 -154.96063152164839 349975.20230273343623 85.69021524274537 115.17968766997470
8340.0 0.00011370275352 19.27551766508189 -154.95790815282666 349999.28326478414237 85.53303216516869 117.85787577072536
8370.0 0.00006137738575 19.26223753448344 -154.95521545027131 350018.40878478810191 85.36728525040101 120.35172801911418
8400.0 -0.00015193656753 19.24893560944313 -154.95253543262652 350032.40574881061912 85.19340082386157 122.67399419065194
8430.0 -0.00033909079162 19.23565842475068 -154.94992814631189 349963.84680906962603 85.01254057725230 124.83420970576616
8460.0 0.00050008292276 19.22230530349022 -154.94724544656830 350045.29485912062228 84.82528359162785 126.84438008276804
8490.0 -0.00011973861405 19.20900019951332 -154.94467151709043 349966.52783972769976 84.63210499541822 128.71609687994015
8520.0 -0.00066208201556 19.19561556740928 -154.94202581254308 350037.75364678725600 84.43394166237621 130.45926331299569
8550.0 0.00029683149475 19.18225680927334 -154.93944865590720 350026.37649928685278 84.23117383648994 132.08454431421146
8580.0 0.00047090230861 19.16888537140861 -154.93688987841716 350009.88004956487566 84.02421988578773 133.60161886898192
8610.0 0.00008552791915 19.15550309466760 -154.93435068792934 349988.27345077041537 83.81352804110053 135.01934395369267
8640.0 -0.00045379932492 19.14210269472520 -154.93182455305237 349961.45894743688405 83.59927733163714 136.34608531363014
8670.0 0.00073855437109 19.12864674563648 -154.92927339680867 350007.01234578061849 83.38218490985224 137.58906148641523
8700.0 -0.00027066940181 19.11516219849737 -154.92672947133130 350047.22232445143163 83.16201068010109 138.75547814360024
8730.0 0.00049102972291 19.10173315648152 -154.92426590409383 350005.04419671371579 82.93960653019130 139.85134530909750
8760.0 0.00038336282991 19.08828506825535 -154.92181321296849 349957.58961005415767 82.71468575749157 140.88253447056027
8790.0 0.00060573589244 19.07476812431752 -154.91933028532341 349982.34281569905579 82.48781767093689 141.85417479802584
8820.0 0.00091665066780 19.06123528545122 -154.91686392968512 350001.86040688678622 82.25901801885286 142.77100141864790
8850.0 -0.00045480392281 19.04767919059094 -154.91440761949497 350016.01760043669492 82.02826289740084 143.63723261518788
8880.0 0.00087137284973 19.03411483379840 -154.91197360072681 350025.02128696721047 81.79605734719348 144.45683617937527
8910.0 0.00123360839497 19.02053656637506 -154.90955677166897 350028.77668987587094 81.56238767114604 145.23331957025786
8940.0 0.00062686435900 19.00694284056580 -154.90715548348152 350027.24585214257240 81.32732764215540 145.96987349385708
8970.0 0.00038135245224 18.99333075015216 -154.90476695814570 350020.36527139600366 81.09090697394147 146.66936909686257
9000.0 0.00149521986941 18.97971192017603 -154.90240055497040 350008.31469839718193 80.85349744291356 147.33462777043871
9030.0 0.00075163541756 18.96606695620736 -154.90003973150658 349990.74980015400797 80.61471067384993 147.96777493815932
9060.0 0.00148214000481 18.95242075523299 -154.89770489778064 349968.08790707960725 80.37522161500829 148.57142286616150
9090.0 0.00138051133611 18.93865920675177 -154.89531993695374 350016.91163352038711 80.13459128773833 149.14723866817863
9120.0 0.00094080120120 18.92498125628976 -154.89301349527236 349983.51678076107055 79.89324983865910 149.69734600017367
9150.0 0.00147710874218 18.91119117967967 -154.89066268570295 350021.66166687104851 79.65109412965190 150.22332088334304
9180.0 0.00154150701289 18.89747639027191 -154.88837900363959 349977.37167157884687 79.40799594645858 150.72656090225465
9210.0 0.00118732006961 18.88365150789373 -154.88605572023172 350004.65706570819020 79.16436093969949 151.20879780778628
9240.0 0.00157068526328 18.86980969596840 -154.88374700799727 350026.50657437276095 78.92009385773139 151.67122996004517
9270.0 0.00185041022870 18.85605948891890 -154.88151220590237 349966.15328979864717 78.67519470907177 152.11503028883388
9300.0 0.00140466068763 18.84218059094997 -154.87922701245196 349976.99881912581623 78.42962735116308 152.54124319400395
9330.0 0.00163105923302 18.82829199816300 -154.87696130595623 349982.51397289801389 78.18370070490725 152.95115679880814
9360.0 0.00217340263452 18.81437413001158 -154.87469856410266 349982.25691891741008 77.93697912261879 153.34527555388439
9390.0 0.00179003625897 18.80045211622410 -154.87245916810889 349976.76349221821874 77.69008244134750 153.72504927001728
9420.0 0.00135837827166 18.78638069937348 -154.87016227419156 350042.03131353948265 77.44253569831410 154.09080480141404
9450.0 0.00186952713571 18.77242086384751 -154.86794603908078 350025.37655247468501 77.19472532952943 154.44365378780711
9480.0 0.00106053981525 18.75844471220723 -154.86574203230225 350003.16767351049930 76.94651633951815 154.78414247950684
9510.0 0.00143484708155 18.74444477688747 -154.86354375728249 349975.20585223007947 76.69775207940421 155.11274272292010
9540.0 0.00134932152617 18.73030081773695 -154.86129860885515 350018.11785985250026 76.44880399123828 155.43041590510299
9570.0 0.00094080120120 18.71627516006733 -154.85913057712372 349979.14206932298839 76.19955417760350 155.73759044598984
9600.0 0.00156766674208 18.70209264778814 -154.85690822347368 350010.72407885454595 75.94998042505519 156.03475326294526
9630.0 0.00138755652205 18.68788569809456 -154.85469345215805 350036.48685172945261 75.70002621367939 156.32232170752593
9660.0 0.00126781790800 18.67381278461013 -154.85256188667466 349980.66345685720444 75.44997771258329 156.60103340508854
9690.0 0.00072748606605 18.65956367588879 -154.85036479842950 349994.88108917977661 75.19938772871626 156.87084483987783
9720.0 0.00137648703513 18.64530756489660 -154.84818848658992 350003.68459292780608 74.94885268636250 157.13275765261412
9750.0 0.00156263547944 18.63102316585767 -154.84601516401818 350006.47953527048230 74.69788965209311 157.38663991845891
9780.0 0.00076773380336 18.61672608943764 -154.84385723597629 350003.67494866997004 74.44686663329286 157.63321172297645
9810.0 0.00140265030996 18.60240974762752 -154.84170894579978 349995.07093238364905 74.19563905428690 157.87264509239876
9840.0 0.00135636434835 18.58806662532392 -154.83956378896440 349980.42894971556962 73.94404161575476 158.10507182768541
9870.0 0.00170450952170 18.57354569675917 -154.83736491847031 350035.79264084435999 73.69242986457743 158.33114014087408
9900.0 0.00133422773826 18.55917103019773 -154.83524482032144 350009.66759454831481 73.44067915309590 158.55098848816212
9930.0 0.00155458569561 18.54477762080936 -154.83313330849049 349977.67769350204617 73.18875941364041 158.76483713754098
9960.0 0.00164615183904 18.53018778271594 -154.83095752534959 350015.13287178613245 72.93660663191650 158.97285772526158
9990.0 0.00137246273415 18.51558252779642 -154.82879613312701 350046.81975886132568 72.68449629654640 159.17555371462578
10020.0 0.00200939080030 18.50112216938224 -154.82670324250805 349996.80920046847314 72.43197957457326 159.37268023786288
10050.0 0.00148213882293 18.48647459177599 -154.82455822185037 350016.52447425201535 72.17963984349774 159.56502734600903
10080.0 0.00189569041053 18.47179579330266 -154.82241358868484 350029.90629785787314 71.92699412423624 159.75229481880001
10110.0 0.00156263429756 18.45729012751295 -154.82035356793949 349962.37054307293147 71.67440034354985 159.93502131641318
10140.0 0.00184538132983 18.44238510702104 -154.81815702367021 350038.88775703497231 71.42171121123738 160.11322667835566
10170.0 0.00217440605054 18.42783324539187 -154.81610527354320 349959.05383475311100 71.16875897980853 160.28690356408322
10200.0 0.00145094783111 18.41287864937118 -154.81392117794417 350023.18752940464765 70.91588969320215 160.45654831350990
10230.0 0.00116619160306 18.39809824534404 -154.81181718117944 350006.32064626831561 70.66297708839804 160.62217789141263
10260.0 0.00234244454950 18.38329630832086 -154.80971917382462 349983.29741277173162 70.40998806963975 160.78389555310773
10290.0 0.00247023176552 18.36826446327298 -154.80755044881329 350028.59356134384871 70.15685550771929 160.94176491135516
10320.0 0.00180009996612 18.35342261934750 -154.80546775326440 349993.31890861969441 69.90384864437290 161.09617262809846
10350.0 0.00161898278444 18.33854812551174 -154.80338083594992 349951.41417057719082 69.65052016435268 161.24679847672741
10380.0 0.00288680187432 18.32345315286953 -154.80123547886188 349978.15839138254523 69.39744454820601 161.39431302788748
10410.0 0.00206473232551 18.30832417598948 -154.79908786453862 349998.20602841768414 69.14414131430560 161.53835519705453
10440.0 0.00279121261178 18.29317703998003 -154.79695048976043 350012.11921629309654 68.89096163063294 161.67936510929729
10470.0 0.00194599830936 18.27800511179448 -154.79481756121962 350019.62687209155411 68.63775795617570 161.81729573689546
10500.0 0.00329431523763 18.26280079387325 -154.79268249699348 350020.40831722505391 68.38436235277565 161.95207863101842
10530.0 0.00226094093134 18.24757949354500 -154.79055743453173 350015.03093173820525 68.13111401564255 162.08412452528805
10560.0 0.00333053631021 18.23233554814524 -154.78843736370152 350003.25378833618015 67.87788697583100 162.21339572431793
10590.0 0.00256079094730 18.21706744507558 -154.78632064882021 349984.99190430901945 67.62464698842561 162.33993905727556
10620.0 0.00224584832531 18.20177210143225 -154.78420437228084 349960.09351973980665 67.37132552966798 162.46376634736399
10650.0 0.00353781676671 18.18622318758017 -154.78202031815923 350002.60217364225537 67.11818748939150 162.58519766680052
10680.0 0.00266342421389 18.17063341542990 -154.77982864236137 350037.90038874559104 66.86478818431652 162.70388781788398
10710.0 0.00233640514333 18.15527280815674 -154.77772848224487 349993.64401332568377 66.61169511407567 162.82043005670516
10740.0 0.00319973293675 18.13963437960359 -154.77554532720418 350015.77332232147455 66.35843118682146 162.93444576486277
10770.0 0.00269863950670 18.12397532093226 -154.77336978798380 350031.44717430975288 66.10534232498567 163.04631426987802
10800.0 0.00388495616029 18.10854116694400 -154.77127526539115 349967.25445723347366 65.85228173136726 163.15595804353407
10830.0 0.00273888960777 18.09256767966034 -154.76901734722162 350042.13872699625790 65.59908107701081 163.26328026286825
10860.0 0.00314841453063 18.07708465095256 -154.76692589050870 349964.53392190579325 65.34607617831264 163.36863884508105
10890.0 0.00363541640692 18.06106124948822 -154.76467704089958 350025.98956444114447 65.09314105256988 163.47196991449738
10920.0 0.00382961581695 18.04526892407075 -154.76250868910719 350007.68959706369787 64.84024112541246 163.57329109441821
10950.0 0.00442428222247 18.02944691697363 -154.76033801331468 349982.36940670572221 64.58730723670772 163.67258779547601
10980.0 0.00331141822132 18.01333895463994 -154.75809356764503 350023.06200821604580 64.33460082441383 163.77013784285376
11010.0 0.00416065800661 17.99745895425399 -154.75591998018768 349983.68952326942235 64.08168026873444 163.86559244023184
11040.0 0.00438000663854 17.98129341590410 -154.75367594676888 350010.34007197804749 63.82910705180861 163.95948980699916
11070.0 0.00364849863527 17.96536559584918 -154.75150601852445 349957.26644782908261 63.57640781450716 164.05145211060071
11100.0 0.00416669386714 17.94914094725365 -154.74925937119443 349969.67919915448874 63.32392398611451 164.14181735252484
11130.0 0.00425725186704 17.93288676875228 -154.74701172963162 349974.93857371527702 63.07150995582501 164.23049425964646
11160.0 0.00475129774739 17.91659539702498 -154.74475634797227 349972.63743265252560 62.81899967069589 164.31737469083916
11190.0 0.00482475158172 17.90028240158360 -154.74250555546820 349963.50042823795229 62.56672175953344 164.40277729964760
11220.0 0.00474526188686 17.88365199377802 -154.74017089457593 350018.87108592782170 62.31455277665096 164.48662729860663
11250.0 0.00408619602875 17.86728031017809 -154.73791715753546 349995.23991180583835 62.06245820952992 164.56892639018341
11280.0 0.00471507549293 17.85058124257960 -154.73557426419987 350035.59483169391751 61.81036863011902 164.64964595479219
11310.0 0.00469193310307 17.83415551447818 -154.73331955741642 349997.57272501289845 61.55854247998555 164.72903471050475
11340.0 0.00450980777786 17.81768969910708 -154.73105192898953 349951.62274682428688 61.30654139579557 164.80674946430111
11370.0 0.00549287063968 17.80060322340007 -154.72862316634914 350041.23897929582745 61.05492134220678 164.88328666864837
11400.0 0.00510950780977 17.78408279571909 -154.72635320073326 349980.68961282633245 60.80321284847504 164.95827699298169
11430.0 0.00519805306824 17.76723400977731 -154.72400052694690 349984.02891537267715 60.55175324198969 165.03202829222718
11460.0 0.00448968390920 17.75035372977669 -154.72164395519940 349979.79269708413631 60.30039831484632 165.10444370070621
11490.0 0.00481469023833 17.73312008482296 -154.71919068355783 350038.13871661201119 60.04898337642611 165.17541052260006
11520.0 0.00490323549680 17.71617443402486 -154.71682478834552 350018.53457276988775 59.79783242773269 165.24521945871837
11550.0 0.00485795531497 17.69919963051557 -154.71445546907418 349991.37428872101009 59.54682363524314 165.31379087239034
11580.0 0.00496562102608 17.68187210600499 -154.71199424571981 350026.79103314969689 59.29592274961344 165.38111746858877
11610.0 0.00453798143035 17.66483029620402 -154.70961127341440 349983.95315814763308 59.04506027164398 165.44716301456262
11640.0 0.00426832135396 17.64743982910817 -154.70714260955430 350003.89701308961958 58.79449188244244 165.51215489564058
11670.0 0.00512158071271 17.63000207882314 -154.70465723558036 350015.16349132917821 58.54378258580459 165.57575927617484
11700.0 0.00530672455913 17.61254379997839 -154.70217695626766 350019.23545602802187 58.29348308169752 165.63843954034789
11730.0 0.00467381961208 17.59504273871686 -154.69968267623577 350014.80107998009771 58.04312788306679 165.69983780804270
11760.0 0.00513063745820 17.57751522437169 -154.69718752632636 350002.76463346090168 57.79305041930768 165.76023880635640
11790.0 0.00542847355085 17.55995457607242 -154.69468540149498 349982.70261783804744 57.54310800283579 165.81954417402116
11820.0 0.00504209219973 17.54200998583289 -154.69208027241672 350023.35650931298733 57.29313742444359 165.87764042848713
11850.0 0.00640449240861 17.52438076650610 -154.68956257912959 349987.00946978479624 57.04345823792524 165.93479657889500
11880.0 0.00612376166342 17.50637254469845 -154.68694877424903 350011.64345966652036 56.79395031253731 165.99093162340284
11910.0 0.00494851449675 17.48832699544624 -154.68432614407070 350027.89078273531049 56.54457977304318 166.04603306980542
11940.0 0.00666912476801 17.47059441751391 -154.68178160313258 349966.79749505873770 56.29527716474549 166.10006055189970
11970.0 0.00626966118854 17.45212703947334 -154.67905484272015 350035.24615203496069 56.04629552779618 166.15322509370935
12000.0 0.00697199212329 17.43432297487503 -154.67648874808268 349957.30262955371290 55.79720331847638 166.20520342644909
12030.0 0.00637833031567 17.41577988696654 -154.67374337806146 350008.66879535000771 55.54854608441917 166.25643200504607
12060.0 0.00662786888716 17.39755123926014 -154.67107128252027 349982.55287062097341 55.29986240234549 166.30656512757557
12090.0 0.00679087612349 17.37892854008669 -154.66830362404491 350016.44203075394034 55.05148190420699 166.35586913479816
12120.0 0.00684319676375 17.36063518852263 -154.66561695867512 349973.65471861883998 54.80326349484342 166.40424624537513
12150.0 0.00689753369107 17.34192825094198 -154.66282074745075 349989.58279126975685 54.55504552295092 166.45158407032196
12180.0 0.00727284791902 17.32318988718818 -154.66001944640377 349997.16942968126386 54.30714318904510 166.49813422238668
12210.0 0.00616300243908 17.30441452698217 -154.65720772414372 349996.01072920206934 54.05943811682554 166.54381613035554
12240.0 0.00705550611913 17.28560078457267 -154.65438380256452 349985.97013988811523 53.81189687053200 166.58861427778740
12270.0 0.00715713360595 17.26674547940398 -154.65154434799803 349966.78668339550495 53.56445011546330 166.63248611372512
12300.0 0.00752138189262 17.24747723994458 -154.64860618976229 350006.32983133010566 53.31734830552900 166.67562969341745
12330.0 0.00813818254447 17.22815408487103 -154.64564355240935 350035.78194169141352 53.07016342950289 166.71773231275228
12360.0 0.00647190801865 17.20919239699588 -154.64277337443414 349990.18204504158348 52.82343591306201 166.75920807923345
12390.0 0.00706456168274 17.18979387345295 -154.63978770490536 350001.62019810266793 52.57670847614465 166.79972315288865
12420.0 0.00745396391883 17.17036173243093 -154.63679405653815 350004.28044301271439 52.33030699507000 166.83952888629995
12450.0 0.00729397756746 17.15088929909371 -154.63378602959921 349997.65343477204442 52.08409201707434 166.87852910179188
12480.0 0.00777595054487 17.13136882083498 -154.63075623681553 349981.13806378468871 51.83790350519872 166.91661340136847
12510.0 0.00801039414658 17.11141460289771 -154.62762236492313 350021.84741054289043 51.59205235086863 166.95401911556038
12540.0 0.00795102950226 17.09182185870720 -154.62456970714419 349987.12432395201176 51.34642196471967 166.99066700917126
12570.0 0.00725775413112 17.07178352399152 -154.62140510298894 350008.74145055189729 51.10097939216980 167.02653982385576
12600.0 0.00765017370653 17.05210707989439 -154.61831699988005 349954.79224467277527 50.85565547268909 167.06159393615567
12630.0 0.00724769278773 17.03198977634674 -154.61512352879427 349957.48848600964993 50.61069809255985 167.09601687616276
12660.0 0.00879724485694 17.01140304089518 -154.61180451052519 350014.75909597892314 50.36568285304750 167.12950593086896
12690.0 0.00775482089644 16.99119983505530 -154.60857712769749 349997.87611178122461 50.12114504076219 167.16245642798734
12720.0 0.00777896788419 16.97052711545807 -154.60522644124768 350035.50194929353893 49.87663160045570 167.19454559581703
12750.0 0.00830018163727 16.95023686860405 -154.60196138103129 349998.73873411584646 49.63246466152269 167.22601235223780
12780.0 0.00741170462196 16.92990601388586 -154.59867808755493 349952.16078791208565 49.38850645220428 167.25676258276110
12810.0 0.00752842116917 16.90867447751377 -154.59517200687938 350024.12869586236775 49.14459859575620 167.28668825099660
12840.0 0.00791078176495 16.88825802558949 -154.59184994456461 349957.47807837836444 48.90104769108089 167.31601476549017
12870.0 0.00852355929769 16.86694173113247 -154.58831183003187 350009.44800466950983 48.65773895812332 167.34466464862018
12900.0 0.00851349677242 16.84600998542340 -154.58485206750146 349986.82899317238480 48.41463995175211 167.37261967423939
12930.0 0.00787455832861 16.82503102610303 -154.58136828139214 349953.65963294170797 48.17168172915790 167.39983578484311
12960.0 0.00760992596921 16.80357966824458 -154.57777143933731 349974.63323165569454 47.92910960668793 167.42649182470581
12990.0 0.00892402865694 16.78206797364936 -154.57414093951209 349983.94799652229995 47.68650287915268 167.45229424525240
13020.0 0.00859500039059 16.76052370107889 -154.57050106767124 349983.77691346127540 47.44439165021232 167.47762246376158
13050.0 0.00974609702386 16.73892402888809 -154.56683042668433 349972.21493923850358 47.20232717259311 167.50216378625865
13080.0 0.00834143751812 16.71728583081938 -154.56314353614877 349950.57676415611058 46.96062781922575 167.52614668839834
13110.0 0.00900351835180 16.69470235099174 -154.55923051572267 350044.07489814609289 46.71915753178362 167.54947927011560
13140.0 0.00919872235972 16.67296128511478 -154.55548897594775 350000.04151498712599 46.47775963322725 167.57205594020175
13170.0 0.00939191480810 16.65072864402618 -154.55162824933501 350008.47939754091203 46.23673643200327 167.59409203854088
13200.0 0.00948850985041 16.62844900902767 -154.54774408491195 350005.96647033747286 45.99597497388918 167.61551199879528
13230.0 0.01015663009026 16.60612112392371 -154.54383451491589 349992.33339848555624 45.75544334431962 167.63629710158824
13260.0 0.00846821777247 16.58374179469123 -154.53989575916611 349967.24001224339008 45.51507285499981 167.65640321608882
13290.0 0.00954586411706 16.56086009281497 -154.53583568755536 349993.66811787895858 45.27510623961315 167.67600193714387
13320.0 0.00962837115124 16.53791397714117 -154.53173636207046 350007.44315841328353 45.03512656710270 167.69480796092645
13350.0 0.01060338422923 16.51493148128959 -154.52762295062126 350010.93743417784572 44.79565870066156 167.71318716139672
13380.0 0.00925909632946 16.49188964727159 -154.52347323541133 350002.07568251900375 44.55625828404471 167.73083587521100
13410.0 0.00938487080404 16.46880550389663 -154.51930223446220 349982.29080611933023 44.31723991496259 167.74797373829486
13440.0 0.01062954514030 16.44567240943130 -154.51510288382158 349950.93130201753229 44.07846927678934 167.76451104655717
13470.0 0.01000670508228 16.42152689225731 -154.51065608215677 350029.02228934969753 43.83979142793246 167.78034458136523
13500.0 0.01072111010185 16.39829201907654 -154.50639731794425 349974.02053469419479 43.60150438157788 167.79568111106832
13530.0 0.01026932351837 16.37404647194593 -154.50189815742468 350028.62322388775647 43.36349702213483 167.81044698509680
13560.0 0.01081972024935 16.35071401617222 -154.49758034383308 349950.08416050020605 43.12573798234516 167.82462328354123
13590.0 0.01032869052645 16.32636269977829 -154.49301975216861 349980.39870195835829 42.88825716061834 167.83823278288935
13620.0 0.01112862228328 16.30194930653209 -154.48842004315176 349997.63575552962720 42.65089634709225 167.85117045811194
13650.0 0.01121616294386 16.27749284892758 -154.48379844130810 350003.49761941097677 42.41400189952107 167.86367360626190
13680.0 0.01097467415621 16.25296930589525 -154.47913094634612 349995.64949198719114 42.17711625862768 167.87543439371933
13710.0 0.01106623911776 16.22840700602639 -154.47444382736830 349976.69669051282108 41.94075834990827 167.88680608174812
13740.0 0.01156632322240 16.20328482958083 -154.46960528695774 350003.70401323772967 41.70448880898771 167.89749375407345
13770.0 0.01256347054672 16.17811357656861 -154.46473881315853 350018.55371582787484 41.46861805209824 167.90770887686725
13800.0 0.01279489799098 16.15338905477019 -154.45994629092823 349961.55191998742521 41.23301368038358 167.91736400606572
13830.0 0.01317624926134 16.12759625288737 -154.45489126608535 350008.80658496636897 40.99752269667174 167.92635834074915
13860.0 0.01276672315660 16.10175201699844 -154.44980654083568 350043.51928426697850 40.76243844729166 167.93489072092703
13890.0 0.01215998384815 16.07635994452555 -154.44479622358728 350006.63725225627422 40.52765178863439 167.94288946501041
13920.0 0.01340465818440 16.05091429223184 -154.43974851693747 349956.77508823480457 40.29313194324769 167.95033562117052
13950.0 0.01393090320011 16.02490386117499 -154.43455332960346 349952.15513045806438 40.05890773453135 167.95725007558602
13980.0 0.01421465364839 15.99779878922999 -154.42908907048579 350049.26257362868637 39.82482336450997 167.96353049332544
14010.0 0.01479925752864 15.97167570720369 -154.42381894351084 350017.95004499889910 39.59122050667857 167.96940620779452
14040.0 0.01500251132041 15.94548386924247 -154.41849551322929 349971.85011152084917 39.35764671624135 167.97457732813098
14070.0 0.01498238745175 15.91820822985751 -154.41292106033546 350028.56233589816839 39.12461491223807 167.97938651601359
14100.0 0.01492905748608 15.89190863256391 -154.40752092077213 349955.75540042202920 38.89169080834828 167.98354642467848
14130.0 0.01503873475675 15.86451088954312 -154.40186016103030 349984.27140415366739 38.65918061619779 167.98726165800645
14160.0 0.01501257266380 15.83705210954306 -154.39615627350565 349998.59643962327391 38.42695388062759 167.99044683927193
14190.0 0.01645647767273 15.80952453764094 -154.39040016983358 349997.81243508588523 38.19485958299455 167.99300334479253
14220.0 0.01692637420156 15.78194470739017 -154.38460749064635 349983.58313362300396 37.96318639774186 167.99512331124572
14250.0 0.01635887448688 15.75430731040623 -154.37877167165524 349955.25929328519851 37.73182716307772 167.99673687942882
14280.0 0.01735401143353 15.72553827529449 -154.37265964967258 350024.82201468199492 37.50075170595562 167.99782518951594
14310.0 0.01750192488196 15.69778160743621 -154.36673316811704 349967.67112577520311 37.26998780221817 167.99840757590025
14340.0 0.01688109520161 15.66887927996400 -154.36052040599702 350006.84550677612424 37.03938208417130 167.99838410977793
14370.0 0.01732080533652 15.63992371593420 -154.35427102243389 350032.19741373136640 36.80927152260936 167.99797743507324
14400.0 0.01731476947599 15.61089059121298 -154.34795840089419 350040.93584154639393 36.57920886786039 167.99689444448470
14430.0 0.01845480016798 15.58180888967479 -154.34161153606755 350036.18874527141452 36.34970096922685 167.99546893105202
14460.0 0.01808049053792 15.55265523657546 -154.33520464212992 350015.24331764224917 36.12031869742169 167.99342001696289
14490.0 0.01749789821722 15.52344721764209 -154.32875491378985 349979.98142684530467 35.89136403975867 167.99094655049035
14520.0 0.01911285788256 15.49307275988678 -154.32201673817846 350038.79126360733062 35.66270850772670 167.98796500240965
14550.0 0.01948817211051 15.46373113617083 -154.31545447929233 349971.85532080382109 35.43420309184120 167.98437866370995
14580.0 0.01890256008672 15.43322402059999 -154.30860885412136 349999.06366375088692 35.20613179346055 167.98037400533610
14640.0 0.01880898356562 15.37201322962886 -154.29475652264605 350005.91895680222660 34.75094647572023 167.97088640116974
14670.0 0.01912292040782 15.34131079576231 -154.28774835107859 349985.50093398243189 34.52382965623663 167.96540279378030
17340.0 0.01997114850394 11.18036826489305 -153.04622011843361 349953.01880193129182 15.67903244420579 165.57129329770513
17370.0 0.01992083942323 11.10961876092024 -153.02111394177507 350019.98043565824628 15.48405040072304 165.52339413543797
17400.0 0.01444306257145 11.04017115895260 -152.99614564029423 349979.99691774509847 15.28946195673819 165.47502276177710
17430.0 0.01408283858576 10.96921462041311 -152.97059252821265 349980.94225034862757 15.09513493605360 165.42608885509000
17460.0 0.00976219777342 10.89676135002101 -152.94447836757848 350025.69273612461984 14.90131642591902 165.37675859597977
17490.0 0.00760489470658 10.82420985436078 -152.91814339348369 350038.25489251501858 14.70791717133120 165.32697083837877
17520.0 0.00308603018323 10.75156020914537 -152.89158266041633 350018.33575762528926 14.51491288774645 165.27670824551734
17550.0 -0.00408116594799 10.67881550047187 -152.86479673686244 349966.31348946876824 14.32232315577380 165.22598322791481
17580.0 -0.00665906224274 10.60313801623967 -152.83704132042789 350026.24757530726492 14.13001684920916 165.17470556600188
17610.0 -0.01134596408318 10.52878938597217 -152.80943575253792 349982.93195788469166 13.93828850165494 165.12307499209194
17640.0 -0.01683380346023 10.45149240232866 -152.78083303060311 350048.38771694991738 13.74674012027215 165.07081911308185
79530.0 0.00523397512521 24.55552462226699 -170.57691215962757 350029.21602922119200 3.71726766280764 292.58222857703043
79590.0 -0.00933687348037 24.59888256080978 -170.37858691756338 350011.60163500811905 3.91521945887413 292.94333102653133
79620.0 -0.00470098866669 24.61944556627626 -170.27871257420472 349954.40167916845530 4.01442259235608 293.12365902129778
79650.0 -0.00920576636379 24.63991013255117 -170.18050447671817 349952.46329731028527 4.11393802336613 293.30395298697113
79680.0 -0.00685527321233 24.66026218561267 -170.08400676803967 349999.90437295474112 4.21354037899074 293.48404576515719
79710.0 0.00134831456451 24.68004739436774 -169.98757898484644 350036.29266672488302 4.31331224486998 293.66399563179255
79740.0 0.00243803381204 24.69878201309254 -169.88960347906621 349999.44264246150851 4.41327699154513 293.84381752818143
79770.0 -0.00516182963191 24.71694255098257 -169.79170895574950 349951.56447402946651 4.51342120364772 294.02349947192386
79800.0 0.00462451749303 24.73554283532388 -169.69709627465289 350021.37656164728105 4.61386898304447 294.20313018049251
79830.0 -0.01404661751318 24.75256520195477 -169.59937627212568 349950.58649166114628 4.71434412998595 294.38250526839590
79860.0 -0.00138554378062 24.77006364340810 -169.50491300203649 350000.22170018404722 4.81522990409469 294.56190324257102
79890.0 -0.00536608802157 24.78698782684194 -169.41057701616492 350033.70497342105955 4.91609665245196 294.74100734429362
79920.0 -0.00563474704570 24.80286595845536 -169.31469559707938 349997.17288656532764 5.01731061916624 294.92008365588345
79950.0 -0.00706959412726 24.81870107260338 -169.22052772875253 350010.31071744859219 5.11862326731472 295.09894804797619
79980.0 -0.00787656870628 24.83399352979032 -169.12645216381534 350012.71894594002515 5.22013999930847 295.27767560436507
80010.0 -0.00396645977846 24.84875957394832 -169.03244668138973 350007.42978854291141 5.32198724923374 295.45635683547277
80040.0 -0.01610028035178 24.86297309253560 -168.93856170415407 349988.78456257469952 5.42393881856374 295.63482397147385
80070.0 -0.01254535941949 24.87718984536203 -168.84636992840549 350022.07630363199860 5.52607723711523 295.81313537539393
80100.0 -0.01466241474902 24.89032980442538 -168.75269546635388 349981.21320284437388 5.62842567507442 295.99130594382723
80130.0 -0.01534663337466 24.90348672182695 -168.66071365030135 349992.51394296810031 5.73097104395325 296.16932402120614
80160.0 -0.00747106926628 24.91613139800294 -168.56881683515192 349995.56515151727945 5.83383782523056 296.34727874547855
80190.0 -0.00975112828650 24.92879808295690 -168.47863917157824 350047.22065542452037 5.93674800924056 296.52496439042710
80610.0 -0.00816062053393 25.05694402409441 -167.23790591642381 350028.31777857150882 7.40172380573570 298.99759640457432
80640.0 -0.01079758245738 25.06339928571856 -167.15269025416370 350045.89700781181455 7.50811605232437 299.17307952432168
80670.0 -0.01208049415329 25.06873367454951 -167.06611531617756 349985.15275450702757 7.61463969651693 299.34832631404709
80700.0 -0.01251517302556 25.07488082255566 -166.98272727061473 350043.07618858478963 7.72140083754624 299.52341264539410
80730.0 -0.01030252843350 25.07993145265030 -166.89794077023828 350027.62277139909565 7.82852732763267 299.69843036065146
80760.0 -0.01441186803399 25.08450726446751 -166.81332452872681 349998.68922706600279 7.93579110831824 299.87321036735119
80790.0 -0.01253731081753 25.08861732825801 -166.72886563811872 349957.99598901905119 8.04327464909623 300.04781124736724
80820.0 -0.01401844267881 25.09359184923423 -166.64756978007966 350036.75737576559186 8.15100070723794 300.22224781604552
80850.0 -0.01283112260920 25.09678704297491 -166.56342132687456 349973.23355956468731 8.25895683851657 300.39650908685593
80880.0 -0.01498842449416 25.10087699752265 -166.48240594370705 350031.80127459205687 8.36726838273782 300.57068512415077
80910.0 -0.01078148170783 25.10383647381353 -166.40008104113508 350009.94958915933967 8.47565340961455 300.74456733397761
80940.0 -0.01552674359469 25.10636730459580 -166.31787451846526 349981.32008025236428 8.58450482902069 300.91844203155068
80970.0 -0.00972597433709 25.10912025128497 -166.23735837022943 350002.60193113796413 8.69338177071926 301.09198405846308
81000.0 -0.01345094414601 25.11145071505950 -166.15697179292991 350015.77328683529049 8.80265911570501 301.26546654666879
81030.0 -0.00861814159857 25.11334000184566 -166.07676570882285 350015.53641500324011 8.91208321651824 301.43870165001579
81060.0 -0.01237833142782 25.11479823895500 -165.99672281974978 350004.01415726076812 9.02176055922865 301.61176567475070
81090.0 -0.01405164641206 25.11583678660131 -165.91682190243290 349983.72698192857206 9.13181975797485 301.78475118557787
81120.0 -0.00825087715446 25.11714626197116 -165.83857497227737 350016.46959313564003 9.24203172275988 301.95748834993918
81150.0 -0.01089820416443 25.11803657578317 -165.76049544968646 350037.57852380257100 9.35247891899094 302.13003589100941
81180.0 -0.01109843588936 25.11779621831140 -165.68112338700880 349980.68959688302130 9.46318389203945 302.30240858965942
81210.0 -0.01517256019705 25.11857041251818 -165.60483918257719 350045.73339696414769 9.57413451731426 302.47459580013850
81240.0 -0.01246989402561 25.11750219914609 -165.52579620911885 349967.87674608640373 9.68545661375828 302.64668810867317
81270.0 -0.01276068729608 25.11745713359437 -165.44986009989216 350009.19533728621900 9.79686614229077 302.81847535602770
81300.0 -0.01075532079676 25.11702656221895 -165.37405133292216 350043.62814582791179 9.90875950681057 302.99024672064542
81330.0 -0.01459197943589 25.11544629888299 -165.29701534810562 349995.08239465020597 10.02069177418852 303.16167396351341
81360.0 -0.01113466168945 25.11421009892511 -165.22156715721999 350005.42371401004493 10.13304095474538 303.33303281140320
81390.0 -0.01363206014581 25.11257131577471 -165.14631317275260 350002.41866818070412 10.24555152609031 303.50413402902291
81420.0 -0.00675062720430 25.11053882493227 -165.07123641271460 349988.05680189561099 10.35833038697048 303.67505439379573
81450.0 -0.01209156127645 25.10887347684668 -164.99773885777594 350032.60423545446247 10.47150694881968 303.84588724248164
81480.0 -0.01500351710018 25.10606422475179 -164.92301498831790 349995.97237881179899 10.58485102501932 304.01646192860562
81510.0 -0.01047459005157 25.10362390383716 -164.84989383292501 350015.59616979211569 10.69844509419652 304.18683734493135
81540.0 -0.00870165677629 25.10080464123544 -164.77695099052127 350023.92872384376824 10.81231148647854 304.35702824346430
81570.0 -0.01596746187313 25.09684111956560 -164.70278450121134 349952.23493097536266 10.92643839680062 304.52702432263743
81600.0 -0.01089518446135 25.09404139568025 -164.63159370056877 350008.11030354723334 11.04095215638867 304.69691674160049
81630.0 -0.01218916209854 25.09086528953722 -164.56061059037910 350049.62727435957640 11.15556652038386 304.86649365949773
81660.0 -0.00991514248449 25.08656009181367 -164.48837259183057 350015.13415244035423 11.27068152568246 305.03604729805107
81690.0 -0.01187723799776 25.08187200169009 -164.41636370556699 349965.00112174358219 11.38584801639901 305.20524614060474
81720.0 -0.01242662776709 25.07760914980814 -164.34590472305456 349975.22116417810321 11.50144725715757 305.37436867886095
81750.0 -0.00893811548319 25.07298145666152 -164.27564907771676 349972.22066727466881 11.61722176736660 305.54322418101856
81780.0 -0.01341975197231 25.06799661086272 -164.20558013487425 349957.86369989253581 11.73327888418797 305.71188994024413
81810.0 -0.01042830527184 25.06345877084911 -164.13705051470524 350003.99475205410272 11.84974885159015 305.88046012525638
81840.0 -0.01061042586954 25.05856896176149 -164.06872111301527 350037.14599901344627 11.96640032357743 306.04876318400659
81870.0 -0.00867549704710 25.05253060394802 -163.99921520464571 349988.78526122495532 12.08331580903494 306.21685821304220
81900.0 -0.01264497416488 25.04694845305069 -163.93126428088604 349998.94420402776450 12.20051741952891 306.38475994232783
81930.0 -0.01047962131420 25.04102449169735 -163.86350366187941 349997.58344024978578 12.31799367060624 306.55245841749922
81960.0 -0.00880529700454 25.03476650922400 -163.79591376755536 349986.80970158614218 12.43587143836388 306.72004543167469
81990.0 -0.00999060669648 25.02816252391573 -163.72854587396242 349961.62089085951447 12.55386217727691 306.88730732187719
82020.0 -0.00860506173398 25.02205305319423 -163.66267625239496 349999.54882167745382 12.67236969534569 307.05453956799749
82050.0 -0.01001274094281 25.01560579856735 -163.59703221951014 350022.44523659534752 12.79094045626421 307.22140713923648
82080.0 -0.00963742789674 25.00883998163923 -163.53155066120476 350036.73702463973314 12.90995910265013 307.38819149549744
82110.0 -0.00925305810517 25.00174573903135 -163.46627727796044 350038.00631159078330 13.02916611467715 307.55470027903567
82140.0 -0.00660372189940 24.99432963796209 -163.40119580754231 350027.99969956930727 13.14866929321056 307.72101135206515
82170.0 -0.00926110670713 24.98659886303339 -163.33628634349199 350008.80511207226664 13.26859974951462 307.88721978649028
82200.0 -0.01009927700549 24.97854540017390 -163.27158956057576 349976.52635274641216 13.38872491808202 308.05315301358729
82230.0 -0.00835652894226 24.97101716427233 -163.20840567692397 350004.36361994128674 13.50912735464662 308.21887037436505
82260.0 -0.00667214210734 24.96318053242529 -163.14541185392000 350021.06035502254963 13.62982894892960 308.38438658500974
82290.0 -0.00599295474432 24.95418797355146 -163.08130844395620 349954.13238021731377 13.75081853917587 308.54969204102196
82320.0 -0.01094549354205 24.94659250198025 -163.01998620433250 350022.28425706364214 13.87222357797536 308.71487924148232
82350.0 -0.00601207401509 24.93783845770724 -162.95758464629304 350004.08037162013352 13.99375312710842 308.87973253446205
82380.0 -0.01020593339119 24.92879144728031 -162.89534232337002 349978.17666182853281 14.11581490182793 309.04455091135748
82410.0 -0.00930336836775 24.92029761533522 -162.83462076940503 350010.22567491885275 14.23795083075893 309.20899554716647
82440.0 -0.00592855765549 24.91151753684469 -162.77406439948891 350033.68121363688260 14.36054905640029 309.37335111021804
82470.0 -0.00843300129779 24.90244380037740 -162.71371714060533 350044.38960377220064 14.48334794089315 309.53742346285372
82500.0 -0.00965755176539 24.89308191472145 -162.65356313224910 350043.98711178917438 14.60645577350353 309.70129109938779
82530.0 -0.00968975090075 24.88343782689772 -162.59358296751927 350034.43428603652865 14.73000456669017 309.86505007865912
82560.0 -0.01060740971209 24.87350568153404 -162.53381560646937 350012.07791560143232 14.85376047842284 310.02852668308219
82590.0 -0.00712996573323 24.86328997755927 -162.47424938940941 349978.13580522406846 14.97780612713373 310.19178054587894
82620.0 -0.00992419568434 24.85367420794113 -162.41613603033184 350007.12732698023319 15.10216317725092 310.35482637925418
82650.0 -0.00599295474432 24.84378430021185 -162.35821604214468 350024.96162902470678 15.22682079266121 310.51765493100680
82680.0 -0.00602314113825 24.83273910080858 -162.29922645456963 349958.85726510360837 15.35190703345907 310.68035949078558
82710.0 -0.00642864176013 24.82319519597006 -162.24292703724754 350030.26841619424522 15.47726285232275 310.84282144215763
82740.0 -0.00609458223115 24.81249253788121 -162.18559956957779 350013.96376072522253 15.60280015708688 311.00497448107313
82770.0 -0.00615595843502 24.80152730405577 -162.12844433196585 349988.83587219379842 15.72881234480934 311.16703407263162
82800.0 -0.01023008392459 24.79119128091117 -162.07272967466884 350026.36741602234542 15.85503574911725 311.32880427455342
82830.0 -0.00620928840069 24.77969754762514 -162.01598350241525 349977.47597689367831 15.98157911183247 311.49036421328532
82860.0 -0.00668321159426 24.76884772020145 -161.96063428923011 349995.02770894579589 16.10857530489046 311.65181094122772
82890.0 -0.00715310812309 24.75774064325175 -161.90549342261110 350000.17317486833781 16.23578930486934 311.81296957842085
82920.0 -0.00720241260590 24.74638009334948 -161.85054953486232 349994.05511156562716 16.36330376398428 311.97390004736752
82950.0 -0.00785443445995 24.73476828497715 -161.79580068502452 349976.92580058053136 16.49114011077305 312.13461704740644
82980.0 -0.00472111135346 24.72381875717674 -161.74244791988247 350025.19645385630429 16.61928785143176 312.29511168138174
83010.0 -0.00845111242502 24.71171420279417 -161.68807226148894 349987.58361772727221 16.74787560953277 312.45547803519310
83040.0 -0.00744289561378 24.70027663660801 -161.63511101450894 350013.34209997951984 16.87660758461901 312.61549604665106
83070.0 -0.00694482543245 24.68860404735685 -161.58230508519429 350031.57309688627720 17.00589945433450 312.77547238290191
83100.0 -0.00620928721881 24.67576748657386 -161.52854597907339 349958.32992554735392 17.13528392409950 312.93505989955486
83130.0 -0.00862418100474 24.66454048380261 -161.47731442536113 350031.31800641864538 17.26515625086104 313.09455029589776
83160.0 -0.00765319340961 24.65215550072395 -161.42511272925927 350014.52588710840791 17.39525050784559 313.25374547742001
83190.0 -0.00500485943798 24.63953768117933 -161.37310530960090 349986.83717312291265 17.52567596918851 313.41272535422303
83220.0 -0.00477343553936 24.62762119456009 -161.32243442593719 350028.27467082627118 17.65656646935062 313.57158816661592
83250.0 -0.01020392183164 24.61454533428483 -161.27080987888178 349979.25118088629097 17.78768560943847 313.73015756634118
83280.0 -0.00690658925468 24.60217596078064 -161.22053717279780 349997.62276227585971 17.91911613163924 313.88849388202902
83310.0 -0.00530772915702 24.58958471987454 -161.17045369445356 350005.33528968505561 18.05087923119261 314.04661183248425
83340.0 -0.00557538003763 24.57677310925708 -161.12056199709687 350002.20603974908590 18.18296474849150 314.20450287838725
83370.0 -0.00615495383712 24.56374448303426 -161.07084462514436 349989.86510339099914 18.31550196880764 314.36226209708610
83400.0 -0.00533590399140 24.55143930666958 -161.02247767516806 350043.97701834701002 18.44819244787888 314.51966677088740
83430.0 -0.00293811673480 24.53798102843426 -160.97313294407076 350010.95610499475151 18.58145615097931 314.67702808292472
83460.0 -0.00575750299908 24.52430629555423 -160.92401570067707 349964.05099874269217 18.71482082134094 314.83399398107946
83490.0 -0.00867247734402 24.51137005522181 -160.87618833771265 349988.57773348875344 18.84868555194291 314.99086032553254
83520.0 -0.00198725419021 24.49822616054939 -160.82856225569827 350001.26253211498260 18.98278208646126 315.14742662914148
83550.0 -0.00598389918071 24.48487744691396 -160.78112289386104 350003.45688732061535 19.11722025226275 315.30377368362070
83580.0 -0.00437296618011 24.47132673074566 -160.73385243509156 349996.79092894308269 19.25213487597009 315.46000104678689
83610.0 -0.00685225232736 24.45757337891695 -160.68678505044619 349978.24455146118999 19.38728813679005 315.61593069556756
83640.0 -0.00749924291878 24.44457747735766 -160.64100427797462 350030.20174682978541 19.52276287934193 315.77162343799182
83670.0 -0.00240080577781 24.43042728417256 -160.59431489941258 349990.32476635929197 19.65858006085082 315.92709402792565
83700.0 -0.00588529021509 24.41704130100769 -160.54890283813594 350021.45905402209610 19.79472986115914 316.08233428730074
83730.0 -0.00777192269825 24.40346426649399 -160.50365698205476 350043.74253663979471 19.93134225269425 316.23744041375210
83760.0 -0.00415160244300 24.38873225904785 -160.45752544377129 349972.83096163533628 20.06825417851964 316.39228990006188
83790.0 -0.00654636645087 24.37477354230662 -160.41267621134176 349972.01388853508979 20.20537579958317 316.54681474852271
83820.0 -0.00415461978232 24.36159611260808 -160.36905497029957 350045.54690753482282 20.34300800705323 316.70123899211325
83850.0 -0.00427938729525 24.34726664666604 -160.32456323492249 350024.82871534116566 20.48088033220981 316.85535969349996
83880.0 -0.00751534248645 24.33275323973945 -160.28025722564195 349993.68025962077081 20.61910310935200 317.00925853873275
83910.0 -0.00596779961303 24.31805788955301 -160.23611964635950 349953.63889494910836 20.75781210197886 317.16303642651422
83940.0 -0.00639141254402 24.30415488250125 -160.19322969034903 349985.59026826918125 20.89676818797942 317.31651362004982
83970.0 -0.00563575164360 24.29007545273374 -160.15052098648610 350007.21499265264720 21.03605427746457 317.46975141214750
84000.0 -0.00600603579080 24.27582117463388 -160.10799153049655 350018.71195378247648 21.17569107707139 317.62276458403682
84030.0 -0.00505617784410 24.26139355224351 -160.06564330491298 350019.93136732839048 21.31566912458526 317.77554532388024
84060.0 -0.00598792348169 24.24679420145960 -160.02345995729391 350012.31064421683550 21.45611902257940 317.92819097085675
84090.0 -0.00642562323893 24.23202444605069 -159.98146378471040 349993.93525504320860 21.59687637753461 318.08057749968555
84120.0 -0.00413751443487 24.21806750149404 -159.94068482433383 350048.94484435766935 21.73785078338175 318.23263623310305
84150.0 -0.00774878149027 24.20296291719783 -159.89904421540422 350010.57460773549974 21.87934563222102 318.38459449419787
84180.0 -0.00538319455090 24.18769265141702 -159.85760043529848 349960.67779223434627 22.02108819236555 318.53624663181910
84210.0 -0.00610162505333 24.17324344309790 -159.81734310795713 349986.36864288337529 22.16318931849578 318.68767533365173
84240.0 -0.00802045667185 24.15863359823262 -159.77724255182883 350003.67308941856027 22.30578573120331 318.83898298159221
84270.0 -0.00780915427812 24.14386503305716 -159.73733015606047 350009.91687449999154 22.44863697745112 318.98998790101200
84300.0 -0.00222270711733 24.12893909578773 -159.69759589347782 350005.97538128867745 22.59182603964567 319.14075194895270
84330.0 -0.01062451387766 24.11385721044588 -159.65803777081501 349992.03262539114803 22.73537336756355 319.29128995071238
84360.0 -0.00656347298021 24.09862088712351 -159.61865752982106 349967.95294395834208 22.87926986294300 319.44159446648985
84390.0 -0.00638939980259 24.08422270444880 -159.58041392464986 350022.50584997143596 23.02364677499448 319.59176411770108
84420.0 -0.00759080669845 24.06868242808496 -159.54137440362859 349979.30263388436288 23.16833834335870 319.74167318901573
84450.0 -0.00708166821208 24.05398634241493 -159.50349509698859 350012.45150048658252 23.31325358531171 319.89125223365619
84480.0 -0.00550695982969 24.03914258364052 -159.46576402323672 350037.70520208124071 23.45869844459590 320.04073220928660
84510.0 -0.00767633461760 24.02315869174559 -159.42726035754629 349963.71992055606097 23.60439788029700 320.18990445253741
84540.0 -0.00492537092501 24.00802535149771 -159.38988647825852 349968.23437905870378 23.75046327877459 320.33885277473973
84570.0 -0.01056615501312 23.99274851231378 -159.35266591526855 349964.43950174376369 23.89703233529234 320.48768120279209
84600.0 -0.00642059197629 23.97832904461120 -159.31656982948806 350039.02233081310987 24.04386324060893 320.63620587097074
84630.0 -0.00664698815792 23.96277296264866 -159.27970157557056 350014.65565579850227 24.19103905437210 320.78448929068782
84660.0 -0.00823477876866 23.94707857235720 -159.24300504514599 349980.45570906158537 24.33857996254511 320.93254635086373
84690.0 -0.00767633461760 23.93224738615395 -159.20740852756896 350026.27838134858757 24.48647723717497 321.08036999129541
84720.0 -0.00642461745915 23.91628030195603 -159.17103842234047 349973.69824610743672 24.63486278739967 321.22806027499547
84750.0 -0.00673452763662 23.90118081907908 -159.13576400613741 350001.23188063316047 24.78356945899313 321.37548960283380
84780.0 -0.00631192166729 23.88595123624854 -159.10066974102574 350017.97961039934307 24.93250568426028 321.52258765697917
84810.0 -0.00671037828510 23.87058989501074 -159.06571947362886 350026.93313817121089 25.08198000369585 321.66958942103031
84840.0 -0.00828609362914 23.85510091207514 -159.03094646500341 350025.34766479674727 25.23171502553780 321.81628288178007
84870.0 -0.00665101482266 23.83948453169124 -158.99633788273530 350014.28457894362509 25.38182267686399 321.96275311318163
84900.0 -0.00484185692917 23.82374052268577 -158.96187798369587 349995.03467433340847 25.53244164204264 322.10910597117140
84930.0 -0.00806573567180 23.80787295731660 -158.92759558171687 349965.23257271386683 25.68332873511929 322.25515511303433
84960.0 -0.00546469580531 23.79288726441359 -158.89436524577869 350017.99289579223841 25.83456709602834 322.40096380710423
84990.0 -0.00770350367220 23.77677506974021 -158.86041242032113 349969.04823467880487 25.98617663881974 322.54654702860068
85020.0 -0.00650410715401 23.76154810801422 -158.82750156196050 350003.24706281349063 26.13814901228130 322.69189810667189
85050.0 -0.00775381393478 23.74620095257087 -158.79473395909818 350029.44314194563776 26.29061679611267 322.83711872745022
85080.0 -0.00560153976681 23.73073705917289 -158.76212929924296 350046.03320121206343 26.44341141781086 322.98207918906070
85110.0 -0.00606439583722 23.71415239765775 -158.72883803937438 349958.46771150734276 26.59644071832808 323.12670818859806
85140.0 -0.00711587890698 23.69845701305534 -158.69655048636488 349956.66753658466041 26.75001587332659 323.27124518039369
85170.0 -0.00728291044429 23.68365689041790 -158.66528443578534 350038.85324379056692 26.90385710406232 323.41547441964229
85200.0 -0.00587120338884 23.66773766358498 -158.63332114350317 350017.84821716696024 27.05807688447462 323.55948240119005
85230.0 -0.00648599366302 23.65170539223492 -158.60150090512028 349988.82230092119426 27.21281489911924 323.70337701986625
85260.0 -0.00624350145935 23.63657270766778 -158.57068800519997 350044.58833490591496 27.36782657002643 323.84696913324257
85290.0 -0.00661881450543 23.62032453074665 -158.53919534721504 349996.06702561676502 27.52319511807161 323.99032288329920
85320.0 -0.00669126019622 23.60497716611887 -158.50868968726581 350033.75029358454049 27.67894017637951 324.13345335832696
85350.0 -0.00665805646297 23.58851647744286 -158.47751291278536 349966.65119930543005 27.83505377712486 324.27635428966477
85380.0 -0.00547576529223 23.57295713175256 -158.44730062722635 349987.33075684495270 27.99166917720244 324.41912919295601
85410.0 -0.00658057832766 23.55729536442238 -158.41724443691336 349998.69914153590798 28.14861636517818 324.56164601679831
85440.0 -0.00711487194533 23.54153408724267 -158.38735456437848 349999.94340569246560 28.30580258616116 324.70383234508500
85470.0 -0.00674861564475 23.52566901159094 -158.35759727757858 349993.72574289981276 28.46354168169877 324.84593260921224
85500.0 -0.00804963728600 23.50970636870904 -158.32800330533422 349977.60867974162102 28.62155145613714 324.98772690081034
85530.0 -0.00599798600696 23.49364538462158 -158.29856066184681 349952.53150501195341 28.77994493314709 325.12930331630770
85560.0 -0.00705047603837 23.47849200774056 -158.27004450894958 350017.41907344572246 28.93886280466712 325.27077202923169
85590.0 -0.00632600731165 23.46223712475805 -158.24089685807911 349974.90308184735477 29.09805909129221 325.41194073301921
85620.0 -0.00655844289945 23.44689494693075 -158.21268414090000 350021.49536666274071 29.25761709283195 325.55287457660387
85650.0 -0.00677980663657 23.43045215078783 -158.18383865560864 349960.94235938042402 29.41755615151768 325.69358879318725
85680.0 -0.00640751092982 23.41492377793296 -158.15591795819384 349990.10168056655675 29.57786868915442 325.83407753274344
85710.0 -0.00663189318814 23.39930127205225 -158.12812767932314 350011.70058373734355 29.73868864269813 325.97444637641479
85740.0 -0.00536810312676 23.38358923179850 -158.10048595267185 350024.31779216974974 29.89984454494326 326.11456064452551
85770.0 -0.00765923045202 23.36779081575538 -158.07300254028814 350027.19051522295922 30.06124304289091 326.25434666391567
85800.0 -0.00514774162378 23.35190056179081 -158.04564486970133 350022.82848995085806 30.22320066576749 326.39405442072001
85830.0 -0.00440918961645 23.33592561815612 -158.01844248736856 350008.93656827695668 30.38543277816860 326.53345935358470
85860.0 -0.00667516181042 23.31986475276804 -157.99138381983488 349986.39793249871582 30.54805295282777 326.67265136760989
85890.0 -0.00562870882141 23.30371598483983 -157.96445462270975 349956.29267830122262 30.71120289160260 326.81174318974280
85920.0 -0.00573838491020 23.28848913847630 -157.93841476271595 350017.78900079801679 30.87463521085233 326.95053893727510
85950.0 -0.00602314113825 23.27217656269028 -157.91178223361047 349969.54584265220910 31.03843328448618 327.08910491909694
85980.0 -0.00512661197534 23.25678488192018 -157.88601969918415 350014.22702561598271 31.20261615237101 327.22745655109367
86010.0 -0.00636424348942 23.24081132965899 -157.86003308201842 349999.64173653069884 31.36717663246083 327.36558842372563
86040.0 -0.00609357645137 23.22475522479162 -157.83417406588563 349977.49049747083336 31.53224933957042 327.50360845380908
86070.0 -0.00535904638126 23.20912184221490 -157.80881591870681 349997.70508808922023 31.69766133860831 327.64137901841832
86100.0 -0.00688646538603 23.19341377591967 -157.78360755450967 350008.58416893333197 31.86331867864492 327.77882502573465
86130.0 -0.00594666760084 23.17762447698588 -157.75851753030696 350012.49193018674850 32.02954058806441 327.91620267770571
86160.0 -0.00640147388741 23.16176192659145 -157.73357426039604 350007.26900498662144 32.19603997706488 328.05328220444426
86190.0 -0.00579171369399 23.14582446614730 -157.70876657732327 349993.74521342292428 32.36293096274055 328.19015555801860
86220.0 -0.00675163298407 23.12980960776908 -157.68408071625691 349972.93727604672313 32.53035625398128 328.32693833469943
86250.0 -0.00646788371767 23.11472042652127 -157.66022561083457 350047.24645731691271 32.69806706775871 328.46343060907532
86280.0 -0.00492335936546 23.09856348335128 -157.63581942165621 350009.07198795955628 32.86614684386634 328.59970002631781
86310.0 -0.00766124201157 23.08233601870660 -157.61154951621879 349962.48620453197509 33.03461430706079 328.73576223056097
86340.0 -0.00568103182543 23.06703250840194 -157.58808779066314 350012.51277614478022 33.20346267743150 328.87161228104168
86370.0 -0.00696997819998 23.05066315499816 -157.56407456621201 349950.18821137584746 33.37282724058469 329.00736074174222
