# sod		dsTEC/dt [TECU/s]		lat		lon		h_ipp		ele		azi
30.0 0.00454703876679 18.99433504544717 -156.73944896342300 350001.31369080487639 63.14493076117773 257.62722167471253
60.0 0.00468690124950 18.97894227406504 -156.73906373055698 349979.82694682385772 63.09461803220536 257.05374112540028
90.0 0.00436390913915 18.96353587690604 -156.73867283995952 349952.13804297428578 63.04164466518370 256.48215767495827
120.0 0.00503706093710 18.94804758652529 -156.73857386388349 349989.18438070733100 62.98600217889650 255.91276787292844
150.0 0.00470803119340 18.93255622950895 -156.73847794008597 350019.77158572338521 62.92765009363990 255.34615341983920
180.0 0.00481267690596 18.91703999725476 -156.73837165027118 350044.19205238297582 62.86672783454003 254.78148705783136
210.0 0.00463156001975 18.90160247026304 -156.73797299092610 349991.22438652254641 62.80314510640950 254.21976771944145
240.0 0.00441522606792 18.88607518921244 -156.73786637582273 350002.87759160902351 62.73696720075283 253.66075636974256
270.0 0.00477645346962 18.87053491279579 -156.73775534419897 350008.21820040699095 62.66822923900806 253.10444121224094
300.0 0.00504712198502 18.85498318626061 -156.73764043578817 350007.23007891047746 62.59694894142473 252.55096345316565
330.0 0.00576555248745 18.83941490921882 -156.73751819109543 349999.97138716187328 62.52317333103314 252.00018210970043
360.0 0.00513265019963 18.82383670367208 -156.73739220291714 349986.36960275378078 62.44689924259361 251.45244474675212
390.0 0.00493442767050 18.80815758861543 -156.73756081150256 350037.12399684451520 62.36812153314955 250.90817274843442
420.0 0.00493241492907 18.79255813125792 -156.73742694404709 350010.80629265867174 62.28692851859145 250.36678170786928
450.0 0.00528156824596 18.77694662754245 -156.73728688946593 349978.17741125822067 62.20332756094638 249.82853373447622
480.0 0.00569511806074 18.76122648227755 -156.73744041582054 350009.81982155144215 62.11730732907703 249.29397119713667
510.0 0.00605835849934 18.74547820639302 -156.73758042700828 350035.18157691508532 62.02896911167957 248.76223428387442
540.0 0.00606037035436 18.72983772249901 -156.73742702163634 349983.45434978883713 61.93827115326335 248.23427809712246
570.0 0.00519100965512 18.71407203285245 -156.73756079305332 349995.97724989335984 61.84526812728417 247.70982906447830
600.0 0.00590541497016 18.69829017032346 -156.73768711951558 350002.11645785998553 61.74999535069161 247.18883918052830
630.0 0.00589032206867 18.68249371834985 -156.73780656758626 350001.85982591379434 61.65247770348344 246.67141268646191
660.0 0.00590340252420 18.66667739038780 -156.73791550379784 349995.24295125715435 61.55275660204916 246.15736806052621
690.0 0.00675968247244 18.65084802297564 -156.73801770358889 349982.21753395162523 61.45084487556586 245.64701910859358
720.0 0.00572932964205 18.63501408941534 -156.73811797254567 349962.73594903573394 61.34675688850793 245.14074006650065
750.0 0.00689250154203 18.61902541240085 -156.73849783048937 350007.23392404429615 61.24055430673351 244.63792101189293
780.0 0.00675263965026 18.60301565858583 -156.73886803331382 350045.25299520790577 61.13225637016796 244.13878518036142
810.0 0.00603420914783 18.58713703302324 -156.73894433803395 350006.48349993489683 61.02187587078683 243.64382666832509
840.0 0.00672044081037 18.57123291347798 -156.73900422329777 349961.37228065263480 60.90947517956627 243.15217320759072
870.0 0.00708267458279 18.55517884889828 -156.73935147820492 349979.97572140768170 60.79505473530298 242.66472052768938
900.0 0.00684621587589 18.53910766519629 -156.73968990035712 349992.07980872038752 60.67865624725042 242.18117008137983
930.0 0.00681099940121 18.52301719192597 -156.74001773321038 349997.69096444360912 60.56031218410519 241.70144315237371
960.0 0.00735233702294 18.50690905427452 -156.74033557171811 349996.80144236050546 60.44005115745496 241.22561017463619
990.0 0.00701525897275 18.49077777991730 -156.74063958911049 349989.42314503248781 60.31790592325733 240.75345815472247
1020.0 0.00695891107682 18.47463042603395 -156.74093376114561 349975.53363752085716 60.19390178813598 240.28526739235414
1050.0 0.00768036010046 18.45847544841781 -156.74122297036604 349955.11862507928163 60.06806790074539 239.82136580353080
1080.0 0.00762703102120 18.44213049064926 -156.74178630574175 349998.00156316719949 59.94043859654403 239.36113499652799
1110.0 0.00748113149608 18.42576138381296 -156.74233672219893 350034.26356875151396 59.81104137532805 238.90476293810775
1140.0 0.00755760326067 18.40955243533129 -156.74259234912296 349994.21131782513112 59.67990827450490 238.45269599397801
1170.0 0.00782324110437 18.39313942394069 -156.74311679680349 350017.27462531626225 59.54706371725581 238.00407011050811
1200.0 0.00781217250386 18.37671392057360 -156.74363439635445 350033.70194266177714 59.41254381822080 237.55971733978663
1230.0 0.00845312546192 18.36044950610081 -156.74385169186152 349973.99297165218741 59.27637614888999 237.11932697878319
1260.0 0.00839979608719 18.34380034789080 -156.74463153749463 350046.64998074434698 59.13858824112724 236.68279936737787
1290.0 0.00863524842338 18.32749879939174 -156.74482212670694 349973.78509514220059 58.99920983868265 236.25017906765106
1320.0 0.00851047884216 18.31079693411155 -156.74557096579056 350033.02229764033109 58.85826317485883 235.82123362064402
1350.0 0.00902464918211 18.29426308216461 -156.74601892177881 350016.23212288599461 58.71578314634632 235.39621511646021
1380.0 0.00833741173979 18.27771867196087 -156.74645874689634 349992.81160777900368 58.57180975391046 234.97541139630334
1410.0 0.00915847462241 18.26094937636403 -156.74716679698156 350031.84124014992267 58.42635079321105 234.55821160266856
1440.0 0.00943920536760 18.24435445702916 -156.74757186112791 349995.02377704810351 58.27943925534651 234.14477567620287
1470.0 0.00919167953754 18.22775006925060 -156.74796821872854 349951.58087268564850 58.13112231140660 233.73550772050282
1500.0 0.00945631160147 18.21090679753414 -156.74862728921721 349970.34390214830637 57.98138891924122 233.32956895279386
1530.0 0.00877812883635 18.19404815667527 -156.74927621353328 349982.33850670512766 57.83030494176150 232.92773010178684
1560.0 0.01007009609587 18.17716651347758 -156.74990962290153 349987.53337780479342 57.67788382158045 232.52968027858930
1590.0 0.00936675908587 18.16025971175417 -156.75052566407120 349985.91337210219353 57.52414712548355 232.13530887714040
1620.0 0.00978030890065 18.14332947048501 -156.75112499524244 349977.48103992640972 57.36912410854151 231.74464332648347
1650.0 0.00954083255896 18.12636994606092 -156.75170333854470 349962.19737406447530 57.21282578555361 231.35744284318540
1680.0 0.00994130162273 18.10916420555998 -156.75254978248233 350008.56711117923260 57.05529456356267 230.97393792926633
1710.0 0.00977527822896 18.09193941104534 -156.75338423964288 350048.01809178572148 56.89657833444245 230.59438407672357
1740.0 0.01010229464029 18.07490988108543 -156.75391172543834 350012.12790791504085 56.73666026761902 230.21819010219386
1770.0 0.00922890875365 18.05785622766141 -156.75441972602704 349969.39162219502032 56.57557697110452 229.84549544474299
1800.0 0.01050276429500 18.04055447989473 -156.75519924005997 349988.04982788395137 56.41338753921961 229.47666876637399
1830.0 0.01003990970194 18.02321252328834 -156.75595092523872 349999.61156692169607 56.25004893391145 229.11090813051183
1860.0 0.01056716138383 18.00585251536430 -156.75668897367399 350004.24183320906013 56.08565169618403 228.74892822183327
1890.0 0.00988897891419 17.98846683082190 -156.75740786333944 350001.87647081259638 55.92019602710841 228.39042693884747
1920.0 0.01048364620612 17.97105332405601 -156.75810568106968 349992.49003775417805 55.75369734448426 228.03529072162013
1950.0 0.01050477615002 17.95361376593612 -156.75878312102739 349976.09110275283456 55.58618360369259 227.68353716649943
1980.0 0.01022203325434 17.93588919733228 -156.75971754855115 350020.26836228836328 55.41765477633466 227.33492559975903
2010.0 0.01066174398018 17.91839039923964 -156.76034956825191 349989.69114713091403 55.24815939238991 226.98967079102624
2040.0 0.01089015290324 17.90087570689958 -156.76096658290442 349952.18542673718184 55.07775112023516 226.64800288181601
2070.0 0.01014757393571 17.88306775011403 -156.76183836251326 349974.97074774559587 54.90639106512958 226.30935794052223
2100.0 0.01111252389749 17.86522742073765 -156.76268623072332 349990.52089423220605 54.73411828599043 225.97386107490382
2130.0 0.01101592855971 17.84736670592502 -156.76351783199470 349998.96590320765972 54.56100136974550 225.64185177731770
2160.0 0.01100284751323 17.82946321969317 -156.76431741630589 350000.03578751441091 54.38696919423446 225.31257118681981
2190.0 0.01023410763463 17.81153923165333 -156.76509965099515 349993.98633810319006 54.21213274903166 224.98668394869702
2220.0 0.01118698292065 17.79358712583756 -156.76585883972277 349980.72090815287083 54.03648038438516 224.66390233875831
2250.0 0.01165285603491 17.77560476962901 -156.76659300181390 349960.20409018453211 53.86002172269556 224.34411524041971
2280.0 0.01103102146120 17.75731290446579 -156.76758169187750 349999.19446094054729 53.68278315268063 224.02733560275462
2310.0 0.01140834813511 17.73898080559714 -156.76854060288923 350030.66113674454391 53.50475430631376 223.71332832030674
2340.0 0.01117993950752 17.72090315265271 -156.76919657109514 349988.15139739681035 53.32598893466809 223.40229683034900
2370.0 0.01173134024546 17.70251783266627 -156.77011158672511 350004.97886193264276 53.14654499376761 223.09445143305675
2400.0 0.01217306371274 17.68409267281507 -156.77099545677973 350014.25353374890983 52.96636432309481 222.78925908352915
2430.0 0.01212476530517 17.66563287407474 -156.77185123902711 350016.03805582597852 52.78548774261979 222.48683500139396
2460.0 0.01236223038279 17.64715049980709 -156.77268685511109 350010.51164530590177 52.60399148761154 222.18749459780838
2490.0 0.01235921156611 17.62862305868572 -156.77348595460450 349997.30963162053376 52.42178028896297 221.89052411816556
2520.0 0.01274760654507 17.61007293928585 -156.77426373962817 349976.77989569399506 52.23898207234225 221.59654389875266
2550.0 0.01275263780771 17.59118643320518 -156.77529003290789 350014.63791796565056 52.05557492346097 221.30528335961247
2580.0 0.01317826200277 17.57226200641423 -156.77628633340476 350044.78566351998597 51.87156329631640 221.01663695279805
2610.0 0.01283615239448 17.55361316552985 -156.77697843205172 350001.60794947110116 51.68697205485242 220.73061624669725
2640.0 0.01384638253809 17.53492740891297 -156.77763689250619 349950.82448486983776 51.50178144749876 220.44699470400511
2670.0 0.01377695389115 17.51589586893864 -156.77854127247193 349957.99325948115438 51.31604984366095 220.16596744696707
2700.0 0.01438268860172 17.49683860265535 -156.77942209734636 349957.62872445676476 51.12983842112541 219.88772897887543
2730.0 0.01345295629650 17.47741685893728 -156.78054062783173 350014.62464253138751 50.94307250678886 219.61177792029102
2760.0 0.01427905014628 17.45827836967604 -156.78135274368296 349998.54485919605941 50.75579427758542 219.33822255745346
2790.0 0.01393291535060 17.43878736509752 -156.78241319486131 350039.91893882956356 50.56808618567651 219.06735813778295
2820.0 0.01462417798031 17.41957463117486 -156.78315922093688 350008.20336289517581 50.37983251962388 218.79851520229809
2850.0 0.01450947121983 17.40033735761903 -156.78387968785790 349968.93608502671123 50.19117520864172 218.53227490556031
2880.0 0.01454871258643 17.38073172907719 -156.78483994668952 349986.60616541001946 50.00208365368108 218.26838458915077
2910.0 0.01459600491875 17.36108644039949 -156.78576557182933 349996.28203394170851 49.81255786057646 218.00674574707014
2940.0 0.01509105657888 17.34140344762037 -156.78665737881269 349997.99193806387484 49.62262135486466 217.74737040675114
2970.0 0.01435149701896 17.32167616823669 -156.78750986048092 349991.57684249617159 49.43224602837141 217.49004185956852
3000.0 0.01424987012307 17.30156609583606 -156.78859846274580 350041.40069671999663 49.24149443385916 217.23494888658945
3030.0 0.01566157511023 17.28212276130785 -156.78911954790081 349955.07318461779505 49.05043017909129 216.98227308330195
3060.0 0.01497333129720 17.26193640380409 -156.79013860627256 349988.74314458575100 48.85896462848599 216.73154370121946
3090.0 0.01473486073528 17.24170645313289 -156.79111940651046 350014.13309854269028 48.66714106864698 216.48286396548343
3120.0 0.01560723995573 17.22144514922778 -156.79207051417265 350031.52156223729253 48.47504702313638 216.23651194556746
3150.0 0.01586482860653 17.20112979668107 -156.79297415388052 350040.34876445960253 48.28254968247681 215.99185997942186
3180.0 0.01568069319912 17.18078305417976 -156.79384678130978 350041.14956990722567 48.08980251066382 215.74945453291755
3210.0 0.01611034258157 17.16039735171622 -156.79468202776116 350033.72885891981423 47.89676768690771 215.50906040984418
3240.0 0.01562937627035 17.13997061977815 -156.79547764922032 350018.02093976363540 47.70344147778723 215.27058655533315
3270.0 0.01544926605032 17.11950487910806 -156.79623451577802 349994.06324252858758 47.50984630328134 215.03404635750579
3300.0 0.01586482860653 17.09899335860208 -156.79694673555147 349961.66379762440920 47.31594669342757 214.79923309249475
3330.0 0.01678148104716 17.07769213180996 -156.79814989009481 350046.76799125224352 47.12180903718640 214.56633047847737
3360.0 0.01626529767031 17.05710979795875 -156.79878987966526 349997.88171213585883 46.92749875771786 214.33550927393750
3390.0 0.01651081223629 17.03610093707352 -156.79964759556711 350003.14673889614642 46.73291553475491 214.10632731495744
3420.0 0.01680160491581 17.01504735306530 -156.80046177700331 349999.82617181073874 46.53810359731219 213.87888392726450
3450.0 0.01713465866502 16.99396137350012 -156.80124137242288 349988.25164677668363 46.34315459646342 213.65344231343579
3480.0 0.01713063406857 16.97282019531511 -156.80196778515131 349967.76505402661860 46.14792156770149 213.42941325617852
3510.0 0.01797483993200 16.95125452798249 -156.80291997301731 350001.10470092575997 45.95256741499355 213.20731245965547
3540.0 0.01735300506281 16.92964369607692 -156.80382849980106 350025.68026650510728 45.75704839490206 212.98692105296143
3570.0 0.01795069058048 16.90798566571848 -156.80469100721893 350041.41540794540197 45.56135768121728 212.76815522424215
3600.0 0.01766895346457 16.88628253844914 -156.80550841338433 350048.35543955769390 45.36551681634870 212.55103006033536
3630.0 0.01793157308253 16.86452740120751 -156.80627440145204 350046.27045928500593 45.16948404809902 212.33534892501726
3660.0 0.01801307522335 16.84272925556568 -156.80699543612803 350035.41942331939936 44.97332897373335 212.12129018857010
3690.0 0.01866308404050 16.82089661428478 -156.80767764270684 350016.05333189573139 44.77711849399790 211.90901584707663
3720.0 0.01849806554009 16.79901300574686 -156.80830697157936 349987.64415452629328 44.58074259516795 211.69810980919917
3750.0 0.01831594346504 16.77708396846211 -156.80888710401499 349950.34607841260731 44.38424631947613 211.48866822589878
3780.0 0.01882810106356 16.75429133925904 -156.80994124439758 350026.38598350062966 44.18772464949770 211.28094127381712
3810.0 0.01982826823870 16.73226825523134 -156.81042110455519 349971.05397621355951 43.99101901653641 211.07437451880455
3840.0 0.01894381478569 16.70937142651309 -156.81137119478618 350028.49345995206386 43.79429997563847 210.86945634895895
3870.0 0.01944087977819 16.68726975185587 -156.81176033048899 349955.57281521335244 43.59751898598412 210.66598277372651
3900.0 0.01971356133049 16.66427463393487 -156.81260798346781 349994.53583407215774 43.40066669386034 210.46387669896492
3930.0 0.01982826853417 16.64122902465862 -156.81340357221831 350024.13706108089536 43.20376396438502 210.26315493745713
3960.0 0.01953646933619 16.61812579919975 -156.81414028742051 350044.10932103358209 43.00676324655232 210.06362897266143
7500.0 0.01994297588558 12.69128604167177 -156.60341646839018 350037.14356949459761 20.99470606544746 191.81174440725997
7560.0 0.01998020547103 12.59596961768178 -156.58964803499398 349996.71448754705489 20.66048440242466 191.54288931097585
7590.0 0.01913298116027 12.54751791777551 -156.58259160804511 349994.58149343170226 20.49394268039956 191.40843003729663
7620.0 0.01969243094338 12.49899677115405 -156.57533934287522 349977.16489033866674 20.32784811981725 191.27406111565685
7650.0 0.01747978701612 12.44905116820916 -156.56816654069945 350028.41267033852637 20.16226289145516 191.13988613881628
7680.0 0.01918731616704 12.40038901760180 -156.56051253712093 349980.11687936447561 19.99704451567014 191.00564248504085
7710.0 0.01750494199968 12.35028653737111 -156.55291065513092 349998.92512202449143 19.83224050655458 190.87140795942983
7740.0 0.01714874578674 12.30012151930421 -156.54511608822241 350002.94039153307676 19.66795096867280 190.73735399183744
7770.0 0.01692637449703 12.24987078173520 -156.53708817784408 349989.92154291644692 19.50398462151323 190.60313189027761
7800.0 0.01627737227220 12.19955906671407 -156.52886390911465 349962.17095756530762 19.34052728433147 190.46906608335371
7830.0 0.01448834053726 12.14779813343756 -156.52067658266134 350000.53962118085474 19.17751805803994 190.33504076175652
7860.0 0.01571993508279 12.09596277280844 -156.51226838056664 350022.81868707668036 19.01493952146741 190.20101789455450
7890.0 0.01514136743240 12.04405657920280 -156.50364194190664 350029.30761375185102 18.85281061756018 190.06702427137597
7920.0 0.01441991863037 11.99207080672699 -156.49477917564735 350019.09422313701361 18.69105344555192 189.93291460560005
7950.0 0.01280797881585 11.94001863976839 -156.48569877985591 349993.41936261579394 18.52976208948503 189.79884941089443
7980.0 0.01459399217732 11.88790905688177 -156.47641279788260 349953.13511226885021 18.36899745371011 189.66492997396580
8010.0 0.01295790330676 11.83432658784223 -156.46711891722939 349976.44630629010499 18.20861792860792 189.53089825842292
8040.0 0.01335736644302 11.78067152919688 -156.45759028354374 349983.56226193904877 18.04867075497401 189.39683161314164
8070.0 0.00848934867665 11.72695778113045 -156.44784752175966 349975.84308600425720 17.88925483973821 189.26289880729004
8100.0 0.00933657269194 11.67316237710195 -156.43784700403137 349950.89477448817343 17.73018069058156 189.12875762823077
8130.0 0.00737648622672 11.61790056918227 -156.42784647361700 349990.10381868295372 17.57163198924142 188.99472710179361
8160.0 0.00892604139837 11.56257007902911 -156.41760719775414 350013.34917209111154 17.41354859061911 188.86069433415261
8190.0 0.00778701766803 11.50717001590304 -156.40712384855956 350020.48224364034832 17.25591324247240 188.72662254589179
8220.0 0.00627066726378 11.45170412319790 -156.39639935652184 350011.83760396111757 17.09874482899173 188.59253896312242
8250.0 0.01026831832953 11.39616365129118 -156.38541398827064 349986.42858751583844 16.94196474981679 188.45829851296457
8280.0 0.00840583364667 11.33913938315305 -156.37439127933231 350023.28144664131105 16.78566758141844 188.32406237440074
8310.0 0.00538721959056 11.28348306514372 -156.36293498411709 349967.73472108133137 16.62991289658993 188.18992976265784
8340.0 0.00809089154177 11.22633012429972 -156.35141356055590 349973.02884188294411 16.47456022978308 188.05564652488067
8370.0 0.00655642934548 11.16911064886732 -156.33963351264759 349962.22825193498284 16.31965649092264 187.92128969181471
8400.0 0.00546872224844 11.11040570743797 -156.32780786939989 350013.49537779204547 16.16529925085521 187.78702574555015
8430.0 0.00612376144182 11.05162050190580 -156.31569278781947 350047.10558616742492 16.01130114546046 187.65251804507014
8460.0 0.00321381754697 10.99421760458069 -156.30314625985531 349989.49315349478275 15.85784344445375 187.51808096931154
8490.0 0.00719033837335 10.93531767372813 -156.29052494155474 349992.60903509706259 15.70486687406905 187.38360419061399
8520.0 0.00054838147806 10.87635533604479 -156.27763542084094 349979.84410807583481 15.55235440212580 187.24905204042773
8550.0 0.00391514225875 10.81588934108505 -156.26465629971318 350027.10038666892797 15.40032484110839 187.11445218704847
8580.0 -0.00103135971817 10.75679885431414 -156.25121224327845 349982.02178864832968 15.24869906929847 186.97965945221995
8610.0 0.00365051034256 10.69620493452665 -156.23767326110715 349996.93343865219504 15.09757199354621 186.84483594176578
8640.0 0.00230823348526 10.63556175485511 -156.22387773012662 349997.28868161048740 14.94700179803503 186.71007901291784
8670.0 0.00057152423726 10.57485294429368 -156.20978842274306 349981.12136605661362 14.79684940586669 186.57513776529714
8700.0 0.00044977354659 10.51262911904998 -156.19557528730326 350023.63379453960806 14.64716134062706 186.44008904408241
8730.0 -0.00038034541672 10.45181574274986 -156.18093991024108 349977.36192997917533 14.49803371126136 186.30509738635422
8760.0 0.00050310225651 10.38947445121319 -156.16614788765065 349988.19250020012259 14.34928158378284 186.16983090814753
8790.0 0.00034110338531 10.32708678759787 -156.15108554736511 349984.56763144955039 14.20108356877358 186.03460002824639
8820.0 0.00077175899075 10.26318088697330 -156.13588279388333 350039.26043379865587 14.05338136462564 185.89929667653897
8850.0 0.00472111216601 10.20068591968204 -156.12023692023388 350004.82035709358752 13.90615820197199 185.76388617392925
8880.0 0.00000100622298 10.13814220117442 -156.10430152735634 349955.41899306513369 13.75943280606053 185.62839664295561
8910.0 0.00284755917810 10.07406855032891 -156.08819016803915 349962.82478672172874 13.61312570075178 185.49268250596998
8940.0 0.00169042372960 10.00994710077054 -156.07178397560889 349955.33113384153694 13.46733196498263 185.35690704828613
8970.0 -0.00072245487728 9.94431001248824 -156.05522811411552 350006.49996415898204 13.32210834431999 185.22116596328206
9000.0 0.00162803908673 9.87861389697779 -156.03834546696942 350041.32806606031954 13.17731736970440 185.08521103452665
9030.0 0.00004024810665 9.81434746203163 -156.02102341325349 349988.56449315138161 13.03300512457820 184.94911904836249
9060.0 0.00212912904501 9.74856466650449 -156.00353879162429 349994.32650189474225 12.88926614107550 184.81305290993944
9090.0 0.00331745674108 9.68272275293629 -155.98571032337304 349983.42331127543002 12.74591818413410 184.67668476001364
9120.0 -0.00239577325943 9.61535893567698 -155.96770136524387 350030.43063678592443 12.60313698206961 184.54032168195630
9150.0 0.00375716813174 9.54943996218709 -155.94926267385586 349991.28285638894886 12.46086529173149 184.40385758977044
9180.0 0.00074962245453 9.48198917616213 -155.93061250637990 350008.71681382972747 12.31908664216229 184.26725868916628
9210.0 0.00109273821194 9.41449799256961 -155.91164092330717 350011.65642460994422 12.17781965340797 184.13055357356350
9240.0 0.00304175659372 9.34695802671439 -155.89232230518979 349998.87118739914149 12.03698465216308 183.99359599429920
9270.0 0.00082810644348 9.27788634544145 -155.87278092186006 350042.73471473250538 11.89667673434747 183.85655065974379
9300.0 0.00308804203825 9.21028399937544 -155.85283468553257 350002.97322131600231 11.75695116283860 183.71951177527473
9330.0 0.00011772587262 9.14113956661675 -155.83263150207395 350018.40419832803309 11.61767227367176 183.58223329556833
9360.0 0.00267751059694 9.07195784086668 -155.81208647903955 350019.35831256862730 11.47888565756388 183.44479206866259
9390.0 0.00335267388057 9.00275264682694 -155.79122732624646 350007.63864431716502 11.34068416456689 183.30734965431466
9420.0 0.00459332421132 8.93350297652004 -155.76999598284766 349980.19918361399323 11.20288849850314 183.16958155904746
9450.0 0.00197014862115 8.86272472344495 -155.74852236258127 350009.84241284709424 11.06567130284498 183.03179209858854
9480.0 0.00165118177206 8.79191723652655 -155.72670366436418 350025.82743510603905 10.92897646679452 182.89387692892936
9510.0 0.00524433866051 8.72108046863933 -155.70453316871479 350028.01985791884363 10.79278784692460 182.75580304999960
9540.0 0.00016803609827 8.65021880348157 -155.68201538523709 350016.91832736227661 10.65712393801044 182.61759954618614
9570.0 -0.00073151077330 8.57932412774467 -155.65912241457809 349991.20293804816902 10.52190501841046 182.47911924620462
9600.0 -0.00214120346223 8.50841058688471 -155.63588395062638 349952.78835395351052 10.38722604848576 182.34052851539755
9630.0 0.00165520666398 8.43444996234374 -155.61242878696373 350040.06255017779768 10.25314076973440 182.20192023026604
9660.0 -0.00138755622658 8.36349812662536 -155.58847961990907 349975.96026657521725 10.11951550111455 182.06305005304364
9690.0 -0.00053127601981 8.28948552769338 -155.56426684489801 350035.60138336569071 9.98639528932461 181.92399500819704
9720.0 0.00129196670551 8.21698636301633 -155.53966283182982 350015.54886829480529 9.85387120519697 181.78491557131147
9750.0 -0.00215730273444 8.14446031647569 -155.51465777864351 349981.03890017513186 9.72176710616323 181.64549002167649
9780.0 0.00010565149233 8.07040430740255 -155.48934726975759 350003.37316404934973 9.59025236641986 181.50602042309217
9810.0 -0.00066107642045 7.99633704590496 -155.46366540802791 350013.52336615696549 9.45927207025449 181.36640395850745
9840.0 -0.00239577322249 7.92225875794348 -155.43760511754337 350011.35934696998447 9.32881042545407 181.22660834407495
9870.0 0.00068925014682 7.84817397372228 -155.41117143692327 349997.42324686888605 9.19888577940218 181.08666317724425
9900.0 -0.00146402776957 7.77407496361749 -155.38433402268291 349970.30299234390259 9.06941850336807 180.94642013027348
9930.0 -0.00011168871941 7.69844163816087 -155.35714605174479 349999.24510847032070 8.94050327215042 180.80604744995304
9960.0 0.00031292965895 7.62281402825057 -155.32959771836715 350018.05890628043562 8.81219227163173 180.66563682672930
9990.0 -0.00443233145230 7.54871512509776 -155.30162575736202 349957.34402896184474 8.68435396460201 180.52494521155805
10020.0 -0.00050913952052 7.47154156890283 -155.27328516447326 350018.96433845348656 8.55703280331137 180.38404991366406
10050.0 -0.00567499415515 7.39591799693017 -155.24456773387377 350004.16942276805639 8.43031798951317 180.24311056199474
10080.0 -0.00475230445051 7.32028828886283 -155.21542015271987 349976.50300585478544 8.30403672675885 180.10180767543264
10110.0 -0.00350762944944 7.24313270905740 -155.18590283971449 350006.04185072332621 8.17835495128534 179.96044153281377
10140.0 -0.00349756725658 7.16598692708473 -155.15598785021811 350025.19646905362606 8.05321899563403 179.81891065351894
10170.0 -0.00236659334702 7.08885147922443 -155.12566775450853 350033.84127435926348 7.92861343725011 179.67718340202748
10200.0 -0.00205668228314 7.01173103697901 -155.09494817763138 350032.56217745412141 7.80455645254270 179.53528991265898
10230.0 -0.00652624328396 6.93461838566700 -155.06379616961189 350019.85279461462051 7.68096864021840 179.39308048365859
10260.0 -0.00537615135938 6.85752750766775 -155.03224737263824 349997.92954551242292 7.55794424138742 179.25072545705274
10290.0 -0.00794197319997 6.78046697774373 -155.00032101458592 349968.10891030356288 7.43553385632383 179.10831546505986
10320.0 -0.00739560409400 6.70187213346877 -154.96793704408037 349993.46532948222011 7.31360823736583 178.96560836881241
10350.0 -0.00607848225720 6.62329992487656 -154.93513071283328 350009.26588069554418 7.19221119257243 178.82268186390007
10380.0 -0.00580580070490 6.54631721787946 -154.90197062149124 349952.17081426922232 7.07142997156167 178.67969494813264
10410.0 -0.00923796479740 6.46624481150914 -154.86828320014754 350015.08529532980174 6.95109529618334 178.53632990044224
10440.0 -0.00301458909033 6.38776622462061 -154.83423652737036 350005.38297809287906 6.83136951061390 178.39288563694382
10470.0 -0.00800033306173 6.30932394797299 -154.79977354161645 349987.60036025196314 6.71220023997168 178.24926184412072
10500.0 -0.00936273412008 6.22936052966782 -154.76483755154186 350026.73027626983821 6.59357244546098 178.10542747614375
10530.0 -0.00513365612714 6.15099070545829 -154.72950868046135 349991.99122803937644 6.47545704741795 177.96132499592201
10560.0 -0.00318866248955 6.07110402205883 -154.69370003986134 350014.61648537497967 6.35789203511501 177.81702247503247
10590.0 -0.01056615488385 5.99283124898559 -154.65755091762455 349966.51334043592215 6.24094929986715 177.67265227416112
10620.0 -0.00618413371260 5.91303847168405 -154.62088784852696 349974.77454030606896 6.12450176027622 177.52797272787504
10650.0 -0.01035686436361 5.83329389591060 -154.58378455298916 349975.66787819843739 6.00859262247580 177.38306201478790
10680.0 -0.01141337919461 5.75361007700104 -154.54627790198833 349971.43251355923712 5.89330728741962 177.23807871463376
10710.0 -0.01070501114358 5.67397076341813 -154.50829210248281 349958.37067567463964 5.77847980874171 177.09270633063306
10740.0 -0.01513633637291 5.59283068684518 -154.46981825093897 350004.96233366522938 5.66426913178478 176.94724285040326
10770.0 -0.01190239466180 5.51175120651935 -154.43090364779027 350045.60262410342693 5.55062410860099 176.80158892850309
10800.0 -0.01409994555830 5.43230149207834 -154.39162698560233 350015.81345005612820 5.43753006714056 176.65571402809266
10830.0 -0.00705349452265 5.35291495159822 -154.35189446935559 349979.61999311018735 5.32495851834345 176.50956118069163
10860.0 -0.01511822469167 5.27202899449018 -154.31162734608262 350002.35949096269906 5.21294631649086 176.36319759304982
10950.0 -0.01453361977728 5.02982133281323 -154.18817033778657 350042.70498753525317 4.88035740204964 175.92299368769736
10980.0 -0.01468253808214 4.95081968148469 -154.14624641277842 349984.05762225296348 4.77065909076292 175.77590984198278
11010.0 -0.01126345472217 4.86874579270642 -154.10360469336067 350046.89443883765489 4.66142945067334 175.62842807435567
11040.0 -0.01712057190341 4.78991210036211 -154.06076674082124 349979.47352245356888 4.55282392059179 175.48084572578088
11070.0 -0.01247995611691 4.70802055238227 -154.01724474022996 350036.46711309812963 4.44479260359681 175.33306430777409
11100.0 -0.01760455634804 4.62937111704152 -153.97350834685176 349962.26695238985121 4.33732119974427 175.18505375563223
11130.0 -0.01822739700623 4.54766266376555 -153.92904844907542 350011.66761852614582 4.23038134010838 175.03675638729246
11160.0 -0.01543920396826 4.46762903865375 -153.88425814785106 349994.45144950132817 4.12400968030192 174.88824100144592
11190.0 -0.01422974597741 4.38770463244214 -153.83904642711619 349976.45663749799132 4.01827496975818 174.73963980381541
11220.0 -0.01658828966062 4.30630183199597 -153.79320844560806 350018.36569738574326 3.91305475376844 174.59071133012125
11250.0 -0.01728760188950 4.22658376292687 -153.74704233321000 349994.20309444610029 3.80839091322073 174.44153494002535
11280.0 -0.01502062281698 4.14698407363827 -153.70045282735785 349970.04602104611695 3.70436497677622 174.29226879241278
11310.0 -0.01901626146446 4.06591031071908 -153.65320239708848 350005.44183595478535 3.60081799593543 174.14259791321675
23310.0 -0.01661344476421 15.91873010766224 -140.26707234002032 350004.21026093419641 4.42334988991047 101.03484814091108
23340.0 -0.01998423028909 15.98189273644350 -140.29908601837627 349989.77911872230470 4.48290737397106 100.82729184109311
23400.0 -0.01707328031900 16.10705046943635 -140.36222299568257 349996.65134137496352 4.60157062827510 100.41177018070481
23430.0 -0.01556799807206 16.16949386183231 -140.39488710341931 349953.62740302644670 4.66062621907467 100.20362801518590
23520.0 -0.00928425013114 16.35370073216894 -140.48794590763424 350022.54439092986286 4.83685176411110 99.57861365449736
24060.0 -0.01249303663708 17.40697129860552 -141.04797502920550 350004.82028821110725 5.85490952842649 95.79636889252568
24090.0 -0.01115880956362 17.46288662065088 -141.07868510947523 349993.63960133958608 5.90918154919650 95.58469985978736
24120.0 -0.00934160380684 17.51831753018311 -141.10798221107191 350035.47938600927591 5.96317774161653 95.37285562091473
24150.0 -0.01116384045692 17.57381390048273 -141.13903938509449 350002.23963384423405 6.01687525202237 95.16076749450922
24180.0 -0.00933254802163 17.62908609872517 -141.17027229321695 349958.16956685669720 6.07029054381987 94.94851772711671
24210.0 -0.00782525347646 17.68360573000477 -141.19850473491530 350031.98975115641952 6.12345836239020 94.73625606856714
24240.0 -0.00843400715144 17.73843477692133 -141.23008474981478 349966.28756017610431 6.17630052640584 94.52370433470915
24270.0 -0.00798222145436 17.79257407772442 -141.25864525675044 350017.35143007244915 6.22883759497714 94.31095969506745
24300.0 -0.00824886566878 17.84670718323235 -141.28897843214807 349994.40800155792385 6.28111225772577 94.09819975274608
24330.0 -0.00670635383639 17.90067131686082 -141.31946456457541 349959.10106915235519 6.33302468444724 93.88507060896667
24360.0 -0.00931041155927 17.95417369678940 -141.34852871742856 349977.57964597828686 6.38465958778212 93.67190567346336
24390.0 -0.00700720911505 18.00746669371721 -141.37775761804312 349985.11361839249730 6.43598411501523 93.45860058511536
24420.0 -0.00760690707867 18.06055643625086 -141.40714798408470 349981.45944408606738 6.48698526891361 93.24512557889685
24450.0 -0.00838369696272 18.11345767573977 -141.43669406393292 349966.12028247304261 6.53763908248780 93.03141179066361
24480.0 -0.00488814215210 18.16595713094716 -141.46480050884531 350003.79128976259381 6.58796326968628 92.81754217486440
24510.0 -0.01002884161850 18.21822737873963 -141.49307399890751 350031.24687601346523 6.63799472082040 92.60366674032264
24540.0 -0.00319771834863 18.27051217812818 -141.52309625520340 349982.34648089017719 6.68765107161758 92.38950689391261
24570.0 -0.00439409575468 18.32241818972320 -141.55167126212109 349986.20829852018505 6.73695446062787 92.17516083589935
24600.0 -0.00314539556622 18.37409447601091 -141.58040911054175 349979.69112314563245 6.78595013229953 91.96080623946995
24630.0 -0.00614791042400 18.42545327862912 -141.60768402272259 350024.82178570702672 6.83453307808610 91.74608966086589
24660.0 -0.00425725179317 18.47675691882908 -141.63672011274235 349994.99178651534021 6.88279286115390 91.53134447325832
24690.0 -0.00692771897699 18.52785688674972 -141.66590759790634 349953.82996523473412 6.93069524995275 91.31646713922444
24720.0 -0.00403991161836 18.57861185465304 -141.69363918512823 349965.58028775360435 6.97822690287309 91.10142851481714
24750.0 -0.00586416056666 18.62919375082989 -141.72151347623279 349965.37486619688570 7.02536518089259 90.88616821541515
24780.0 -0.00639040565623 18.67958770996318 -141.74953322994392 349953.60276926402003 7.07212420045458 90.67075271515282
24810.0 -0.00558141715390 18.72962923685031 -141.77610051526946 349995.86212522257119 7.11854568067299 90.45534078418329
24840.0 -0.00467885153953 18.77952011282534 -141.80280315143290 350025.72916525509208 7.16454277643737 90.23965365231471
24870.0 -0.00447861678604 18.82935633564536 -141.83125218259849 349979.15364093147218 7.21013937238735 90.02379051778833
24900.0 -0.00557437374078 18.87885749004894 -141.85824353667141 349986.56422310508788 7.25538348868612 89.80792901430667
24930.0 -0.00486801806184 18.92822342001638 -141.88536301945405 349980.91567215230316 7.30016458968474 89.59171645748546
24960.0 -0.00637128778895 18.97728162858110 -141.91101987382731 350029.16338113881648 7.34457747831907 89.37548595498538
24990.0 -0.00348046183526 19.02626039632679 -141.93842214482549 350001.08477827534080 7.38858648060452 89.15913489961720
25020.0 -0.00590642123007 19.07505953477204 -141.96595995095035 349961.16688605397940 7.43217792482757 88.94263482363539
25050.0 -0.00828005795328 19.12361114131852 -141.99202018426820 349973.74590843077749 7.47532544697788 88.72591674064637
25080.0 -0.00436793432654 19.17199116549737 -142.01821398036319 349974.55695100128651 7.51804967790399 88.50906493732528
25110.0 -0.00797014688940 19.22016723407495 -142.04454757090659 349964.58815555088222 7.56039238621830 88.29222967963427
25140.0 -0.00101224188783 19.26813412512367 -142.06939687313670 350006.83213646337390 7.60226196359775 88.07513227590910
25170.0 -0.00668119881590 19.31594676956257 -142.09437458293715 350037.03709349501878 7.64368420903759 87.85787287312495
25200.0 -0.00737849859882 19.36362013200256 -142.12109752736049 349991.36290045175701 7.68471013235640 87.64062893350426
25230.0 -0.00301760768540 19.41111735732367 -142.14632908240819 349997.33091533463448 7.72522319910898 87.42304820102611
25260.0 -0.00351467275177 19.45842598761823 -142.17169326720250 349992.22050786111504 7.76532412390928 87.20546458967974
25290.0 -0.00430152490255 19.50553244166565 -142.19557415999643 350040.39762216247618 7.80497558551927 86.98777585802378
25320.0 -0.00252557366007 19.55251902977301 -142.22118917044344 350011.41082173399627 7.84416360270679 86.76995426553080
25350.0 -0.00421197257162 19.59935906509382 -142.24692441651345 349969.81345801614225 7.88286053965621 86.55193089115495
25380.0 -0.00212711663598 19.64601683648805 -142.27117241600217 349981.36701249890029 7.92108869476111 86.33379061637409
25410.0 -0.00854066494062 19.69248989919427 -142.29554849195648 349981.94656204432249 7.95889255934810 86.11568366451797
25440.0 -0.00288478865275 19.73883712681042 -142.32003974343559 349969.52024550735950 7.99617549827926 85.89733170065496
25470.0 -0.00476437897853 19.78503715016052 -142.34303928385219 350010.06030736863613 8.03296539286275 85.67883575256236
25500.0 -0.00260908869005 19.83106426945666 -142.36616350403392 350039.55255669821054 8.06931644687437 85.46037295543569
25530.0 -0.00919771650608 19.87698045107250 -142.39100739122239 349990.05223298911005 8.10510612253871 85.24159316995758
25560.0 -0.00734026290119 19.92273359478937 -142.41436292134512 349994.61070147063583 8.14044080179177 85.02282813419272
25590.0 -0.00937682102020 19.96833891772958 -142.43783518336710 349987.11885695997626 8.17528177867008 84.80397743139567
25620.0 -0.00586214819457 20.01383164809180 -142.45981222691864 350032.78335768450052 8.20961478918201 84.58501409391442
25650.0 -0.00735636213646 20.05917305096191 -142.48351039407555 350000.16929722018540 8.24341088543807 84.36586935100036
25680.0 -0.00886667523977 20.10436886265054 -142.50732194936000 349955.27773993555456 8.27669417082345 84.14662860915931
25710.0 -0.00894918404677 20.14943493675095 -142.52964173944295 349964.70664875861257 8.30951203729050 83.92744190600517
25740.0 -0.01152506793249 20.19439405988216 -142.55206854403593 349960.86866268701851 8.34176258101245 83.70803156197260
25770.0 -0.00674861453673 20.23928390540416 -142.57299605080439 350010.05233798269182 8.37347593121943 83.48849939775636
25800.0 -0.00858292556710 20.28402046802115 -142.59403885455325 350047.99707808159292 8.40470967744488 83.26902204190758
25830.0 -0.00692369408507 20.32860588799727 -142.61679278246731 350006.38477734383196 8.43533486567490 83.04925119154257
25860.0 -0.00966962651502 20.37303020518687 -142.63965896829808 349953.24672558996826 8.46546417105988 82.82951740344326
25890.0 -0.00696092370745 20.41747911782277 -142.65941680951249 350019.17164634726942 8.49505732119523 82.60972152152659
25920.0 -0.00842998248112 20.46172851817196 -142.68088964068554 350006.90305315330625 8.52409980156159 82.38983738908630
25950.0 -0.01071607939322 20.50586934546885 -142.70246605680956 349981.52833204809576 8.55256131877546 82.16979646952670
25980.0 -0.01109139369505 20.54998388782838 -142.72254069450918 350009.41513441223651 8.58046791474658 81.94968460650925
26010.0 -0.01136809999153 20.59395294119854 -142.74272490098969 350025.94963466469198 8.60787004815849 81.72965148628299
26040.0 -0.00882240227813 20.63783413152202 -142.76300947896317 350028.93610124848783 8.63466032910634 81.50942040080103
26070.0 -0.00977427185824 20.68160633200351 -142.78339667971591 350019.10643899720162 8.66087129574851 81.28909385511361
26100.0 -0.00851752225528 20.72523328022095 -142.80389056321496 349997.78339429572225 8.68656409940499 81.06884776703154
26130.0 -0.00738956686693 20.76878686000711 -142.82448054254826 349962.19517120253295 8.71160313826987 80.84833607459467
26160.0 -0.00931343011741 20.81246930315068 -142.84196526748602 350046.67351720854640 8.73610767741185 80.62788777172889
26190.0 -0.01000871749131 20.85577246322116 -142.86276114322376 349986.82715342380106 8.76003586008444 80.40740507026108
26220.0 -0.00935367833487 20.89925374437142 -142.88044842256613 350046.04887144826353 8.78337295833721 80.18686265388097
26250.0 -0.00722857410791 20.94235220508435 -142.90144090672982 349959.99585158657283 8.80608730656775 79.96619230098203
26280.0 -0.01102196560212 20.98564885232640 -142.91932554728908 349993.10548976622522 8.82820701250195 79.74548018561582
26310.0 -0.00958108055481 21.02881969182737 -142.93731281273352 350014.64241009950638 8.84978575298889 79.52487545492332
26340.0 -0.00906892240228 21.07192181466236 -142.95539521880619 350022.31496482808143 8.87071046190661 79.30410270332266
26370.0 -0.00883648914131 21.11493421148424 -142.97357450822278 350016.88935066293925 8.89101623984239 79.08326498975528
26400.0 -0.00769243448074 21.15782110241260 -142.99185379263574 349999.73967794049531 8.91076795712266 78.86253729407342
26430.0 -0.00617004684942 21.20065352968827 -143.01022459516599 349967.97913281526417 8.92982317025448 78.64157621525578
26460.0 -0.01151601203647 21.24355762832489 -143.02709387616542 349990.31971320230514 8.94830799537954 78.42070876801336
26490.0 -0.00769243451768 21.28637192950665 -143.04405933843552 349999.85459763836116 8.96617898513644 78.19983863448572
26520.0 -0.00984873091834 21.32910177848561 -143.06111968126498 349996.31385451927781 8.98342123901128 77.97894135807735
26550.0 -0.00923695861136 21.37176144317242 -143.07827282150240 349979.05716257169843 9.00000169891862 77.75794910861553
26670.0 -0.01269830254240 21.54242616886732 -143.14143948570012 350044.92808449547738 9.06003179065222 76.87406674173042
26700.0 -0.00808183560881 21.58488210911801 -143.15746512180553 350029.24052752181888 9.07347048460733 76.65318454938041
26730.0 -0.01029951072484 21.62730242138413 -143.17357898171144 349998.53598848078400 9.08617289447776 76.43210534546220
26760.0 -0.00825188418998 21.66962077796218 -143.18978573314214 349955.55491143465042 9.09827220806375 76.21115371795494
26790.0 -0.00832332476581 21.71237011785067 -143.20289976725263 350031.83530391845852 9.10972339226510 75.99023491498438
26820.0 -0.01069193048491 21.75454099400410 -143.21928801998587 349962.25434079580009 9.12051141742940 75.76932534798955
26850.0 -0.01157034711711 21.79718520833594 -143.23258402732424 350011.01232489291579 9.13060181875876 75.54835764909367
26880.0 -0.00746301981484 21.83977231280807 -143.24597165433320 350046.36323556955904 9.14002718049156 75.32741825859239
26910.0 -0.00916350562651 21.88199304331560 -143.26104042195536 350003.30467925965786 9.14884799649566 75.10665460008573
26940.0 -0.00919771657995 21.92445669334431 -143.27460859250294 350011.80973991937935 9.15693939675147 74.88579490379749
26970.0 -0.00694180580323 21.96686870066419 -143.28826607603852 350006.48156084120274 9.16434202394146 74.66494286160872
27000.0 -0.00702431457330 22.00919406531683 -143.30201422397150 349988.80864799022675 9.17112856635531 74.44427081187855
27210.0 -0.00632902719941 22.30665387967676 -143.38804970921649 350003.61432896926999 9.19905333543269 72.90031227046634
27240.0 -0.00978634631240 22.34925685713931 -143.39933762387159 350006.71279642451555 9.20024524152940 72.67998015073616
27270.0 -0.00626161147857 22.39182676164353 -143.41071275485081 349995.49519472941756 9.20071903256350 72.45969711622790
27300.0 -0.00941103193671 22.43468173286901 -143.42059972311461 350037.77451839391142 9.20055144259666 72.23963376804809
27330.0 -0.00603420925863 22.47719080861282 -143.43214858639732 349997.71986529417336 9.19957875153474 72.01945728539881
27360.0 -0.00687137145039 22.52000009010324 -143.44221002240948 350010.83366630971432 9.19794876821139 71.79948596498051
27390.0 -0.00897132054605 22.56277604789073 -143.45235873043902 350009.87974344473332 9.19561334336792 71.57962843920819
27420.0 -0.00553110689132 22.60552368388533 -143.46259400098307 349994.54811788816005 9.19255732258807 71.35986283489599
27450.0 -0.00863122338372 22.64825720023580 -143.47291500088440 349964.08101105224341 9.18874340565078 71.14012289429003
27480.0 -0.00658963418674 22.69134562950191 -143.48175211881218 349985.45253399852663 9.18420902652981 70.92049468635399
27510.0 -0.00777494321388 22.73438427815420 -143.49067686449274 349993.78122552204877 9.17902185279624 70.70112293978333
27540.0 -0.00783732796755 22.77742888191195 -143.49968781207582 349986.28699606284499 9.17304482194209 70.48174091569668
27570.0 -0.00945932979027 22.82045851390043 -143.50878479399142 349963.90006385929883 9.16632457451274 70.26245218200351
27600.0 -0.00577963938757 22.86384713148643 -143.51640267213077 349994.42890479974449 9.15894194174568 70.04342530950660
27630.0 -0.00574844710306 22.90726603100356 -143.52410756841630 350008.19354049116373 9.15072600503518 69.82433186609360
27660.0 -0.01008116432705 22.95065041629331 -143.53189938938553 350008.31483033951372 9.14183202110348 69.60548625383896
27690.0 -0.00555424953972 22.99401938728589 -143.53977743353812 349993.76963774859905 9.13221032812071 69.38679890352533
27720.0 -0.00816333822977 23.03780823855192 -143.54618104523274 350030.37178140971810 9.12184577402067 69.16824876739427
27750.0 -0.00669427945610 23.08117586866747 -143.55423117247128 349985.01891946513206 9.11069963832402 68.94977022114678
27780.0 -0.00510648854989 23.12497122774417 -143.56080829723248 349990.76309047266841 9.09881187868577 68.73144887617737
27810.0 -0.00602917818066 23.16918130038064 -143.56591530509456 350048.98112921789289 9.08625381768525 68.51342772241223
27840.0 -0.00586516682657 23.21297361718995 -143.57266619082327 350024.52958480734378 9.07288223372530 68.29544305021805
27870.0 -0.00584705518227 23.25676848513044 -143.57950267015710 349984.50192266982049 9.05874688996697 68.07759804629111
27900.0 -0.00813717691243 23.30099464992143 -143.58487104273732 349996.63751532230526 9.04393273402134 67.86005895337746
27930.0 -0.00671239106347 23.34526830040942 -143.59032705384621 349991.20368513744324 9.02826166862650 67.64250214172490
27960.0 -0.00432869244286 23.38999876802282 -143.59431904962361 350037.47994100861251 9.01189641815712 67.42523761426172
27990.0 -0.00658762174078 23.43426262616988 -143.59994824438044 350002.35507404059172 8.99478584841735 67.20817765661879
28020.0 -0.00658762170385 23.47853312815146 -143.60566286004124 349951.51284295041114 8.97691484923068 66.99130201222543
28050.0 -0.00548985248782 23.52329621607169 -143.60991609678788 349951.01750706974417 8.95829138174301 66.77463257537842
28080.0 -0.00663692581732 23.56859695185645 -143.61271225511527 349999.14994761161506 8.93883652561122 66.55803480961039
28110.0 -0.00652322468889 23.61391379884417 -143.61559734504965 350031.81638086587191 8.91864419223228 66.34168576531587
28140.0 -0.00477846580478 23.65871975030843 -143.62011224834342 349984.18430076353252 8.89776778344982 66.12568658660039
28170.0 -0.00418178647316 23.70407713718513 -143.62317265380403 349984.91433069575578 8.87605733826416 65.90977733097832
28200.0 -0.00600100449123 23.74946410465590 -143.62632092563055 349969.14289548899978 8.85356607815358 65.69406044164828
28230.0 -0.00535904590113 23.79536833920217 -143.62801711293679 350004.45339669752866 8.83038348192206 65.47869929505711
28260.0 -0.00631997130339 23.84134672527455 -143.62980432023409 350021.12255730666220 8.80632361408608 65.26337597123245
28290.0 -0.00511353199995 23.88733482365861 -143.63167940115594 350022.60177869815379 8.78155739819806 65.04839510994971
28320.0 -0.00935569074389 23.93335138230110 -143.63364260894210 350007.74985406827182 8.75603210727974 64.83367104344943
28350.0 -0.00586717919866 23.97940107287668 -143.63569366142511 349976.19732804596424 8.72973270013884 64.61918430706775
28380.0 -0.00300251467311 24.02602813336729 -143.63630072886320 349993.72187396045774 8.70266783872312 64.40495607580432
28410.0 -0.00821062978648 24.07272367383701 -143.63699881563295 349992.84521851409227 8.67475564887415 64.19085451077375
28440.0 -0.00478651551475 24.12000942907784 -143.63625723579221 350041.14756414014846 8.64609514704914 63.97705387832196
28470.0 -0.00565185143288 24.16675220869865 -143.63713221610143 350008.49443053267896 8.61674273192763 63.76365352543959
28500.0 -0.00360824982688 24.21356123671087 -143.63809674705576 349957.20344117097557 8.58654175187316 63.55039765158885
28530.0 -0.00790776228346 24.26098943739046 -143.63762514691078 349953.87990805692971 8.55554891523771 63.33738768475354
28560.0 -0.00435384742642 24.30901802478532 -143.63571904931999 350000.30695830751210 8.52385817302816 63.12478378778289
28590.0 -0.00228710313509 24.35714615530619 -143.63390782458686 350026.83363656140864 8.49127587994728 62.91227419468297
28620.0 -0.00412543902043 24.40471962001397 -143.63370643545576 349971.70280533470213 8.45798104504689 62.70015760519976
28650.0 -0.00084219330666 24.45352611911987 -143.63055662063735 350029.91998904850334 8.42391940824704 62.48835044225256
28680.0 -0.01220727459231 24.50180114196839 -143.62901715015315 350004.86996915563941 8.38907603085400 62.27683397574745
28710.0 -0.00464262828786 24.55013039068429 -143.62756758523952 349962.07013293076307 8.35346024827433 62.06562856093607
28740.0 -0.00247325098846 24.59915288870203 -143.62469585942961 349964.90931592974812 8.31698730649387 61.85460517877142
28770.0 -0.01150796243730 24.64823155341741 -143.62191542180787 349950.14850136730820 8.27976126961940 61.64393494295074
28800.0 -0.00446452992285 24.69858568350009 -143.61620234885058 350049.32661224342883 8.24184148160458 61.43371516391669
28830.0 -0.00418480506824 24.74780053597504 -143.61360687538394 349998.07170971110463 8.20306468992210 61.22369453148520
76230.0 -0.00230018377529 28.57427375372810 -163.85378178383519 350028.21104491408914 7.99357492948020 320.98395151739442
76260.0 0.00035317761787 28.50036551893243 -163.75595298045755 349974.87239591591060 8.17505766908094 321.04946639343910
76290.0 -0.00446754818552 28.42851243833033 -163.66104410176774 350012.43175018578768 8.35686088261785 321.11433219119760
76320.0 -0.00114304832679 28.35649563893046 -163.56673657840759 350011.77982255350798 8.53900920319950 321.17855261306670
76350.0 -0.00405098014501 28.28432087655206 -163.47302926156578 349972.44432146009058 8.72148612518400 321.24212166522244
76380.0 -0.00409424669900 28.21421157269017 -163.38216538501774 350028.56202522944659 8.90444164625684 321.30507178150174
76410.0 -0.00246721383525 28.14395763523816 -163.29188227782549 350045.63751138653606 9.08768705801725 321.36735696786218
76440.0 -0.00550897050283 28.07356979123667 -163.20218993933634 350021.46698110643774 9.27111624177992 321.42895103541571
76470.0 -0.00416870572216 28.00303573732099 -163.11304797934091 349961.78135402966291 9.45502154745300 321.48991852971665
76500.0 -0.00572832268040 27.93459616022602 -163.02669782449311 349996.95197559241205 9.63929196478036 321.55023163061418
76530.0 -0.00498775674976 27.86603682351217 -162.94090970401135 349991.53057046048343 9.82375372372654 321.60984906176554
76560.0 -0.00648800729086 27.79734158134123 -162.85563707728591 349952.27953011263162 10.00876116748297 321.66884782627454
76590.0 -0.00377427370079 27.73076452792461 -162.77312143871620 350006.67284034378827 10.19398464147761 321.72715189296633
76620.0 -0.00309911034329 27.66407411248955 -162.69112631307587 350023.36148257646710 10.37952071877453 321.78478055483447
76650.0 -0.00470702511816 27.59727307501975 -162.60964578690434 350002.71662705577910 10.56539386996371 321.84173681740998
76680.0 -0.00427536358521 27.53148191926338 -162.52976819239288 350011.95996749307960 10.75158782559588 321.89801468973428
76710.0 -0.00119939592725 27.46558050918785 -162.45037530544261 349986.58950036950409 10.93825410664205 321.95364437148942
76740.0 -0.00390910492087 27.40069928308540 -162.37256750447236 349991.03909709490836 11.12520136246421 322.00858182767467
76770.0 -0.00456716293092 27.33573301519621 -162.29526442973165 349955.70305664837360 11.31232215659372 322.06280188426445
76800.0 -0.00679288768304 27.27289841325595 -162.22057531947721 350022.88900758884847 11.49991303152598 322.11636525129023
76830.0 -0.00735636191486 27.20886044295876 -162.14527957885514 349985.57919178158045 11.68786068212584 322.16924496672743
76860.0 -0.00817138805054 27.14697738485868 -162.07259997428315 350046.89076895639300 11.87598946186274 322.22140166595022
76890.0 -0.00775985009078 27.08388784216315 -161.99928838555306 350006.74819601979107 12.06465769967122 322.27290748034693
76920.0 -0.00453093949458 27.02184364480283 -161.92750382459721 349997.49637806415558 12.25353203218971 322.32369026337483
76950.0 -0.00480060223020 26.95972826603118 -161.85616826272076 349951.78090875409544 12.44270959753717 322.37376762039105
76980.0 -0.00237866798584 26.89977031375345 -161.78737401238112 350009.89125921670347 12.63221467304429 322.42314179684081
77010.0 -0.00570417362435 26.83974629048798 -161.71900684259865 350032.55525051523000 12.82203121842969 322.47180674148296
77040.0 -0.00906992877300 26.77853850453501 -161.65000747195018 349951.76778320781887 13.01231226986295 322.51979027713861
77070.0 -0.00976320384867 26.71949848903818 -161.58351655284491 349975.66976117063314 13.20286378332385 322.56705038077513
77100.0 -0.01073922211549 26.66041045581677 -161.51745261498050 349962.02400956489146 13.39357697705903 322.61356289721806
77130.0 -0.01145865839770 26.60237091251523 -161.45281229974702 349986.93986840452999 13.58475261655212 322.65938444194398
77160.0 -0.01035585810370 26.54427810412929 -161.38856786664437 349977.73073468822986 13.77627503984070 322.70448893338153
77190.0 -0.00989904143946 26.48725496895477 -161.32575634899760 350003.33567658718675 13.96796669924356 322.74883895922056
77220.0 -0.00790977421235 26.43017301829315 -161.26331039857288 349998.17528549395502 14.16018990980461 322.79250148652346
77250.0 -0.00918866072087 26.37305503189594 -161.20126056165390 349956.89665971510112 14.35260755954590 322.83540839387581
77280.0 -0.00913130734063 26.31811281500957 -161.14161677212039 350026.25038013979793 14.54531732591913 322.87757548225909
77310.0 -0.00821062971261 26.26202435768373 -161.08133057997117 349989.53676819242537 14.73834325750428 322.91900416128124
77340.0 -0.00697601671974 26.20700708249877 -161.02241947763343 349992.00861471425742 14.93166953275484 322.95968824773604
77370.0 -0.01032064103808 26.15305251979163 -160.96485611629492 350036.79104832094163 15.12545068679745 322.99965301079624
77400.0 -0.01475096030296 26.09796497402787 -160.90665284920343 349974.22691695857793 15.31948993137132 323.03885851282678
77430.0 -0.00233540069317 26.04506487022544 -160.85080694156630 350023.96837241668254 15.51367711170312 323.07728162903646
77460.0 -0.00639845536621 25.99212811608184 -160.79528835821120 350043.54614319559187 15.70831723296983 323.11497455989178
77490.0 -0.00607345095763 25.93916440604448 -160.74010585138495 350031.17877015005797 15.90329221349029 323.15191213627628
77520.0 -0.00961730432355 25.88618696526257 -160.68527317299052 349984.27261918410659 16.09842258059697 323.18805895684267
77550.0 -0.01005097741605 25.83427608936062 -160.63173499405261 349983.26386707089841 16.29407462041588 323.22347645933542
77580.0 -0.01017373543771 25.78345101657902 -160.57950890245721 350024.17093087919056 16.48990743808973 323.25810073308077
77610.0 -0.00889585559538 25.73151261520303 -160.52662945900667 349957.62927530054003 16.68601921717824 323.29194563078062
77640.0 -0.00792687955980 25.68175132971264 -160.47600937814903 350011.44984763395041 16.88243373628141 323.32501163542713
77670.0 -0.00779305500591 25.63197556118113 -160.42569675954741 350034.35494144540280 17.07913537795706 323.35729234962076
77700.0 -0.01138621182050 25.58108616745672 -160.37471445958707 349951.69404807034880 17.27628014968877 323.38881027132788
77730.0 -0.00542344317463 25.53237545988608 -160.32596396914875 349990.98183278087527 17.47366846992877 323.41952764620385
77760.0 -0.00784135252707 25.48366437511855 -160.27752136937232 349997.86907972022891 17.67118878007931 323.44942239961068
77790.0 -0.00677880070906 25.43493760018678 -160.22935936818598 349976.47279890161008 17.86915033030608 323.47854192397028
77820.0 -0.01017071647330 25.38729200313589 -160.18243523337057 350003.16523601859808 18.06743255235551 323.50686200560705
77850.0 -0.00943216224995 25.33965029184640 -160.13580605134987 349998.21746791619807 18.26585402696612 323.53434933419709
77880.0 -0.00985678066524 25.29307814586641 -160.09038318103143 350045.05989857297391 18.46478497625651 323.56105936653807
77910.0 -0.01215595806982 25.24542724834225 -160.04430364447578 349982.27668815571815 18.66388069646604 323.58693264198365
77940.0 -0.00865839081324 25.19994344675391 -160.00037643153973 350048.04032779205590 18.86323983464305 323.61198088858077
77970.0 -0.00594163855423 25.15337854806051 -159.95577929226332 350005.76230153813958 19.06288585120627 323.63620355391430
78000.0 -0.00650410700627 25.10789727712314 -159.91238137340670 350014.15066208411008 19.26280331355998 323.65959393129242
78030.0 -0.00430051856876 25.06241132426829 -159.86923264921154 349995.85632115043700 19.46314966242218 323.68217148113411
78060.0 -0.00520811500257 25.01800974371981 -159.82727091406301 350028.96998606901616 19.66372247616600 323.70390075935200
78090.0 -0.00813013364704 24.97362271217107 -159.78557266132685 350032.22217777557671 19.86440876282283 323.72476077180249
78120.0 -0.01050578266847 24.92923448378590 -159.74411282437467 350009.41273736767471 20.06552199923927 323.74479362092029
78150.0 -0.00792989867195 24.88485427060002 -159.70289904519041 349959.04743785504252 20.26693906454344 323.76397610568472
78180.0 -0.00579775103187 24.84263142491076 -159.66376700811236 350042.81443642079830 20.46847657360239 323.78227711214248
78210.0 -0.00618312748962 24.79933637355940 -159.62394304595000 350020.36238382384181 20.67050862555720 323.79974556086000
78240.0 -0.00672044081037 24.75606118012375 -159.58436579852824 349969.20706757437438 20.87268669167291 323.81632674443972
78270.0 -0.01065470101027 24.71386519095141 -159.54592962258124 349973.45779809728265 21.07510982878571 323.83203005114018
78300.0 -0.00694583076902 24.67168253114552 -159.50772229779483 349951.14341378118843 21.27780112288475 323.84685376286211
78330.0 -0.00887472476507 24.63057519532595 -159.47064076103726 349985.71413096413016 21.48074530092312 323.86079075272971
78360.0 -0.00904980460887 24.58947319364796 -159.43376937381632 349996.03051020484418 21.68410118321157 323.87385711884173
78390.0 -0.00837262880541 24.54839011152230 -159.39712097148052 349979.80349935404956 21.88766346334644 323.88601988914002
78420.0 -0.00582491860912 24.50838754376112 -159.36159064768037 350020.45080125704408 22.09131768605180 323.89725919256119
78450.0 -0.00635720081497 24.46734101303291 -159.32537466211883 349952.55650317203254 22.29538151302515 323.90761125352594
78480.0 -0.00531678516384 24.42841299250136 -159.29113851056857 350029.68358047027141 22.49972920337802 323.91705395775870
78510.0 -0.00819855548006 24.38846230400442 -159.25623485045713 349994.93516712449491 22.70417539010703 323.92555852337080
78540.0 -0.00959717986395 24.34956551709664 -159.22240101984335 350023.36304645054042 22.90909796059269 323.93316665475731
78570.0 -0.00817541264699 24.31069518804435 -159.18877571029626 350025.91604989580810 23.11414455800681 323.93982877785919
78600.0 -0.00844105078616 24.27184746673922 -159.15535091059309 350003.68493953999132 23.31941458165475 323.94555167962130
78630.0 -0.00797920285929 24.23406121161035 -159.12299344744795 350043.99627333506942 23.52493067721427 323.95033232037173
78660.0 -0.00769645907719 24.19526006746935 -159.08996085309272 349972.94639868196100 23.73067769896797 323.95416302308502
78690.0 -0.00932147979045 24.15751126547156 -159.05797834989312 349966.65920665301383 23.93681577189456 323.95705612807808
78720.0 -0.00682106133554 24.12082141870866 -159.02704998342099 350024.08508109487593 24.14313666921427 323.95898134013032
78750.0 -0.00845815613362 24.08313318753775 -158.99545545948638 349968.24003613833338 24.34952444009137 323.95991996855770
78780.0 -0.00880429048609 24.04649103734252 -158.96489421722910 349978.94765331875533 24.55630085855331 323.95990164336604
78810.0 -0.01142645970555 24.00987217599753 -158.93451133565503 349966.83132226299495 24.76333749559390 323.95890543216700
78840.0 -0.00809189791248 23.97431085106269 -158.90516844144207 350019.61931465100497 24.97044699131310 323.95690505770426
78870.0 -0.00561361562445 23.93774056925727 -158.87513552978723 349962.36153413634747 25.17801089475989 323.95393417795225
78900.0 -0.00697903538868 23.90222469099794 -158.84613340396737 349971.03563124500215 25.38567303504968 323.94994882539834
78930.0 -0.00840683994352 23.86775178717906 -158.81814715595101 350047.71164098568261 25.59353306970536 323.94495286865583
78960.0 -0.00762401235226 23.83229004258330 -158.78948399485415 350011.82095345668495 25.80161312705144 323.93894176027203
78990.0 -0.00858191919638 23.79685907843462 -158.76098994121523 349953.48956797830760 26.00989814720621 323.93190712012688
79020.0 -0.00669327323312 23.76245864581806 -158.73349079359272 349965.89221622701734 26.21854946408103 323.92385705101532
79050.0 -0.00603119062662 23.72808963030768 -158.70615642529648 349956.15975558292121 26.42735589739097 323.91476419088241
79080.0 -0.00768840973656 23.69476196133783 -158.67982397720505 350015.63852178771049 26.63619996984225 323.90461110567395
79110.0 -0.00699714710685 23.66045237652328 -158.65280776696505 349962.96664798352867 26.84540745758076 323.89341995934467
79140.0 -0.00586214826843 23.62717086697755 -158.62677514141006 349982.05761037301272 27.05484717504323 323.88117112313836
79170.0 -0.00937380235126 23.59392727735948 -158.60090405441099 349978.90653784479946 27.26432976399799 323.86784104216986
79200.0 -0.00769243448074 23.56070188413067 -158.57517178767588 349956.93057377636433 27.47423635831234 323.85345440020387
79230.0 -0.00665403112784 23.52850398352684 -158.55041695001751 350007.20329100452363 27.68421481489404 323.83797326427020
79260.0 -0.00251450557663 23.49633557269005 -158.52580848077119 350037.18733751121908 27.89436104264896 323.82139827657511
79290.0 -0.00851450358634 23.46419673545688 -158.50134408055368 350047.11242578923702 28.10469656120495 323.80372315997300
79320.0 -0.00684621646683 23.43208956669202 -158.47702347548108 350036.89222616236657 28.31520634455817 323.78493865125495
79350.0 -0.00715914590418 23.40000639090006 -158.45283675799539 350007.93877771869302 28.52605281032606 323.76504803424734
79380.0 -0.00125574337998 23.36796025878698 -158.42879451989305 349958.47500509396195 28.73702180130001 323.74402720114415
79410.0 -0.00461042963264 23.33693041205035 -158.40570815533763 349983.85899010300636 28.94799428217595 323.72186007473067
79440.0 -0.00911621414366 23.30592268596027 -158.38274826094118 349991.30217059236020 29.15929987336600 323.69856029330327
79470.0 -0.00800938881001 23.27494562903380 -158.35992102085868 349979.72451368067414 29.37080456471797 323.67410968778665
79500.0 -0.00620627032269 23.24497347653213 -158.33803504207972 350044.97907334472984 29.58231700137519 323.64848769970189
79530.0 -0.00567398782136 23.21405798175780 -158.31546751820844 349995.89013798069209 29.79422548327344 323.62170864084209
79560.0 -0.00445547410070 23.18414231695860 -158.29383351425219 350024.64448471087962 30.00616634024038 323.59374165620915
79590.0 -0.00453798275997 23.15425953167260 -158.27232715701606 350034.73949661664665 30.21823940852166 323.56458355006856
79620.0 -0.00294415510682 23.12440958018094 -158.25094634787203 350026.38879726082087 30.43046549094057 323.53422605242912
79650.0 -0.00484085041072 23.09459436979991 -158.22969083633734 349999.52270278893411 30.64282952967177 323.50265880563984
79680.0 -0.00403890532151 23.06480608545053 -158.20855135535405 349955.44810272660106 30.85549486582488 323.46987957154090
79710.0 -0.00329733272469 23.03599866813537 -158.18832271576423 349992.37750318460166 31.06824435229356 323.43586789881078
79740.0 -0.00623746264412 23.00723236577014 -158.16822095146628 350010.31623103376478 31.28095736419706 323.40060919898156
79770.0 -0.00693073727659 22.97849006087635 -158.14822842876362 350011.84716050326824 31.49396714933243 323.36410729783233
79800.0 -0.00463357246571 22.94978020509874 -158.12835105784714 349995.96989670861512 31.70713680602714 323.32634568712274
79830.0 -0.00409525292198 22.92111427677201 -158.10859734256962 349961.30056782905012 31.92027299330451 323.28730715011267
79860.0 -0.00608150074147 22.89339693600238 -158.08972182755281 350012.40679927915335 32.13376697408533 323.24699421586189
79890.0 -0.00446956107469 22.86571759800245 -158.07096284872071 350045.71217406168580 32.34725145034435 323.20538384811158
79920.0 -0.00379339149421 22.83715352549045 -158.05154382460387 349959.68148394022137 32.56082612325316 323.16246853465384
79950.0 -0.00266644229189 22.80954439235419 -158.03300628194935 349958.81404808536172 32.77451095021020 323.11823770295445
79980.0 -0.00399664484277 22.78288188580910 -158.01534416710243 350044.10853017866611 32.98829075880058 323.07267965458118
80010.0 -0.00546972824982 22.75533159724515 -157.99701312483870 350011.06634510401636 33.20232960985061 323.02578578177395
80040.0 -0.00452087756025 22.72782120734097 -157.97879147251788 349960.85443113185465 33.41640736724875 322.97753979552465
80070.0 -0.00409827144318 22.70125947563305 -157.96144509455561 349996.76776346471161 33.63040178459737 322.92792877108275
80100.0 -0.00425020830618 22.67472094633969 -157.94419237374439 350017.82245110068470 33.84464944671473 322.87694516088357
80130.0 -0.00364044855596 22.64821397694623 -157.92703898869635 350023.09025101084262 34.05901049570073 322.82457437937671
80160.0 -0.00377930452022 22.62174987271613 -157.90999301474420 350011.29842409491539 34.27328962540354 322.77080298888978
80190.0 -0.00492335921772 22.59530828559351 -157.89303545469593 349985.17106431163847 34.48788067724586 322.71561992371727
80220.0 -0.00403789939400 22.56979366796709 -157.87693436475431 350048.07281586900353 34.70241285658221 322.65901108296782
80250.0 -0.00437095284774 22.54343042878108 -157.86017852518845 349989.44726857077330 34.91698553205249 322.60096397806859
80280.0 -0.00441522592018 22.51798219360143 -157.84426831593899 350021.45715396571904 35.13161766160879 322.54146537386413
80310.0 -0.00211202347595 22.49256676877631 -157.82845158497329 350038.24006360769272 35.34629385463970 322.48050194804750
80340.0 -0.00244507722516 22.46717607799456 -157.81272014915103 350040.91435812134296 35.56117863415198 322.41805770561672
80370.0 -0.00378232333690 22.44182276813115 -157.79708309443382 350028.08355173002928 35.77604889279017 322.35412116003471
80400.0 -0.00289585714246 22.41651414749949 -157.78154493845500 349999.02672542259097 35.99078073087851 322.28868128556746
80430.0 -0.00550796398438 22.39123278756345 -157.76608984530671 349955.96756758727133 36.20571368897812 322.22171727213293
80460.0 -0.00277813097437 22.36684153074368 -157.75146125144329 350006.60321334097534 36.42070489037144 322.15321680233779
80490.0 -0.00370786416600 22.34248954998607 -157.73692545328356 350041.88536788616329 36.63555709901556 322.08317077606256
80520.0 -0.00356196449315 22.31730941199092 -157.72172983646402 349955.09568503871560 36.85066624293815 322.01155234128294
80550.0 -0.00097601841456 22.29301939631646 -157.70736064949568 349962.10522819031030 37.06565821138551 321.93835772450552
80580.0 -0.00220761303396 22.26876409415375 -157.69307644318806 349954.69261047150940 37.28063179681163 321.86356868130741
80610.0 -0.00467885146566 22.24537868870508 -157.67960531278328 350043.26961952634156 37.49560477293971 321.78716890335596
80640.0 -0.00335166773146 22.22118970480265 -157.66548602476539 350007.65014186315238 37.71056140103479 321.70914312701132
80670.0 -0.00266644229189 22.19702836013648 -157.65144215111343 349958.77838097419590 37.92566634239267 321.62946675609857
80700.0 -0.00378534185810 22.17373111957728 -157.63820727909425 350006.60763720236719 38.14069355840662 321.54813392410927
80730.0 -0.00322689815024 22.15047347002890 -157.62505766183213 350039.89658275060356 38.35551746502643 321.46513582644729
80760.0 -0.00189367722590 22.12682980871734 -157.61161734984231 350004.75344152189791 38.57048006301034 321.38043611181837
80790.0 -0.00198926663617 22.10322033758017 -157.59825405332654 349956.00125753134489 38.78543539972498 321.29402519444659
80820.0 -0.00343719491193 22.08046418099743 -157.58569379375183 350005.12462104111910 39.00018436145195 321.20589903316193
80850.0 -0.00288277639146 22.05772477590234 -157.57319769338451 350042.54600752890110 39.21512433883835 321.11601234945186
80880.0 -0.00256280309778 22.03462249658642 -157.56042253874196 350009.57358233351260 39.42987814718324 321.02437344255253
80910.0 -0.00437195921846 22.01155666758165 -157.54772281310994 349963.11196541506797 39.64454370245783 320.93095740422126
80940.0 -0.00344021358087 21.98931882253440 -157.53580970844226 350017.17759965546429 39.85913737218473 320.83574439947034
80970.0 -0.00140667402000 21.96671626481240 -157.52361178105593 350001.43893229123205 40.07364290798614 320.73871688221431
81000.0 -0.00290088810963 21.94413875813464 -157.51147874452315 349973.62165980413556 40.28822470312744 320.63984022139533
81030.0 -0.00406808519699 21.92198858531577 -157.49977309931782 349989.94658918119967 40.50265385722755 320.53911522664998
81060.0 -0.00347140634551 21.89987889767905 -157.48814340880867 349992.71207323856652 40.71680307305618 320.43653576466289
81090.0 -0.00452792067791 21.87779198177191 -157.47657525495947 349983.82857360411435 40.93101617418040 320.33204720994081
81120.0 -0.00408015987275 21.85573605036418 -157.46507374044160 349962.55386308208108 41.14514408313423 320.22564334184301
81150.0 -0.00396847104254 21.83448492500968 -157.45434858529211 350043.98793153278530 41.35898588496038 320.11732612325750
81180.0 -0.00207781255945 21.81248801408297 -157.44297666897759 349998.41567379701883 41.57293964293885 320.00702868838096
81210.0 -0.00269059120021 21.79090994136158 -157.43202602513335 349998.05060967896134 41.78662542160671 319.89477361305615
81240.0 -0.00386483192230 21.76936448253739 -157.42114071219640 349985.42216850724071 42.00013989095734 319.78052829039996
81270.0 -0.00366359109356 21.74822411552418 -157.41066797133095 350019.34062582999468 42.21349774628706 319.66426888442470
81300.0 -0.00430152493948 21.72711276885183 -157.40025767219134 350041.42794572282583 42.42668203014004 319.54597522784616
81330.0 -0.00304276266896 21.70565348645493 -157.38955548071593 349993.59211869072169 42.63985636099923 319.42560098736863
81360.0 -0.00214623461407 21.68459810259640 -157.37926470170132 349992.52974346186966 42.85278908608873 319.30315503153435
81390.0 -0.00140566787088 21.66394710047884 -157.36938740915065 350038.13782627601177 43.06535117236304 319.17863454079168
81420.0 -0.00365352901150 21.64295187800122 -157.35921709378630 350013.77870164252818 43.27788745248035 319.05196336702107
81450.0 -0.00360523126874 21.62198709781808 -157.34910536602487 349977.89139913674444 43.49024569027883 318.92313953779654
81480.0 -0.00410732730227 21.60177898772271 -157.33974719287187 350049.02931584417820 43.70222327883563 318.79217227847869
81510.0 -0.00386785059123 21.58087168312944 -157.32974922211366 349990.55119755119085 43.91421796150383 318.65896938827802
81540.0 -0.00238872984630 21.56071173657823 -157.32050009220944 350039.91032751463354 44.12584747901845 318.52357052586439
81570.0 -0.00230622111317 21.53987680797534 -157.31062270858428 349957.81985860317945 44.33720680428858 318.38593424662440
81600.0 -0.00290491270608 21.51977500268165 -157.30148605097719 349984.81799734290689 44.54830864408440 318.24603226614045
81630.0 -0.00256280331939 21.49970081491323 -157.29240422299495 350000.83379600942135 44.75913508925748 318.10384151237145
81660.0 -0.00322287333219 21.47964587424335 -157.28337049001215 350006.68155381176621 44.96984835542824 317.95930205686705
81690.0 -0.00371893239718 21.45962250532613 -157.27439262089922 350001.34628341905773 45.18021420368953 317.81243266413361
81720.0 -0.00276102547918 21.43963761314966 -157.26547451596520 349984.31301818788052 45.39010185637210 317.66323476351857
81750.0 -0.00259701416203 21.41967326430429 -157.25660282440040 349957.21880481019616 45.59985612482983 317.51160687695597
81780.0 -0.00140969276280 21.40040798645423 -157.24845869226368 350041.79952799715102 45.80932160699552 317.35755253432461
81810.0 -0.00393224760620 21.38050717705624 -157.23969487805829 349992.75563887786120 46.01829416302234 317.20108992732099
81840.0 -0.00161797715240 21.36095569505588 -157.23131078825554 349995.47463407833129 46.22716997305810 317.04209714309297
81870.0 -0.00171759130685 21.34143840977210 -157.22298123016841 349987.14383035432547 46.43556502321259 316.88063452763777
81900.0 -0.00207177529543 21.32227639246954 -157.21503796552594 350029.99677879735827 46.64357204344188 316.71665061630034
81930.0 -0.00232232031151 21.30281490784605 -157.20680737799918 350000.79536784533411 46.85120138168354 316.55011234696644
81960.0 -0.00179104425477 21.28338316653364 -157.19862578284764 349961.14105391688645 47.05843389003569 316.38099361176387
81990.0 -0.00345731922379 21.26429166897743 -157.19082101587856 349973.94494944717735 47.26542961006214 316.20921881923942
82020.0 -0.00237162427725 21.24522909272604 -157.18306521960218 349976.38596229534596 47.47195196688509 316.03481910594752
82050.0 -0.00172362857086 21.22620226548180 -157.17536218530427 349967.99144549109042 47.67786845911046 315.85780153240506
82080.0 -0.00248130066150 21.20719314945870 -157.16769899943768 349950.27234457526356 47.88352258373740 315.67803492363146
82110.0 -0.00162300804570 21.18882872400115 -157.16074490498275 350048.03055694140494 48.08875581378258 315.49553012056998
82140.0 -0.00267247948204 21.16987717570506 -157.15317617688368 350009.97904536407441 48.29336271227348 315.31031662429376
82170.0 -0.00282743501398 21.15094140504387 -157.14564378801407 349962.92631063982844 48.49773635221598 315.12223781393243
82200.0 -0.00292403072109 21.13264580523192 -157.13882179015320 350031.56365787237883 48.70149172832543 314.93137939158817
82230.0 -0.00236860575604 21.11377183493722 -157.13138216235683 349964.23462424427271 48.90471867944790 314.73767877246689
82260.0 -0.00168237401963 21.09552291284611 -157.12464583718659 350013.66831177845597 49.10742477488657 314.54109806579493
82290.0 -0.00199832242138 21.07700050770432 -157.11762184656948 349990.19988249428570 49.30958930269380 314.34160831666668
82320.0 -0.00117424079596 21.05849597052767 -157.11063419571562 349957.73957141954452 49.51136919811958 314.13911615244427
82350.0 -0.00159584061618 21.04031161057879 -157.10401857862880 349979.15816964767873 49.71252592826200 313.93366845997116
82380.0 -0.00200737820660 21.02215923212101 -157.09744938399027 349990.54576717596501 49.91292534863074 313.72527999242033
82410.0 -0.00151333188304 21.00402069431950 -157.09091407566925 349993.29325490631163 50.11290803870226 313.51378503320535
82440.0 -0.00113902358260 20.98590414849465 -157.08441730281760 349986.85256408620626 50.31231247515205 313.29920436838404
82470.0 -0.00188965233398 20.96782010432959 -157.07796519225064 349970.52455188427120 50.51093228195368 313.08158206780752
82500.0 -0.00161898322764 20.95002558295871 -157.07186974717777 350010.19472097512335 50.70915552821426 312.86072129907751
82530.0 -0.00254368537824 20.93225773427969 -157.06581616386924 350040.39366690162569 50.90659725509778 312.63673920374748
82560.0 -0.00185946623552 20.91423890165224 -157.05947538284860 349996.94158655311912 51.10334366373262 312.40956128438552
82590.0 -0.00084823038600 20.89651645064672 -157.05349722536158 350008.98679600376636 51.29939909500312 312.17914531068004
82620.0 -0.00167533082811 20.87881591009639 -157.04755588013467 350012.06165578588843 51.49474093245121 311.94546025815919
82650.0 -0.00214522831722 20.86112878604807 -157.04164528117286 350006.79699944425374 51.68952190594259 311.70839304560110
82680.0 -0.00162300797183 20.84346727304651 -157.03577258907364 349992.40429242420942 51.88350210128787 311.46801095144497
82710.0 -0.00151031314024 20.82609824568778 -157.03026453779555 350033.65693056024611 52.07654592533027 311.22433949507479
82740.0 -0.00155358006357 20.80848061242239 -157.02446224154659 350001.61208441015333 52.26898908769046 310.97717331666956
82770.0 -0.00166325622622 20.79088523826757 -157.01869380607391 349960.81883280538023 52.46066735160919 310.72654698749221
82800.0 -0.00140868639209 20.77357482866821 -157.01328695055869 349976.16752123925835 52.65137930557293 310.47252088615699
82830.0 -0.00169947973642 20.75627155923634 -157.00790558481000 349983.74248603731394 52.84149500351957 310.21485781559818
82860.0 -0.00228106583414 20.73899492226848 -157.00256141199034 349982.31653570570052 53.03063633669208 309.95371151983977
82890.0 -0.00258896459979 20.72174000056160 -156.99725071961194 349972.26029239129275 53.21888505233020 309.68899546651937
82920.0 -0.00105953344454 20.70450615492157 -156.99197250234431 349953.66207175701857 53.40624183187004 309.42066450825610
82950.0 -0.00147610222373 20.68753377578495 -156.98704660237152 349992.57303598336875 53.59268185169775 309.14868731407853
82980.0 -0.00155458613881 20.67056947815499 -156.98214636498201 350023.73243520222604 53.77835239081313 308.87292976048025
83010.0 -0.00215327787945 20.65339091795828 -156.97695955460435 349980.15760909952223 53.96301304221988 308.59348587950910
83040.0 -0.00178601336147 20.63647634462217 -156.97212860414248 349993.90392814669758 54.14652716601476 308.31039648075352
83070.0 -0.00199530375244 20.61957034010752 -156.96732192615693 349999.98510539345443 54.32922328371438 308.02341162767726
83100.0 -0.00186449720269 20.60268107784297 -156.96254404468991 349997.93589750770479 54.51093499574846 307.73258521096210
83130.0 -0.00073654177739 20.58581891703254 -156.95780079853867 349987.17688242066652 54.69145603654973 307.43800584908496
83160.0 -0.00140063682985 20.56918453270561 -156.95339628840861 350035.75870586186647 54.87115719435202 307.13937936121545
83190.0 -0.00127385509815 20.55235213314210 -156.94870680215209 350009.10964985005558 55.04965846043950 306.83691188509096
83220.0 -0.00110984378099 20.53554085320225 -156.94404656850821 349974.23566598258913 55.22703631290042 306.53050591762781
83250.0 -0.00110380644311 20.51896356994861 -156.93973110593654 349998.27721591573209 55.40328745753275 306.22011627386576
83280.0 -0.00137749407065 20.50240209639079 -156.93544310840767 350014.37005001027137 55.57838470085527 305.90571458007241
83310.0 -0.00079792034502 20.48584787739081 -156.93117681299574 350023.03633179143071 55.75246854674995 305.58714551354387
83340.0 -0.00139057474779 20.46931305457379 -156.92693912356597 350023.61850552912802 55.92529946772011 305.26453843262647
83370.0 -0.00029984905568 20.45280423443733 -156.92273352562222 350015.79077232256532 56.09674053595021 304.93795590004584
83400.0 -0.00157269785698 20.43630301481771 -156.91854826889752 350000.61890347022563 56.26711043462006 304.60709930508642
83430.0 -0.00075264097574 20.41981759726734 -156.91438783425542 349977.67764906026423 56.43624159440619 304.27204960644144
83460.0 -0.00097098759513 20.40355313911311 -156.91057218424729 350014.14980792347342 56.60392962209474 303.93292935875468
83490.0 -0.00056246830431 20.38728863651809 -156.90677334624652 350043.66916400659829 56.77053226813076 303.58938858085941
83520.0 -0.00118430287802 20.37085424292355 -156.90268909221419 349997.32517290674150 56.93567580005161 303.24169594631860
83550.0 -0.00049404654516 20.35462666587572 -156.89894347671728 350011.09637573268265 57.09943075005221 302.88974583651986
83580.0 -0.00009760170849 20.33841307466866 -156.89522166620648 350017.25787007063627 57.26178981066089 302.53349792440929
83610.0 -0.00067214476243 20.32221401938657 -156.89152349274065 350015.81419912818819 57.42272356498649 302.17293207969243
83640.0 0.00016803613521 20.30602092619700 -156.88784330200650 350007.23779667820781 57.58236447943119 301.80787348600234
83670.0 -0.00044272998573 20.28984592644730 -156.88418790335842 349990.93342650216073 57.74047600381215 301.43849792854513
83700.0 -0.00020425957154 20.27369558886810 -156.88056073339411 349966.60831042192876 57.89692225638827 301.06489846828595
83730.0 -0.00009257081520 20.25772191465239 -156.87726182611667 350003.68719688802958 58.05200921186466 300.68672540866487
83760.0 -0.00051718923049 20.24175718687400 -156.87398346606710 350033.48124164715409 58.20556981600029 300.30409705115318
83790.0 0.00038437016091 20.22564662927596 -156.87042022705086 349986.90350916609168 58.35740367975726 299.91718076047994
83820.0 0.00047794719908 20.20970220449259 -156.86718161697542 350002.15190602838993 58.50785224751394 299.52556835920734
83850.0 0.00025859457831 20.19377573679882 -156.86396751609877 350009.76312935817987 58.65655197116386 299.12960647183166
83880.0 0.00017809829114 20.17786228884796 -156.86077450074967 350010.00912495888770 58.80356711283476 298.72918646437790
83910.0 0.00061780960792 20.16196119954752 -156.85760170618499 350002.95130139589310 58.94888683134810 298.32428008334477
83940.0 0.00090256561438 20.14607295644621 -156.85444895362309 349988.59597223810852 59.09248018289641 297.91488296203653
83970.0 0.00024953871923 20.13033744847956 -156.85162018313710 350036.42048553470522 59.23447062110279 297.50080486776051
84000.0 0.00063592132609 20.11446707283690 -156.84850287124959 350007.85273761861026 59.37462769154280 297.08228133589938
84030.0 0.00093174556372 20.09861961054406 -156.84541017887022 349971.61384986806661 59.51281873914182 296.65944671602290
84060.0 0.00070937427401 20.08291665812927 -156.84263940720066 349997.83104091137648 59.64933414988550 296.23190025243827
84090.0 0.00099815495078 20.06722076086103 -156.83988574805687 350017.02934468444437 59.78401005905754 295.79980999144277
84120.0 0.00101425422299 20.05140751160796 -156.83684648734064 349959.39873029664159 59.91665324907640 295.36340069055882
84150.0 0.00106053974139 20.03585986524642 -156.83443374079462 350034.03885085880756 60.04758561509240 294.92220634852720
84180.0 0.00115109811062 20.02006458528732 -156.83142592833613 349962.44402241986245 60.17645910471013 294.47666815229411
84210.0 0.00126077442101 20.00453831963685 -156.82905141620301 350022.78683671541512 60.30333200782420 294.02668158860894
84240.0 0.00120643926651 19.98889341594837 -156.82638593090880 350006.57914822082967 60.42819122361001 293.57223949568498
84270.0 0.00099312409442 19.97325930075690 -156.82373709607197 349983.34247137140483 60.55100579488655 293.11336233605005
84300.0 0.00067818184177 19.95774514626179 -156.82140631307786 350023.20741478074342 60.67188975406694 292.64985067673797
84330.0 0.00129397926227 19.94212470715544 -156.81878625022233 349986.24750528391451 60.79062314637865 292.18201370802313
84360.0 0.00117122212702 19.92663722546043 -156.81649387700068 350011.79087600018829 60.90707981527774 291.71003839912885
84390.0 0.00083011888944 19.91103694626483 -156.81390465827428 349960.93860065937042 61.02153194706932 291.23347548945537
84420.0 0.00091564614378 19.89555364242260 -156.81163575864576 349973.15932271629572 61.13382277879178 290.75255544365734
84450.0 0.00123159450860 19.88008529950533 -156.80938623126059 349978.21470804139972 61.24377066928155 290.26757248754654
84480.0 0.00152641241245 19.86461110464491 -156.80714344950061 349976.93423784524202 61.35167505031764 289.77800589124990
84510.0 0.00080496372121 19.84915053400011 -156.80491840971521 349968.58476865943521 61.45721022277424 289.28440596831052
84540.0 0.00128391710634 19.83369865895509 -156.80270779934116 349953.38047968223691 61.56042964568340 288.78667992682591
84570.0 0.00146402773264 19.81834715006839 -156.80081581132285 350001.59025020804256 61.66132021997421 288.28485046328092
84600.0 0.00091363384555 19.80299836826910 -156.79893684354425 350043.09289271663874 61.75985346722921 287.77897119082917
84630.0 0.00169545480757 19.78755706079987 -156.79676085641708 350007.90411112084985 61.85613437195585 287.26884016114036
84660.0 0.00110581888907 19.77212767609128 -156.79459951490867 349965.82352160103619 61.94995921877030 286.75485104468578
84690.0 0.00149522016488 19.75679761283613 -156.79276038439636 349987.04903528932482 62.04121275014977 286.23725191260553
84720.0 0.00132718380807 19.74146151575290 -156.79092752133022 350001.94883103761822 62.13014684502391 285.71554886814317
84750.0 0.00170451070358 19.72612773180174 -156.78910539887110 350010.24124031886458 62.21661698644984 285.19004385443407
84780.0 0.00148415185983 19.71080635241918 -156.78729950312058 350011.59951828978956 62.30045865727423 284.66110789934589
84810.0 0.00195404934894 19.69547655232948 -156.78549727172557 350006.75007682945579 62.38194646922503 284.12816991891179
84840.0 0.00167432460513 19.68015777212490 -156.78370964837114 349995.05107909068465 62.46078520824755 283.59189641732826
84870.0 0.00147610214986 19.66490881265624 -156.78223640925819 350047.32305541634560 62.53702546367496 283.05221110675791
84900.0 0.00295220444746 19.64953787023828 -156.78016761725189 349951.70466372556984 62.61065727890664 282.50917122398528
84930.0 0.00158980327830 19.63429440074106 -156.77871490739346 349990.80725977383554 62.68165795695069 281.96286709101082
84960.0 0.00219050746490 19.61904231595697 -156.77726673326339 350023.64926756639034 62.75012453506680 281.41309812450169
84990.0 0.00274693872680 19.60379374972785 -156.77582977929131 350049.85838987119496 62.81587618128550 280.86034477455394
85020.0 0.00190977642424 19.58850583875124 -156.77410527388298 349998.46015566866845 62.87881364943892 280.30491690555868
85050.0 0.00273385797580 19.57326129774330 -156.77268632002006 350011.61008003447205 62.93916690777463 279.74627866636899
85080.0 0.00237061805427 19.55801632135524 -156.77127509993446 350018.29530187882483 62.99680954199020 279.18480360804483
85110.0 0.00204662023801 19.54278096421132 -156.76987708530692 350018.23411186598241 63.05160020796575 278.62093674954963
85140.0 0.00237766161513 19.52753438975801 -156.76847973249312 350012.05267627723515 63.10378685916768 278.05405976434918
85170.0 0.00260607002111 19.51229600813381 -156.76709396988022 349999.19759234786034 63.15311323035314 277.48494864757481
85200.0 0.00218044545671 19.49706090785630 -156.76571654190161 349979.82907312177122 63.19962934575509 276.91354159103332
85230.0 0.00288680098791 19.48185753017133 -156.76464762717214 350024.95349259953946 63.24333179731962 276.33992662952426
85260.0 0.00204762660872 19.46662511334845 -156.76328495903113 349992.65319095179439 63.28420709434256 275.76422532194289
85290.0 0.00268556008531 19.45138697578836 -156.76192420098872 349954.12609262950718 63.32234565304302 275.18623601112529
85320.0 0.00251349913205 19.43617562516500 -156.76087248803557 349980.08722975943238 63.35759599128063 274.60651468000970
85350.0 0.00236558716097 19.42097134267373 -156.75983243514307 349999.39112718869001 63.38987968984668 274.02542165732325
85380.0 0.00293409272929 19.40575523295104 -156.75879262502914 350012.54329607263207 63.41940335135804 273.44237836462560
85410.0 0.00301257671824 19.39053575552654 -156.75775761311476 350019.33058606740087 63.44606409934261 272.85781706083424
85440.0 0.00323494793408 19.37532293278914 -156.75673287455686 350019.51488317269832 63.46974906787348 272.27224016341677
85470.0 0.00241489105284 19.36009591669020 -156.75570583847997 350013.62462543975562 63.49067785152933 271.68498217185606
85500.0 0.00283649094693 19.34487409329850 -156.75468745535110 350001.19234239403158 63.50864033537212 271.09690465077165
85530.0 0.00288277631759 19.32965256334295 -156.75367447864258 349982.35249135643244 63.52368771127821 270.50794952353033
85560.0 0.00313030251699 19.31442776322345 -156.75296528620595 350028.26737096998841 63.53582572305493 269.91822168067034
85590.0 0.00274995732187 19.29920291151695 -156.75196123730674 349996.68125877808779 63.54505251961583 269.32785809778449
85620.0 0.00281536055982 19.28396931222741 -156.75095614854385 349958.92556071933359 63.55145259212939 268.73664642771575
85650.0 0.00379439771719 19.26872742016400 -156.75025540672581 349985.88997742813081 63.55490857448957 268.14519265754058
85680.0 0.00310313501361 19.25348954809677 -156.74956345679047 350006.30587745364755 63.55536603993603 267.55388434223499
85710.0 0.00295622933938 19.23823671756109 -156.74886878483500 350020.59290788695216 63.55300636690568 266.96209646230523
85740.0 0.00332751867541 19.22297745264254 -156.74817601043421 350028.57163435406983 63.54775380513559 266.37029489942063
85770.0 0.00347140597617 19.20772174851597 -156.74749063004546 350030.04631264973432 63.53952707582575 265.77901090337707
85800.0 0.00279221787449 19.19244874443114 -156.74679999916324 350025.44986482057720 63.52851536802224 265.18753019509700
85830.0 0.00280831722056 19.17717780966293 -156.74611512786507 350014.39862189628184 63.51455894900138 264.59676195248471
85860.0 0.00310917227762 19.16190405925040 -156.74543276564179 349997.00203913170844 63.49771040433653 264.00663526543008
85890.0 0.00301660153629 19.14662691106759 -156.74475219076297 349973.28123095817864 63.47798539254966 263.41725126624971
85920.0 0.00229414651128 19.13130846266654 -156.74437032264754 350014.39216223359108 63.45539413090778 262.82874034549400
85950.0 0.00253764811423 19.11597226202293 -156.74398414856472 350049.33637304604053 63.43001452245589 262.24086654116934
85980.0 0.00305584341996 19.10067445871507 -156.74330362343301 350006.75976676680148 63.40176510769461 261.65425196496767
86010.0 0.00165721910994 19.08538340345575 -156.74262936410406 349957.71568345930427 63.37061594069569 261.06928252177551
86040.0 0.00301962013136 19.06998041840130 -156.74254283304285 350044.77699920348823 63.33672062945703 260.48528433462201
86070.0 0.00263826856553 19.05466746513564 -156.74186218602506 349983.31024579796940 63.30003130225622 259.90272668174600
86100.0 0.00210397391372 19.03930508931923 -156.74148262325284 349986.51286510378122 63.26049828218813 259.32213708898439
86130.0 0.00215327787945 19.02392222825054 -156.74109482694897 349983.60684193950146 63.21827784696299 258.74275379323996
86160.0 0.00261009491303 19.00847669022400 -156.74100581472283 350045.35661509446800 63.17326095417305 258.16549139521965
86190.0 0.00190776390441 18.99314825219025 -156.74032458280180 349958.64929112419486 63.12549997891979 257.59025084406596
86220.0 0.00199329138035 18.97768429351724 -156.74023374951943 350007.73176437150687 63.07501907366191 257.01711002508910
86250.0 0.00192486954733 18.96227839711753 -156.73984575585143 349979.45815845765173 63.02183869580728 256.44617269951857
86280.0 0.00232835750165 18.94678411814240 -156.73974606049620 350015.99893660098314 62.96602809358261 255.87716988332232
86310.0 0.00248130066150 18.93135734445957 -156.73935089097407 349975.17673296388239 62.90754023357239 255.31070770513031
86340.0 0.00200536583451 18.91585498419298 -156.73925408076127 349998.88958085235208 62.84636741111006 254.74714533085580
86370.0 0.00245413301038 18.90033118081272 -156.73914852714512 350016.39261511620134 62.78263258816354 254.18576412672255
