# sod		dsTEC/dt [TECU/s]		lat		lon		h_ipp		ele		azi
37320.0 -0.01944289229802 14.46317753824681 -155.20055122246305 350004.72720373049378 30.13948472773393 179.05151531888839
37350.0 -0.01930101736935 14.50091119733105 -155.19491521835545 350027.22353142406791 30.36434600769237 178.97832449969312
37380.0 -0.01946704113246 14.53855531037742 -155.18939456209964 350029.63880681153387 30.58947127782733 178.90537581465023
37440.0 -0.01628944694796 14.61361382160602 -155.17864574148271 349978.95153410919011 31.04110380200450 178.75959152713710
37470.0 -0.01741538992729 14.64982451948100 -155.17340108824990 350025.30493861343712 31.26745688344334 178.68689871071086
37500.0 -0.01730772591513 14.68714737345680 -155.16828140421993 349952.50769117567688 31.49422118229239 178.61427725045189
37530.0 -0.01817104964583 14.72319565028652 -155.16323859063601 349961.42061344999820 31.72128520469507 178.54183372892712
37560.0 -0.01731879414630 14.75917424596853 -155.15828220029698 349952.98138187546283 31.94885739966774 178.46935126756796
37590.0 -0.01571490404176 14.79388599702114 -155.15340167672255 350027.20682375319302 32.17664642814184 178.39711881314076
37620.0 -0.01538285651553 14.82969755454026 -155.14864666161171 349981.41020498517901 32.40482691163189 178.32495339464128
37650.0 -0.01697567846277 14.86426655383313 -155.14394241729721 350020.99019114300609 32.63347988306431 178.25276589507348
37680.0 -0.01620391947202 14.89875663228280 -155.13933352783678 350042.59154926985502 32.86244779491937 178.18071033825785
37710.0 -0.01428206866749 14.93316214068892 -155.13482436431849 350045.73884302563965 33.09166141333702 178.10885159274932
37740.0 -0.01561025862467 14.96750552182015 -155.13038846137596 350032.82097380049527 33.32144947492119 178.03684619093133
37770.0 -0.01451047707348 15.00175850141154 -155.12605508724255 350001.05129733774811 33.55142225859723 177.96508735537381
37800.0 -0.01406774716162 15.03593666985873 -155.12180539823612 349952.11002315115184 33.78181168454403 177.89333021619112
37830.0 -0.01525305611488 15.06889354723181 -155.11759638282393 349991.14242593850940 34.01259610240989 177.82158993213358
37860.0 -0.01493509534103 15.10177251825995 -155.11347700398588 350012.84858749993145 34.24366106740847 177.74997806787493
37890.0 -0.01304141841061 15.13458762509488 -155.10943053397222 350018.70403287187219 34.47521727542079 177.67826898791560
37920.0 -0.01339660847443 15.16731755101704 -155.10547812940689 350006.70241564512253 34.70697049340121 177.60676142473562
37950.0 -0.01303135632854 15.19997395256591 -155.10160566260504 349978.08090659324080 34.93909739552068 177.53526464797838
37980.0 -0.01405768493182 15.23143787839767 -155.09775609540762 350040.61239155102521 35.17167979262405 177.46368533828607
38010.0 -0.01302129424648 15.26394935446702 -155.09403955330393 349979.19612914882600 35.40455711892047 177.39218404634357
38040.0 -0.01257453922110 15.29525919010050 -155.09035845875238 350008.21224787831306 35.63766050441367 177.32082635329741
38070.0 -0.01219318787687 15.32651370784270 -155.08673812149001 350022.65473888814449 35.87132199207784 177.24925441726307
38100.0 -0.01225758489183 15.35768490637534 -155.08320615966471 350019.96273581776768 36.10514775180457 177.17787638704363
38130.0 -0.01142947852222 15.38878825261927 -155.07974498069387 350001.67669576965272 36.33937025077809 177.10643865576478
38160.0 -0.01163474416901 15.41982171970052 -155.07635521060286 349967.68486919533461 36.57396992153073 177.03495358160725
38190.0 -0.01165688070523 15.44968168090156 -155.07298562849581 350027.14441260881722 36.80882942301338 176.96353831801923
38220.0 -0.01182089209625 15.48057608964635 -155.06973665604596 349962.03756159823388 37.04416145869120 176.89195690828049
38250.0 -0.01120911967847 15.51029836796109 -155.06650972872018 349990.66631065215915 37.27966918558970 176.82051946022673
38280.0 -0.01048263990927 15.53995507688652 -155.06335022648906 350004.29396417457610 37.51553112182119 176.74902610274577
38310.0 -0.01040717458926 15.56955125951111 -155.06025172788779 350003.44216038286686 37.75182973955584 176.67737850424334
38340.0 -0.01108535654184 15.59907508608056 -155.05722472553273 349987.12999675888568 37.98840157920358 176.60574462671050
38370.0 -0.01056112389822 15.62852128957451 -155.05427301127244 349954.97987253498286 38.22517819945247 176.53419088539314
38400.0 -0.00923997705869 15.65684722072776 -155.05130641084685 350021.54779451899230 38.46249455466946 176.46234251780243
38430.0 -0.01043132364531 15.68615935438843 -155.04848326926594 349959.81222848035395 38.69995311348890 176.39062500985472
38460.0 -0.01016769780436 15.71434745310323 -155.04565268951916 349996.60545667074621 38.93778656960021 176.31877427306904
38490.0 -0.00935770322679 15.74247472592560 -155.04288179973503 350019.31876787450165 39.17597747031124 176.24679946902165
38520.0 -0.00994633258990 15.77053244518165 -155.04017782311900 350027.28044344577938 39.41440565231124 176.17482402488363
38550.0 -0.00953580159179 15.79853464148383 -155.03752585978427 350021.74820281472057 39.65328554645462 176.10259977783335
38580.0 -0.00946637309259 15.82646045418389 -155.03494483288074 350001.03836131002754 39.89231802790509 176.03045004005688
38610.0 -0.00902565570056 15.85432158085866 -155.03242214073401 349966.20869889389724 40.13168321313074 175.95816412532531
38640.0 -0.00974408561205 15.88109330769885 -155.02987654863350 350033.24402316007763 40.37146409804437 175.88563768623121
38670.0 -0.00988394824249 15.90882786428212 -155.02746740514311 349970.60784159228206 40.61149448116537 175.81304710305903
38700.0 -0.00946737931557 15.93546509149688 -155.02504693142401 350009.33348064031452 40.85170641775890 175.74045971447984
38730.0 -0.00775280682539 15.96205705090783 -155.02266802192884 350035.78899821545929 41.09243730971809 175.66748077024923
38760.0 -0.00837564732661 15.98857621970274 -155.02035552019731 350047.81928636133671 41.33328640023469 175.59455589999641
38790.0 -0.01019587160460 16.01503779412858 -155.01809391845367 350046.71335821412504 41.57448624440607 175.52140842372049
38820.0 -0.00888378077189 16.04144024991898 -155.01588352483623 350032.41016597114503 41.81602152344420 175.44804376310609
38850.0 -0.00828911392316 16.06777485133895 -155.01373132719101 350004.28896900638938 42.05776934891232 175.37459238848271
38880.0 -0.00814623262378 16.09405560680618 -155.01162318247970 349963.50840319320560 42.29994554660540 175.30079162910135
38910.0 -0.00837061635945 16.11927287089859 -155.00949308274224 350027.31329017411917 42.54224909067418 175.22698011817457
38940.0 -0.00831426890672 16.14542090690479 -155.00749610103290 349959.47314837016165 42.78486140451214 175.15293429478439
38970.0 -0.00751433641121 16.17053148867498 -155.00545758326015 349998.35945442784578 43.02786584331808 175.07854253104205
39000.0 -0.00818245591238 16.19558188739333 -155.00347119641725 350024.35655630473047 43.27109364751762 175.00399077153298
39030.0 -0.00769545314968 16.22056719462355 -155.00154029662608 350037.16432953625917 43.51447743904827 174.92934731108596
39060.0 -0.00760086981466 16.24550962012812 -154.99964370016161 350038.49874740559608 43.75835651821873 174.85419366483006
39090.0 -0.00798423382645 16.27038184810277 -154.99780508697415 350026.38915557134897 44.00232745957233 174.77899889831360
39120.0 -0.00684923484030 16.29519892672316 -154.99600981384873 350002.01160307228565 44.24662225874990 174.70347114604738
39150.0 -0.00710782986182 16.31995955776283 -154.99425804612403 349965.32580299396068 44.49122773238674 174.62761133948237
39180.0 -0.00751735448921 16.34370805161009 -154.99246449576538 350037.73973285686225 44.73601838931009 174.55155785044604
39210.0 -0.00768840988429 16.36835701315743 -154.99079898118129 349976.70544839557260 44.98121105453190 174.47503064133619
39240.0 -0.00656246660949 16.39199687104184 -154.98909367500167 350025.13036551885307 45.22650324306175 174.39838613105567
39270.0 -0.00747911905012 16.41605263140819 -154.98747656906929 350000.41435726452619 45.47207733562038 174.32138530854053
39300.0 -0.00726680969474 16.44005834145000 -154.98589573221739 349964.13439215533435 45.71801684705468 174.24390764153941
39330.0 -0.00694381847080 16.46354075992891 -154.98431235646825 349977.38579896837473 45.96415068008688 174.16614993850573
39360.0 -0.00631393411324 16.48696913924205 -154.98277023146912 349978.91550447605550 46.21052824442782 174.08803459889612
39390.0 -0.00657856588170 16.51033837180979 -154.98127285264678 349968.43084753118455 46.45707742132488 174.00963671153610
39420.0 -0.00694281195235 16.53320205984176 -154.97976308732021 350008.89672906231135 46.70392301785800 173.93078135741902
39450.0 -0.00731712010506 16.55601827572340 -154.97828951921494 350038.25764868035913 46.95105399927869 173.85146419744297
39480.0 -0.00622639419134 16.57922768930092 -154.97690891379139 349993.26894693076611 47.19834246979521 173.77183181725204
39510.0 -0.00583799936012 16.60194301037165 -154.97550851083119 350000.16264583915472 47.44600578986930 173.69158523082822
39540.0 -0.00633003353319 16.62459581708952 -154.97415453524553 349995.11021172534674 47.69374058748183 173.61109952052590
39570.0 -0.00666912417707 16.64675576627960 -154.97278478275609 350042.15192405693233 47.94172979692220 173.53011874116973
39630.0 -0.01277376804708 16.69181530932228 -154.97024760604216 349977.16364418435842 48.43853503077133 173.36650675691232
39660.0 -0.00600905401653 16.71382823865651 -154.96898154460524 349991.50841172970831 48.68724649460950 173.28397326733457
39690.0 -0.00634311413646 16.73579137098885 -154.96775017582985 349995.00627288315445 48.93617026329370 173.20091910250267
39720.0 -0.00595974997693 16.75769967273800 -154.96655687805799 349987.39293700270355 49.18523369441708 173.11742183060366
39750.0 -0.00561059710325 16.77956092129076 -154.96539430098230 349969.20332035329193 49.43455960237448 173.03329384877239
39780.0 -0.00609558771545 16.80094956003330 -154.96420856173938 350004.78989059757441 49.68413901276013 172.94852392902752
39810.0 -0.00590340237646 16.82228651921306 -154.96305925318194 350029.62433821707964 49.93384174298156 172.86326842193455
39840.0 -0.00619419594240 16.84400544008221 -154.96198849470002 349979.91553351748735 50.18388514380853 172.77720318057237
39870.0 -0.00556833632903 16.86482721864727 -154.96084864284234 350048.54883562214673 50.43396544214213 172.69072699853882
39900.0 -0.00559047293912 16.88643720615999 -154.95984786422909 349977.22385942190886 50.68426563066387 172.60356136725139
39930.0 -0.00522622701621 16.90717707489036 -154.95876112432975 350025.97945101652294 50.93486880474400 172.51556221043126
39960.0 -0.00590038400300 16.92827902669397 -154.95776273983151 349999.16529857274145 51.18560003671963 172.42695144819439
39990.0 -0.00582894350104 16.94933159581423 -154.95679417446627 349962.01680599804968 51.43651095783601 172.33763005195212
40020.0 -0.00505819073327 16.96992534885464 -154.95580221407224 349979.92588495463133 51.68752850234954 172.24767761972052
40050.0 -0.00590038400300 16.99047749717332 -154.95483572518145 349988.05750579107553 51.93877314456559 172.15689229891612
40080.0 -0.00534294651812 17.01098739194232 -154.95389452030977 349986.41268891561776 52.19023791806105 172.06525448018516
40110.0 -0.00517893542256 17.03144622420701 -154.95298497931401 349974.53961843997240 52.44179057528675 171.97293051174270
40140.0 -0.00466677693763 17.05186793991034 -154.95209514843958 349953.25697715580463 52.69364787563008 171.87956817579536
40170.0 -0.00552506992278 17.07184098205347 -154.95118227536904 349987.90146665275097 52.94550627587060 171.78559118706923
40200.0 -0.00519704684526 17.09177384717881 -154.95029366926900 350013.07003555912524 53.19754830996806 171.69069569834519
40230.0 -0.00536206445926 17.11205816534283 -154.94948316286170 349962.38087476138026 53.44985641182258 171.59472196948747
40260.0 -0.00434378541823 17.13152306024163 -154.94858334537392 350035.33967511076480 53.70225419270333 171.49790614268241
40290.0 -0.00445044313354 17.15171224903920 -154.94782618353153 349965.07243888173252 53.95479403919110 171.40013476153305
40320.0 -0.00510749462514 17.17109077719336 -154.94697841856032 350019.04931868333369 54.20740251109563 171.30148890432989
40350.0 -0.00440717628408 17.19080980374063 -154.94621119621740 349996.71804360207170 54.46019730112899 171.20174873563661
40380.0 -0.00450880303223 17.21048766390456 -154.94546495644587 349965.08648101147264 54.71317330070457 171.10088376326837
40410.0 -0.00433875445106 17.22974476761292 -154.94468556518899 349991.32178031001240 54.96619639564366 170.99907111848839
40440.0 -0.00438906456591 17.24897103401850 -154.94392129675322 350008.87812240235507 55.21948200655633 170.89592403636695
40470.0 -0.00408619706289 17.26814665488687 -154.94318700046892 350016.79334228392690 55.47272748107227 170.79189483335884
40500.0 -0.00434479164121 17.28728336099771 -154.94247284967523 350015.69731503538787 55.72611421404753 170.68664826794401
40530.0 -0.00417675550600 17.30638637654016 -154.94177416172127 350005.87945739179850 55.97972354684837 170.58000462235583
40560.0 -0.00429649382458 17.32544406004421 -154.94109935160753 349986.80340625066310 56.23337796056059 170.47221569380105
40590.0 -0.00409324032828 17.34445978568721 -154.94044515928630 349958.67327932920307 56.48713023052417 170.36314949165114
40620.0 -0.00382257151742 17.36307648362386 -154.93975237432858 349989.86612720414996 56.74090656525826 170.25288747756215
40650.0 -0.00427033247031 17.38165909478437 -154.93907645910699 350012.47816516458988 56.99482131583516 170.14118672261955
40710.0 -0.00785745194701 17.41871534169342 -154.93777802257608 350031.76820345036685 57.50296474475667 169.91344257963735
40740.0 -0.00411638316135 17.43752357796370 -154.93722294190107 349959.07999795768410 57.75708853407559 169.79748320986380
40770.0 -0.00411940197802 17.45561915102479 -154.93655226267967 350016.37013964354992 58.01141904207270 169.67975278658730
40800.0 -0.00364749167362 17.47400686325222 -154.93597049192695 349995.43379104416817 58.26565547938969 169.56073989546667
40830.0 -0.00356095827017 17.49235694303774 -154.93540473262686 349965.95326792076230 58.51997690727556 169.44006524873151
40860.0 -0.00394029724230 17.51034391022387 -154.93478607751766 349997.83588415477425 58.77446276664753 169.31752010072674
40890.0 -0.00407714135154 17.52829224824494 -154.93418664873445 350021.21634402312338 59.02893485528521 169.19337462777224
40920.0 -0.00393627235038 17.54620544122325 -154.93360323591691 350036.28017844725400 59.28344562490982 169.06746985568137
40950.0 -0.00369176489379 17.56407867596149 -154.93303889500018 350042.85502167139202 59.53792086668643 168.93988524152044
40980.0 -0.00396847104254 17.58191924230712 -154.93248757395256 350041.28353042714298 59.79247055994441 168.81034370854064
41010.0 -0.00360020022771 17.59972707145690 -154.93194878107039 350031.58999693673104 60.04709228267680 168.67877842929718
41040.0 -0.00348649924700 17.61749323243236 -154.93142865310048 350013.43556499481201 60.30164887662450 168.54538989504530
41070.0 -0.00342008941674 17.63523159949269 -154.93091626427017 349987.42075950838625 60.55634941510151 168.40968663344526
41100.0 -0.00353278446993 17.65292263741289 -154.93042565203368 349952.78271082881838 60.81089571737795 168.27219498179616
41130.0 -0.00288680128338 17.67027187513061 -154.92988101763308 349980.81540731061250 61.06546350128161 168.13248320387535
41160.0 -0.00360724334536 17.68759621603036 -154.92934399570126 350001.21109031699598 61.32012961780100 167.99030670012135
41190.0 -0.00313332133367 17.70488402483786 -154.92882270559096 350013.53797416947782 61.57471550146256 167.84595321866308
41220.0 -0.00329833879993 17.72213888178926 -154.92831396012232 350017.96677170041949 61.82927262950385 167.69922973014874
41250.0 -0.00301157056913 17.73935601492585 -154.92782075856894 350014.34570227842778 62.08372624873985 167.55020984168857
41280.0 -0.00313231511069 17.75654258528166 -154.92733728939118 350002.97689772211015 62.33818111304167 167.39857442786283
41310.0 -0.00314841423516 17.77369870525516 -154.92686296506338 349983.88920745439827 62.59263531940915 167.24422751787418
41340.0 -0.00244105262871 17.79081539350923 -154.92640387821274 349956.77935336716473 62.84695044654038 167.08737942684334
41370.0 -0.00287774512883 17.80762241237378 -154.92588106263230 349993.91114949807525 63.10133005872108 166.92746447667716
41400.0 -0.00273888886910 17.82438999188675 -154.92537610172977 350023.10877412930131 63.35547956251663 166.76505134845954
41430.0 -0.00290390663083 17.84112983691873 -154.92487991288883 350044.82256530318409 63.60956962895072 166.59963876456266
41460.0 -0.00252255491726 17.85812292409178 -154.92445711229203 349987.19107639696449 63.86367327736104 166.43093270399928
41490.0 -0.00275800695798 17.87480335682322 -154.92397806912035 349993.85432618483901 64.11761190273513 166.25923764960908
41520.0 -0.00284554658441 17.89145332569715 -154.92350832775543 349993.01230518706143 64.37143481631995 166.08431291101917
41550.0 -0.00270467817419 17.90806809757378 -154.92305083951817 349984.53289353661239 64.62506634225448 165.90621925660045
41580.0 -0.00288981965685 17.92439015571834 -154.92253023739320 350041.18145788181573 64.87860447016260 165.72457920827711
41610.0 -0.00257789659022 17.94095169018197 -154.92208517468583 350018.09185803029686 65.13204673200056 165.53925412736922
41640.0 -0.00250343712385 17.95747631724396 -154.92165215418032 349987.39062110427767 65.38525345701392 165.35046023067031
41670.0 -0.00280328595793 17.97372172901913 -154.92115031512859 350022.36535240523517 65.63842012870629 165.15753188163416
41700.0 -0.00253664203898 17.98993038674851 -154.92066310313953 350049.81748607475311 65.89125678005739 164.96108393321057
41730.0 -0.00284353413845 18.00636447468854 -154.92025240578516 349997.12016152031720 66.14392654920054 164.76052016068914
41760.0 -0.00241690357267 18.02252543534992 -154.91977259823926 350010.39731917716563 66.39649671804374 164.55547623390385
41790.0 -0.00274492620697 18.03865491899293 -154.91930221327112 350016.39319703076035 66.64878879508535 164.34626954252062
41820.0 -0.00262116329194 18.05475668893354 -154.91883808408701 350015.24694989342242 66.90084803811354 164.13259045502997
41850.0 -0.00255877820587 18.07082604769938 -154.91838312243817 350006.84528140071779 67.15259702995823 163.91447442990741
41880.0 -0.00274492635471 18.08686989783301 -154.91793192564879 349991.41449438873678 67.40412463216420 163.69146038144399
41910.0 -0.00236055582447 18.10288870399112 -154.91748371917728 349968.98733787238598 67.65542597476366 163.46334517390736
41940.0 -0.00233439491340 18.11864268742894 -154.91697234729531 350013.03703018929809 67.90635979859334 163.23034211722421
41970.0 -0.00255676590764 18.13460985117998 -154.91653173437859 349976.65046982094646 68.15710964359700 162.99164671602551
42000.0 -0.00254771034403 18.15031249255609 -154.91603050633009 350006.82888102345169 68.40739114124571 162.74792134517827
42030.0 -0.00220258177132 18.16621513039989 -154.91560490532120 349956.22389805410057 68.65735608739419 162.49843590928808
42060.0 -0.00276605659408 18.18187584972361 -154.91510536523214 349972.86710404325277 68.90706295060552 162.24272271366164
42090.0 -0.00217541434181 18.19750797906008 -154.91461236801328 349982.57794443890452 69.15633306219905 161.98110228903832
42120.0 -0.00231930186417 18.21311536789249 -154.91412274405769 349985.47883850242943 69.40520449659964 161.71316191164470
42150.0 -0.00225389825689 18.22869335244741 -154.91363937250227 349981.47461847029626 69.65359640093236 161.43888951182677
42180.0 -0.00212510437469 18.24424870409630 -154.91315702320205 349970.75600219238549 69.90158467218130 161.15770024832165
42210.0 -0.00226496656193 18.25978205827145 -154.91267482820695 349953.35524403955787 70.14915881679094 160.86929056513196
42240.0 -0.00169545499223 18.27508210690274 -154.91212466022711 350003.66534985229373 70.39617485279159 160.57385294507736
42270.0 -0.00212711637745 18.29037050054351 -154.91157015866938 350047.60405847337097 70.64279826835624 160.27038377720712
42300.0 -0.00196511758012 18.30582459890870 -154.91109895244225 350009.99024291522801 70.88875086721626 159.95958855542884
42330.0 -0.00210900510248 18.32125390296670 -154.91062820715561 349965.70832828059793 71.13416694963888 159.64054232464460
42360.0 -0.00208888093836 18.33647296538933 -154.91007885373386 349989.80600670445710 71.37909095633738 159.31262080536268
42390.0 -0.00217239582060 18.35166651810113 -154.90953330475338 350007.28582205530256 71.62334270447418 158.97612689439686
42420.0 -0.00200234709170 18.36683849381577 -154.90898837816712 350018.25285449996591 71.86694764896795 158.63048930665792
42450.0 -0.00201240932150 18.38198425902462 -154.90844692780468 350022.62943084724247 72.10981803927194 158.27560950613181
42480.0 -0.00201039687554 18.39711045376159 -154.90790387568629 350020.57213301956654 72.35201024181740 157.91071447885744
42510.0 -0.00237766131966 18.41221788067335 -154.90735825894635 350012.11118843313307 72.59350228537116 157.53534116012537
42540.0 -0.00164916962157 18.42729732938933 -154.90681614899023 349997.08225943148136 72.83414459266008 157.14962761226874
42570.0 -0.00197517966218 18.44236252501723 -154.90626750788215 349975.76860902737826 73.07407443087692 156.75227720862534
42600.0 -0.00168237424123 18.45722688058969 -154.90564869331507 350023.33588130399585 73.31301916840020 156.34402360145452
42630.0 -0.00164111969000 18.47224018192535 -154.90510404283393 349989.07713490445167 73.55108515686618 155.92365165423118
42660.0 -0.00217642056479 18.48707528997256 -154.90447619588829 350024.18311019334942 73.78829356621041 155.49029607669979
42690.0 -0.00170652314954 18.50204708289882 -154.90392667552743 349977.23803318943828 74.02445903754159 155.04420395292303
42720.0 -0.00151333188304 18.51683876030208 -154.90329817473383 349999.68713344447315 74.25958458736446 154.58455786247009
42750.0 -0.00163105746020 18.53160756940089 -154.90267047967126 350015.82466021366417 74.49356854187171 154.11110909110434
42780.0 -0.00177494498256 18.54636001634801 -154.90203864710952 350025.77437391225249 74.72643601627671 153.62279717410826
42810.0 -0.00209089323658 18.56109706708333 -154.90140161710193 350029.56300111953169 74.95814265019405 153.11890796842039
42840.0 -0.00180915612067 18.57580944813618 -154.90076549205111 350027.06082854419947 75.18852675632979 152.59947109680760
42870.0 -0.00170752907705 18.59051085034088 -154.90012031435046 350018.49050265923142 75.41767975342893 152.06275828670758
42900.0 -0.00182123050096 18.60518242224836 -154.89947888247963 350003.58739306963980 75.64533115336627 151.50950601159025
42930.0 -0.00175884571035 18.61983577846609 -154.89883269525319 349982.53995822835714 75.87154098244967 150.93807169355557
42960.0 -0.00162904530971 18.63447614213771 -154.89817772560011 349955.43124355468899 76.09629037770006 150.34722985635355
42990.0 -0.00184638548452 18.64896180162178 -154.89744258651538 349998.43191816564649 76.31938040061442 149.73712084565403
43020.0 -0.00140566809249 18.66343262682141 -154.89670283460259 350035.40518734138459 76.54077368610803 149.10656378071246
43050.0 -0.00169444847378 18.67800820075792 -154.89604092386477 349989.88210412301123 76.76034084423735 148.45508043221676
43080.0 -0.00178701936285 18.69244366136067 -154.89529297633092 350014.75251438748091 76.97805467806509 147.78119984095451
43110.0 -0.00145295939066 18.70686720284851 -154.89453725310113 350033.66655249241740 77.19382837459199 147.08385024708505
43140.0 -0.00174677147780 18.72138493169483 -154.89386017936681 349969.95203109551221 77.40747490765827 146.36290635959503
43170.0 -0.00151433795829 18.73577670237211 -154.89309151148132 349976.87764739990234 77.61900934780645 145.61605507812638
43230.0 -0.00335468610493 18.76438852609910 -154.89146661380227 350049.38251694198698 78.03491342248947 144.04443256239927
43260.0 -0.00164111969000 18.77882907575623 -154.89076658875575 349961.62566108722240 78.23910023345501 143.21679413779802
43290.0 -0.00165923170363 18.79305221567558 -154.88989275943669 350021.52401294652373 78.44065421256443 142.35899288468687
43320.0 -0.00160288380770 18.80735762490560 -154.88909644205822 349998.68752923607826 78.63934318473318 141.47108713691813
43350.0 -0.00158879698145 18.82164565042318 -154.88829320968424 349969.93203492555767 78.83504984318908 140.55145734632111
43380.0 -0.00161697107715 18.83581956681487 -154.88740381710724 350012.16857434622943 79.02758712428468 139.59942000472378
43410.0 -0.00133623988875 18.84998359564836 -154.88650515191529 350048.60508047137409 79.21683078110973 138.61307230161455
43440.0 -0.00161697078168 18.86422536543182 -154.88567847563522 350002.24550669826567 79.40261030793113 137.59103561340487
43470.0 -0.00146503391868 18.87835986697994 -154.88476517807092 350027.01930398494005 79.58468806923881 136.53322748256895
43500.0 -0.00136441354125 18.89257049306562 -154.88392066888954 349968.96697259135544 79.76294240307217 135.43681828975846
43560.0 -0.00317960655660 18.92076975537283 -154.88205136524363 349989.51445605512708 80.10695339412347 133.12884515054452
43590.0 -0.00130404119660 18.93484886090515 -154.88110368955194 349991.13113536965102 80.27231514160555 131.91430760633310
43620.0 -0.00176890764468 18.94892144239285 -154.88014183315863 349987.02041655965149 80.43296513811435 130.65714628700243
43650.0 -0.00138252525942 18.96297572879959 -154.87917367939130 349977.13666065875441 80.58862568164051 129.35808922021630
43680.0 -0.00138051296119 18.97701594475043 -154.87819591009665 349961.50958944391459 80.73906429261652 128.01586386729409
43710.0 -0.00171457263791 18.99097739893405 -154.87712663941053 350017.43757737893611 80.88402063021370 126.63055885644761
43740.0 -0.00156967904030 19.00498941010815 -154.87613039738554 349990.37249183654785 81.02324523503242 125.20093737653153
43770.0 -0.00142679833186 19.01893599402937 -154.87503615367663 350034.95492986962199 81.15646836119141 123.72659825986312
43800.0 -0.00133422729506 19.03291928577098 -154.87402036356019 349996.48638696223497 81.28341760437380 122.20899878065075
43830.0 -0.00158376601429 19.04689558672778 -154.87298819213967 349952.33258737344295 81.40381494011635 120.64643596937813
43860.0 -0.00147107140430 19.06080074201540 -154.87186631746900 349979.89877389650792 81.51740414326491 119.04233266173148
43890.0 -0.00144189108562 19.07469770584710 -154.87073175403748 350001.83127940259874 81.62390490140143 117.39588227484792
43920.0 -0.00151131943708 19.08859165624541 -154.86958048990661 350018.13539525959641 81.72302996343711 115.70753653633373
43950.0 -0.00122857580273 19.10247079636291 -154.86842047038490 350028.81124753225595 81.81454851685930 113.98076706404095
43980.0 -0.00145899687628 19.11637342650144 -154.86733538156420 349956.36657792609185 81.89819865966668 112.21691378047156
44010.0 -0.00100217976883 19.13019300137119 -154.86606685142678 350033.31725879199803 81.97376449430641 110.41908117442858
44040.0 -0.00149320757118 19.14403750289989 -154.86487152260628 350027.16171969287097 82.04099583982632 108.58908953659490
44070.0 -0.00086533610280 19.15787449787491 -154.86366085194607 350015.40275754686445 82.09967257283226 106.72982120595888
44100.0 -0.00157370393222 19.17169445514563 -154.86244122112873 349998.06417940184474 82.14967308776318 104.84627662661710
44130.0 -0.00126882413098 19.18551088107769 -154.86120271595269 349975.12305499892682 82.19074006733044 102.94012611560511
44160.0 -0.00112292431039 19.19928872308143 -154.85986927619450 350024.21571923419833 82.22288606973707 101.01836592848348
44190.0 -0.00097300004109 19.21307560118813 -154.85860963711636 349990.16575427912176 82.24591916664551 99.08350909242868
44220.0 -0.00124769374387 19.22685715912580 -154.85733130862218 349950.52915849443525 82.25970971357829 97.13929065855827
44250.0 -0.00119838970427 19.24061363574514 -154.85595268301790 349982.96275374665856 82.26433189964966 95.19215925344736
44280.0 -0.00095991914235 19.25436310698290 -154.85455935813127 350009.86314051505178 82.25973659491899 93.24613299689777
44310.0 -0.00118732154696 19.26810107739897 -154.85315417107398 350031.25715001020581 82.24600441984967 91.30653329784417
44340.0 -0.00059667914695 19.28183335159475 -154.85173262673726 350047.12095336243510 82.22312598595371 89.37710645094516
44370.0 -0.00095086343100 19.29555804461738 -154.85038398916180 349979.82110411394387 82.19116354048850 87.46209563581249
44400.0 -0.00094281379490 19.30926988433021 -154.84893333834603 349984.66574144642800 82.15036647041350 85.56706555295116
44430.0 -0.00095991914235 19.32298160338023 -154.84746124943649 349983.95125220902264 82.10069259514569 83.69423928994455
44460.0 -0.00095790684413 19.33667486655435 -154.84598047348223 349977.80497797764838 82.04258404324179 81.84968016662161
44490.0 -0.00073855422335 19.35037624515282 -154.84439033203967 350043.77827575337142 81.97607105159386 80.03527592148558
44520.0 -0.00054737525508 19.36406349825915 -154.84287071087823 350026.58125581406057 81.90128230927085 78.25348386512665
44550.0 -0.00089552220125 19.37773703005346 -154.84133793517094 350003.93554136995226 81.81864173715326 76.50833535847917
44580.0 -0.00089753464721 19.39140125153711 -154.83978848101944 349975.81116413976997 81.72832645683241 74.80157291665166
44610.0 -0.00088143522727 19.40507830664989 -154.83813175093999 350019.85820978414267 81.63067469488007 73.13552918673398
44640.0 -0.00073553555441 19.41872349040406 -154.83654989076032 349980.81424592621624 81.52585423055969 71.51113110414254
44670.0 -0.00080596998113 19.43239476747843 -154.83485391875388 350013.86053257808089 81.41409938731798 69.92940466398365
44700.0 -0.00103739698219 19.44602063466141 -154.83323840091987 349963.91373008955270 81.29586432493336 68.39206146593183
44730.0 -0.00062384672420 19.45968205443759 -154.83150463795118 349986.00002835132182 81.17116949090602 66.89847488517698
44760.0 -0.00087338573890 19.47332843658061 -154.82975961083483 350002.73200788162649 81.04063965983987 65.45038731479663
44790.0 -0.00072346117413 19.48697118015207 -154.82799469341171 350013.98695680964738 80.90432530738263 64.04684448048287
44820.0 -0.00088042885655 19.50061539617457 -154.82620578762544 350019.70029572676867 80.76238560308072 62.68729263512876
44850.0 -0.00104142187411 19.51424921361833 -154.82440114786817 350020.01563797332346 80.61531739303743 61.37214622248028
44880.0 -0.00079892656800 19.52787709528174 -154.82257715844031 350014.88069148082286 80.46328265496243 60.10048677727742
44910.0 -0.00115612893005 19.54149457979264 -154.82073670664698 350004.35702237673104 80.30661830273559 58.87182610147367
44940.0 -0.00053530102253 19.55510718383858 -154.81887539494051 349988.37317576911300 80.14544446757850 57.68497081322965
44970.0 -0.00087137329294 19.56877777263084 -154.81689358856246 350044.33800608851016 79.97994283924942 56.53888417413971
45000.0 -0.00083112496468 19.58237771813921 -154.81499324417666 350017.49367215111852 79.81053770027309 55.43301891382174
45030.0 -0.00102029163473 19.59597838866522 -154.81306678707020 349985.10245250258595 79.63714867379836 54.36565652859100
45060.0 -0.00075364712485 19.60963101313413 -154.81102821951822 350024.81404863204807 79.46036635957914 53.33645807929486
45090.0 -0.00093979512596 19.62321104705561 -154.80906634391843 349981.68837426975369 79.28013284958757 52.34375073180468
45120.0 -0.00074861630542 19.63686513069567 -154.80697869611765 350010.35860899090767 79.09651341578410 51.38619193045886
45150.0 -0.00063893977343 19.65043416274107 -154.80497279479638 349956.34723030589521 78.90993969962207 50.46302821555148
45180.0 -0.00088948515884 19.66407551406601 -154.80284499821195 349974.19956344272941 78.72047303212130 49.57290449889572
45210.0 -0.00068723773779 19.67770971633878 -154.80069798282346 349986.66998453624547 78.52836527892615 48.71476705124223
45240.0 -0.00073553540668 19.69134213461507 -154.79852737993136 349993.66294386144727 78.33364039200225 47.88729336507719
45270.0 -0.00066711386913 19.70497490061656 -154.79633120278095 349995.13409833796322 78.13638561577120 47.08930478960090
45300.0 -0.00079288923012 19.71859820736447 -154.79411637258190 349991.26484122872353 77.93695081295721 46.31991912033276
45330.0 -0.00088244145025 19.73222533153279 -154.79187258281706 349981.79903818853199 77.73515624340376 45.57775917714680
45360.0 -0.00072144858043 19.74583823450286 -154.78961293915950 349967.08707801532000 77.53152602407843 44.86213200421449
45390.0 -0.00082307547632 19.75954851041596 -154.78722502482833 350023.95270688738674 77.32591114926960 44.17178137448512
45420.0 -0.00066308882948 19.77316342411073 -154.78491133770441 349998.15865314565599 77.11829705946747 43.50565192843691
45450.0 -0.00059265455050 19.78687442769552 -154.78247284033853 350044.00108830071986 76.90905176877068 42.86297637302405
45480.0 -0.00080999457758 19.80047713167560 -154.78011419884209 350007.40254158806056 76.69816112173517 42.24275913963978
45510.0 -0.00062988435755 19.81407018709913 -154.77773435786548 349965.46864033769816 76.48581192476001 41.64416107272553
45540.0 -0.00078081455436 19.82777302339173 -154.77522313084452 349994.93705183826387 76.27196412486424 41.06626640971390
45570.0 -0.00064698955727 19.84147924545984 -154.77268330747287 350018.81478848401457 76.05664050337261 40.50824415093171
45600.0 -0.00046889148773 19.85505923043356 -154.77022877681350 349960.55574488174170 75.84013953722435 39.96939300781457
45630.0 -0.00097501233931 19.86876290903159 -154.76763595949600 349973.42552093416452 75.62222282075091 39.44886266279536
45660.0 -0.00055944978310 19.88245536368976 -154.76502445397671 349981.03681766986847 75.40336757558285 38.94604765651931
45690.0 -0.00091463999467 19.89614783717152 -154.76238527043503 349983.11651940364391 75.18337290597803 38.46018336162953
45720.0 -0.00092168355552 19.90984534561411 -154.75971413001841 349979.52943365089595 74.96217797670103 37.99059844593031
45750.0 -0.00069931197034 19.92366947615157 -154.75691054191151 350047.10948318522424 74.74011135596068 37.53670921675966
45780.0 -0.00096293795902 19.93722426605122 -154.75429826858200 349956.11716115660965 74.51711569654020 37.09789295193861
45810.0 -0.00078282729579 19.95104486144445 -154.75144236144405 350012.72541745100170 74.29333980154229 36.67357776464343
45840.0 -0.00082810644348 19.96472753629725 -154.74866771282268 349987.32393995951861 74.06870979623793 36.26320289453575
45870.0 -0.00091463999467 19.97841094446046 -154.74586230323487 349956.33021445758641 73.84321122407685 35.86624587576411
45900.0 -0.00069025625899 19.99223234215325 -154.74292163473527 349996.29758911393583 73.61711324443321 35.48220154532986
45930.0 -0.00075062875138 20.00606311674879 -154.73994580532050 350030.45992868300527 73.39014737581384 35.11060011656384
45960.0 -0.00085225520406 20.01973280391298 -154.73706116122386 349983.14097632095218 73.16276159753858 34.75095763120426
45990.0 -0.00102934749382 20.03355511839251 -154.73403335463635 350006.42221638094634 72.93472847482454 34.40284965019376
46020.0 -0.00071440531504 20.04738512431719 -154.73097034977778 350023.91312996856868 72.70596265253177 34.06587609132986
46050.0 -0.00082609384978 20.06105012288087 -154.72799558838159 349959.95567929744720 72.47676988152429 33.73960328060322
46080.0 -0.00062082820300 20.07487353680121 -154.72487655353856 349966.47096364758909 72.24706924378505 33.42366123393722
46110.0 -0.00079087707963 20.08869291204753 -154.72173024324132 349967.52652282267809 72.01698811916991 33.11766495616295
46140.0 -0.00096092521759 20.10251315490066 -154.71855233732796 349962.96296674385667 71.78643619472389 32.82128476719201
46170.0 -0.00058359898689 20.11633677186711 -154.71534038606904 349952.68888210132718 71.55537748854854 32.53420197977768
46200.0 -0.00083112496468 20.13032793628155 -154.71198458518489 350012.71483375411481 71.32406473254233 32.25604541109247
46230.0 -0.00065604526862 20.14415402246858 -154.70870813332289 349991.14739040378481 71.09221488196543 31.98658263782958
46260.0 -0.00074358533825 20.15814831712252 -154.70528952899514 350039.89264147356153 70.86025701418174 31.72541731630504
46290.0 -0.00080596998113 20.17196557880723 -154.70195582255678 350007.37370989844203 70.62795067823318 31.47233513303806
46320.0 -0.00027670614874 20.18578759145250 -154.69858466628779 349969.04153791163117 70.39519769185003 31.22710518102098
46350.0 -0.00057957394723 20.19978987458192 -154.69506496169990 350000.66369336191565 70.16229017811503 30.98939162054807
46380.0 -0.00082307532858 20.21379491488456 -154.69151156299310 350026.56724373623729 69.92913407552523 30.75898104554952
46410.0 -0.00088747256515 20.22760554640458 -154.68804908181960 349971.67159448005259 69.69584423690017 30.53560568148828
46440.0 -0.00048700291043 20.24160940059327 -154.68443080005858 349986.32165431324393 69.46232299947735 30.31907660499554
46470.0 -0.00047694082837 20.25561897301910 -154.68077498058011 349995.10950656980276 69.22852119024887 30.10920169082922
46500.0 -0.00059667944242 20.26962419572499 -154.67708937554227 349998.39453491009772 68.99468201153745 29.90569355568042
46530.0 -0.00015495553194 20.28363802811172 -154.67336287872774 349995.68032832629979 68.76051586367227 29.70846334885940
46560.0 -0.00083011888944 20.29764285690544 -154.66960948910250 349987.62111800070852 68.52643858014495 29.51717191731498
46590.0 -0.00061177249165 20.31164971953680 -154.66581965784471 349973.78867129702121 68.29220368146873 29.33173206575236
46620.0 -0.00074358519052 20.32587458250794 -154.66186286218709 350028.68424856662750 68.05770626912670 29.15201610283972
46650.0 -0.00069830604283 20.33988591248068 -154.65799981265704 350003.26793144084513 67.82322977076150 28.97774959282106
46680.0 -0.00002817365250 20.35389688348823 -154.65410082332278 349972.13024851772934 67.58867245887791 28.80881510717256
46710.0 -0.00061277871463 20.36812195393657 -154.65004110693798 350009.91039255633950 67.35414138952081 28.64501747335965
46740.0 -0.00037833289689 20.38235202789592 -154.64594296069791 350041.77750687580556 67.11953627902949 28.48625294127645
46770.0 -0.00053026975989 20.39636584752497 -154.64193289221041 349993.28929576463997 66.88479920689582 28.33240802766447
46830.0 -0.00098104967719 20.42460774448496 -154.63367941968613 349953.69986032042652 66.41546688357417 28.03871845415327
46860.0 -0.00078483959402 20.43885082517766 -154.62942527927004 349961.98800551239401 66.18065229669796 27.89871741057134
46890.0 -0.00028576200783 20.45308653937371 -154.62514061354213 349964.81721006799489 65.94606737829749 27.76297299421860
46920.0 -0.00030890498863 20.46732582565650 -154.62081561698520 349961.69998146034777 65.71146322449425 27.63148133991997
46950.0 -0.00047291623192 20.48157351177284 -154.61644560796546 349952.40072141308337 65.47673126149256 27.50418317527204
46980.0 -0.00054938755330 20.49605941825090 -154.61190602331820 350011.15083901584148 65.24214826483117 27.38084635559179
47010.0 -0.00046989756298 20.51030718162063 -154.60746015668516 349990.20833653025329 65.00760760930362 27.26141766347979
47040.0 -0.00020425957154 20.52479852174534 -154.60284194273476 350037.09710077289492 64.77321071638680 27.14575129787382
47070.0 -0.00054335065863 20.53904671904738 -154.59831781727192 350004.43736590258777 64.53885703272030 27.03379973343741
47100.0 -0.00053932547124 20.55329892106865 -154.59374974603759 349965.70169618632644 64.30448214678462 26.92550313027120
47130.0 -0.00021432180134 20.56779928618100 -154.58900803963246 349994.61614129412919 64.07031912904736 26.82066234355680
47160.0 -0.00038738860824 20.58231121759152 -154.58421750615582 350017.10655317548662 63.83607594709964 26.71933336746550
47190.0 -0.00021935276851 20.59655806387581 -154.57953235861589 349960.91961120534688 63.60214934749781 26.62124243814678
47220.0 -0.00013986218724 20.61132851721071 -154.57452388124167 350044.73344036191702 63.36829018190561 26.52643140568252
47250.0 -0.00049505284201 20.62558527677997 -154.56974701552755 349976.18254739977419 63.13438833190322 26.43487912315290
47280.0 -0.00014589967285 20.64036829689592 -154.56464891696029 350047.56494783237576 62.90071625769787 26.34637829160684
47310.0 -0.00034009716233 20.65462051419011 -154.55979086018320 349967.28941098228097 62.66716439403670 26.26091202680892
47340.0 -0.00065403297039 20.66940915916704 -154.55460699316194 350026.50956282019615 62.43383053693020 26.17836308218420
47370.0 0.00005534122975 20.68393110045191 -154.54952103364201 350006.92319836094975 62.20061550298605 26.09871487625315
47400.0 -0.00024752642100 20.69845839586199 -154.54438705780802 349981.04218370188028 61.96745010081944 26.02193881994128
47430.0 -0.00022035884375 20.71325968448996 -154.53906775942193 350021.67408502195030 61.73456492389495 25.94785691895230
47460.0 -0.00038537631002 20.72779230249993 -154.53384218285683 349983.44495799951255 61.50166909312964 25.87655706170333
47490.0 -0.00009055829537 20.74259914258850 -154.52843265946754 350011.73588234931231 61.26915230588374 25.80778346788923
47520.0 -0.00004527929542 20.75712600535650 -154.52312321696331 349961.67549510113895 61.03676620985877 25.74160671577587
47550.0 -0.00013181269887 20.77194735168379 -154.51761286438969 349977.04447639826685 60.80440010756966 25.67803012986785
47580.0 -0.00064900215096 20.78676752163998 -154.51205955616578 349986.39333246275783 60.57232302605306 25.61686357580257
47610.0 -0.00014388722689 20.80159123393131 -154.50645834864986 349989.43810456711799 60.34042337815139 25.55811388937108
47640.0 -0.00060271648483 20.81641412760552 -154.50081266136834 349986.40300807356834 60.10879616813013 25.50168305232750
47670.0 0.00027167518158 20.83124027473706 -154.49511810735018 349977.03410905320197 59.87734430927226 25.44757399916892
47700.0 -0.00020526564679 20.84607269330409 -154.48937122403282 349961.12902667187154 59.64599464640929 25.39577921068209
47730.0 -0.00004729174138 20.86120378142846 -154.48342646409904 350010.49633657094091 59.41497597954300 25.34613523706425
47760.0 -0.00027368762754 20.87604305397340 -154.47757959767691 349981.79488288890570 59.18399923383147 25.29875004158665
47790.0 -0.00022237114198 20.89118107577428 -154.47153614756246 350018.37379142921418 58.95344775570452 25.25338153680557
47820.0 -0.00047694097610 20.90601614912487 -154.46559717450518 349977.43571956269443 58.72307458555817 25.21011853668842
47850.0 -0.00031091728686 20.92116988900753 -154.45944406037376 350000.58686965052038 58.49276901741699 25.16898036591516
47880.0 -0.00011470735142 20.93632298976801 -154.45324381832785 350017.51036698836833 58.26279719716260 25.12978924854830
47910.0 -0.00030286750302 20.95116359074882 -154.44715126312951 349957.32518871314824 58.03304607782712 25.09256785856294
47970.0 -0.00047090393369 20.98147810420840 -154.43449570489045 349959.04328276030719 57.57435136694350 25.02381588409520
48000.0 0.00024853249625 20.99696195672766 -154.42792683812056 350020.38282517343760 57.34537714775119 24.99223328119682
48030.0 -0.00018413540741 21.01213093055349 -154.42146264563834 350004.58335787616670 57.11654882364974 24.96252377868822
48060.0 -0.00040751292011 21.02729587251849 -154.41495063375842 349982.61714011710137 56.88809346920121 24.93453528361736
48090.0 0.00027570022123 21.04279931984541 -154.40821234160009 350023.51880272664130 56.65972446126055 24.90838936719444
48120.0 -0.00026966303109 21.05796621034849 -154.40159409735125 349988.51476217713207 56.43181873411220 24.88385577860634
48150.0 -0.00044574850693 21.07346965263594 -154.39475254344111 350016.50396614149213 56.20413129813610 24.86103583079592
48180.0 0.00018514163039 21.08864710292657 -154.38801670020257 349967.76161762047559 55.97655184999892 24.83996031079302
48210.0 -0.00007445917090 21.10415817613296 -154.38106143858749 349982.20083689130843 55.74934362141165 24.82046156268780
48240.0 -0.00028173726364 21.11967289890299 -154.37404899121839 349989.84104277938604 55.52239253752977 24.80257384457721
48270.0 0.00046386022510 21.13518692864331 -154.36698298538499 349990.94943834468722 55.29578921798099 24.78622290796799
48300.0 -0.00040550032641 21.15070396800315 -154.35985896057701 349985.23739440925419 55.06944187831162 24.77143268520090
48330.0 0.00016602368925 21.16622718136632 -154.35267293279324 349972.44408133067191 54.84327086566186 24.75822144045785
48360.0 -0.00036323984767 21.18174623747857 -154.34543464906886 349953.26569142751396 54.61750219325893 24.74644448114888
48390.0 -0.00012275698752 21.19762553799625 -154.33795517015852 349995.44742133468390 54.39185164432405 24.73623093325467
48420.0 0.00013483151555 21.21350041450420 -154.33042457459823 350031.26005142554641 54.16669065595519 24.72735932834766
48450.0 -0.00040348817592 21.22902469609166 -154.32300930724901 349991.52312885411084 53.94177620190472 24.71993802511242
48480.0 0.00035921525122 21.24491371372178 -154.31534928933786 350012.78750749677420 53.71699855071142 24.71400467578746
48510.0 -0.00003119246917 21.26080118044221 -154.30763285397350 350027.36766288895160 53.49261867848092 24.70939859276391
48540.0 -0.00052624501571 21.27632887554557 -154.30003538260812 349966.86449259798974 53.26852166542968 24.70616127789908
48570.0 0.00050511462860 21.29258114018376 -154.29201751177101 350035.61396302562207 53.04479644178572 24.70422535914071
48600.0 -0.00019620978770 21.30810571615889 -154.28430104959378 349961.50781082082540 52.82135410662580 24.70361946724272
48630.0 -0.00021532787659 21.32437002094517 -154.27615109333186 350015.54158168286085 52.59811218117308 24.70436933195819
48660.0 0.00001609927221 21.34026240007129 -154.26812741731698 349995.20329460967332 52.37529579698800 24.70633586487050
48690.0 -0.00011873209560 21.35616196767586 -154.26003317620405 349967.27249641157687 52.15262325814409 24.70965280948379
48720.0 0.00057454268460 21.37242754516097 -154.25169769652533 350000.24627029430121 51.93046075907883 24.71410611851771
48750.0 -0.00051115181874 21.38869803984559 -154.24329459510449 350025.78405103832483 51.70856735354374 24.71980854703171
48780.0 0.00017507969607 21.40497780753749 -154.23481821858084 350043.48377764970064 51.48683401409556 24.72680240224217
48810.0 -0.00013885640746 21.42087343096262 -154.22647157394928 349987.42243263870478 51.26551962643283 24.73493253975280
48840.0 -0.00034512812950 21.43715059054302 -154.21786787556098 349990.98331711068749 51.04450858650848 24.74424559706955
48870.0 -0.00025255738817 21.45342546602770 -154.20920085694641 349987.51045556738973 50.82388828960978 24.75467942136705
48900.0 0.00040449439890 21.47008895835677 -154.20027152741531 350043.11456604581326 50.60357277903594 24.76626547914209
48930.0 -0.00030890484090 21.48637119225701 -154.19146306867168 350024.47578369919211 50.38347692930445 24.77903516136477
48960.0 0.00016099257435 21.50264736942663 -154.18259281371857 349998.98595223575830 50.16382511501404 24.79285371412750
48990.0 0.00054335051090 21.51892931728390 -154.17364663665452 349965.59211105480790 49.94433822179240 24.80785757734142
49020.0 -0.00013784988901 21.53559614408305 -154.16444288545785 349991.53456001449376 49.72537740392598 24.82383908759768
49050.0 -0.00007546539388 21.55226630061326 -154.15516616014574 350009.74855032842606 49.50670386252254 24.84091365198782
49080.0 -0.00007043427898 21.56854463397292 -154.14601216375462 349954.19830118399113 49.28820935957335 24.85912674698333
49110.0 0.00033707864113 21.58561752802042 -154.13638871594992 350022.68161198124290 49.07015081130328 24.87832772898792
49140.0 -0.00066711386913 21.60188809417928 -154.12709826917589 349952.60605204477906 48.85241204603320 24.89856694191938
49170.0 -0.00000603704241 21.61896123921380 -154.11733132371305 350005.88540955726057 48.63507903731158 24.91978628521365
49200.0 -0.00022237128971 21.63563028551246 -154.10769524991716 349986.21310111228377 48.41806879576278 24.94201881244190
49230.0 0.00066007016054 21.65230182689930 -154.09798117951658 349958.55252594500780 48.20129368895692 24.96530032998668
49260.0 -0.00043769901856 21.66937637131768 -154.08799132423235 349988.56173281092197 47.98497742389561 24.98949948856935
49290.0 -0.00018413540741 21.68645841855700 -154.07791745524398 350010.06502718944103 47.76884349472510 25.01475416374996
49320.0 0.00006842183302 21.70353174726688 -154.06777767206893 350024.51883491780609 47.55324818360081 25.04086225265974
49350.0 -0.00036525214589 21.72060619050326 -154.05755933080042 350030.94765077810735 47.33795487509293 25.06794066035826
49380.0 -0.00006339086585 21.73768589084004 -154.04725636397640 350028.88922029174864 47.12285617599401 25.09603702103504
49410.0 0.00051417048768 21.75475907863522 -154.03688179146880 350019.40748238004744 46.90820712513914 25.12500440099937
49440.0 0.00000301866894 21.77183030073591 -154.02642911418141 350002.00862822774798 46.69389107101074 25.15489586899936
49470.0 0.00024148908312 21.78889526974150 -154.01590247892364 349977.05252847354859 46.47999265158630 25.18565653378566
49500.0 -0.00007747791370 21.80638250373622 -154.00507814697423 350007.80150216072798 46.26643184404375 25.21732018945069
49530.0 -0.00011269475772 21.82387335995710 -153.99416739701871 350029.95588870625943 46.05311862229088 25.24992618486096
49560.0 0.00007244672494 21.84092829783631 -153.98340362323202 349981.17220108490437 45.84027609205389 25.28334587066521
49590.0 0.00026765036353 21.85841523157895 -153.97232942842791 349987.01426149532199 45.62763036101006 25.31771773379992
49620.0 -0.00010665764145 21.87589078798586 -153.96118400622399 349985.57987631857395 45.41553298392502 25.35284455565142
49650.0 0.00017004850730 21.89379903741843 -153.94972849073966 350038.69687734823674 45.20374954441652 25.38884397675170
49680.0 0.00017910444025 21.91084069059309 -153.93863382994454 349957.25408688280731 44.99217352954338 25.42576509368168
49710.0 -0.00000804963610 21.92874528326094 -153.92700792241317 349993.58997426275164 44.78105817374345 25.46346406203995
49740.0 0.00036525236749 21.94664838579405 -153.91529542571726 350021.42456169705838 44.57028641390635 25.50199599472588
49770.0 0.00091463992080 21.96454570343682 -153.90350062520324 350041.14226638711989 44.35994162047850 25.54130858601512
49800.0 -0.00074056659545 21.98199691567837 -153.89185139773474 349990.25725539587438 44.14994672088194 25.58143579174687
49830.0 0.00091463992080 21.99988972762239 -153.87987841070506 349992.73161633592099 43.94020939026854 25.62241988439250
49860.0 0.00022136521447 22.01821883595822 -153.86758973666252 350049.16510089859366 43.73095218413630 25.66413436306110
49890.0 -0.00061076634254 22.03610427786199 -153.85543881511322 350034.45774769876152 43.52190381395786 25.70671779445456
49920.0 -0.00013382514483 22.05397500563718 -153.84321118249503 350012.25274252984673 43.31341123586983 25.74997727310183
49950.0 0.00035116546738 22.07184043631493 -153.83089321043133 349981.43335726670921 43.10524223413655 25.79403067607366
49980.0 0.00020526564679 22.09015742619150 -153.81823741483524 350002.69239595346153 42.89729119796832 25.83892808144905
50010.0 0.00066811994438 22.10846466591434 -153.80549609709553 350015.73784422688186 42.68980961762411 25.88452823218133
50040.0 0.00057353660935 22.12631034993830 -153.79290588871947 349959.07745198439807 42.48268007287725 25.93088781045835
50070.0 0.00073452947917 22.14505875979799 -153.77973981907894 350015.86565975472331 42.27598472226779 25.97795662380856
50100.0 0.00067616950661 22.16334383759926 -153.76672461140157 350002.98936775512993 42.06964941685164 26.02576839191149
50130.0 -0.00037531444956 22.18162512354239 -153.75361044717675 349980.87683240696788 41.86357961465766 26.07436786839923
50160.0 0.00026161332112 22.20035480560621 -153.74016055433802 350010.96219743136317 41.65799736182797 26.12363025631845
50190.0 0.00013784988901 22.21908434900006 -153.72660517847461 350031.25257954746485 41.45263395357262 26.17369386910921
50220.0 0.00028173741138 22.23779824567528 -153.71296452443806 350043.52501291222870 41.24783186500498 26.22436962148656
50250.0 0.00010464519549 22.25650564356754 -153.69922440116611 350046.58669316396117 41.04336107276401 26.27577530767251
50280.0 -0.00030085520479 22.27521026788381 -153.68537799781029 350039.87563288398087 40.83911688051564 26.32796165395249
50310.0 0.00097299989335 22.29390062317851 -153.67144015808000 350024.71449912805110 40.63534908597588 26.38078957378891
50340.0 0.00053228235359 22.31258099812645 -153.65740334178852 350000.48044280707836 40.43193995622046 26.43431698677805
50370.0 -0.00026563806530 22.33124715671448 -153.64327219988999 349967.61376655194908 40.22897048474029 26.48849544841955
50430.0 0.00051819537960 22.36949622928537 -153.61418434822204 349992.48169646505266 39.82410743537672 26.59891513517791
50460.0 -0.00000100614911 22.38908579263824 -153.59921705655157 350049.26131464354694 39.62215556713774 26.65517876455142
50490.0 0.00007747769210 22.40770370462758 -153.58468366447025 349979.92345373425633 39.42069740356367 26.71204519145837
50520.0 0.00010967631039 22.42727311379429 -153.56950537586457 350017.64419582672417 39.21946708592174 26.76965220781966
50550.0 -0.00036726473958 22.44682391204974 -153.55423254247833 350046.84129254240543 39.01880231933554 26.82781441504722
50580.0 0.00040952536607 22.46539872640550 -153.53939199665038 349950.00591643247753 38.81847550363204 26.88664927763306
50610.0 0.00061076619480 22.48493072740618 -153.52389639983917 349959.31013979483396 38.61838296691873 26.94620796507268
50640.0 0.00048197209100 22.50444514317930 -153.50829990276929 349959.63666128180921 38.41877256533306 27.00635344227226
50700.0 0.00018011058936 22.54440854473613 -153.47622769075070 350046.48587815742940 38.02067657535291 27.12856027214477
50730.0 0.00053429465181 22.56387861091601 -153.46030667838585 350018.12223276961595 37.82225628985486 27.19057845741708
50760.0 0.00047694090224 22.58333212999722 -153.44427649768900 349980.19033840950578 37.62421211762367 27.25322384040253
50790.0 0.00053731332075 22.60375743011030 -153.42756624804426 350046.10914242919534 37.42644548504532 27.31654531520500
50820.0 0.00023042092581 22.62317687757513 -153.41131495321716 349988.87197250965983 37.22917699622006 27.38042084905110
50850.0 0.00119436488622 22.64357327783392 -153.39437345319584 350034.58983801025897 37.03214359600618 27.44498759690494
50880.0 0.00027469392439 22.66295394071469 -153.37790148084537 349958.23827554844320 36.83567834620154 27.51006338515421
50910.0 -0.00035317798720 22.68331036296764 -153.36073933144075 349984.87495967280120 36.63955604277379 27.57576522348918
50940.0 0.00125674967683 22.70365563124228 -153.34345000209558 350000.48337410297245 36.44367403433262 27.64214454237159
50970.0 -0.00015093071389 22.72397856269231 -153.32604991662384 350006.60153241362423 36.24827829243213 27.70906598832112
51000.0 0.00028173726364 22.74428312214883 -153.30853064036751 350002.49922466464341 36.05325080636442 27.77658933430244
51030.0 0.00038940127580 22.76456510907234 -153.29089726569265 349988.68368421960622 35.85867015861931 27.84466903674454
51060.0 -0.00030387379986 22.78482628914304 -153.27314491579310 349964.74797400552779 35.66447087896520 27.91333682999441
51090.0 0.00049605884338 22.80607973999695 -153.25466914781575 350040.86050772760063 35.47055237658752 27.98264335602797
51120.0 0.00067918817555 22.82629801183450 -153.23667569661833 349996.50261714402586 35.27713484477922 28.05246728455836
51150.0 -0.00088244152412 22.84700564974529 -153.21825027898845 349996.20414808578789 35.08395770412827 28.12294517761740
51180.0 0.00200335338855 22.86768322494944 -153.19971440295041 349986.72791957855225 34.89134986982005 28.19389745177375
51210.0 -0.00079691397431 22.88884845358841 -153.18074656413279 350021.38236710987985 34.69908825855278 28.26544067432647
51240.0 0.00033808471637 22.90999716075723 -153.16164086628555 350044.39742991793901 34.50707113582725 28.33762641205431
51270.0 0.00134428945099 22.93060656186095 -153.14272329902323 350002.97413930576295 34.31554291923338 28.41032049896057
51300.0 0.00157873504712 22.95119002449217 -153.12367968770653 349951.09524455666542 34.12438537861964 28.48358343316775
51330.0 -0.00044574865467 22.97277134232915 -153.10389092608483 349997.54691459331661 33.93367604729251 28.55737067530160
51360.0 0.00029179934571 22.99432840756987 -153.08396957507625 350033.02431619632989 33.74335221729073 28.63171302674881
51390.0 0.00067113853945 23.01534819465395 -153.06422335086080 350003.01802177447826 33.55331132884093 28.70666277222924
51420.0 0.00029179927184 23.03633475672993 -153.04435599186095 349963.19260518718511 33.36377319045463 28.78209905087382
51450.0 0.00059164832752 23.05833374777097 -153.02370939222874 350018.70680479146540 33.17447965668654 28.85815784525818
51480.0 0.00102934734608 23.07926050042661 -153.00358103852594 349957.62580233998597 32.98575559208265 28.93466185432551
51510.0 -0.00010263282339 23.10119744963238 -152.98267345545821 349991.99879150092602 32.79738000613701 29.01172719934937
51540.0 0.00113701121051 23.12311114371003 -152.96161701812420 350014.14131607674062 32.60925207106826 29.08940552167982
51570.0 0.00026161321032 23.14499078887227 -152.94042984874562 350025.81410947628319 32.42161468868942 29.16756360667323
51600.0 0.00011068253337 23.16683997332119 -152.91910256636160 350026.17537692841142 32.23434943038906 29.24626261388686
51630.0 0.00001207438029 23.18865454963633 -152.89764074116789 350015.80087905842811 32.04753280946549 29.32545885615315
51660.0 0.00099312402055 23.21043576620269 -152.87603941454691 349994.26599932834506 31.86110483529978 29.40518214730204
51690.0 -0.00073452940530 23.23218658355296 -152.85429003566313 349960.80011935811490 31.67496102538531 29.48548634254790
51720.0 -0.00096495025725 23.25495092768646 -152.83173854108932 350021.12561610247940 31.48932082682699 29.56625084217130
51750.0 0.00126077445794 23.27663214095109 -152.80970260844740 349964.87150333356112 31.30392848366149 29.64761109129967
51780.0 0.00031091724992 23.29932564303815 -152.78686181387459 350002.30378092452884 31.11910490326314 29.72939179029430
51810.0 0.00045581066286 23.32198509301215 -152.76386937370916 350027.70891497004777 30.93463115560504 29.81170863830564
51840.0 0.00150226346720 23.34461311772011 -152.74071680295967 350040.31813196372241 30.75040730972252 29.89461331304074
51870.0 -0.00041858104048 23.36719917432096 -152.71742317772731 350042.01414079591632 30.56667478762320 29.97797333834853
51900.0 0.00069528737389 23.38974662806384 -152.69397860092607 350031.89410927426070 30.38331497977197 30.06185049749809
51930.0 0.00123461310367 23.41225137323109 -152.67038891691251 350010.57119706179947 30.20040340648446 30.14620182712245
51960.0 0.00067415709759 23.43471439310870 -152.64664913846630 349977.61330258101225 30.01788274886179 30.23105611760356
51990.0 0.00112091197523 23.45820731068656 -152.62204566069565 350033.36772731225938 29.83564664374474 30.31646874847879
52020.0 -0.00051115192955 23.48058452503576 -152.59800141906024 349976.91711030714214 29.65391419959012 30.40231919206531
52050.0 0.00074761004550 23.50399350088684 -152.57308226173811 350008.28427868708968 29.47243200317767 30.48874241736312
52080.0 0.00018715400249 23.52735219188310 -152.54801888221962 350028.88521948549896 29.29151709606290 30.57556486849681
52110.0 0.00160690881042 23.55066746499923 -152.52279275671930 350036.97170525789261 29.11095257409697 30.66290186465083
52140.0 0.00118430287802 23.57394167988502 -152.49739502554746 350031.72891814913601 28.93063939121493 30.75080509974539
52170.0 0.00096696266628 23.59716459046037 -152.47184579337357 350015.16911842208356 28.75081752482816 30.83914264205960
52200.0 -0.00085426776082 23.62033931201972 -152.44613461719871 349986.32452393881977 28.57136819895407 30.92797688007287
52230.0 -0.00042763697343 23.64454220114697 -152.41953250422586 350044.49309458490461 28.39236596619652 31.01726546435803
52260.0 -0.00001911786728 23.66761449810794 -152.39350082383484 349991.62788133788854 28.21375613343036 31.10703613885399
52290.0 0.00111990575225 23.69172090100006 -152.36655557047956 350023.79072787426412 28.03543049514303 31.19734578131579
52320.0 0.00059768555460 23.71577164517096 -152.33945074498376 350044.24397381674498 27.85760784359427 31.28807376258811
52350.0 -0.00011671972351 23.73868891553347 -152.31291464226285 349953.44430548325181 27.68003705971164 31.37935464959923
52380.0 0.00077175895382 23.76371660881535 -152.28472238483170 350046.30656880047172 27.50303140871631 31.47101639307968
52410.0 -0.00001106826811 23.78760450200543 -152.25710697213628 350028.82371353637427 27.32637597580794 31.56317398666060
52440.0 -0.00002113023937 23.81144019602203 -152.22930835688044 349997.51590595953166 27.14997258626547 31.65587913336944
52470.0 0.00054938766411 23.83521379305084 -152.20134775339997 349954.53314607776701 26.97405980753580 31.74900026774318
52500.0 0.00010464530629 23.86001944347559 -152.17244348106695 349994.65346136316657 26.79851870897260 31.84260037920461
52530.0 0.00114103606549 23.88476399783192 -152.14336464988520 350022.13146562967449 26.62342289922290 31.93663763723589
52560.0 0.00151333177224 23.90944782482462 -152.11410620923556 350036.52318011410534 26.44872026494842 32.03113872508222
52590.0 -0.00013281903265 23.93407325567807 -152.08465760787516 350036.83426210749894 26.27430079313775 32.12616200818248
52620.0 0.00166627489516 23.95863123561249 -152.05503886256156 350025.11215441301465 26.10038298216581 32.22158659536148
52650.0 0.00070534943749 23.98312886068205 -152.02522640306799 349999.06353305093944 25.92671795700522 32.31754673354110
52680.0 0.00020526573912 24.00755404244125 -151.99524908788086 349961.62242690660059 25.75361529428980 32.41387166115564
52710.0 -0.00061076619480 24.03301076800873 -151.96428763295313 350004.46445476543158 25.58086203043877 32.51067610861246
52740.0 0.00153546829000 24.05840436698043 -151.93312316435384 350032.41228784434497 25.40836084714805 32.60801179032424
52770.0 0.00067214470703 24.08372527445460 -151.90177805485843 350047.76307440735400 25.23634893609551 32.70574734255337
52800.0 0.00001106824964 24.10897594047258 -151.87024063087424 350049.40599830728024 25.06470722133298 32.80394636196836
52830.0 0.00125071235741 24.13415239204636 -151.83851768756108 350038.08077951427549 24.89350838998432 32.90256745395875
52860.0 -0.00118128424601 24.15925472132904 -151.80660418351798 350013.33885099552572 24.72270286270702 33.00163623257895
52890.0 0.00026161319185 24.18428499906861 -151.77448882705445 349974.09926319960505 24.55217885064829 33.10121255262140
52920.0 0.00003722956698 24.21033812535818 -151.74136496435079 350014.06769733782858 24.38215458059557 33.20117511129313
52950.0 0.00015998653604 24.23631825292358 -151.70802744016243 350038.69358980283141 24.21238337024394 33.30165792218249
52980.0 -0.00040348806512 24.26110903655999 -151.67534281480812 349960.18554933182895 24.04317119372648 33.40249130895005
53010.0 0.00115210431514 24.28803019733553 -151.64078092803842 350049.17237476445735 23.87430699924236 33.50378980587896
53040.0 0.00103337218260 24.31376850450497 -151.60684049879615 350031.96457403339446 23.70569430881071 33.60560514774598
53070.0 0.00130806601465 24.33941972217261 -151.57270891370959 350001.92269507981837 23.53756897220548 33.70780601989109
53100.0 0.00013080658669 24.36609301847188 -151.53752067636538 350047.56503398157656 23.36981177533968 33.81045664036968
53130.0 0.00003622339940 24.39157088496933 -151.50298507012471 349989.96172913443297 23.20249450506182 33.91351597738296
53160.0 -0.00004729163058 24.41806768457381 -151.46738645975435 350007.78232879936695 23.03557007063522 34.01700857088608
53190.0 -0.00077377136284 24.44447804178850 -151.43156589602958 350010.14414940960705 22.86892493601819 34.12099577634279
53220.0 0.00204158920621 24.47079362305670 -151.39554595295303 349999.40467242896557 22.70277707878564 34.22535573914799
53250.0 0.00104544661829 24.49702002017378 -151.35930068219983 349972.97845945321023 22.53688195707224 34.33022232836603
53280.0 -0.00138654998514 24.52425598961608 -151.32198306660561 350022.10905811190605 22.37154202698018 34.43542676532321
53310.0 0.00206271950098 24.55028736185773 -151.28532416542541 349968.40821242611855 22.20654810796262 34.54108345776820
53340.0 0.00057051803275 24.57733431157115 -151.24755134593798 349986.43298038840294 22.04180454529821 34.64724417452024
53370.0 0.00050813334371 24.60427873217384 -151.20956849165958 349990.86751810181886 21.87754588043703 34.75377750786998
53400.0 0.00002414890831 24.63112225679016 -151.17136256053004 349980.43768945243210 21.71365276632324 34.86074831717671
53430.0 -0.00077477756736 24.65786106174816 -151.13294113909146 349955.98134618718177 21.55019610971644 34.96811586862586
53460.0 0.00006842191612 24.68560539398596 -151.09339428725039 350003.24608145281672 21.38713126363491 35.07590362520759
53490.0 0.00245513931184 24.71324602603126 -151.05360520209618 350034.18274796009064 21.22434297068821 35.18417446203794
53520.0 0.00279825509695 24.73966409862080 -151.01451160275889 349965.68812499660999 21.06204898175403 35.29280584071871
53550.0 -0.00072044251673 24.76708617423315 -150.97426319988483 349966.56696413364261 20.90000684236625 35.40193157495143
53580.0 -0.00018111683773 24.79550244332607 -150.93288025539601 350039.48000136110932 20.73851557348010 35.51138360982970
53610.0 0.00078483961710 24.82269452187587 -150.89217998437661 350011.65475717186928 20.57736782439864 35.62127629697402
53640.0 0.00006439709922 24.84977392227523 -150.85123317294548 349967.35224787797779 20.41646874580977 35.73166145612031
53670.0 0.00162703289895 24.87784354926491 -150.80913050007280 349993.59718911815435 20.25605160413272 35.84240745384552
53700.0 -0.00149683001858 24.90579349974187 -150.76678513984328 350004.24064917396754 20.09599692271657 35.95357981492713
53730.0 0.00136743210170 24.93362001926427 -150.72420512053048 350000.17485324852169 19.93637474745171 36.06513804571073
53760.0 -0.00008854600638 24.96132220333837 -150.68138547942252 349980.94632594659925 19.77714283091066 36.17710453029118
53790.0 0.00015797412701 24.99001116124157 -150.63735854721818 350028.29393972735852 19.61818421756720 36.28954368851891
53820.0 0.00163910735253 25.01745885382461 -150.59405293393624 349978.40835958346725 19.45971645429003 36.40233217352393
53850.0 0.00120241454540 25.04588927757980 -150.54952797766856 349994.35085983574390 19.30149912040918 36.51560383184749
53880.0 -0.00067717572036 25.07418310369103 -150.50477270349853 349996.72530110273510 19.14382788303770 36.62919117107423
53910.0 0.00136038867241 25.10234312590892 -150.45976249336573 349983.03100862447172 18.98649717926045 36.74320855667254
53940.0 -0.00019922852128 25.13147809554854 -150.41350937121138 350033.88793198671192 18.82941294662466 36.85770787827433
53970.0 0.00066208264343 25.15936276769522 -150.36798966335331 349988.47095326799899 18.67280720959452 36.97255715266077
54030.0 -0.00211202353135 25.21692253637344 -150.27421490237327 350012.95134410448372 18.36070298324569 37.20348673022074
54060.0 0.00087036701456 25.24548344345894 -150.22694346603544 350001.94788933452219 18.20526271369870 37.31953072863641
54090.0 0.00146000293305 25.27389590080192 -150.17941352960645 349975.26981926802546 18.05021027531673 37.43597090516209
54120.0 0.00225188596790 25.30326605638200 -150.13060631814744 350011.60138001572341 17.89542714367771 37.55287325778001
54150.0 0.00142981679766 25.33248024842957 -150.08154385880306 350033.15780830755830 17.74113047148819 37.67011352530629
54180.0 -0.00020023471656 25.36154099041822 -150.03219590433429 350036.82442900072783 17.58708204071702 37.78782567423352
54210.0 -0.00065906404836 25.39044033055643 -149.98259984409160 350026.58379284199327 17.43357396062007 37.90584263631917
54240.0 0.00045882931334 25.41918001294358 -149.93272970590633 349999.76474046241492 17.28040260288439 38.02427886164222
54270.0 0.00000000001847 25.44775943842101 -149.88257330319442 349955.13695619162172 17.12747475608788 38.14318633575431
54300.0 0.00004829779816 25.47727398485754 -149.83112908849299 349974.58459746837616 16.97502101161660 38.26243261654063
54330.0 0.00057051805121 25.50662017508057 -149.77940387142812 349977.36024434491992 16.82292174589548 38.38208464767167
54360.0 0.00116417876929 25.53689475135763 -149.72636585837779 350042.65841959137470 16.67124526776860 38.50210227046954
54390.0 0.00245715171625 25.56589473086728 -149.67408741988064 350013.42558158375323 16.51995403019978 38.62250571027472
54420.0 -0.00030085518633 25.59472078750652 -149.62151628927782 349966.44589067716151 16.36892784920508 38.74336257698926
54450.0 0.00052825744320 25.62446468683934 -149.56762675643844 349982.30376259330660 16.21838372353854 38.86454756004393
54480.0 0.00199127895286 25.65402832777163 -149.51343263517501 349979.76055437512696 16.06808535476324 38.98619483706096
54510.0 -0.00062887787604 25.68340490051351 -149.45897338351517 349963.04435405414551 15.91832166442852 39.10813760051471
54540.0 -0.00020828437113 25.71368972690954 -149.40315262915922 350006.04425992909819 15.76889072127827 39.23049045654876
54570.0 0.00150427593163 25.74378486678441 -149.34701729178312 350030.25673645175993 15.61970005979009 39.35330550390557
54600.0 0.00150628834065 25.77259212437455 -149.29167784765633 349962.86078095901757 15.47097910009738 39.47644971472628
54630.0 0.00191480744680 25.80338814503272 -149.23388223732169 350030.93978438060731 15.32260808780505 39.59999078836164
54660.0 0.00212912900808 25.83289211364873 -149.17687589415141 350006.80599910393357 15.17465452547435 39.72388866178137
54690.0 0.00413047002453 25.86219451411331 -149.11957561523283 349966.26949326694012 15.02708313526840 39.84816247431250
54720.0 0.00200838446651 25.89238206862268 -149.06086669474706 349982.88233397062868 14.87977208964463 39.97288148484913
54750.0 -0.00012275698752 25.92235949423394 -149.00186842919734 349984.22651431243867 14.73293825676581 40.09791922770323
54780.0 0.00134127080052 25.95212676972861 -148.94254742071240 349966.78672712296247 14.58634720344949 40.22341017176988
54810.0 0.00150226350413 25.98276232334094 -148.88183344863475 350009.71417388785630 14.44028474010685 40.34918764311185
54840.0 0.00117122220088 26.01317900819999 -148.82080022103213 350034.89197847805917 14.29455058930343 40.47536646780196
54870.0 0.00335971729370 26.04229371179279 -148.76055591701129 349966.71286863554269 14.14905301154529 40.60199887866860
54900.0 0.00108770720784 26.07334529577093 -148.69777001202459 350031.52147873025388 14.00402028811905 40.72895116103663
54930.0 -0.00090256557744 26.10308861201199 -148.63578971722876 350004.83514453470707 13.85933253133268 40.85629180116590
54960.0 0.00310917235149 26.13260170058178 -148.57350394425831 349962.02930308133364 13.71505645348316 40.98398079428235
55020.0 0.00305081245280 26.19307533476512 -148.44570292334421 349972.15460078418255 13.42758039217087 41.24049174134120
55050.0 0.00269461605519 26.22295248934885 -148.38130770235799 349950.17383525799960 13.28430232980006 41.36935707447718
55080.0 0.00205668224621 26.25365584775691 -148.31545328037006 349985.72489186469465 13.14149559052706 41.49853117054070
55110.0 0.00251551161494 26.28410997013859 -148.24924996391525 350001.89658778999001 12.99892775632507 41.62814889191144
55140.0 0.00332550630332 26.31431088289337 -148.18274206574287 350003.48476433102041 12.85688134272702 41.75804355269179
55170.0 0.00238168639624 26.34425660876108 -148.11589940640792 349987.27258652914315 12.71515785606118 41.88833028253107
55200.0 -0.00000000003693 26.37500806073161 -148.04753342947896 350023.72664627339691 12.57366633863596 42.01906148169830
55230.0 0.00075565971854 26.40549465700779 -147.97884541236951 350044.45125350821763 12.43263375727774 42.15010262939256
55260.0 0.00294314855144 26.43571379521786 -147.90981706660992 350047.50033672060817 12.29194018943120 42.28152304558505
55290.0 -0.00071742391011 26.46566253929180 -147.84045960230083 350034.10566545464098 12.15165150893215 42.41328274304552
55320.0 0.00363441118115 26.49533807951125 -147.77076883827121 350003.83582073636353 12.01173687827946 42.54539868004336
55350.0 0.00036223366162 26.52473741867795 -147.70072514425502 349954.58391559775919 11.87207132784174 42.67794355143549
55380.0 0.00246117653430 26.55596234037086 -147.62795669230496 350031.83922093268484 11.73287133954341 42.81078825695288
55410.0 0.00406808534473 26.58584688429896 -147.55602347753407 350018.66350911278278 11.59390624608733 42.94406810671788
55440.0 0.00215327791639 26.61544295068231 -147.48377337977408 349991.12786302808672 11.45545560846998 43.07761631242467
55470.0 0.00326915888752 26.64579321218994 -147.40995620578278 350016.06494546681643 11.31732249490391 43.21154834833783
55500.0 0.00593258254741 26.67584392095992 -147.33576625806000 350021.29941808711737 11.17941663092091 43.34591679153451
55530.0 0.00482173261731 26.70559297473802 -147.26124226017470 350011.03870624490082 11.04196391403848 43.48058624294249
55560.0 0.00574140365300 26.73503682364445 -147.18636496400453 349983.19685812573880 10.90484427794402 43.61562687552203
55590.0 0.00296327264170 26.76521019655112 -147.10990823615865 350008.63203551433980 10.76812283830856 43.75099869324367
55620.0 0.00434277923218 26.79506807751253 -147.03309658471150 350017.03058301657438 10.63177090597044 43.88671755183804
55650.0 0.00372597581030 26.82460634547028 -146.95590908387615 350006.11007925216109 10.49566190252253 44.02285792190167
55680.0 0.00340600270129 26.85382361017772 -146.87838420240814 349980.05258653499186 10.36001225548205 44.15928925360160
55710.0 0.00441220732511 26.88374284387616 -146.79922531580377 350003.50242567062378 10.22459299419710 44.29614737303262
55740.0 0.00694583058435 26.91333073113040 -146.71973000880010 350012.64522301591933 10.08968079746181 44.43326529148327
55770.0 0.00549790216086 26.94258223216172 -146.63986515297219 350003.85416684765369 9.95508025200870 44.57075888184423
55800.0 0.00383162726570 26.97149298795966 -146.55961574425797 349975.46964474860579 9.82070174620426 44.70868091709728
55830.0 0.00538621344144 27.00108067539188 -146.47774559338728 350000.23399044200778 9.68677014039011 44.84689503864509
55860.0 0.00593962592360 27.03031739423930 -146.39550209406397 350007.34816657658666 9.55316521887389 44.98547230312735
55890.0 0.00889384281702 27.05920079150282 -146.31289817057288 349998.20106599573046 9.41995135353567 45.12437267894050
55920.0 0.00726680987940 27.08772732331811 -146.22993039274576 349972.38856830727309 9.28710196653289 45.26361091110224
55950.0 0.00784638378970 27.11689949397539 -146.14527940383761 349995.09629202261567 9.15448887875786 45.40326328925040
55980.0 0.00524433858664 27.14570435499455 -146.06027365488106 350002.85121698491275 9.02232848830556 45.54319772908314
56010.0 0.00887673728490 27.17413475757830 -145.97487246732996 349991.15005305036902 8.89039346730495 45.68355063665246
56040.0 0.00565487002795 27.20219228355866 -145.88912834295991 349965.71613256819546 8.75895768348418 45.82415473354598
56070.0 0.00641052982036 27.23086697469428 -145.80168989824048 349989.79745313897729 8.62782719882011 45.96512634172376
56100.0 0.00802146333803 27.25915114125402 -145.71384854618529 349994.26008441019803 8.49691304409410 46.10651844817286
56130.0 0.00795203520817 27.28704592393935 -145.62564825306214 349983.88871967233717 8.36643907468817 46.24819365954082
56160.0 0.01071104838913 27.31454550275766 -145.53706780479882 349956.29102801065892 8.23628491901923 46.39022394607588
56190.0 0.00629280380000 27.34263315420712 -145.44678475308899 349979.51228674221784 8.10651421920289 46.53256921676198
56220.0 0.00354083410604 27.37031389863788 -145.35612273313220 349986.33519922010601 7.97710247291536 46.67524309642511
56250.0 0.00717725777008 27.39758105693010 -145.26505812900231 349974.08217401616275 7.84791990671995 46.81832373746018
56280.0 0.00870970729880 27.42541271190158 -145.17228398013529 350013.75375310517848 7.71918291486027 46.96167744103031
56310.0 0.00934059758386 27.45281728324900 -145.07909898458828 350034.12090316601098 7.59066575861259 47.10544125278052
56340.0 0.00871272604161 27.47882877211815 -144.98691947699351 349975.27338601648808 7.46263956471405 47.24944752372485
56370.0 0.00959315497203 27.50634806820139 -144.89162696997357 350031.05125307012349 7.33491182724750 47.39381307165606
56400.0 0.00756162785712 27.53245932129158 -144.79728780046563 350001.66222370322794 7.20739419901446 47.53859111453247
56430.0 -0.00096696255547 27.55813554595848 -144.70258802087014 349958.17614151909947 7.08030956280072 47.68364315496051
56460.0 0.00931443622959 27.58432666571327 -144.60612518911356 349963.55775998067111 6.95353738383903 47.82904210571383
56490.0 0.01268019086117 27.61006768969353 -144.50928479769763 349953.61891400348395 6.82714058819481 47.97474779532145
56520.0 0.01239342248262 27.63630476183733 -144.41067460194208 349993.31590080540627 6.70109671457642 48.12077271766668
56550.0 0.01210866662391 27.66207267086879 -144.31164984285004 350014.22594061680138 6.57527439991175 48.26719693170339
