# sod		dsTEC/dt [TECU/s]		lat		lon		h_ipp		ele		azi
30.0 0.00168237645726 20.33842796605114 -153.75466954805455 349969.23922420293093 60.68005030722598 53.58511364646331
60.0 0.00147308207744 20.35289764606240 -153.75060528802601 349972.32032756786793 60.50704974009462 53.26152208595295
90.0 0.00172564153390 20.36737559243647 -153.74651354105222 349968.92888661753386 60.33298993469160 52.94267537797630
120.0 0.00155358109771 20.38185066709318 -153.74240202123298 349959.61854585167021 60.15811763451448 52.62866225100569
150.0 0.00207479366890 20.39653642682804 -153.73798163797264 350014.78391610831022 59.98213896037732 52.31922593167712
180.0 0.00131007720487 20.41102327688355 -153.73381771473115 349992.71752079017460 59.80538493007199 52.01450299595982
210.0 0.00112795424341 20.42572808392348 -153.72934134235797 350034.78744935337454 59.62751081133254 51.71421890316517
240.0 0.00145698605540 20.44022977245810 -153.72512086136666 349999.70266778208315 59.44887618100659 51.41851961502609
270.0 0.00136441295031 20.45474244166277 -153.72086806425509 349957.85014184936881 59.26922421198633 51.12719250866971
300.0 0.00112795542529 20.46945892002969 -153.71631594267555 349980.97459458000958 59.08894763184965 50.84038854489702
330.0 0.00129096029786 20.48419243579075 -153.71172874576396 349997.04747184179723 58.90766101718030 50.55783368470840
360.0 0.00121046482323 20.49893560376409 -153.70711145496850 350006.44285039603710 58.72553152743016 50.27955657644897
390.0 0.00108871346775 20.51367925657301 -153.70247042824883 350009.65012502111495 58.54276397716100 50.00559619678312
420.0 0.00154049886936 20.52843795682102 -153.69779428368130 350005.82124947197735 58.35906738765316 49.73574573314974
450.0 0.00151131943708 20.54320604139976 -153.69308674384840 349995.24360479135066 58.17457239116202 49.47001094203939
480.0 0.00117826568788 20.55819822609460 -153.68807256309032 350048.77451059501618 57.98952582793975 49.20844421240307
510.0 0.00144893508968 20.57275186761294 -153.68358939998819 349954.80293920822442 57.80362341019523 48.95084600989450
540.0 0.00168841113591 20.58776030930131 -153.67851448011746 349994.95303686615080 57.61719610590320 48.69730332362035
570.0 0.00181016249139 20.60278910457606 -153.67340047974815 350027.69394538179040 57.42988954884168 48.44760588238046
600.0 0.00179104322062 20.61758588888291 -153.66854481091860 349984.12268522102386 57.24206393756649 48.20184783408963
630.0 0.00210397546493 20.63263267670234 -153.66336693673551 350003.24234046414495 57.05345562744368 47.95986545138074
660.0 0.00248532437154 20.64767809240152 -153.65816490037869 350016.16508787591010 56.86445564192457 47.72175517671288
690.0 0.00114103647177 20.66249829235899 -153.65321057701911 349952.12560778111219 56.67466896766098 47.48731001424567
720.0 0.00114606655252 20.67756938966507 -153.64793566436705 349950.77711769659072 56.48426279946517 47.25654114352573
750.0 0.00223679157982 20.69288951436898 -153.64234493179296 350012.36081430595368 56.29343878515935 47.02946539274218
780.0 0.00187657350353 20.70797987203316 -153.63700246008247 349997.10467591881752 56.10189854195475 46.80592604325852
810.0 0.00155257413606 20.72333290789799 -153.63133511605625 350043.95345229934901 55.90976938611806 46.58591739121095
840.0 0.00219755080416 20.73843445329268 -153.62592912601940 350015.17101461347193 55.71729739340433 46.36946664688723
870.0 0.00220962488898 20.75354981909758 -153.62048356545134 349979.02364996075630 55.52417089087071 46.15642398097709
900.0 0.00228207294353 20.76892361759184 -153.61471858997447 350005.31515192147344 55.33071939326631 45.94684052457468
930.0 0.00312627792054 20.78431809368490 -153.60891008828222 350023.81983894202858 55.13658214862422 45.74056074399834
960.0 0.00316652447598 20.79945205229166 -153.60336275778766 349966.95898061525077 54.94211848426527 45.53764075896821
990.0 0.00390709277038 20.81513203392287 -153.59718904102735 350039.75153215136379 54.74706050553225 45.33795878385168
1020.0 0.00297534831467 20.83027712995286 -153.59157291461139 349969.03807679191232 54.55179597401946 45.14157119764791
1050.0 0.00306087268818 20.84597880263892 -153.58532589523224 350027.39304169639945 54.35592353676005 44.94832733846783
1080.0 0.00379439934227 20.86142162619807 -153.57933397616017 350010.02867639809847 54.15961028431266 44.75822681906853
1110.0 0.00317055114072 20.87686577618273 -153.57331024601811 349985.95898700132966 53.96305442384639 44.57127160086790
1140.0 0.00289988173891 20.89260429854497 -153.56694664784621 350022.12627641856670 53.76595265493685 44.38734732254718
1170.0 0.00302163191251 20.90807666125060 -153.56083848404714 349982.80917930789292 53.56842909031349 44.20644159227108
1200.0 0.00313332192461 20.92383107453962 -153.55440146676719 350004.61538598872721 53.37072861539421 44.02856363989811
1230.0 0.00276806785816 20.93931838547470 -153.54821702661059 349950.82518983446062 53.17253459631127 43.85360539605428
1260.0 0.00235451981620 20.95509217225380 -153.54170143103627 349957.87784417439252 52.97417426629943 43.68159150292135
1290.0 0.00335367988195 20.97088639858408 -153.53513756710248 349956.73830973450094 52.77528304122921 43.51241183790538
1320.0 0.00322991578504 20.98697683160056 -153.52823824998339 350015.86252028867602 52.57621845808938 43.34609403697414
1350.0 0.00218748946077 21.00279368673249 -153.52159179204583 349999.57715398073196 52.37671039692709 43.18255121069492
1380.0 0.00392520389761 21.01890615965541 -153.51461147755089 350043.62588079459965 52.17714240106891 43.02180977662206
1410.0 0.00270065343000 21.03474167159594 -153.50788312277894 350012.32363067660481 51.97710929796342 42.86376547121746
1440.0 0.00334965558097 21.05058714132589 -153.50111176503921 349973.37486396916211 51.77677808632460 42.70840983883984
1470.0 0.00266442999367 21.06673721609607 -153.49400084433901 349994.12215415108949 51.57634347791097 42.55573451780484
1500.0 0.00294012947623 21.08290704094822 -153.48683990904141 350006.49073887243867 51.37549918746281 42.40566017731766
1530.0 0.00340902140717 21.09909096459357 -153.47963290164623 350010.86015454400331 51.17436633309205 42.25817041355600
1560.0 0.00359516866960 21.11527761051332 -153.47238855893505 350008.07129309233278 50.97318839952356 42.11326115061266
1590.0 0.00364246277474 21.13148191514820 -153.46509386234669 349996.91372965276241 50.77164566922410 41.97085875958649
1620.0 0.00371188758057 21.14768870163101 -153.45776073738821 349978.53630755003542 50.57006259275339 41.83096784765291
1650.0 0.00288881343387 21.16423205789795 -153.45006668085341 350017.48868733085692 50.36807270453897 41.69351542763803
1680.0 0.00332953171231 21.18078274208937 -153.44233102868407 350048.84455208387226 50.16603116859090 41.55850733095368
1710.0 0.00356397649590 21.19703198144908 -153.43485157448919 350005.83942809235305 49.96366718544937 41.42588520949094
1740.0 0.00397953846117 21.21327901997343 -153.42733497635385 349955.82380486279726 49.76135948531773 41.29565265544382
1770.0 0.00334764402142 21.22986851176536 -153.41945405247776 349962.64638462848961 49.55870098702091 41.16774323613725
1800.0 0.00344021239899 21.24647120318491 -153.41152376824900 349961.19682013522834 49.35585865621572 41.04214252000468
1830.0 0.00321985444165 21.26307806368533 -153.40355109067852 349952.17939423862845 49.15302374862112 40.91883470073883
1860.0 0.00315646431447 21.28003550056578 -153.39521036240916 349999.40262090321630 48.94988846164883 40.79776909214468
1890.0 0.00459433228099 21.29700998690558 -153.38681690055154 350037.96446250937879 48.74657113958357 40.67892676674067
1920.0 0.00483280018368 21.31365367996669 -153.37869410093032 350003.99681527167559 48.54331376151753 40.56229344875590
1950.0 0.00392520271573 21.33031359048927 -153.37051566539199 349961.23007827904075 48.33979495057790 40.44782366217330
1980.0 0.00458426975572 21.34765582071701 -153.36166217321269 350039.96818646788597 48.13633606508650 40.33550651111805
2010.0 0.00458527317173 21.36433906312169 -153.35338012880302 349980.31485476251692 47.93257022384211 40.22529918415285
2040.0 0.00347945672029 21.38171335324973 -153.34441810054733 350041.49563881475478 47.72884983850497 40.11719046935837
2070.0 0.00378836111798 21.39841607801315 -153.33603272647795 349965.06572502758354 47.52490458789872 40.01114516889528
2100.0 0.00375112953811 21.41581299343325 -153.32696724367361 350009.28954328596592 47.32110801787746 39.90714917618680
2130.0 0.00429448226503 21.43323327708768 -153.31783925271426 350043.91206980217248 47.11705257037426 39.80516680052689
2160.0 0.00414858155803 21.45031582125710 -153.30897564129546 350005.87705765198916 46.91290523932166 39.70517892026931
2190.0 0.00344524366162 21.46740059438856 -153.30006454801051 349959.93419968523085 46.70885390020018 39.60716415832583
2220.0 0.00352372875858 21.48485893809566 -153.29077027544321 349968.15744339860976 46.50459033171873 39.51109515532101
2250.0 0.00395840999462 21.50233210699377 -153.28141767323976 349967.28783348202705 46.30023030612079 39.41695129237588
2280.0 0.00340097044145 21.51980861268566 -153.27201621290453 349958.33782225940377 46.09601424050270 39.32471022082657
2310.0 0.00403991243090 21.53766645280272 -153.26222697246621 350002.87219173274934 45.89162017592521 39.23434942294822
2340.0 0.00423008517620 21.55553126930285 -153.25238589730375 350038.96407508477569 45.68736617989619 39.14584575364142
2370.0 0.00423511525695 21.57305264285946 -153.24280345034765 350002.21720207855105 45.48288604782831 39.05918090006175
2400.0 0.00442025673961 21.59057718756366 -153.23316901031342 349957.16775368619710 45.27852918767017 38.97433007071798
2430.0 0.00490524705635 21.60885954869710 -153.22281400125760 350027.44750608783215 45.07402661387806 38.89127679866225
2460.0 0.00467885205660 21.62640142569929 -153.21306495301494 349964.64765454735607 44.86974646022515 38.80999302884496
2490.0 0.00420996012566 21.64471015804430 -153.20258898570839 350016.34424184355885 44.66528175750431 38.73046808364658
2520.0 0.00508737001780 21.66265815632879 -153.19238009393743 349996.37020369712263 44.46079957718393 38.65267897299332
2550.0 0.00577058404555 21.68060959999916 -153.18211656840256 349967.85187928657979 44.25648450135081 38.57660000956028
2580.0 0.00469998170503 21.69895944960584 -153.17145177197744 349991.02629267983139 44.05202870666700 38.50222284535945
2610.0 0.00496662680586 21.71732497151784 -153.16072090955910 350004.37389723490924 43.84754556716416 38.42952564321769
2640.0 0.00441321391743 21.73569461544883 -153.14993388396459 350009.00163145549595 43.64327391071349 38.35847948503833
2670.0 0.00503202849259 21.75408303002599 -153.13907598085740 350003.33428208529949 43.43889199514089 38.28908061279917
2700.0 0.00516283422980 21.77247510709881 -153.12816051501733 349988.85732416156679 43.23471448123653 38.22129601913896
2730.0 0.00497769629278 21.79088749622640 -153.11717073600678 349963.76017325650901 43.03037664714284 38.15512733787126
2760.0 0.00471507549293 21.80969590008196 -153.10578326391641 349990.52644134685397 42.82622473089639 38.09053876618444
2790.0 0.00468287635758 21.82852381906193 -153.09432191829310 350006.67940507922322 42.62199171182937 38.02752901423931
2820.0 0.00389904180466 21.84695783874593 -153.08314249550034 349953.46996793616563 42.41804018048541 37.96605886866990
2850.0 0.00642864057825 21.86620451365112 -153.07120590392279 350010.40326880849898 42.21396454605544 37.90613809550215
2880.0 0.00444642001444 21.88506753503033 -153.05953931176904 349996.70813937298954 42.00993199258258 37.84774038505943
2910.0 0.00637028171371 21.90393396773475 -153.04781035226648 349973.80512316618115 41.80612389708704 37.79083661651064
2940.0 0.00507429015321 21.92322102589509 -153.03566052357132 350000.00339737534523 41.60223343722407 37.73543400141985
2970.0 0.00548683359728 21.94252332542212 -153.02343625951971 350015.61112012155354 41.39837173686998 37.68150976030112
3000.0 0.00581988734648 21.96182926204909 -153.01114794802763 350021.83716606907547 41.19477602151682 37.62902949907976
3030.0 0.00560153976681 21.98115334741752 -152.99878016791848 350016.96887855790555 40.99112536556530 37.57800486723917
3060.0 0.00503706093710 22.00048050484977 -152.98634681707108 350002.61903791408986 40.78773095118684 37.52839477895311
3090.0 0.00591950327376 22.01982719106565 -152.97383037534627 349976.82428357005119 40.58423013498130 37.48021719861727
3120.0 0.00480965779381 22.03959082732937 -152.96089648056767 350000.37488647550344 40.38096587794846 37.43342724753364
3150.0 0.00518698358132 22.05937276676067 -152.94787993342365 350012.51213956717402 40.17767358243810 37.38803598485902
3180.0 0.00604226040901 22.07873826852268 -152.93514897037829 349956.47867441177368 39.97471023167082 37.34399514510492
3210.0 0.00702934402618 22.09895807643557 -152.92162815743953 350006.05433275457472 39.77167219597492 37.30133131807170
3240.0 0.00486801902212 22.11919228087800 -152.90802656907113 350044.45780065469444 39.56872679460865 37.26001525702283
3270.0 0.00518899750463 22.13858672971172 -152.89506217499874 349956.25531826540828 39.36605228589001 37.22001503609243
3300.0 0.00463960891718 22.15884215082389 -152.88130181621017 349972.82504076883197 39.16334329149883 37.18135068645014
3330.0 0.00479758489088 22.17911102323723 -152.86745800674444 349978.02115082368255 38.96070881130984 37.14399865258068
3360.0 0.00602817121901 22.19938169969694 -152.85354167919283 349973.16268601920456 38.75838446511331 37.10791987861754
3390.0 0.00521616419547 22.21966853188150 -152.83953662993446 349956.39050351176411 38.55605058963545 37.07313876188041
3420.0 0.00578567665158 22.24081840646066 -152.82473688271344 350044.26273631397635 38.35401485386377 37.03960749145286
3450.0 0.00464765988290 22.26112701720077 -152.81056296542198 350004.71408704295754 38.15191712838558 37.00735750245985
3480.0 0.00507630171276 22.28143643672817 -152.79631275358136 349954.83306465297937 37.95009703264176 36.97633631800873
3510.0 0.00456414470518 22.30262998969578 -152.78124559702269 350006.88922185730189 37.74829272237066 36.94656510697754
3540.0 0.00438906574779 22.32382531845930 -152.76610121840599 350048.46277521271259 37.54685555733320 36.91798816071385
3570.0 0.00465369574343 22.34416243829007 -152.75159022495117 349963.92453207075596 37.34538429622256 36.89064603388677
3600.0 0.00487908732716 22.36538579636141 -152.73625981415242 349980.96228813659400 37.14404640735354 36.86450681883343
3630.0 0.00377125340677 22.38661153208993 -152.72084762542008 349987.10963463969529 36.94301825948975 36.83953598870013
3660.0 0.00473922484445 22.40785325237614 -152.70533741502683 349980.46408768557012 36.74199394672073 36.81576473933607
3690.0 0.00628374801479 22.42910518005959 -152.68973407422990 349961.65243120398372 36.54108160223483 36.79316858885404
3720.0 0.00523427532270 22.45124935742583 -152.67330653000954 350043.68001395277679 36.34051524421947 36.77170443658814
3750.0 0.00349756784752 22.47251558496859 -152.65752066202424 350001.06818568799645 36.13997680182860 36.75140732343881
3780.0 0.00469092614142 22.49422943274025 -152.64127781839292 350003.06372521724552 35.93977042303592 36.73222375211681
3810.0 0.00433875430333 22.51596001393521 -152.62492995993102 349991.58121807407588 35.73953880749760 36.71419637040658
3840.0 0.00367063406348 22.53814373238403 -152.60811827665435 350023.87203431595117 35.53961820101823 36.69726624253385
3870.0 0.00477947258177 22.56034199884093 -152.59120204285520 350042.78403294645250 35.33974974686081 36.68146287735417
3900.0 0.00648096358227 22.58208195717764 -152.57457734569999 349995.75204934645444 35.14027920073780 36.66672436368660
3930.0 0.00470501296767 22.60474906300252 -152.55708751612602 350044.52893622871488 34.94080801966143 36.65310296513730
3960.0 0.00551701999120 22.62696705534732 -152.53987562610280 350025.79455152619630 34.74150382853446 36.64056431731851
3990.0 0.00504611650071 22.64918292728391 -152.52257220370035 349995.47703574039042 34.54253889718984 36.62907215395942
4020.0 0.00586214782523 22.67140997455446 -152.50516025026420 349951.53136533964425 34.34361161283374 36.61866609996970
4050.0 0.00494952145840 22.69456861679540 -152.48687639323825 350002.55814840458333 34.14482704069684 36.60932132168801
4080.0 0.00532282294493 22.71772663032070 -152.46849645219413 350041.52938486635685 33.94641760760763 36.60099114670336
4110.0 0.00679489924259 22.73996618065914 -152.45077563324810 349958.99358593765646 33.74806707781478 36.59371959607905
4140.0 0.00610464357454 22.76313303589409 -152.43218588631200 349971.86573925055563 33.55007609031158 36.58744828999527
4170.0 0.00642260471772 22.78631390310778 -152.41347764310453 349970.05935478024185 33.35209039837891 36.58222930599675
4200.0 0.00641857805298 22.80949232489183 -152.39466894525069 349955.88046689610928 33.15444286642234 36.57799813392221
4230.0 0.00485594493730 22.83362201563542 -152.37496155628881 350033.42548613809049 32.95687778721444 36.57479122384546
4260.0 0.00629380935818 22.85680352484786 -152.35593808267961 349992.91868565790355 32.75973535790215 36.57254142543905
4290.0 0.00670937250533 22.88094236951386 -152.33600644244072 350043.01660512387753 32.56261995513711 36.57131093066769
4320.0 0.00736541866035 22.90413647755965 -152.31674944803456 349974.05408140271902 32.36569936421181 36.57106307112437
4350.0 0.00479053970493 22.92827556229570 -152.29659735417832 349997.42122141923755 32.16914298082526 36.57175984562436
4380.0 0.00656347298021 22.95242463775545 -152.27632034888558 350005.65082209743559 31.97265135425964 36.57344846853999
4410.0 0.00644071584495 22.97657789919731 -152.25592371794741 349999.46854998078197 31.77632771543679 36.57610354383510
4440.0 0.00592453217263 23.00072359359046 -152.23542043832410 349980.58355201594532 31.58040291546843 36.57967519224572
4470.0 0.00522018967833 23.02583874382593 -152.21398773266390 350049.85431694053113 31.38456272940616 36.58421510000176
4500.0 0.00653630628937 23.04998427549800 -152.19324723815703 350002.71067076642066 31.18910431480288 36.58966063000167
4530.0 0.00588730295652 23.07510469054405 -152.17156747838033 350042.58223359193653 30.99367663413370 36.59607188088176
4560.0 0.00547174099125 23.09924949737649 -152.15058265943659 349966.52510317414999 30.79860918160605 36.60337945750205
4590.0 0.00562468452044 23.12436842054823 -152.12865652865383 349977.34292023070157 30.60364950681505 36.61162564445259
4620.0 0.00583196261318 23.14947651924804 -152.10661766515057 349975.07726495619863 30.40913231377296 36.62073880386333
4650.0 0.00494851331487 23.17459098216011 -152.08444145165925 349956.63546623568982 30.21466505158235 36.63078965001895
4680.0 0.00533590280952 23.20068312441662 -152.06131523159959 350024.17278136964887 30.02041566795240 36.64173932433850
4710.0 0.00500486298362 23.22578603350120 -152.03889044328827 349976.94703457038850 29.82655076234728 36.65354829099537
4740.0 0.00421700294784 23.25187509492925 -152.01550079846143 350013.94624810013920 29.63277315673342 36.66627028620834
4770.0 0.00483783262819 23.27796423485152 -151.99197406242627 350035.09369589388371 29.43918432509214 36.67987937961777
4800.0 0.00620727565926 23.30404166318560 -151.96832404915864 350042.25299826730043 29.24601356288893 36.69432276677393
4830.0 0.00471205578985 23.33012070313848 -151.94453035648027 350032.85251476336271 29.05294878047454 36.70965875920247
4860.0 0.00496058976345 23.35618657893224 -151.92061102031201 350009.30820815637708 28.86028369355497 36.72582094985423
4890.0 0.00431359799015 23.38225423699304 -151.89654308541066 349968.70675632543862 28.66767057616651 36.74287634469570
4920.0 0.00439309004877 23.40930536675931 -151.87150255630240 350011.92156148701906 28.47543557868873 36.76075120148555
4950.0 0.00494147167456 23.43635658940900 -151.84631128938173 350038.00236216373742 28.28332957311798 36.77949276246594
4980.0 0.00323595400933 23.46339144526728 -151.82099010653289 350049.75075854454190 28.09168185034389 36.79902549018748
5010.0 0.00501190462393 23.49042669353219 -151.79551278315407 350043.81419868767262 27.90010303278559 36.81942751053449
5040.0 0.00630387306533 23.51745331753640 -151.76988960348891 350021.61606497503817 27.70876123139115 36.84065785811133
5070.0 0.00422807007101 23.54446251488605 -151.74413084156237 349984.58681662566960 27.51782032587080 36.86267561546820
5100.0 0.00568203878708 23.57247682579671 -151.71735465819910 350026.25663478393108 27.32698548131162 36.88554019735893
5130.0 0.00429246834172 23.59947197273400 -151.69128695878325 349954.87980207707733 27.13635648563660 36.90922515633765
5160.0 0.00634311502287 23.62745850738605 -151.66421669680065 349964.41348432563245 26.94616110280765 36.93367497902547
5190.0 0.00468589606066 23.65543916929933 -151.63698355382800 349955.93909127824008 26.75608946306661 36.95895378007213
5220.0 0.00609860535025 23.68441712166463 -151.60873353150345 350026.86184825561941 26.56643188917558 36.98499176191434
5250.0 0.00606942591798 23.71237304141500 -151.58118555811771 349984.12367054913193 26.37684402853406 37.01186195688428
5280.0 0.00293811791668 23.74132822463637 -151.55261192866359 350019.91168080829084 26.18764872545317 37.03948669453385
5310.0 0.00624349909559 23.77027470856160 -151.52386793468702 350037.15940363053232 25.99860020798187 37.06791747904641
5340.0 0.00556229899115 23.79919625773995 -151.49497564962772 350038.89320318214595 25.81002244493732 37.09707533348674
5370.0 0.00478047717966 23.82810913699721 -151.46590706284971 350021.47788859996945 25.62152929233517 37.12704491836468
5400.0 0.00520811677539 23.85700422950712 -151.43667328309004 349986.48149771057069 25.43328902509315 37.15778321996345
5430.0 0.00588025895246 23.88690294142129 -151.40639097556971 350027.89569055382162 25.24546287843657 37.18924805546244
5460.0 0.00489116141198 23.91679034912514 -151.37592645579565 350049.79218438547105 25.05775839936473 37.22150385266674
5490.0 0.00715310812309 23.94562703360734 -151.34618633204838 349961.31806358508766 24.87027375608652 37.25452365600648
5520.0 0.00469293770097 23.97650155993596 -151.31448527792116 350040.03024805802852 24.68323520803106 37.28824940734155
5550.0 0.00298641661971 24.00632608164916 -151.28350114909318 350007.56621991656721 24.49633515920880 37.32275037496725
5580.0 0.00413248317223 24.03611952165372 -151.25235404361536 349958.55199490487576 24.30986059527449 37.35795366491431
5610.0 0.00699010206864 24.06693554869879 -151.22010495217441 349980.02560256235301 24.12347056734929 37.39393763939159
5640.0 0.00345631433043 24.09772148155748 -151.18768358944928 349984.08448530454189 23.93748466016508 37.43062102420665
5670.0 0.00472916231918 24.12848671495774 -151.15507091220869 349968.26871472876519 23.75166046732126 37.46805903287616
5700.0 0.00538520611045 24.16025936810169 -151.12136803744235 350025.31892145145684 23.56631673427893 37.50616960836110
5730.0 0.00427335143472 24.19096839899824 -151.08838650861372 349972.02422429993749 23.38107057953017 37.54504325450727
5760.0 0.00378634719467 24.22269413406672 -151.05429039869108 349988.72473496850580 23.19609044309939 37.58463494699267
5790.0 0.00632298997233 24.25438371982495 -151.02001367155432 349987.63122526276857 23.01153498904206 37.62490132498653
5820.0 0.00337179219106 24.28604853015448 -150.98553291960209 349965.68552151136100 22.82711416161155 37.66591130504007
5850.0 0.00480362193328 24.31873339239215 -150.94991625948842 350011.73385258298367 22.64292457077374 37.70763742612802
5880.0 0.00482676314127 24.35137829966113 -150.91411274478364 350039.71718220878392 22.45919100126521 37.75001920725828
5910.0 0.00317054995884 24.38294185036273 -150.87904237685746 349959.15260091610253 22.27560816059821 37.79313055852867
5940.0 0.00400670751577 24.41656962825855 -150.84189183404575 350034.72246599942446 22.09245975826080 37.83689571554495
5970.0 0.00259500164220 24.44911495555143 -150.80546829733808 350001.13914155680686 21.90940825498222 37.88139782071712
6000.0 0.00354586536867 24.48267220367020 -150.76789648567760 350035.32822939474136 21.72677002931276 37.92655224486496
6030.0 0.00250444364230 24.51513766017710 -150.73106279373616 349961.84773298446089 21.54430603109810 37.97241747179419
6060.0 0.00368472088973 24.54861049436690 -150.69307886864576 349956.38736717402935 21.36232988644305 38.01890864376736
6090.0 0.00167533127131 24.58310896357687 -150.65390233027659 350013.70931687578559 21.18046198065839 38.06612156491126
6120.0 0.00350762919091 24.61756570233245 -150.61450460806734 350049.80997354164720 20.99887092066095 38.11400922033281
6150.0 0.00257387081189 24.65090979310105 -150.57587002048388 349981.86255403421819 20.81771287119875 38.16252713532749
6180.0 0.00110481185355 24.68527534290042 -150.53603290237334 349976.16159361973405 20.63670016988324 38.21174830391607
6210.0 0.00301358449244 24.72065918168608 -150.49499005676989 350032.86195374280214 20.45592792673820 38.26164475690574
6240.0 0.00158678483096 24.75492238717948 -150.45471408686961 349986.26177899073809 20.27561948331370 38.31215367794040
6270.0 0.00196612454178 24.79020534297745 -150.41321688859304 350000.52460411097854 20.09547186145147 38.36335321725728
6300.0 0.00135434924316 24.82542975376234 -150.37150084141649 349994.99801301769912 19.91576555909410 38.41516491116098
6330.0 0.00164715761881 24.86060816432235 -150.32953572808816 349965.66641378123313 19.73616643379171 38.46767624986471
6360.0 0.00110380607377 24.89679337267976 -150.28635205899417 349998.81939661782235 19.55698771593119 38.52079943696769
6390.0 0.00259701556551 24.93292676395989 -150.24291719607587 350008.50062595680356 19.37799368803564 38.57459587791512
6420.0 0.00379741549971 24.96899296975518 -150.19925799604150 349998.54939381871372 19.19949296412192 38.62897812977627
6450.0 0.00230622111317 25.00500613742695 -150.15533961021856 349964.30782390292734 19.02110918211186 38.68404687265958
6480.0 0.00152741900476 25.04202817438922 -150.11016584616954 349989.14816080313176 18.84301111749309 38.73975310611610
6510.0 0.00482676314127 25.07898050098110 -150.06475333428233 349993.18551441095769 18.66535250595375 38.79605128693879
6540.0 0.00213114215578 25.11587316088950 -150.01907483694129 349972.80952731333673 18.48784806050882 38.85301816586178
6570.0 0.00300855204792 25.15377306085847 -149.97211664705188 350009.58694681338966 18.31059144578602 38.91062525853567
6600.0 0.00138051133611 25.19159668006534 -149.92491281123642 350025.46760109346360 18.13380459307851 38.96880747227554
6630.0 0.00405098191783 25.22935453687252 -149.87743407171715 350016.56252191402018 17.95718683482650 39.02764688435649
6660.0 0.00129800312005 25.26703269535310 -149.82970589165592 349986.54684711247683 17.78101552422176 39.08706245851499
6690.0 0.00247123872717 25.30571792202827 -149.78065965177987 350010.25777633022517 17.60495988825623 39.14714569458803
6720.0 0.00285661429851 25.34432074507543 -149.73135288270458 350012.07523280195892 17.42933007065761 39.20780576710069
6750.0 0.00033808382996 25.38284857851320 -149.68176206850768 349988.90274032764137 17.25389365219247 39.26910672674831
6780.0 0.00039241957541 25.42236271769200 -149.63086895903814 350023.24381939694285 17.07895434360790 39.33095870961912
6810.0 0.00478349806463 25.46180077458912 -149.57967547919546 350031.11979478877038 16.90413900650938 39.39346694331095
6840.0 -0.00087137284973 25.50115332262618 -149.52819725729168 350014.86275361664593 16.72961658749851 39.45658043354354
6870.0 0.00143384130178 25.54041175081686 -149.47644866376652 349976.63303715921938 16.55553846117751 39.52025259885039
6900.0 0.00142981700080 25.58066266001443 -149.42333790303508 349989.70979025308043 16.38162168669344 39.58456369907172
6930.0 0.00120341963729 25.62082287846034 -149.36992785699184 349977.63064223714173 16.20795853512999 39.64948472390344
6960.0 -0.00057252979543 25.66195868576350 -149.31517036027344 350020.25247554853559 16.03476956105794 39.71494833981610
6990.0 0.00010263326660 25.70300228070087 -149.26009592579615 350036.13073659688234 15.86175639242857 39.78104030959584
7020.0 0.00312828948009 25.74286206206211 -149.20580981876293 349953.16423021722585 15.68919330559382 39.84767711499537
7050.0 0.00151433795829 25.78478250018049 -149.14904362054136 349994.95289895404130 15.51675285872480 39.91495400320771
7080.0 -0.00260003172296 25.82659289191947 -149.09197633431666 350013.27907650452107 15.34474217221310 39.98277721741675
7110.0 0.00108971806565 25.86829974915663 -149.03458255604116 350004.79366811923683 15.17293208261454 40.05121323511061
7140.0 0.00068019432467 25.90988856246967 -148.97689351332309 349974.02517010737211 15.00162150659142 40.12016989422437
7170.0 0.00102331178102 25.95244928071732 -148.91777091473949 349990.23285016510636 14.83044048918040 40.18975671894993
7200.0 0.00335367988195 25.99489440295747 -148.85832135248032 349980.69014735240489 14.65955815103905 40.25992070135299
7230.0 0.00030991017747 26.03829309677836 -148.79745514934996 350022.02200309280306 14.48912357142299 40.33061423957732
7260.0 0.00308603018323 26.08157553369463 -148.73623744472400 350035.16534650884569 14.31885611814357 40.40192091412522
7290.0 -0.00182827243674 26.12473530995259 -148.67467712063055 350021.55191142763942 14.14884671746375 40.47381117486142
7320.0 0.00096494937084 26.16776117584736 -148.61279802209668 349984.69725580513477 13.97931458127236 40.54621546313940
7350.0 -0.00077276624788 26.21173851408971 -148.54944422884421 349993.23911811131984 13.80996360880454 40.61922304395068
7380.0 0.00154251161079 26.25557673357641 -148.48575905423755 349977.80337983183563 13.64106506807154 40.69274797798528
7410.0 0.00350762919091 26.30036138998198 -148.42057450996941 350005.99866737052798 13.47229480182258 40.76688905903647
7440.0 0.00178903402483 26.34500116126605 -148.35504620953975 350009.54513879492879 13.30395697138057 40.84154966351615
7470.0 -0.00201542902458 26.38950153302408 -148.28914665595505 349984.81647109240294 13.13582562058333 40.91679852391923
7500.0 0.00262015795537 26.43492349848735 -148.22176785125077 350008.78966888319701 12.96819498028495 40.99254126947304
7530.0 0.00239677793119 26.48020177447991 -148.15399868502638 350002.91429767571390 12.80069823066337 41.06889153301729
7560.0 0.00263223204019 26.52640089156920 -148.08470797689506 350041.63880212418735 12.63350466930807 41.14579426310326
7590.0 0.00154150464913 26.57136406734399 -148.01620895997070 349984.13231057766825 12.46676114361861 41.22320084521511
7620.0 -0.00083112511242 26.61831830873455 -147.94500334800114 350039.79591751657426 12.30018928615725 41.30119804032953
7650.0 0.00007647117365 26.66403705710549 -147.87456410951651 349996.12986269127578 12.13387872461125 41.37975574185831
7680.0 0.00050410840562 26.71065422312439 -147.80259597667379 349999.03470504470170 11.96804736175950 41.45880216537376
7710.0 0.00014791226655 26.75710422592825 -147.73021980893878 349972.34091358352453 11.80240133768417 41.53842994199805
7740.0 0.00100721221334 26.80444439901579 -147.65629286723419 349991.08658390399069 11.63720897964413 41.61855074818081
7770.0 0.00242897588466 26.85161110098969 -147.58194028467375 349978.97473796550184 11.47214936247443 41.69926677346741
7800.0 -0.00061378449440 26.89965895837019 -147.50601539028813 350011.27317630685866 11.30752375267723 41.78047856484447
7830.0 0.00211403680832 26.94752213767901 -147.42966394962843 350013.81342400610447 11.14310934878004 41.86225697561540
7860.0 0.00162401522895 26.99518733535935 -147.35292289162535 349991.96206596866250 10.97919580217489 41.94450548882460
7890.0 -0.00191078301656 27.04372922638547 -147.27454608385952 350008.33911586087197 10.81541937406776 42.02734170935486
7920.0 0.00312627673866 27.09207087408170 -147.19574324553417 349996.51492382772267 10.65194954153617 42.11070850361627
7950.0 -0.00451987148501 27.14126783559778 -147.11532692691108 350028.10150376521051 10.48893098136537 42.19455624385169
7980.0 -0.00280630403593 27.18919692324451 -147.03566651874789 349960.20645008329302 10.32608754232710 42.27897477074186
8010.0 0.00241589720195 27.23903997929344 -146.95314136962980 350000.36229855380952 10.16350759716900 42.36393340237728
8040.0 -0.00706255012319 27.28865860042180 -146.87019248074276 350015.23565200064331 10.00140777270887 42.44935811403158
8070.0 0.00045077962183 27.33805838171767 -146.78677851855531 349999.32117733638734 9.83949641424003 42.53534480570102
8100.0 -0.00408519024897 27.38722720040837 -146.70293562188806 349957.87166208215058 9.67803897497252 42.62180278649414
8130.0 -0.00777393780344 27.43828538237808 -146.61615245820363 350020.09599978663027 9.51671770500269 42.70883753157464
8160.0 -0.00722153069479 27.48804494697056 -146.53015518787828 349988.41749674454331 9.35583103965355 42.79634677343112
8190.0 -0.00443132622654 27.53862157019642 -146.44244132421241 349993.74193717259914 9.19515927643465 42.88440338248006
8220.0 -0.00616400940074 27.58999883949724 -146.35303771779655 350041.39368114434183 9.03498759158099 42.97290873622124
8250.0 -0.00301056360747 27.64007590531011 -146.26437900534773 349989.72543909121305 8.87495526845855 43.06198431721099
8280.0 0.00173469709751 27.69199890211263 -146.17273608007875 350043.20056402776390 8.71523196652700 43.15157086314775
8310.0 -0.00501894744611 27.74260447045317 -146.08188222493735 350003.95738549064845 8.55596025029102 43.24161772588810
8340.0 -0.00925104654562 27.79399553576304 -145.98925989494887 349999.89978293888271 8.39686613315570 43.33221775729794
8370.0 -0.00434378438408 27.84616087600768 -145.89486714842650 350032.43951832037419 8.23803677423706 43.42333967936091
8400.0 -0.00870568344103 27.89699721748584 -145.80127022663549 349973.43634924106300 8.07968755633414 43.51490720108200
8430.0 -0.01021901443766 27.94964098582160 -145.70460186114974 350015.41995711904019 7.92152899102558 43.60701942575458
8460.0 0.00083816911648 28.00198910000571 -145.60744062453037 350031.48140543419868 7.76382372251962 43.69958329582285
8490.0 -0.01046654144961 28.05404552780240 -145.50973638432413 350014.94613836798817 7.60625711653316 43.79270749513681
8520.0 -0.00566493225775 28.10579817836066 -145.41153487509479 349972.36254719085991 7.44912483946479 43.88628693827599
8550.0 -0.00471909861203 28.15931969727150 -145.31020595500615 350030.03391409013420 7.29221023050174 43.98039643362712
8580.0 -0.00965755294727 28.21148725377692 -145.20966501957088 349996.51555726304650 7.13574896759346 44.07495128432762
8610.0 -0.00417876913384 28.26437256856702 -145.10726784606840 349996.71137262880802 6.97947069217126 44.17004583911962
8760.0 -0.01256377074421 28.53097131189680 -144.57791221945470 350026.93071949575096 6.20299772433081 44.65279550424083
8790.0 -0.00995136355706 28.58385609149788 -144.46959347233590 349988.34665535297245 6.04873821933725 44.75077229750492
8820.0 -0.00475532323025 28.63841803874556 -144.35800206082078 350046.10102328006178 5.89461887245528 44.84929581072712
8850.0 -0.00105249003141 28.69158656679490 -144.24719578826395 350013.84367524832487 5.74093291938192 44.94825833986933
8880.0 -0.00069126381159 28.74438094245688 -144.13580088243353 349951.09378146938980 5.58746648957644 45.04773639780812
8910.0 -0.00275901229455 28.79881379927477 -144.02114729156617 349991.76615519449115 5.43445082288763 45.14764412612700
8940.0 -0.00894515830537 28.85285398007629 -143.90587815945514 350000.99061680119485 5.28161989668173 45.24807766396838
8970.0 -0.00231024659603 28.90749777689390 -143.78867577707800 350049.36012802273035 5.12923910305351 45.34893815830334
9000.0 -0.00487808154739 28.96072998213074 -143.67221605785124 350002.44973613321781 4.97703813459907 45.45032394327877
9030.0 -0.00746201133890 29.01455380104267 -143.55377856693744 349990.21435827948153 4.82510200460293 45.55220259702160
9060.0 -0.01180076918787 29.06895322175029 -143.43338799496166 350017.98475843574852 4.67364410222137 45.65449349824880
9090.0 -0.00817641872224 29.12192737029614 -143.31374594034946 349951.30695626884699 4.52237863086154 45.75730159951394
9120.0 -0.00373503233419 29.17645582616541 -143.19074585512345 349987.68298975471407 4.37156328649539 45.86052944945097
9150.0 -0.01595538542455 29.23053989100267 -143.06708876657561 349992.01035747025162 4.22088892545374 45.96429152432282
70980.0 0.00523799942619 1.59109712022241 -160.02204023754490 350010.30882679391652 0.20602902437116 195.61840854380372
71010.0 0.00417272972767 1.67235376946047 -159.94989327861330 350016.27328288275748 0.30430268484429 195.46066402058844
71040.0 0.00465671662839 1.75539305793174 -159.87785692119195 349966.12704083323479 0.40323274713131 195.30308590697913
71070.0 0.00364346619076 1.83562906513435 -159.80718520795645 350040.50716775096953 0.50267355890088 195.14592823200832
71100.0 0.00325708365776 1.91916650335523 -159.73623988516638 349996.39593981020153 0.60277293607679 194.98893133553125
71130.0 0.00244507899798 2.00294813564051 -159.66582834894263 349955.71230900194496 0.70348395677371 194.83217642487421
71160.0 0.00854167042492 2.08391119271822 -159.59676484815250 350038.02174715138972 0.80468727445475 194.67586944474644
71310.0 0.00524806195146 2.50439043963368 -159.25645636189012 349984.91288251150399 1.31967107956025 193.89825578876818
71340.0 0.01297601517266 2.58975520956262 -159.18991222109491 349950.29179383348674 1.42435774732236 193.74368581315946
71370.0 0.01053798136062 2.67227553350186 -159.12456909764325 350041.36178201250732 1.52969409239287 193.58928222094087
71400.0 0.00694583003035 2.75805665528508 -159.05911069714909 350006.26577862352133 1.63553092098263 193.43529819557955
71430.0 0.00949756541403 2.84404370250276 -158.99415785774247 349972.79249037243426 1.74201999868905 193.28147361140111
71460.0 0.00741271040173 2.92870133910756 -158.93006958284539 350000.96322174556553 1.84911327285296 193.12788914751192
71490.0 0.00675565610317 3.01354892530192 -158.86656503076037 350025.09398655220866 1.95668782809936 192.97475126912121
71520.0 0.00491531076350 3.10011987998065 -158.80323409846071 349987.87591047491878 2.06490556812459 192.82178420519486
71550.0 0.00890390360640 3.18534404973692 -158.74080727149999 350008.28250321932137 2.17361908623469 192.66923512028379
71580.0 0.00177595297836 3.27075601982113 -158.67886515237547 350029.35108544398099 2.28300398297701 192.51680656847714
71610.0 0.01594834260237 3.35787290477227 -158.61717515191381 349984.09792724624276 2.39289276225095 192.36477856017035
71640.0 0.01266811537287 3.44363803701439 -158.55631098944505 349999.32576716784388 2.50340460036251 192.21294931954182
71700.0 0.01599030170174 3.61720323044035 -158.43591315661530 349955.87634623795748 2.72605831928838 191.91028033198052
71730.0 0.00876907475009 3.70193641102645 -158.37698507786016 350020.30489949695766 2.83819550471348 191.75944415799086
71760.0 0.01911990070474 3.78989265950106 -158.31795113942928 349959.00753736309707 2.95097769163941 191.60876355906100
71790.0 0.01748783569195 3.87494824296593 -158.26002324531390 350018.01184220705181 3.06435573181523 191.45831875100188
71820.0 0.01712761525190 3.96167964884569 -158.20237303843430 350007.71489664167166 3.17820319256589 191.30831688378444
71850.0 0.01177058279394 4.04856399219495 -158.14521711551197 349994.37110812496394 3.29268612326736 191.15848135652777
71880.0 0.00184638474584 4.13405963267230 -158.08890376670840 350035.62152583245188 3.40765365916533 191.00905902217121
71910.0 0.01054804388589 4.22123175164410 -158.03278579846474 350011.99022113904357 3.52328543290827 190.85975220023462
71940.0 0.01098775402080 4.30853700493174 -157.97722385008876 349980.56435560993850 3.63940984603504 190.71084096110658
71970.0 0.00363944188978 4.39445165955841 -157.92243012574966 350006.52120380382985 3.75614824401484 190.56212413564450
72000.0 0.00579775191828 4.48049202355479 -157.86818558323409 350023.98967535700649 3.87336990292998 190.41381346152960
72030.0 0.01015059186597 4.56666458559797 -157.81442220601014 350036.69969178177416 3.99122495992208 190.26566151973972
72060.0 0.01270232724965 4.65295532419436 -157.76120724856901 350040.25080898031592 4.10955742964005 190.11792044147242
72090.0 0.00145899643307 4.73937167032116 -157.70846965047159 350038.57160791940987 4.22852681250620 189.97032845581279
72120.0 0.00477444250101 4.82590683520523 -157.65623032156179 350030.05275209620595 4.34808290156681 189.82296538937919
72150.0 0.01684889606625 4.91254820239331 -157.60454326594873 350011.06660595349967 4.46809580635582 189.67603926998763
72180.0 0.01417440472920 4.99930437520862 -157.55333440502639 349985.74642666988075 4.58873564471794 189.52927239531448
72210.0 0.00175381518639 5.08463569943263 -157.50290538564374 350012.45749959256500 4.70984819693399 189.38291154084246
72240.0 0.01009826886196 5.17007818212471 -157.45293238519412 350033.14410613477230 4.83161702167551 189.23665849190681
72270.0 0.01695253511263 5.25713997933817 -157.40325663930847 349980.37339566648006 4.95386652719361 189.09079364931677
72300.0 0.01306053613015 5.34125405575516 -157.35451704254095 350045.14672285038978 5.07672013344786 188.94511624500794
72330.0 0.00940298429503 5.42850337259282 -157.30585173260170 349972.90478909946978 5.20004556609523 188.79983591144230
72360.0 0.01175146352318 5.51280196447306 -157.25809678738290 350018.44334589038044 5.32399501532853 188.65470651615991
72390.0 0.01544624812006 5.59870436122366 -157.21064579782526 349989.02423290908337 5.44840926250765 188.50998004552650
72420.0 0.00981753693488 5.68469656419234 -157.16365504001277 349951.24995318613946 5.57345156858621 188.36539348067208
72450.0 0.00988294216725 5.76925040930995 -157.11735183929662 349966.73745923116803 5.69907070597291 188.22102634248373
72480.0 0.01215193406431 5.85387453032753 -157.07157109596673 349969.03632791060954 5.82513339394590 188.07708775928552
72510.0 0.01108736876619 5.93857946708785 -157.02624337338230 349962.09474207274616 5.95181372795037 187.93329861737746
72540.0 0.01320744261693 6.02183043249556 -156.98162478923894 350005.30711214896291 6.07895424485022 187.78990588048927
72570.0 0.00943115558376 6.10515985309140 -156.93743782656088 350039.64916284102947 6.20674230940111 187.64661046062886
72600.0 0.00806171018894 6.19006807821260 -156.89355958508486 349997.05761969368905 6.33499845592664 187.50369339656351
72630.0 0.01102699716022 6.27352593171434 -156.85032406869195 350007.31242594774812 6.46384807532597 187.36095409145312
72660.0 0.00763809962171 6.35703798385010 -156.80758618554148 350003.58094270993024 6.59315749414353 187.21860030271131
72690.0 0.00278718712893 6.44061390564335 -156.76528727281476 349989.19047306384891 6.72308080772119 187.07638689484943
72720.0 0.00894012704274 6.52423730371631 -156.72348527131433 349960.18234854191542 6.85345568330098 186.93456600611347
72750.0 0.00944423781212 6.60640507391216 -156.68228912263015 349984.20490647386760 6.98444905419849 186.79287303600677
72780.0 0.00181720531357 6.68862565506626 -156.64153795266824 349995.95357360877097 7.11600871119052 186.65138729233107
72810.0 0.00748113060967 6.77088461998255 -156.60127872654036 349992.14641578029841 7.24799805900751 186.51031925730211
72840.0 0.01257051455078 6.85319415194129 -156.56144649813314 349976.54141680337489 7.38059506567340 186.36938805461563
72870.0 0.00677779507702 6.93402712292006 -156.52225301570260 350009.87213819939643 7.51363914464920 186.22884113442774
72900.0 0.00869662787741 7.01490947473297 -156.48346595571911 350031.83471984043717 7.64732133250962 186.08837815391152
72930.0 0.00995438207827 7.09733145890741 -156.44499758825341 349973.43814716022462 7.78145841941800 185.94828113583472
72960.0 0.00741673352083 7.17677502232889 -156.40725156281948 350031.50835399888456 7.91617765447745 185.80834939884514
72990.0 0.00939795185051 7.25774979322119 -156.36983135881917 350008.12249042838812 8.05131926006869 185.66882755699146
73020.0 0.00740365483812 7.33876181974645 -156.33281709515111 349972.13528082706034 8.18708425917460 185.52940116129778
73050.0 0.01328290682892 7.41829535040493 -156.29637442079704 349986.56941798049957 8.32337871089268 185.39021273924214
73080.0 0.00785543905785 7.49784872934684 -156.26038087610294 349984.83192842546850 8.46013650778725 185.25136114520421
73110.0 0.00488109888671 7.57743254588415 -156.22478569327572 349969.84976835083216 8.59750716816676 185.11261258858320
73140.0 0.01058728466155 7.65552493412365 -156.18977647377591 350002.96779769938439 8.73529311038756 184.97426836900706
73170.0 0.00939090902833 7.73364332442908 -156.15516073741003 350022.36587805952877 8.87367605516648 184.83604545155316
73200.0 0.00722152951291 7.81326997602320 -156.12087159409117 349958.53831148426980 9.01249242126406 184.69819210474270
73230.0 0.01004494126005 7.88992143947825 -156.08719877808295 350013.09983093012124 9.15193676771818 184.56040630373752
73260.0 0.00677980663657 7.96807674100972 -156.05384651917726 349984.21754298824817 9.29182228118455 184.42297144149839
73290.0 0.01035485143751 8.04474956375511 -156.02099767333223 350006.63725502509624 9.43227794655428 184.28568646859526
73320.0 0.01096260007139 8.12142110878652 -155.98858625385785 350010.86695408262312 9.57314249743720 184.14879477760778
73350.0 0.00938185346471 8.19810742384243 -155.95654795091826 350000.75487207621336 9.71461925281967 184.01198204475682
73380.0 0.00801441962944 8.27330511718898 -155.92500742294183 350041.07849387731403 9.85661300979480 183.87539053186217
73410.0 0.00963843367651 8.34999137346373 -155.89378618414193 349996.77952845860273 9.99905609833166 183.73911993282968
73440.0 0.00738051126638 8.42519455348134 -155.86302691820566 350004.52558657806367 10.14210156250336 183.60293350201169
73470.0 0.00687237619602 8.50038596845490 -155.83269129587222 349993.38736098539084 10.28554737369129 183.46713541675976
73500.0 0.01169713132338 8.57409326429212 -155.80280583948124 350034.25974354613572 10.42957886952181 183.33144003869467
73530.0 0.00623243079055 8.64927421835561 -155.77324812289294 349988.93891795910895 10.57402961192076 183.19609682207596
73560.0 0.00980647099360 8.72297206036961 -155.74412175100088 349996.19018398690969 10.71909751702350 183.06080158303027
73590.0 0.00702632550498 8.79665391550006 -155.71539700864034 349984.75629266165197 10.86459232004873 182.92583951356005
73620.0 0.01007814617518 8.86884811149583 -155.68710425662206 350025.11783700156957 11.01064460910537 182.79100888206040
73650.0 0.00632802005308 8.94250173516324 -155.65914555723637 349977.86496343556792 11.15709181528612 182.65655221126767
73680.0 0.00790273198111 9.01467010397164 -155.63159693817556 349983.21360460761935 11.30413933364117 182.52215480689262
73710.0 0.00892302287716 9.08682357316536 -155.60441460441322 349971.01440649107099 11.45169079359852 182.38795887326000
73740.0 0.00561562659306 9.15747771763113 -155.57767177383997 350008.82234995812178 11.59967700610433 182.25406510462523
73770.0 0.00709072495757 9.22812385389563 -155.55126138966295 350030.70702796429396 11.74825443775300 182.12023337439064
73800.0 0.01040516288198 9.29874035886248 -155.52523792871705 350032.84589987341315 11.89721675550261 181.98677125046660
73830.0 0.00640449240861 9.36934296901291 -155.49954873265150 350018.43052944075316 12.04675276065026 181.85338999286120
73860.0 0.00751534130457 9.43991353917895 -155.47423742943087 349984.34508165437728 12.19669330638487 181.72034064604912
73890.0 0.00579070791421 9.50900116896496 -155.44928834516887 350003.86611813213676 12.34723948282303 181.58731633600470
73920.0 0.00806271833247 9.57805648849232 -155.42470508331479 350003.96565630100667 12.49819773860068 181.45460452758388
73950.0 0.00902062488113 9.64709002446132 -155.40045149405839 349986.77170670498163 12.64970012124400 181.32200245974946
73980.0 0.00465168418388 9.71462117555768 -155.37659754676943 350019.90770829748362 12.80158295201109 181.18975216323011
74010.0 0.00772161361755 9.78359526707178 -155.35302642627749 349965.85845289845020 12.95405346712680 181.05753802966794
74040.0 0.00765621193082 9.85107681308740 -155.32981710810532 349964.12920428533107 13.10701422617696 180.92550243073842
74070.0 0.00599999874839 9.91706219791558 -155.30697587773767 350014.05413764901459 13.26039456863516 180.79374723799955
74100.0 0.00906590269920 9.98302610512021 -155.28443516629878 350047.39118826296180 13.41435426294386 180.66202846454223
74130.0 0.00797417307400 10.05040068634788 -155.26223268404283 349988.94269404374063 13.56868283067060 180.53065763872368
74160.0 0.00953278188871 10.11629215810746 -155.24034869137631 349984.72971386369318 13.72357236443828 180.39934236161341
74190.0 0.00731711995732 10.18213815821169 -155.21880734224695 349960.45335642527789 13.87885116791561 180.26833571244140
74220.0 0.00474224100190 10.24650759695351 -155.19756098831076 349991.54191213846207 14.03472330270016 180.13732753583889
74250.0 0.00530471181770 10.31083219436767 -155.17664574959437 350002.90169241558760 14.19099210975530 180.00660809197231
74280.0 0.00743887013092 10.37512297944601 -155.15602816709932 349996.52807335928082 14.34779094005023 179.87597320610959
74310.0 0.00486600746257 10.43936222859557 -155.13574555174694 349969.72715128026903 14.50495520481003 179.74566482232800
74340.0 0.00671440376796 10.50212700785633 -155.11573786960369 349998.84235852677375 14.66269372977497 179.61536582227745
74370.0 0.00457621760812 10.56485115898769 -155.09602988481885 350009.48229341022670 14.82090810675822 179.48521898674301
74400.0 0.00386684503306 10.62752320031676 -155.07664304287161 350000.01002434454858 14.97949802872546 179.35536978688239
74430.0 0.00636826897228 10.69015916539512 -155.05753366390729 349973.11662733647972 15.13864716119227 179.22553880462505
74460.0 0.00344021358087 10.75131842756961 -155.03869146409664 350001.97506204992533 15.29829893618235 179.09580602252032
74490.0 0.00648599602678 10.81242194017990 -155.02016476174424 350010.53481628373265 15.45830146528480 178.96639389995804
74520.0 0.00777192506201 10.87348696648303 -155.00190818026408 350001.61170189362019 15.61885015407367 178.83700541673380
74550.0 0.00580378659693 10.93449489717105 -154.98395895633990 349972.52526893187314 15.77977072907683 178.70789641819229
74580.0 0.00551098294879 10.99403897799211 -154.96623556012023 350001.35930824652314 15.94127022228545 178.57875243826467
74610.0 0.00441019539622 11.05352749553994 -154.94880858182728 350010.44748325739056 16.10314883702057 178.44986740013539
74640.0 0.00468186939592 11.11297190765895 -154.93164724518843 350001.64655510801822 16.26554119873430 178.32103503044033
74670.0 0.00350662341113 11.17235449329906 -154.91478560572995 349972.49282405991107 16.42828183430260 178.19249786840888
74700.0 0.00252658025239 11.23027747382786 -154.89813049405959 350002.06061234697700 16.59158110643155 178.06393623236880
74730.0 0.00106154559503 11.28815055960397 -154.88174240218262 350013.18257883656770 16.75533963395368 177.93549370503385
74760.0 0.00402582560465 11.34596224420456 -154.86564115091815 350004.35029144212604 16.91945536526883 177.80731790630094
74790.0 0.00228408213932 11.40372914810878 -154.84978628968426 349978.07948753517121 17.08411494559320 177.67912436883211
74820.0 0.00434076822664 11.46003639218365 -154.83412976368911 350010.68677308317274 17.24926102072655 177.55099367475503
74850.0 0.00135435042504 11.51627962062278 -154.81875456271382 350023.28784821927547 17.41473890202708 177.42315221426398
74880.0 0.00465269114553 11.57247667383651 -154.80361866863763 350018.51246430352330 17.58074704537796 177.29529750847220
74910.0 0.00056951245611 11.62860883717527 -154.78875642865361 349993.89038225729018 17.74710882288237 177.16768881197279
74940.0 0.00180714278830 11.68329654615240 -154.77405357289109 350030.45111395232379 17.91403393871624 177.04000646568718
74970.0 0.00251551312922 11.73792176617564 -154.75961403499977 350047.65733208972961 18.08131971372825 176.91254881672995
75000.0 0.00218245701626 11.79249628997125 -154.74540948753341 350047.23403513524681 18.24910182800176 176.78510692217333
75030.0 -0.00012678143624 11.84700248149323 -154.73147106618336 350026.93280749116093 18.41721417988926 176.65792448162804
75060.0 0.00062887591855 11.90145954946251 -154.71775608941496 349989.44067423511297 18.58586832277001 176.53067837943243
75090.0 -0.00099916006575 11.95446974267786 -154.70419738169437 350013.05241410061717 18.75496403601267 176.40351333610755
75120.0 0.00031292869867 12.00741296758861 -154.69089288354030 350017.25931897386909 18.92439764220717 176.27657951787478
75150.0 0.00121750882730 12.06030632358142 -154.67780509884344 350004.40928801242262 19.09435850091806 176.14958652217433
75180.0 -0.00089552220125 12.11314277663390 -154.66494393202342 349973.68227715604007 19.26478853115449 176.02261571455952
75210.0 0.00299345826002 12.16452901458612 -154.65224043383563 350003.86386291962117 19.43553043586068 175.89589806141018
75240.0 -0.00425020786298 12.21586496711083 -154.63974687670577 350017.16141120810062 19.60678542198997 175.76912467862442
75270.0 -0.00050611996517 12.26713188920848 -154.62749500088546 350011.30261223483831 19.77837475266412 175.64255894052866
75300.0 -0.00182123197831 12.31834915325743 -154.61544454190255 349988.82873679045588 19.95051046858813 175.51587500127462
75330.0 -0.00169344121666 12.36812911078106 -154.60352335923957 350029.14881889056414 20.12298729116790 175.38937647661166
75360.0 -0.00216535285068 12.41921902380135 -154.59191917776556 349970.19871094170958 20.29594171151881 175.26285111301647
75390.0 -0.00161998856421 12.46887137125094 -154.58044102372423 349974.17769257444888 20.46920727085504 175.13654438174908
75420.0 -0.00351366859708 12.51711352551450 -154.56904125446812 350044.44991860259324 20.64299633384324 175.01012876295772
75450.0 -0.00282743486624 12.56665388858124 -154.55796734676662 350014.32632663100958 20.81720798276078 174.88375047840893
75480.0 -0.00332047378494 12.61611991470591 -154.54712237023602 349965.09758657310158 20.99173704714451 174.75756267923941
75510.0 -0.00494449019577 12.66417871718871 -154.53634645043479 349982.70487091131508 21.16677529661891 174.63126802447979
75540.0 -0.00558846108410 12.71217912374862 -154.52576825739223 349983.24494697619230 21.34226398665703 174.50494885909265
75570.0 -0.00509944528450 12.76010439936928 -154.51541385964472 349964.84631406702101 21.51804342917440 174.37884144522039
75600.0 -0.00502599145018 12.80663114036415 -154.50511383773434 350014.45353534072638 21.69431724085000 174.25262942025682
75630.0 -0.00532181598327 12.85308824845462 -154.49502533058859 350045.92436064593494 21.87090498835975 174.12658062533521
75660.0 -0.00547174099125 12.90083180965798 -154.48524979166129 349976.33643951732665 22.04802037235181 174.00036280613156
75690.0 -0.00571624948199 12.94716483724191 -154.47554612792757 349973.57718135509640 22.22545598678889 173.87428532571946
75720.0 -0.00819754837067 12.99343878753831 -154.46602619475928 349954.15562981646508 22.40334886270578 173.74813189726433
75750.0 -0.00778299218517 13.03830847359954 -154.45656946161120 350002.40838595945388 22.58153247396844 173.62215042610546
75780.0 -0.00887874965699 13.08312713208697 -154.44728114250668 350035.03801552671939 22.76021957787886 173.49600790343223
75810.0 -0.00759986462582 13.12920587265802 -154.43832868619131 349964.07230487558991 22.93930871316539 173.36985244486817
75840.0 -0.00726177843210 13.17256714399361 -154.42927203883369 350048.81269417516887 23.11869336539687 173.24384067132425
75870.0 -0.00936273537583 13.21719486320942 -154.42053472130863 350030.82177582848817 23.29856736410477 173.11766716404924
75900.0 -0.01097467297433 13.26176015937122 -154.41197322664163 349996.24497025646269 23.47887136945997 172.99141545542483
75930.0 -0.00940600163435 13.30493606976984 -154.40344943102002 350031.43667853251100 23.65944354963943 172.86532790736734
75960.0 -0.01202615722597 13.34936490205278 -154.39525190507905 349962.67100703064352 23.84048953938971 172.73907945935272
75990.0 -0.01146771425678 13.39241058744342 -154.38708050654293 349964.50674572866410 24.02182722863431 172.61294417392378
76020.0 -0.01216903822988 13.43410214223721 -154.37889289992557 350040.07884590327740 24.20367214270783 172.48658031278757
76050.0 -0.01153714260825 13.47702350755418 -154.37105794629613 350009.47379069123417 24.38581479057780 172.36030495311937
76080.0 -0.01318933148970 13.51988286657250 -154.36338580268270 349962.77110470086336 24.56839243940414 172.23389695693987
76110.0 -0.01241455131851 13.56137126208287 -154.35572278943681 349988.26641918625683 24.75123880746200 172.10760738310370
76140.0 -0.01450645388051 13.60280641591084 -154.34820821791783 349998.70992679614574 24.93456657993870 171.98109651495648
76170.0 -0.01091027588549 13.64417751970391 -154.34085638303875 349993.05679979175329 25.11827391840713 171.85451478715333
76200.0 -0.01609021782651 13.68547321314792 -154.33368205280439 349970.23547376506031 25.30225313302462 171.72802282712294
76230.0 -0.01354351606922 13.72543229061296 -154.32646738036189 350023.41144543793052 25.48669970890307 171.60130583934918
76260.0 -0.01310883365131 13.76660964503625 -154.31959308670548 349969.73385192826390 25.67155378474976 171.47444876441270
76290.0 -0.01433640382199 13.80643332692706 -154.31270407292976 349990.50028110016137 25.85665166797939 171.34770096374316
76320.0 -0.01394599462426 13.84620173566556 -154.30595666873859 349996.39538282621652 26.04220056071849 171.22072728768791
76350.0 -0.01635183284658 13.88589626594391 -154.29937622567957 349985.66454413719475 26.22801715726322 171.09380855050873
76380.0 -0.01517658449803 13.92553700342357 -154.29293052467943 349960.32533561158925 26.41431801851230 170.96659298323061
76410.0 -0.01435552191088 13.96384296098589 -154.28644635329073 350011.61991951987147 26.60089212505477 170.83940608536417
76440.0 -0.01422974507253 14.00334927858899 -154.28030517291424 349954.66740430332720 26.78787663796439 170.71202093734900
76470.0 -0.01479121010856 14.04152300983917 -154.27412226906665 349974.72966673783958 26.97510585743962 170.58469253552798
76500.0 -0.01563541153994 14.07964356370858 -154.26806905179160 349980.49821146298200 27.16279187698644 170.45707307894807
76530.0 -0.01697366712482 14.11770027646624 -154.26215875891833 349971.02420300897211 27.35083266264856 170.32931578223955
76560.0 -0.01574307843293 14.15443891206620 -154.25619113961048 350040.20582021959126 27.53911954093410 170.20158587448549
76590.0 -0.01744859373441 14.19236695504476 -154.25056379906840 350000.36221028026193 27.72784918365387 170.07355769642396
76620.0 -0.01844574342248 14.22899535679756 -154.24485362278895 350041.02448599040508 27.91696128859695 169.94531783032892
76650.0 -0.01714975186199 14.26678302050445 -154.23951694047983 349969.98596995789558 28.10629062744870 169.81712364681664
76680.0 -0.01824450355403 14.30328053349657 -154.23408477537288 349980.47421323601156 28.29604544868400 169.68862831363944
76710.0 -0.01807545927528 14.33970550095161 -154.22879946275020 349975.34478197526187 28.48604163412439 169.56012048006943
76740.0 -0.01809658892372 14.37607813168383 -154.22363096936664 349956.45810480974615 28.67649621635620 169.43123669117765
76770.0 -0.01884420240406 14.41115852849393 -154.21837632797593 350019.18910368159413 28.86719710233266 169.30231217806778
76800.0 -0.01749185999293 14.44740009182916 -154.21347429381129 349970.63094329182059 29.05828095861818 169.17311317622713
76830.0 -0.01910983817947 14.48235237540639 -154.20848295900097 350004.12660846300423 29.24958303560958 169.04389947577585
76860.0 -0.01605298979228 14.51725375486483 -154.20360382520391 350024.23924973793328 29.44131425007440 168.91431362877819
76890.0 -0.01830588093977 14.55209372288161 -154.19884919095645 350030.10851747822016 29.63337257188206 168.78451213040066
76920.0 -0.01640013036773 14.58686106605343 -154.19423200772329 350020.83861765731126 29.82564856305103 168.65466547266681
76950.0 -0.01533858240894 14.62157414716198 -154.18972590174613 349998.04398261755705 30.01833953573678 168.52443542319685
76980.0 -0.01667482288864 14.65622646292672 -154.18533769635712 349961.21898947190493 30.21138483528422 168.39391045160485
77010.0 -0.01675330798560 14.68961139960258 -154.18083968927778 350008.89622599352151 30.40461807235440 168.26335707400904
77040.0 -0.01452255108443 14.72294569981425 -154.17644782358175 350043.55252365767956 30.59824793673111 168.13241494229837
77070.0 -0.01607110091950 14.75739352247176 -154.17243611847800 349963.18560457602143 30.79208993221008 168.00138175333149
77100.0 -0.01670601624422 14.79060637419220 -154.16827480253309 349970.24637068621814 30.98636091248941 167.86988046552210
77130.0 -0.01600167138616 14.82374941609665 -154.16423905411014 349962.86601240374148 31.18084822970546 167.73825751337608
77160.0 -0.01728458308206 14.85566378377133 -154.16005282570006 350043.64729280490428 31.37568761250603 167.60627106485265
77190.0 -0.01649672659192 14.88867961682991 -154.15624946197093 350008.58999233413488 31.57071566534120 167.47418664291533
77220.0 -0.01618580590716 14.92164139092934 -154.15254625461273 349960.50910411495715 31.76614146460157 167.34163536877969
77250.0 -0.01573905295007 14.95337869875729 -154.14869020208104 350001.17024530656636 31.96186320423984 167.20877756190021
77280.0 -0.01657319776557 14.98505082935002 -154.14495030815087 350028.09993583802134 32.15780007580370 167.07573946088084
77310.0 -0.01772429321697 15.01667452988088 -154.14130405626497 350042.64572859369218 32.35413125881066 166.94219913510162
77340.0 -0.01792654359272 15.04822651497297 -154.13777867326712 350043.05714765284210 32.55062054820717 166.80855140372077
77370.0 -0.01566962459860 15.07972637460011 -154.13434829857550 350030.88688224647194 32.74747646985990 166.67442159121663
77400.0 -0.01643836418174 15.11115582283158 -154.13103374632192 350004.79087050538510 32.94451461201287 166.54011688399117
77430.0 -0.01885225100602 15.14253518944304 -154.12780857886827 349966.35035209078342 33.14195101243081 166.40524585314552
77460.0 -0.01627837901225 15.17271052184235 -154.12441826713948 350018.91904455423355 33.33957301265556 166.27016669518306
77490.0 -0.01619486265265 15.20396410365215 -154.12140107399867 349954.03857372235507 33.53751498557688 166.13462903536859
77520.0 -0.01894482174735 15.23401792725327 -154.11821581706985 349980.67587903328240 33.73561529554822 165.99890432967172
77550.0 -0.01782088944116 15.26402443614060 -154.11511611401710 349995.41991553921252 33.93408055695198 165.86261162691386
77580.0 -0.01807948475814 15.29397341801008 -154.11211271271134 349997.56230801716447 34.13280942208794 165.72591520139139
77610.0 -0.01769914044944 15.32385380059495 -154.10921715023841 349986.35440404526889 34.33169169032024 165.58899782158738
77640.0 -0.01770014504733 15.35368415367694 -154.10640602899849 349963.17209781426936 34.53092407367504 165.45149126989639
77670.0 -0.01737816078505 15.38235310765390 -154.10339346642510 350034.81648873072118 34.73044552294454 165.31348835911533
77700.0 -0.01814589458841 15.41205822458310 -154.10077923825835 349986.06318669486791 34.93008863042670 165.17527697915415
77730.0 -0.01755223278078 15.44061312479233 -154.09795333689027 350033.10283230803907 35.13006090152966 165.03646457984928
77760.0 -0.01813885176622 15.47019758822073 -154.09552474002348 349959.28438167273998 35.33017855927215 164.89737015371534
77790.0 -0.01753915173431 15.49864217381187 -154.09287549792674 349982.14623720385134 35.53065590412282 164.75758417979100
77820.0 -0.01802112707548 15.52702296528447 -154.09032380257798 349992.41541417501867 35.73128094202374 164.61747943128415
77850.0 -0.01779372275031 15.55535243080687 -154.08785404740334 349990.98242866341025 35.93218605870427 164.47679456577498
77880.0 -0.01766995865340 15.58361478943362 -154.08548272529418 349976.82694662176073 36.13321186945426 164.33580883261519
77910.0 -0.01759248169998 15.61182940076127 -154.08318662458700 349951.28576090000570 36.33456159423644 164.19412566150018
77940.0 -0.01750192251820 15.63891814381144 -154.08066746450515 350023.91392312850803 36.53613460101741 164.05191432795769
77970.0 -0.01774039514841 15.66701305455925 -154.07854794865460 349974.15834168251604 36.73784938705404 163.90931100596339
78000.0 -0.01699781411258 15.69399925684686 -154.07618946913684 350023.87972234189510 36.93988407601437 163.76595985539564
78030.0 -0.01719201352261 15.72197699887379 -154.07423838148179 349950.24119727592915 37.14200253450720 163.62229113888003
78060.0 -0.01604896430942 15.74885094422566 -154.07204620296693 349976.57800661493093 37.34441053685848 163.47789335885267
78090.0 -0.01647257487664 15.77566271855849 -154.06994330764698 349990.92800236493349 37.54692545002720 163.33309783401722
78120.0 -0.01649974393125 15.80243268947339 -154.06790622682090 349994.61655881255865 37.74975909592261 163.18747589411697
78150.0 -0.01540398764131 15.82914009453160 -154.06595633109882 349986.37238007970154 37.95270075237241 163.04141556163287
78180.0 -0.01599664130540 15.85579735671475 -154.06407891966327 349967.00986848119646 38.15588033762616 162.89464388976543
78210.0 -0.01569075424703 15.88135919959710 -154.06196567270663 350048.73886656947434 38.35914113496158 162.74744811515990
78240.0 -0.01590507752573 15.90790866675019 -154.06024066352501 350006.84054890554398 38.56268226731382 162.59941520600674
78270.0 -0.01569880403087 15.93440175737428 -154.05859126010930 349953.54537090379745 38.76640405951672 162.45071955721883
78300.0 -0.01614153505075 15.95981354849507 -154.05669618255146 350002.49783528037369 38.97022496832718 162.30150297438112
78330.0 -0.01690021210861 15.98518659226350 -154.05486165890653 350041.30186512693763 39.17432145514717 162.15138965790302
78360.0 -0.01570081795418 16.01150565830705 -154.05344294126556 349953.87437352351844 39.37845859116433 162.00083038604782
78390.0 -0.01560220898856 16.03677020602346 -154.05175581760327 349970.57598304469138 39.58283947034805 161.84939197096509
78420.0 -0.01596142483072 16.06197468151572 -154.05014821937260 349975.97563144937158 39.78728322097532 161.69741967209265
78450.0 -0.01554586168357 16.08713943583415 -154.04859789286661 349971.28431930392981 39.99199818560803 161.54446285101048
78480.0 -0.01522689476061 16.11224381512382 -154.04712514397900 349955.34590877220035 40.19677566699816 161.39092677872054
78510.0 -0.01639610370299 16.13631439615185 -154.04537623710254 350045.23398622684181 40.40174245190722 161.23652509022781
78540.0 -0.01491597762149 16.16131196710289 -154.04404388446835 350007.77463573124260 40.60674499638956 161.08155413531347
78570.0 -0.01529129303132 16.18626535014374 -154.04276920351893 349960.08661605324596 40.81197735911747 160.92558184503358
78600.0 -0.01597852899629 16.21019240928625 -154.04121669142197 350018.93000545073301 41.01734109813274 160.76878836233317
78630.0 -0.01592318865295 16.23454750721601 -154.03991067382296 350008.29836326558143 41.22272720343585 160.61138105630400
78660.0 -0.01666777888457 16.25886097175800 -154.03865972261076 349987.72988463472575 41.42832521994801 160.45292851363524
78690.0 -0.01415025655956 16.28264738232831 -154.03729449138456 350016.02795920800418 41.63407431116138 160.29353184501613
78720.0 -0.01424182033923 16.30637421423300 -154.03600335818558 350033.55021241772920 41.83980965882109 160.13352215159810
78750.0 -0.01459198061777 16.33006125575223 -154.03476558117143 350041.38260170817375 42.04573010481688 159.97243906281145
78780.0 -0.01427099858963 16.35369073338585 -154.03359780787534 350038.61809217557311 42.25165750650452 159.81064512612221
78810.0 -0.01456783126626 16.37728297045936 -154.03247897933366 350026.34794748481363 42.45779506161797 159.64766203067705
78840.0 -0.01328995083299 16.40081743062334 -154.03142835528686 350003.53560305759311 42.66393729206445 159.48391640703915
78870.0 -0.01329095661276 16.42430642233534 -154.03043286945524 349970.84653490222991 42.87020673362997 159.31910473549885
78900.0 -0.01301022586757 16.44680843200031 -154.02914708036806 350047.92700117360801 43.07645380872847 159.15353502877869
78930.0 -0.01277276374465 16.47020004404740 -154.02826838733009 349995.31500744074583 43.28286588215570 158.98675080507428
78960.0 -0.01214589584002 16.49308184237617 -154.02726664548834 349993.11360402405262 43.48934616425272 158.81893935480707
78990.0 -0.01343585035811 16.51590899656246 -154.02632823021102 349980.76750539615750 43.69581387449661 158.65025627193424
79020.0 -0.01263289771630 16.53824486421409 -154.02525332439751 350019.94477002229542 43.90243852368415 158.48027440276471
79050.0 -0.01257856433462 16.56052494891588 -154.02424408425108 350049.05771173257381 44.10899109821045 158.30949626370898
79080.0 -0.01307562991806 16.58321824681892 -154.02346438066695 350007.99627961963415 44.31566519713110 158.13743262277782
79110.0 -0.01239241589031 16.60585319063311 -154.02274777004857 349956.74089564662427 44.52228602956870 157.96446403810739
79140.0 -0.01217306371274 16.62800558540425 -154.02188917018043 349957.66865622438490 44.72905062597147 157.79008287867646
79170.0 -0.01324467183304 16.64966213080862 -154.02090498256376 350010.29313256125897 44.93575748890368 157.61473809431038
79200.0 -0.01301022704945 16.67172161163037 -154.02015349533869 349992.28128262329847 45.14252424526780 157.43810800985014
79230.0 -0.01270132028800 16.69328753440506 -154.01927562954907 350026.21120298467577 45.34920573260366 157.26051251164461
79260.0 -0.01396511389502 16.71525563603836 -154.01862634202973 349989.44279549177736 45.55598168641031 157.08146940910447
79290.0 -0.01362300576408 16.73674419430094 -154.01783911007607 350005.37968519050628 45.76275722200118 156.90117326014052
79320.0 -0.01461713456719 16.75818246272842 -154.01710748427871 350011.85874312184751 45.96945236217770 156.71978746167545
79350.0 -0.01460002803785 16.77958778698283 -154.01641467285580 350009.66985164955258 46.17623128984570 156.53685447567162
79380.0 -0.01542612425140 16.80093709252332 -154.01578103929316 349997.82950329408050 46.38286971362727 156.35290684996426
79410.0 -0.01557705267539 16.82182735902964 -154.01499687825660 350039.92640846502036 46.58955440182593 156.16742224435089
79440.0 -0.01639208176577 16.84308911730767 -154.01445826198153 350009.97169050294906 46.79611485382694 155.98080158361600
79470.0 -0.01555189636222 16.86431735498516 -154.01395588400001 349971.40799696370959 47.00274027461942 155.79250358432620
79500.0 -0.01578835861476 16.88507624308031 -154.01331476385519 349986.53340456262231 47.20923431113739 155.60300246773548
79530.0 -0.01658426370686 16.90579834436013 -154.01271450531044 349993.03510257508606 47.41570858729504 155.41195563001367
79560.0 -0.01555189990786 16.92646918218660 -154.01216732343903 349990.34413955453783 47.62202305389589 155.21969637779213
79590.0 -0.01542813581095 16.94710732869699 -154.01165582092773 349979.24105642829090 47.82834825378505 155.02571293732257
79620.0 -0.01553982464116 16.96770338493669 -154.01118766815975 349959.36469038669020 48.03459157808679 154.83020799553066
79650.0 -0.01494012579113 16.98784613663559 -154.01057367218988 349994.24973046593368 48.24067420127647 154.63335366238360
79680.0 -0.01426395813120 17.00796113479250 -154.00999205826309 350021.05368839297444 48.44675328742098 154.43465756483960
79710.0 -0.01375884040017 17.02842356223331 -154.00965911742844 349974.79922431986779 48.65261081704073 154.23468631569008
79740.0 -0.01270635391439 17.04805857030834 -154.00896663016218 350048.57806397136301 48.85842483486290 154.03287963468401
79770.0 -0.01183196017969 17.06843662235544 -154.00871700998482 349985.07197316177189 49.06403021163064 153.82966150692215
79800.0 -0.01162770060815 17.08800000400273 -154.00810178924027 350042.28273934870958 49.26960635557712 153.62445209058379
79830.0 -0.01021398199315 17.10829641281542 -154.00793023173941 349961.71604147925973 49.47496340638119 153.41775425943024
79860.0 -0.01009726426406 17.12778004300972 -154.00739653616154 350002.14025479741395 49.68020568461299 153.20920137342750
79890.0 -0.00850041690783 17.14721813173176 -154.00690904945120 350034.04463577363640 49.88519903364946 152.99914191074140
79920.0 -0.00847928607752 17.16700974229398 -154.00665177083263 349993.07309642247856 50.09010295748131 152.78703018889740
79950.0 -0.00740365365624 17.18638174770736 -154.00623146243211 350008.85752976965159 50.29482752998094 152.57307803574406
79980.0 -0.00788059537102 17.20608494946764 -154.00605590728935 349950.93153776694089 50.49929547221914 152.35746735874650
80010.0 -0.00789669493870 17.22538306909084 -154.00570680716893 349950.39486155193299 50.70365489684323 152.13966594558019
80040.0 -0.00790071805780 17.24426071666311 -154.00520149910889 350006.86680317297578 50.90769587504911 151.92027912021450
80070.0 -0.00854569590778 17.26348127082639 -154.00492733034736 349990.05045783333480 51.11158546542681 151.69870326096830
80100.0 -0.00914438661428 17.28228894172534 -154.00449243169621 350030.63367996364832 51.31516516091932 151.47538852557290
80130.0 -0.00926010210923 17.30143724045926 -154.00428607204594 349997.79668591730297 51.51860222259192 151.24971107090644
80160.0 -0.01044239209809 17.32053809066199 -154.00412133239834 349956.58875929471105 51.72171485229646 151.02220632605582
80190.0 -0.01053697439897 17.33888804185059 -154.00357704717595 350039.81062549818307 51.92459851791513 150.79248023987597
80220.0 -0.01192151239982 17.35790912342513 -154.00348412832025 349982.50971564371139 52.12712582983527 150.56089849316896
80250.0 -0.01169008613743 17.37654638934196 -154.00321111874851 349983.86319285351783 52.32944306715240 150.32687680429035
80280.0 -0.01156229773954 17.39514839970620 -154.00297025812446 349977.40421588905156 52.53146343741260 150.09063739683370
80310.0 -0.01223444109849 17.41335978745437 -154.00256031798750 350029.59951162897050 52.73311165740034 149.85237334592364
80340.0 -0.01138118055786 17.43189545308733 -154.00238011352494 350007.74132513813674 52.93452434532576 149.61150713446258
80370.0 -0.01237229320353 17.45038242702283 -154.00224125105399 349977.72903376538306 53.13550180734711 149.36868818165729
80400.0 -0.01274056342742 17.46850088097514 -154.00191825356100 350007.21721181459725 53.33619741007281 149.12326367777345
80430.0 -0.01068589244529 17.48657842326947 -154.00163227019567 350028.91344060935080 53.53646072479624 148.87571360820914
80460.0 -0.01147274551942 17.50463512822946 -154.00136634117965 350043.40798932965845 53.73644406324635 148.62536430847044
80490.0 -0.01069293644936 17.52298275962456 -154.00134618329696 349982.74554565176368 53.93597552665819 148.37278832362904
80520.0 -0.01041019414461 17.54063793319092 -154.00093149751100 350049.49173761438578 54.13513988754404 148.11756073470440
80550.0 -0.01033875186983 17.55858219458556 -154.00076285125374 350041.07474221382290 54.33381751363825 147.86006687031164
80580.0 -0.00930336836775 17.57650180277206 -154.00061511097050 350025.40410712640733 54.53213887400321 147.59967903167430
80610.0 -0.00869662669553 17.59438770626502 -154.00049501745286 350002.25033426936716 54.73002081806329 147.33663151723428
80640.0 -0.00881334560650 17.61223195068509 -154.00040835928476 349971.42635868024081 54.92739058150688 147.07113041345383
80670.0 -0.00811906563747 17.62973611500256 -154.00012781267617 350001.49296725448221 55.12437036064060 146.80254724804362
80700.0 -0.00748213638944 17.64719851081844 -153.99988296838123 350024.01620693132281 55.32077324010521 146.53158182613086
80730.0 -0.00778601307014 17.66494959369354 -153.99987110818532 349971.19442290998995 55.51673567007664 146.25752618789062
80760.0 -0.00672144659015 17.68204020559271 -153.99946452986455 350047.56338742095977 55.71211701202484 145.98089453850574
80790.0 -0.00645681541263 17.69972779259999 -153.99950201642758 349980.14743749797344 55.90705130233827 145.70095758831397
80820.0 -0.00714807804234 17.71676563077531 -153.99914189454890 350042.39677379652858 56.10137871145179 145.41833041772881
80850.0 -0.00730605283416 17.73438171858223 -153.99923286900270 349960.26071679405868 56.29517114342880 145.13255410326576
80880.0 -0.00611973499868 17.75135700578238 -153.99892476222468 350008.22213610913604 56.48831786460209 144.84403671624133
80910.0 -0.00661881450543 17.76831477110660 -153.99863278715358 350049.41679123695940 56.68093049973061 144.55210270397399
80940.0 -0.00709273651712 17.78553810905526 -153.99857994640436 350014.58903203625232 56.87293013676604 144.25700086326557
80970.0 -0.00601207165133 17.80272170154067 -153.99855619720412 349972.43968481384218 57.06424716412111 143.95895294769988
81000.0 -0.00617910318864 17.81959648784857 -153.99833000453842 349992.63074815087020 57.25498588266660 143.65727428393262
81030.0 -0.00719637674537 17.83643156784125 -153.99813516115725 350005.62951659783721 57.44497519748644 143.35272249310938
81060.0 -0.00660070219632 17.85324668685266 -153.99795586815532 350011.85948343202472 57.63433083974017 143.04452907493055
81090.0 -0.00709776777975 17.87002485032442 -153.99780474101323 350010.99018186330795 57.82292400395215 142.73324788886612
81120.0 -0.00735636073298 17.88678599372144 -153.99766593091502 350003.42945404071361 58.01086655080979 142.41808902362041
81150.0 -0.00614489249373 17.90351030227088 -153.99755417372805 349988.80309375934303 58.19801331585354 142.09971667073518
81180.0 -0.00675565728505 17.92020949843812 -153.99745997463052 349967.35083248652518 58.38442082245461 141.77763584681074
81210.0 -0.00729397756746 17.93660250427538 -153.99717293555241 350008.80536680202931 58.56998859076323 141.45228150479574
81240.0 -0.00733422648665 17.95298016890568 -153.99689839983714 350043.73004999756813 58.75480590305072 141.12292713687796
81270.0 -0.00651416849740 17.96959601403260 -153.99686344533799 350001.81813810579479 58.93879883641171 140.78983974595121
81300.0 -0.00738051126638 17.98617433407824 -153.99685353483892 349952.91365043353289 59.12190175089845 140.45326077604963
81330.0 -0.00705651308078 18.00221894339494 -153.99641169466898 350038.01162471156567 59.30419701188355 140.11244561998600
81360.0 -0.00707764272922 18.01874003230237 -153.99644026009182 349975.56575468089432 59.48553302534783 139.76821857867625
81390.0 -0.00665302520033 18.03473510788959 -153.99603691517524 350047.45612041279674 59.66600041367641 139.41974705396493
81420.0 -0.00578668361323 18.05119858398624 -153.99610233276681 349971.51640923786908 59.84548469751348 139.06763148143395
81450.0 -0.00544155459733 18.06714992471270 -153.99573125303959 350030.33555022533983 60.02407109867348 138.71101854974307
81480.0 -0.00595975101107 18.08331561194022 -153.99560596228781 350011.78654225915670 60.20163228029947 138.35062969752090
81510.0 -0.00442327407894 18.09945853442037 -153.99549463954662 349986.66796139068902 60.37820659282499 137.98593420266536
81540.0 -0.00532785420756 18.11532783192963 -153.99518249577770 350025.76919625140727 60.55370549440651 137.61739967791394
81570.0 -0.00485694953519 18.13141927487692 -153.99510386939539 349987.50689263921231 60.72819203135421 137.24424850512980
81600.0 -0.00471406853128 18.14725129789102 -153.99481632383058 350013.77672086283565 60.90159830558498 136.86677169817850
81630.0 -0.00347945553841 18.16328332628893 -153.99477446914048 349962.31129895709455 61.07386379529097 136.48523660417678
81660.0 -0.00479456518779 18.17907121250944 -153.99451485868997 349975.69115183688700 61.24504440264494 136.09883830607905
81690.0 -0.00454703817585 18.19482435175071 -153.99427875745303 349982.51112716365606 61.41501255247505 135.70847836741086
81720.0 -0.00447056818408 18.21056243815656 -153.99405118560335 349983.02008740603924 61.58382888779915 135.31326041947887
81750.0 -0.00484084996752 18.22626866828906 -153.99384407938936 349977.03264051489532 61.75139638784675 134.91384041949198
81780.0 -0.00450075221424 18.24196283034722 -153.99364246237883 349964.77954818401486 61.91776875363153 134.50930333228186
81810.0 -0.00508233993705 18.25741228813467 -153.99323316613811 350017.74725540354848 62.08284041766319 134.10043794431394
81840.0 -0.00472010675557 18.27305732828404 -153.99306127648256 349992.76144628413022 62.24662867675507 133.68668243612166
81870.0 -0.00488713474724 18.28846187177470 -153.99268112707043 350033.16329197771847 62.40905914082920 133.26854522083249
81900.0 -0.00463156149710 18.30406087537611 -153.99253497607353 349995.51835641916841 62.57016456263796 132.84520274090835
81930.0 -0.00535904638126 18.31963546541958 -153.99240123358555 349951.51928291749209 62.72988462802110 132.41697892176279
81960.0 -0.00541438672460 18.33477944147968 -153.99182764750435 350045.23466287646443 62.88816566009390 131.98417638007180
81990.0 -0.00507529711487 18.35031266677235 -153.99171540502846 349988.71707936935127 63.04503234905371 131.54593552666194
82020.0 -0.00478248992109 18.36561481626221 -153.99139434269395 349997.97567837126553 63.20038676768408 131.10324745594431
82050.0 -0.00457722456977 18.38090470076426 -153.99107858881149 350001.11048108339310 63.35425454533281 130.65515910937515
82080.0 -0.00394935324912 18.39616560602811 -153.99077980407563 349998.00659118499607 63.50656017643337 130.20239324664098
82110.0 -0.00494750753509 18.41141724594508 -153.99048336487402 349988.80760482046753 63.65732091864194 129.74398224117414
82140.0 -0.00395539029153 18.42645761346094 -153.98997227045388 350045.86432961095124 63.80645799492927 129.28079428206880
82170.0 -0.00417776217218 18.44184548645774 -153.98992992889251 349951.83707383647561 63.95396508731857 128.81224777475867
82200.0 -0.00399966351171 18.45684399401436 -153.98944166206371 349996.68674377631396 64.09978501526524 128.33890285051964
82230.0 -0.00375415042307 18.47183511552637 -153.98895619709401 350035.56378511991352 64.24391650658630 127.85990335935053
82260.0 -0.00420090338017 18.48698159478285 -153.98871117521352 349995.69778980966657 64.38630929371485 127.37561878105372
82290.0 -0.00434076704476 18.50193015726570 -153.98824831938595 350022.45518469717354 64.52691924290741 126.88640003610145
82320.0 -0.00332349466990 18.51703835708616 -153.98801868275487 349970.40160756930709 64.66573541871854 126.39134750654537
82350.0 -0.00308300929826 18.53194911280559 -153.98757343917094 349985.09182850923389 64.80269660593369 125.89155459285243
82380.0 -0.00399966351171 18.54685055605460 -153.98713043519757 349993.81390195619315 64.93778885178639 125.38602842531230
82410.0 -0.00394935443100 18.56172605939905 -153.98670109396258 349996.52244791854173 65.07096350999926 124.87557136146519
82440.0 -0.00383665745726 18.57659525934574 -153.98627109442401 349993.27446530200541 65.20219713815622 124.35918269668012
82470.0 -0.00371188876245 18.59143868059169 -153.98585385450846 349984.02870836853981 65.33144419605686 123.83782252465414
82500.0 -0.00404192399045 18.60626764132950 -153.98544096977861 349968.81523095257580 65.45867318511503 123.31090918234025
82530.0 -0.00460036814152 18.62092362331813 -153.98480622410526 350020.86087644752115 65.58384843021209 122.77906714354164
82560.0 -0.00354385262724 18.63571848486703 -153.98440624082056 349993.76808000449091 65.70693203351587 122.24143119278672
82590.0 -0.00429347530338 18.65035439907152 -153.98377710436424 350034.05493619106710 65.82788761837286 121.69843165286784
82620.0 -0.00422505273168 18.66510721694435 -153.98339408527573 349995.10031617805362 65.94668473503150 121.15048303968909
82650.0 -0.00355592671206 18.67985146112090 -153.98300938265544 349950.19670386705548 66.06327362160113 120.59667103044615
82680.0 -0.00396344007537 18.69430015129146 -153.98216655470890 350046.32763012405485 66.17763850095837 120.03820068555873
82710.0 -0.00326111032250 18.70900669870075 -153.98179515152813 349989.64427719358355 66.28972268465760 119.47406730212472
82740.0 -0.00305986690840 18.72355841832405 -153.98119819559446 350000.62067343853414 66.39951130654667 118.90516342823977
82770.0 -0.00365654841911 18.73810691446289 -153.98059768586361 350005.74403153825551 66.50693763857555 118.33048579678088
82800.0 -0.00363139210594 18.75263278773855 -153.98000682371128 350005.05407431721687 66.61199743630326 117.75109448740227
82830.0 -0.00307798158127 18.76714725090618 -153.97941739581410 349998.53035149816424 66.71463428664023 117.16643454301298
82860.0 -0.00293610399337 18.78163807895176 -153.97883756042509 349986.21300084609538 66.81483981641546 116.57720454718829
82890.0 -0.00279422995111 18.79612195374502 -153.97825531211959 349968.05323441512883 66.91253901233432 115.98256238442166
82920.0 -0.00239879303638 18.81048096033667 -153.97743776094805 350017.90150395315140 67.00771493960109 115.38301207142132
82950.0 -0.00319570509013 18.82492909085876 -153.97686647586596 349988.18984772171825 67.10035668958348 114.77904370745158
82980.0 -0.00310917257309 18.83937182344380 -153.97629061135598 349952.62690898217261 67.19037467786248 114.16976164190736
83010.0 -0.00348649954247 18.85368518023148 -153.97548648392961 349985.25668975710869 67.27780869784972 113.55648006181947
83040.0 -0.00283145916722 18.86799545692154 -153.97467878778178 350012.12292252853513 67.36255858785415 112.93821792533340
83070.0 -0.00277611882388 18.88228618743097 -153.97387858068231 350033.31732761766762 67.44465156411979 112.31595791373287
83100.0 -0.00314941912853 18.89657684940964 -153.97307199997476 350048.72453393507749 67.52397765989599 111.68873080980262
83130.0 -0.00373603929585 18.91093794064322 -153.97251241406286 349984.40278372634202 67.60058315470489 111.05769062523878
83160.0 -0.00271071477339 18.92519809722139 -153.97171136955839 349988.37600198015571 67.67438938211211 110.42233589066667
83190.0 -0.00213214911743 18.93943793789463 -153.97091687760408 349986.70207663625479 67.74542220867642 109.78343673150461
83220.0 -0.00281535959954 18.95367394945612 -153.97011718382478 349979.25923505704850 67.81357178208690 109.14020704621022
83250.0 -0.00221566311327 18.96781928252336 -153.96907618976473 350040.28406425286084 67.87884748872114 108.49322465391558
83280.0 -0.00208787471538 18.98202595891825 -153.96828164957378 350021.52235036343336 67.94126504381785 107.84305331601217
83310.0 -0.00144994086946 18.99623046854723 -153.96747969741409 349996.96783459745347 68.00069676712815 107.18884824309377
83340.0 -0.00135032612406 19.01040992430868 -153.96668575099505 349966.82965302374214 68.05724822212001 106.53200611299266
83370.0 -0.00165923170363 19.02451656557327 -153.96564339473585 350005.19859945680946 68.11077785725998 105.87160229203366
83400.0 -0.00093677690022 19.03860692818677 -153.96460559174542 350038.00921447016299 68.16136336570281 105.20868694546478
83430.0 -0.00135737012813 19.05276206882350 -153.96380179951319 349990.74753090646118 68.20885442966406 104.54235613704716
83460.0 -0.00056850549445 19.06683658819350 -153.96275887006007 350012.22029301710427 68.25335657794977 103.87382557012404
83490.0 -0.00106154559503 19.08090595945744 -153.96171176529947 350028.01528826635331 68.29477353103024 103.20266188616036
83520.0 -0.00053127509646 19.09501157497117 -153.96091226460814 349963.90294738113880 68.33317191612471 102.52968054619816
83550.0 -0.00081905102760 19.10901006123819 -153.95961679469889 350042.78773402143270 68.36841166811271 101.85417222428373
83580.0 -0.00053630754098 19.12310046734135 -153.95880724706097 349967.26876297872514 68.40053504496228 101.17676444435472
83610.0 -0.00080093990037 19.13707886222572 -153.95751096077311 350035.00445837154984 68.42959090808492 100.49806789918620
83640.0 0.00009458348276 19.15110592652385 -153.95644903872295 350022.56952723674476 68.45541726457432 99.81730692601252
83670.0 -0.00141774055222 19.16511117046197 -153.95539225100796 350004.66712455544621 68.47819297834920 99.13590145992649
83700.0 -0.00038235705014 19.17911409079476 -153.95432687682126 349981.02950035873801 68.49773915874570 98.45300076021029
83730.0 -0.00106859078097 19.19309837203647 -153.95326374653573 349951.88793479092419 68.51418985097833 97.76967001448475
83760.0 -0.00078081484983 19.20705258101623 -153.95194298501858 349991.41878723353148 68.52735898574350 97.08508432574331
83790.0 -0.00067516424391 19.22099388409456 -153.95062310399496 350025.46003316063434 68.53741663782664 96.40045802850989
83820.0 -0.00130202860291 19.23495829145157 -153.94954316083769 349979.36852442566305 68.54425380396924 95.71541911929586
83850.0 -0.00048700187629 19.24888110321288 -153.94821732240553 350002.27031609788537 68.54798131163942 95.03077552990052
83880.0 -0.00088344811643 19.26280634679890 -153.94688079524744 350019.43216072302312 68.54843411847352 94.34589443280639
83910.0 -0.00156464822087 19.27674260736984 -153.94578653522825 349956.49537666700780 68.54569087843210 93.66140310402402
83940.0 -0.00105550855262 19.29064570890652 -153.94444442936108 349962.56369120813906 68.53983684874564 92.97790764979959
83970.0 -0.00177796335603 19.30455308820691 -153.94308931211469 349962.83659770991653 68.53067973814420 92.29469993131353
84000.0 -0.00059164788432 19.31844184676541 -153.94173650134294 349957.71959812659770 68.51847332926489 91.61313878507289
84030.0 -0.00190273441460 19.33232590622844 -153.94012341647263 350021.34053050447255 68.50300552811902 90.93244562256665
84060.0 -0.00172664613179 19.34620287786833 -153.93875835317979 350005.02814779989421 68.48446719342654 90.25362754141489
84090.0 -0.00036625866434 19.36008365679661 -153.93737918544065 349982.89651337731630 68.46264082115178 89.57593342704251
84120.0 -0.00117625294645 19.37395196613073 -153.93574884338250 350029.78414200898260 68.43776008574378 88.90049608783490
84150.0 -0.00098306286183 19.38781567269922 -153.93435891252722 349996.52619117219001 68.40970624917973 88.22698115487592
84180.0 -0.00063893962570 19.40166338764726 -153.93296737064091 349957.83132526278496 68.37863238194539 87.55612414356565
84210.0 -0.00099916124763 19.41552221770704 -153.93131227211282 349987.81666712835431 68.34435227620379 86.88735255364880
84240.0 0.00014992500798 19.42937846215327 -153.92964888550114 350012.17493072897196 68.30697936014823 86.22123383128120
84270.0 -0.00104142172637 19.44320739926051 -153.92823361133600 349956.64520343858749 68.26663333274928 85.55831090345373
84300.0 -0.00110581999708 19.45707728866633 -153.92629985549002 350044.11407082993537 68.22309416101047 84.89793013711645
84330.0 -0.00044272865611 19.47089255998810 -153.92486883554753 349977.39386635180563 68.17668464654450 84.24130624085470
84360.0 -0.00027670644421 19.48473128854229 -153.92317202654033 349979.29238026682287 68.12716222889149 83.58772193284334
84390.0 0.00016400947047 19.49855774111587 -153.92147178110315 349975.76046048477292 68.07476854042406 82.93805828767468
84420.0 -0.00066308661345 19.51242170261323 -153.91950176113309 350040.69844722468406 68.01925737259174 82.29162586372345
84450.0 -0.00050813388848 19.52621214741421 -153.91803326828145 349951.47553231846541 67.96091825126710 81.64940721128866
84480.0 -0.00010565178780 19.54006788627460 -153.91604655317386 350005.23207048326731 67.89962293734919 81.01108194150274
84510.0 0.00024450849074 19.55387738532473 -153.91430852143719 349979.21624843403697 67.83555934686709 80.37726224131873
84540.0 0.00045178540161 19.56773148654062 -153.91230072905708 350021.65227912832052 67.76852180767526 79.74741987933172
84570.0 -0.00009558926253 19.58154152124464 -153.91053624021029 349984.14314568229020 67.69865200485268 79.12201838472046
84600.0 0.00025356405435 19.59538572597794 -153.90851158569896 350015.44001981616020 67.62609744090349 78.50149652156017
84630.0 0.00058259232070 19.60924033382123 -153.90646818273080 350040.77051445934922 67.55061130763188 77.88524617314437
84660.0 0.00036827022389 19.62302967228739 -153.90467685577866 349986.55166944582015 67.47257352868810 77.27428506529240
84690.0 0.00058762476522 19.63687584406908 -153.90261339552063 350000.65604931674898 67.39171254315741 76.66795170694728
84720.0 0.00003320373325 19.65071274195734 -153.90054362664276 350009.30564916599542 67.30831002843223 76.06696298121841
84750.0 0.00024752583006 19.66455940309942 -153.89845406248213 350011.95202941633761 67.22209259880523 75.47068602157762
84780.0 0.00044474257942 19.67839682473593 -153.89635743174142 350009.12766429409385 67.13339346555793 74.87991874247338
84810.0 0.00081200820542 19.69223554105510 -153.89424610177815 350000.51986191514879 67.04207344781346 74.29434551167263
84840.0 0.00028576082595 19.70606447312727 -153.89212735382748 349986.44887616205961 66.94834493727051 73.71443571606208
84870.0 0.00167231275011 19.71997105358459 -153.88973235031946 350040.42899828217924 66.85198341120505 73.13970102522030
84900.0 0.00049807018133 19.73380621437153 -153.88758137952860 350014.67757262848318 66.75314991186927 72.57048677166233
84930.0 0.00123058987377 19.74763118264140 -153.88542217146411 349983.45522704347968 66.65201104879735 72.00711648418253
84960.0 0.00077477780743 19.76154405160630 -153.88298310944549 350020.07323048729450 66.54829387189241 71.44903010306047
84990.0 0.00088747123553 19.77536437115330 -153.88079696553947 349977.44448830373585 66.44242119473608 70.89703629952470
85020.0 0.00093174563759 19.78927441298929 -153.87833202058914 350002.67142058163881 66.33409391852517 70.35053414273790
85050.0 0.00131712239081 19.80317800490094 -153.87585783270603 350022.37974166683853 66.22362176477650 69.81007371034701
85080.0 0.00093778268000 19.81709408644019 -153.87336086278154 350035.93092372640967 66.11070581734262 69.27508367282203
85110.0 0.00142277299673 19.83091002059893 -153.87111446743131 349970.25301280897111 65.99571001550569 68.74617942340764
85140.0 0.00088948515884 19.84491729149622 -153.86832929540009 350046.05248064082116 65.87848294720094 68.22305590839746
85170.0 0.00029179905024 19.85872482848569 -153.86605558839986 349969.02075074985623 65.75925128491446 67.70604967370983
85200.0 0.00093979542143 19.87273890065924 -153.86323781932771 350033.11655364464968 65.63777265290651 67.19471844237108
85230.0 0.00026362657962 19.88665435886639 -153.86066498764256 350017.78541065100580 65.51421902021509 66.68930063599416
85260.0 0.00146503347548 19.90056230113269 -153.85808099746484 349996.90819232724607 65.38876809778591 66.19001758317582
85290.0 0.00007143991102 19.91459057601702 -153.85521009861270 350043.24340501613915 65.26112233227779 65.69636706297648
85320.0 0.00073352310845 19.92849918919397 -153.85259316327540 350010.72538247425109 65.13173426061704 65.20896755818674
85350.0 0.00034311627448 19.94241458203629 -153.84995390319409 349972.10193458758295 65.00027971353464 64.72728822609110
85380.0 -0.00017910562213 19.95643867490027 -153.84703920610485 350001.23045316152275 64.86708598087390 64.25173380183229
85410.0 0.00019117970695 19.97047775588078 -153.84409860928741 350024.00825920049101 64.73183126507932 63.78180315036973
85440.0 0.00014992382610 19.98451293558858 -153.84114498114764 350041.13951085321605 64.59489916266016 63.31795409379389
85470.0 0.00077377202765 19.99842859534610 -153.83843578541962 349979.09846778959036 64.45612599589617 62.85990430949600
85500.0 0.00071440501957 20.01246315493317 -153.83544837544628 349984.57651765085757 64.31574468216448 62.40788303827662
85530.0 -0.00009357652110 20.02650845541582 -153.83243641512649 349983.79166531469673 64.17349706863189 61.96150271790584
85560.0 0.00060976019342 20.04069056445820 -153.82913870158555 350049.98241881281137 64.02955969243648 61.52091819764127
85590.0 -0.00042160018956 20.05473637039038 -153.82609269679051 350037.50960705336183 63.88411547389780 61.08627208173173
85620.0 0.00076370950238 20.06879508139441 -153.82301935580051 350018.62219932209700 63.73684501662452 60.65712896166367
85650.0 0.00052020797330 20.08284373037086 -153.81993455750313 349994.25641387794167 63.58822018878232 60.23394989732541
85680.0 0.00038034549059 20.09690152169679 -153.81682426512631 349963.59477753005922 63.43789530511282 59.81628103724675
85710.0 0.00095488802745 20.11109959617484 -153.81343103739985 349999.94395670387894 63.28620742540465 59.40441188508839
85740.0 0.00070736219739 20.12531488319414 -153.81000863019844 350029.70960047189146 63.13281549022644 58.99791697167880
85770.0 0.00083816793460 20.13937624180605 -153.80683923283996 349981.16353915166110 62.97811453251671 58.59712875966168
85800.0 0.00119536985345 20.15359582368616 -153.80337720885703 349998.95271198544651 62.82192987134343 58.20179795851578
85830.0 0.00120040347984 20.16781338563712 -153.79989845649868 350010.94216869212687 62.66449523725097 57.81207450706649
85860.0 0.00094784520527 20.18204379776948 -153.79639189527853 350016.44773223344237 62.50553966294737 57.42763054193658
85890.0 0.00060975901154 20.19627931588591 -153.79286263476436 350015.79367715585977 62.34524018031887 57.04856134846008
85920.0 0.00127888621305 20.21051189331810 -153.78931603510583 350009.33245952241123 62.18378123625659 56.67495400503260
85950.0 0.00033305493109 20.22475951991257 -153.78573871454978 349996.21294503659010 62.02082514225792 56.30644345622187
85980.0 0.00090558354464 20.23916973445846 -153.78187454542206 350049.53121792804450 61.85685565572221 55.94336713045281
86010.0 0.00012979995744 20.25325011254504 -153.77852606034978 349952.23566159885377 61.69150968895899 55.58534908112619
86040.0 0.00097199337490 20.26767203860510 -153.77461435326711 349993.09512860979885 61.52512882936708 55.23259207720756
86070.0 0.00019520400793 20.28211308275547 -153.77067000027159 350027.10101505834609 61.35735679920344 54.88474598133745
86100.0 -0.00009055918178 20.29637364312698 -153.76698024543657 349983.38705930206925 61.18859446668969 54.54204773887650
86130.0 0.00035619613907 20.31082282250383 -153.76298965132574 350005.02018410898745 61.01865818894303 54.20428619706288
86160.0 0.00116015456065 20.32527197705077 -153.75897895355899 350020.66810704022646 60.84777922266738 53.87155556093188
86190.0 0.00068421980753 20.33954726563191 -153.75521250085387 349958.05588833615184 60.67567708122852 53.54358732249126
86220.0 0.00049605743990 20.35401544355249 -153.75114491726356 349960.66003132890910 60.50252699695240 53.22043651521132
86250.0 0.00056246845204 20.36848249441969 -153.74705668668071 349957.27560598589480 60.32851292508376 52.90215290994500
86280.0 0.00134529722519 20.38316252235793 -153.74265721204148 350018.23216004204005 60.15328261125207 52.58843963160522
86310.0 0.00080999428211 20.39764281892720 -153.73851631876630 350002.05874356068671 59.97732664556843 52.27953925927930
86340.0 0.00151735766137 20.41213603630403 -153.73434306170120 349979.09694134630263 59.80026861116026 51.97514923467271
86370.0 0.00156967711975 20.42683006627718 -153.72987021122262 350021.19027518667281 59.62245130328337 51.67540843801530
