# sod		dsTEC/dt [TECU/s]		lat		lon		h_ipp		ele		azi
30.0 0.00162703493204 20.39171117481515 -153.85316867731919 349982.88940188381821 60.62088820300512 53.80018495418842
60.0 0.00175683252572 20.40617903878924 -153.84911036749352 349986.90634252782911 60.44865873728644 53.47554679738636
90.0 0.00076069098118 20.42065526387942 -153.84502465546700 349984.44669027905911 60.27536006724061 53.15563609412857
120.0 0.00165017495814 20.43532395480824 -153.84064083080199 350047.31973337754607 60.10123937509893 52.84054499815060
150.0 0.00097702581942 20.44981220736101 -153.83650373727548 350032.13019422814250 59.92600311918243 52.53001496370751
180.0 0.00147207629766 20.46429752926572 -153.83234614446505 350010.98762549553066 59.74998163673446 52.22418595411167
210.0 0.00161294574203 20.47879741064022 -153.82815472550399 349982.94390854611993 59.57283070472731 51.92278128838278
240.0 0.00003119217370 20.49350058427857 -153.82366087117720 350019.78262942377478 59.39490986562953 51.62595087618610
270.0 0.00171759175006 20.50821982582143 -153.81913381959978 350049.68104635830969 59.21596284571477 51.33348072945719
300.0 0.00115814181922 20.52272652479916 -153.81486797057551 350002.85501149296761 59.03638181873623 51.04552562204667
330.0 0.00148717008557 20.53745826052745 -153.81028623556298 350019.80870982818305 58.85578122144577 50.76180860495188
360.0 0.00158980453405 20.55219975135719 -153.80567449132923 350030.08019659854472 58.67432798923346 50.48236028948858
390.0 0.00113499824748 20.56672386317185 -153.80132209953067 349963.67910971678793 58.49222845584552 50.20722275049731
420.0 0.00178802351754 20.58169887716770 -153.79636878129205 350031.20632186904550 58.30919063492568 49.93618664346133
450.0 0.00125071492431 20.59624265756933 -153.79195111654175 349951.19276747293770 58.12534491522229 49.66925925312903
480.0 0.00178802351754 20.61123035952500 -153.78694206993922 350005.65380911249667 57.94093872158916 49.40649580819675
510.0 0.00140466305139 20.62600857755571 -153.78218182484622 349982.78044259175658 57.75566800792347 49.14769475166344
540.0 0.00152641204311 20.64078492757629 -153.77739732971429 349953.73806558828801 57.56986322146384 48.89294602570043
570.0 0.00130404252622 20.65580950576070 -153.77228879959645 349987.40100898407400 57.38317039158916 48.64203700535400
600.0 0.00191279339423 20.67083786713736 -153.76715336654223 350014.60874936450273 57.19594984897280 48.39506523974917
630.0 0.00124769522122 20.68588301827329 -153.76198065323024 350034.55004335194826 57.00793842727277 48.15186540317042
660.0 0.00190172627106 20.70092685689849 -153.75678387857425 350048.29171242564917 56.81952675630630 47.91253725857079
690.0 0.00174173991969 20.71574618931659 -153.75183626160248 349985.09081136435270 56.63031955737460 47.67687086998748
720.0 0.00155458569561 20.73081592693781 -153.74656679690037 349984.55025321710855 56.44048387364560 47.44487902742345
750.0 0.00237263212531 20.74613411589139 -153.74098031168899 350046.91684736218303 56.25022296846769 47.21658100438556
780.0 0.00251249224426 20.76122323807713 -153.73564353379132 350032.46334549784660 56.05923735875726 46.99181762575929
810.0 0.00253664277766 20.77632248799043 -153.73027130115963 350010.94761593081057 55.86765416581687 46.77058439075531
840.0 0.00205165009716 20.79142056934537 -153.72487179013692 349983.06243370380253 55.67572015097467 46.55291085341401
870.0 0.00290390722177 20.80678940675454 -153.71914099941918 350016.73936451319605 55.48312378354544 46.33864508464944
900.0 0.00262619263402 20.82216170966959 -153.71338080312546 350043.79260927438736 55.29019417602811 46.12784077575114
930.0 0.00308703596300 20.83729319318613 -153.70787022082121 349994.33424766454846 55.09657085932168 45.92034000003312
960.0 0.00283850553504 20.85268801591403 -153.70203619273590 350006.97019798494875 54.90261341427997 45.71620179633683
990.0 0.00350259674639 20.86809983369529 -153.69616052974601 350011.98336733505130 54.70805434642465 45.51530269986342
1020.0 0.00261814521394 20.88351065790940 -153.69025672867156 350010.54586845636368 54.51328114117455 45.31770197222549
1050.0 0.00316149439522 20.89893965050212 -153.68430920699231 350001.32957576587796 54.31789206533189 45.12324611620323
1080.0 0.00277108756125 20.91437917926259 -153.67832335240749 349984.80942939221859 54.12205410534453 44.93193608130448
1110.0 0.00279322417133 20.92982006913598 -153.67230583258149 349961.58395423367620 53.92596714207108 44.74377575785696
1140.0 0.00326915774258 20.94555487013582 -153.66594725592265 349998.56758684478700 53.72932669329426 44.55864848786337
1170.0 0.00350763037279 20.96130455442465 -153.65954754323374 350027.92767791822553 53.53225670402059 44.37654284083669
1200.0 0.00246620864642 20.97677509370075 -153.65341374953275 349982.69879119750112 53.33500281512024 44.19746999344861
1230.0 0.00351366505144 20.99254451377299 -153.64693671713454 349997.35147459991276 53.13724844174138 44.02131981315955
1260.0 0.00295522208225 21.00831726378341 -153.64042595209213 350005.08948273863643 52.93932050371271 43.84811917310333
1290.0 0.00343719624154 21.02411056309322 -153.63386704091536 350004.62944321427494 52.74085459683131 43.67775562760637
1320.0 0.00283950895106 21.03990774212560 -153.62727273937205 349997.13874111603945 52.54220860036484 43.51025932949820
1350.0 0.00291095122584 21.05601565774174 -153.62033025705932 350048.79339824151248 52.34311272168678 43.34554172722553
1380.0 0.00337581767392 21.07183049433701 -153.61365654725913 350026.45504330471158 52.14395031439164 43.18363175290192
1410.0 0.00310514472647 21.08766317011961 -153.60693429800060 349995.93237943854183 51.94431572685306 43.02442248672734
1440.0 0.00304075118328 21.10350593107552 -153.60016914624501 349957.75660782214254 51.74437588538327 42.86790660511226
1470.0 0.00320677457705 21.11995590977310 -153.59275869546900 350045.92799824289978 51.54432720794738 42.71407727486910
1500.0 0.00372396402915 21.13581950138354 -153.58590758570597 349992.36877049971372 51.34386216088230 42.56285306959615
1530.0 0.00270266498955 21.15200045078439 -153.57870590016120 349997.47706627752632 51.14310170864725 42.41421837281973
1560.0 0.00342310823342 21.16818420504671 -153.57146700143770 349995.42363296169788 50.94229014021406 42.26817074355934
1590.0 0.00435988395176 21.18438572312666 -153.56417788985789 349984.99696063436568 50.74110770454143 42.12463459049100
1620.0 0.00292503805209 21.20058982711358 -153.55685045594592 349967.34518897254020 50.53987860678035 41.98361648301855
1650.0 0.00402481746112 21.21713007334116 -153.54916097080331 350006.99651187006384 50.33823647160317 41.84504123932610
1680.0 0.00316451409831 21.23367774026129 -153.54143001763325 350039.04735472798347 50.13653687072286 41.70891687842268
1710.0 0.00335468684360 21.24992460790530 -153.53395666537088 349996.75393383763731 49.93450926784393 41.57518346198172
1740.0 0.00438503908305 21.26649234924528 -153.52613525128837 350012.99766241665930 49.73253226774973 41.44384679345779
1770.0 0.00331141940320 21.28275615965815 -153.51857045459158 349954.94809161592275 49.53019822865845 41.31483799423977
1800.0 0.00349756784752 21.29935629580829 -153.51064537547524 349954.17069285735488 49.32767406535742 41.18814361272432
1830.0 0.00392319233806 21.31629011606072 -153.50236479723114 350010.98908709548414 49.12515275544835 41.06374906113221
1860.0 0.00479456518779 21.33291517844322 -153.49434160074284 349993.69208571221679 48.92232519599177 40.94160176995118
1890.0 0.00392721663904 21.34988689309075 -153.48595252445105 350032.89084589295089 48.71930958417331 40.82168347467469
1920.0 0.00362535506353 21.36652844343739 -153.47783546719316 349999.57573987822980 48.51634873787734 40.70398128927151
1950.0 0.00408116594799 21.38318632484227 -153.46966291926839 349957.45592704880983 48.31312117582183 40.58844790596265
1980.0 0.00428140121856 21.40052557044925 -153.46081298584681 350036.79546196572483 48.10994806449215 40.47507417271677
2010.0 0.00449672673138 21.41720702924561 -153.45253708190108 349977.77577543072402 47.90646253626439 40.36381523677709
2040.0 0.00391715647753 21.43457857281355 -153.44357889362715 350039.54621422011405 47.70301745967350 40.25466180503606
2070.0 0.00438503908305 21.45127971775622 -153.43519994472408 349963.73991775233299 47.49934272213404 40.14757718735492
2100.0 0.00393828494408 21.46867409315518 -153.42613859133553 350008.54369445610791 47.29581179228906 40.04254923929491
2130.0 0.00390910432993 21.48609198849245 -153.41701486663715 350043.73779060598463 47.09201648600753 39.93954003924028
2160.0 0.00389099320270 21.50317281671967 -153.40815683976459 350006.28464705590159 46.88812376156223 39.83853133144744
2190.0 0.00390709395226 21.52025593361241 -153.39925149549936 349960.92194964922965 46.68432322062444 39.73950271547460
2220.0 0.00396847133801 21.53771224112193 -153.38996191357728 349969.69832792878151 46.48030530323814 39.64242515443014
2250.0 0.00429448108315 21.55518352199395 -153.38061412480980 349969.37298051640391 46.27618563640257 39.54727860275594
2280.0 0.00413147621058 21.57265823966860 -153.37121761233985 349960.96200420428067 46.07220550080242 39.45404190688834
2310.0 0.00396645741470 21.59051390276461 -153.36143229149297 350006.01009978353977 45.86804277330324 39.36269085695486
2340.0 0.00465067840410 21.60837666710899 -153.35159525964806 350042.60851941723377 45.66401537258034 39.27320387314194
2370.0 0.00406607334197 21.62589664743500 -153.34201818726751 350006.37847332004458 45.45975704355768 39.18556075950251
2400.0 0.00386684503306 21.64341990685151 -153.33238925511117 349961.83971918188035 45.25561768810175 39.09973842279614
2430.0 0.00542243532656 21.66170008253820 -153.32203757669134 350032.58744839392602 45.05132848347579 39.01571901015008
2460.0 0.00391011010970 21.67924089757641 -153.31229433171293 349970.28624968696386 44.84725752321212 38.93347622321154
2490.0 0.00532785538944 21.69754771639889 -153.30182197266481 350022.43500559031963 44.64299716008495 38.85299735860870
2520.0 0.00499781897956 21.71549446496225 -153.29161797702847 350002.92113363277167 44.43871444153938 38.77426020509070
2550.0 0.00459533569700 21.73344473036825 -153.28135952192082 349974.86053808312863 44.23459567222328 38.69723986089424
2580.0 0.00413550051156 21.75179305504234 -153.27069878576273 349998.46520985290408 44.03033166310772 38.62192649076853
2610.0 0.00508837816134 21.77015721270061 -153.25997211470539 350012.23276395630091 43.82603564266458 38.54829876516911
2640.0 0.00465973278584 21.78852560374045 -153.24918942340548 350017.27416364010423 43.62194731993132 38.47632880451395
2670.0 0.00602817121901 21.80691290459586 -153.23833601947661 350012.01254584174603 43.41774473873660 38.40601129533486
2700.0 0.00461546311130 21.82530400073974 -153.22742517793662 349997.93273979797959 43.21374244630810 38.33731464818962
2730.0 0.00501592892491 21.84371556636070 -153.21644018009272 349973.22297413367778 43.00957561692530 38.27023876591293
2760.0 0.00518799054297 21.86252277811851 -153.20505649570489 350000.35164680890739 42.80559101078414 38.20474936149758
2790.0 0.00552104429218 21.88134963777288 -153.19359911814126 350016.85990407783538 42.60152173212254 38.14084386417021
2820.0 0.00555425038919 21.89978320191966 -153.18242493075513 349964.01613875944167 42.39773035961453 38.07848464662293
2850.0 0.00490122393725 21.91902862653997 -153.17049146629182 350021.26840696763247 42.19381058438915 38.01767963749211
2880.0 0.00465067722222 21.93789105238572 -153.15882925737944 350007.89797119703144 41.98992957498181 37.95840323804730
2910.0 0.00665906224274 21.95675697355305 -153.14710486460007 349985.31629745475948 41.78627042237562 37.90062695994512
2940.0 0.00518295928034 21.97604320894090 -153.13495864017963 350011.80751213151962 41.58252492102477 37.84435669857560
2970.0 0.00561864747803 21.99534485969486 -153.12273811880854 350027.69619687832892 41.37880404723536 37.78957013295449
3000.0 0.00496461288255 22.01465027100214 -153.11045370055012 350034.19566646311432 41.17534592038311 37.73623377973943
3030.0 0.00594566418482 22.03397398431733 -153.09808998719561 350029.59137750882655 40.97182935936338 37.68435786079527
3060.0 0.00569511746980 22.05330091457634 -153.08566083506560 350015.49550889525563 40.76856546226637 37.63390258527777
3090.0 0.00572027378297 22.07264754535806 -153.07314875718055 349989.94331018906087 40.56519143768499 37.58488432733277
3120.0 0.00581686764340 22.09199726207076 -153.06056923550113 349954.74117754772305 40.36205079011026 37.53725957181664
3150.0 0.00471809637790 22.11219249055609 -153.04720533792349 350026.05595406424254 40.15887901586451 37.49103819549399
3180.0 0.00596075560897 22.13155834389953 -153.03447921553831 349970.23916422389448 39.95603310806673 37.44617337609336
3210.0 0.00538017484782 22.15177776886120 -153.02096122084436 350019.98379956465214 39.75310868839198 37.40269003514793
3240.0 0.00427536417615 22.17159133466442 -153.00771761759114 350000.20054095517844 39.55027306763015 37.36055958283458
3270.0 0.00590340252420 22.19140704393469 -152.99440351258298 349970.52526415884495 39.34770620552006 37.31975060143537
3300.0 0.00419084085490 22.21166255089808 -152.98064647089495 349987.23316805996001 39.14510133076402 37.28028195732387
3330.0 0.00537917143180 22.23193169725982 -152.96680612291934 349992.55357371922582 38.94256729285287 37.24213051596011
3360.0 0.00407311616415 22.25220278392370 -152.95289341380840 349987.81041196919978 38.74034061435162 37.20525802650088
3390.0 0.00513265019963 22.27249019451408 -152.93889216392427 349971.14238999690861 38.53810134210516 37.16968757505375
3420.0 0.00423612103673 22.29320940523478 -152.92445555270675 350001.68534718267620 38.33615708604442 37.13537254209125
3450.0 0.00489619149273 22.31394945153948 -152.90992442518024 350019.60351936705410 38.13414753191413 37.10234289983657
3480.0 0.00401576307939 22.33425994364800 -152.89567848341076 349969.79147241078317 37.93241285919538 37.07054740674587
3510.0 0.00397752571974 22.35545384805081 -152.88061367999219 350021.87227815948427 37.73069129199310 37.04000613923977
3540.0 0.00566292069820 22.37621267059341 -152.86583746431862 350006.71672700624913 37.52933421697134 37.01066471135950
3570.0 0.00372597558870 22.39698837636205 -152.85096559119094 349978.95512664970011 37.32793962138997 36.98256215937824
3600.0 0.00466778375155 22.41821264055928 -152.83563799746082 349995.97615133412182 37.12667497067130 36.95566718875362
3630.0 0.00494046471291 22.43943939786443 -152.82022883077971 350002.10102691408247 36.92571832029877 36.92994568280404
3660.0 0.00424618238012 22.46068233906356 -152.80472181536894 349995.41827860288322 36.72476236723446 36.90542779643278
3690.0 0.00441120235788 22.48193569063580 -152.78912181820098 349976.55338028352708 36.52391509083940 36.88208944399172
3720.0 0.00393325486332 22.50363416036049 -152.77306805645557 350002.71632248722017 36.32341141855301 36.85988824122250
3750.0 0.00587221035050 22.52534858104472 -152.75691354821745 350015.79409573134035 36.12293296094005 36.83885802223088
3780.0 0.00567700516069 22.54661445067499 -152.74104814175547 349962.24397359602153 35.92278382842266 36.81894639302742
3810.0 0.00365051137670 22.56879624168219 -152.72432866058347 350006.07633387949318 35.72260650538930 36.80019465221530
3840.0 0.00503504819567 22.59098142689145 -152.70751912365154 350038.21486704889685 35.52273780997899 36.78254499057696
3870.0 0.00502397989063 22.61272736105896 -152.69098333513807 350002.01848340220749 35.32291893304158 36.76602590519142
3900.0 0.00629179661675 22.63446806089363 -152.67436333703145 349954.99296619370580 35.12349567014902 36.75057670518186
3930.0 0.00596880657469 22.65713533318973 -152.65687635756788 350003.72344794310629 34.92406869061397 36.73624826757310
3960.0 0.00682106133554 22.67981250036883 -152.63928686684849 350039.38973050937057 34.72480562098333 36.72300680504483
3990.0 0.00630387188345 22.70203075595097 -152.62198648978753 350008.85255733691156 34.52588040032545 36.71081637175212
4020.0 0.00597182391401 22.72426040216577 -152.60457775837978 349964.67022648826241 34.32699002108026 36.69971567626460
4050.0 0.00559852360937 22.74742105948300 -152.58629528260076 350015.40729380864650 34.12823939044502 36.68968025360350
4080.0 0.00587019642719 22.77011718481322 -152.56830331866274 350000.29488911665976 33.92986184857761 36.68066407268165
4110.0 0.00590843496871 22.79282400186542 -152.55019982174235 349971.25737313274294 33.73154081724254 36.67271004060873
4140.0 0.00728793934317 22.81599344395036 -152.53161198566718 349983.79604324791580 33.53357691656566 36.66576080535260
4170.0 0.00549287182156 22.83917712671678 -152.51290584631343 349981.63820895552635 33.33561565914265 36.65986719612724
4200.0 0.00546369120741 22.86235854710160 -152.49409942587343 349967.09374352172017 33.13799049105231 36.65496573626694
4230.0 0.00453697683246 22.88649065995203 -152.47439257267663 350044.22380910906941 32.94044573555863 36.65109193578171
4260.0 0.00722153069479 22.90967554893456 -152.45537175633447 350003.32289432734251 32.74332163976823 36.64817977704986
4290.0 0.00549689494066 22.93334364473380 -152.43583608146025 350000.36266082432121 32.54622178118397 36.64629018103135
4320.0 0.00628173645524 22.95701521435872 -152.41618699647702 349983.57326006423682 32.34931395057920 36.64538702631378
4350.0 0.00668321041238 22.98115754587505 -152.39603617141850 350006.46072186343372 32.15276919480731 36.64543256008238
4380.0 0.00697803034758 23.00531010936234 -152.37576062544355 350014.19092311523855 31.95628667350349 36.64647318128188
4410.0 0.00691363089499 23.02946710287105 -152.35536561648689 350007.48794655036181 31.75996945565700 36.64848384397600
4440.0 0.00538420151256 23.05361671710821 -152.33486413615611 349988.06747311353683 31.56404930815881 36.65141524591857
4470.0 0.00892905991957 23.07777265274498 -152.31423705260471 349953.55524078570306 31.36821164352346 36.65531804158472
4500.0 0.00459332413745 23.10288516769093 -152.29269319868001 350009.03361680079252 31.17275361700490 36.66013055643567
4530.0 0.00745798821980 23.12800946043759 -152.27101390340749 350048.27667220588773 30.97732392896045 36.66591172992518
4560.0 0.00592956343527 23.15215907812496 -152.25003162022131 349971.61062836274505 30.78225266230379 36.67259312023260
4590.0 0.00600201030794 23.17728230851951 -152.22810635806636 349981.76647599879652 30.58728738304089 36.68021613529199
4620.0 0.00582693253243 23.20239491643638 -152.20606853477821 349978.82218677364290 30.39276285283452 36.68871019456701
4650.0 0.00681703585268 23.22751415717932 -152.18389354681233 349959.67824032809585 30.19828571437396 36.69814484251427
4680.0 0.00580881904144 23.25361062911254 -152.16076684517773 350026.45278244558722 30.00402392402027 36.70848174223115
4710.0 0.00402481864300 23.27871875086614 -152.13834366947924 349978.48983390070498 29.81014571336232 36.71968154478020
4740.0 0.00456112500210 23.30481258730000 -152.11495397534119 350014.69219442084432 29.61635252302591 36.73179725889426
4770.0 0.00544859860139 23.33090677311924 -152.09142736047770 350035.01818986795843 29.42274566098785 36.74480328925303
4800.0 0.00532282294493 23.35698946032950 -152.06777765451005 350041.33863141760230 29.22955533965620 36.75864735282597
4830.0 0.00361831224134 23.38307401443508 -152.04398448303820 350031.07830973248929 29.03646908997375 36.77338680203873
4860.0 0.00394633472792 23.40914563874270 -152.02006582941630 350006.65305579453707 28.84378064008156 36.78895613571662
4890.0 0.00536508342367 23.43521932050616 -151.99599877887064 349965.14667418040335 28.65114198396678 36.80542127932334
4920.0 0.00451685178192 23.46227603048693 -151.97095749880569 350007.39927297830582 28.45887986572416 36.82270937444306
4950.0 0.00403286724496 23.48933308805787 -151.94576571510794 350032.49792226217687 28.26674516210407 36.84086684260022
4980.0 0.00448666775175 23.51637400655255 -151.92044419289860 350043.24460731539875 28.07506722761291 36.85981913843370
5010.0 0.00428844404074 23.54341561475839 -151.89496672176222 350036.27924561500549 27.88345587412531 36.87964330666057
5040.0 0.00592352639286 23.57044888391434 -151.86934355363118 350013.02493006736040 27.69207922403285 36.90029888206204
5070.0 0.00626060562493 23.59746492539131 -151.84358503721683 349974.92595084290951 27.50110276967678 36.92174508102539
5100.0 0.00325808943753 23.62548572955813 -151.81680751220810 350015.46084744017571 27.31023030514875 36.94404066769579
5130.0 0.00610967601905 23.65349980400196 -151.78987427847744 350038.71439756918699 27.11956144851683 36.96715951731679
5160.0 0.00557839855883 23.68149528887594 -151.76280011761551 350046.72829716093838 26.92932488077377 36.99104658944801
5190.0 0.00574341499095 23.70948516703270 -151.73556327577754 350036.70910225342959 26.73921033855559 37.01576510386342
5220.0 0.00586818723140 23.73745474286352 -151.70818288322226 350011.27862116694450 26.54950817026340 37.04124611932018
5250.0 0.00365554027558 23.76541854478076 -151.68063451904206 349967.28025882411748 26.35987372800827 37.06756165716658
5280.0 0.00690759503446 23.79438125301104 -151.65205893283130 350001.74529196601361 26.17063045332893 37.09463487015212
5310.0 0.00388395038052 23.82333554650733 -151.62331321996410 350017.64670653082430 25.98153256954249 37.12251649102570
5340.0 0.00446553573956 23.85226515976438 -151.59441939386792 350018.01138933748007 25.79290411348380 37.15112847820933
5370.0 0.00460942252325 23.88118643043962 -151.56534945839272 349999.19586971681565 25.60435812901032 37.18055448887902
5400.0 0.00637833267943 23.91009022770490 -151.53611448741515 349962.76793799363077 25.41606290503285 37.21075199111102
5430.0 0.00649203188731 23.93999728829473 -151.50582950329252 350002.69273386895657 25.22818126929491 37.24167888974886
5460.0 0.00366157849986 23.96989337238783 -151.47536251199813 350023.06946980673820 25.04041941047386 37.27339902923906
5490.0 0.00445849173550 23.99977250897431 -151.44471969534155 350024.82161279022694 24.85287532265046 37.30588576667200
5520.0 0.00515981807236 24.02962285937610 -151.41391691916635 350010.17937852069736 24.66577618176677 37.33908147416518
5550.0 0.00550695864781 24.05945696813408 -151.38293089453688 349976.11113044526428 24.47881398610762 37.37305458203065
5580.0 0.00475632901003 24.09029789269460 -151.35087063339179 350016.20721528027207 24.29227575896076 37.40773300905253
5610.0 0.00528861106814 24.12112509444641 -151.31861518175583 350035.64427545201033 24.10582024315927 37.44319416799258
5640.0 0.00422706547311 24.15192246963060 -151.28618763361399 350037.64036016352475 23.91976762311921 37.47935755461243
5670.0 0.00528961802980 24.18269944146328 -151.25356898730615 350019.73436855897307 23.73387547973861 37.51627765450540
5700.0 0.00487908614528 24.21344001091781 -151.22078267662988 349985.19953869283199 23.54846262969559 37.55387329641869
5730.0 0.00338889753851 24.24520489493445 -151.18687146672445 350019.18103065062314 23.36314537992197 37.59223404932894
5760.0 0.00486701206046 24.27694273405248 -151.15276819104781 350033.65264422353357 23.17809218650596 37.63131535498712
5790.0 0.00327519714875 24.30864466838065 -151.11848452715719 350030.31057748477906 22.99346328610703 37.67107389950426
5820.0 0.00346838605149 24.34032216694136 -151.08399701612183 350006.08125790581107 22.80896727808805 37.71157807536500
5850.0 0.00429448108315 24.37196921779402 -151.04931226239037 349961.96933411434293 22.62470059464071 37.75280072586379
5880.0 0.00384470842297 24.40462563088623 -151.01350392556799 349987.88521154690534 22.44088893561963 37.79468176247973
5910.0 0.00131309690795 24.43725437099721 -150.97748387077505 349992.41543349623680 22.25722659256297 37.83729430782614
5940.0 0.00353479706363 24.46984101409429 -150.94127396419626 349978.65681020636111 22.07399732345031 37.88056337178725
5970.0 0.00480865201404 24.50345411738424 -150.90389284462381 350029.41209379490465 21.89086326975159 37.92457120190491
6000.0 0.00282642908647 24.53596856406841 -150.86726867087850 349974.84543534554541 21.70814141102210 37.96923389198734
6030.0 0.00407814624491 24.56950476548417 -150.82947112316782 349985.00093394890428 21.52559267790102 38.01460923635227
6060.0 0.00293409361570 24.60299177724823 -150.79147853631090 349976.91312796622515 21.34353077006404 38.06061321950604
6090.0 0.00166325600461 24.63750430488713 -150.75229188627145 350031.52276982460171 21.16157526324088 38.10734077122406
6120.0 0.00318061248411 24.67091480332583 -150.71385431801727 349979.94866703264415 20.97989478241676 38.15474532913431
6150.0 0.00155156835628 24.70533477276399 -150.67424144153546 349994.18894468434155 20.79864704487170 38.20278242929697
6180.0 0.00442428104059 24.73971541607359 -150.63439473273789 349985.67065862473100 20.61754305825264 38.25152459395967
6210.0 0.00179305714393 24.77405063188236 -150.59432123495520 349955.48779501859099 20.43667775066584 38.30094415157133
6240.0 0.00343115919913 24.80939324378061 -150.55305556112501 349989.97461221832782 20.25627537721169 38.35097864440106
6270.0 0.00380546410167 24.84469189195374 -150.51154765580813 350001.26258159801364 20.07603253486157 38.40170548023113
6300.0 0.00131913395036 24.87993233871262 -150.46982103034821 349992.72397711314261 19.89622978014206 38.45304693544681
6330.0 0.00079892597706 24.91512718917656 -150.42784550637339 349960.33755571208894 19.71653264182767 38.50508965402505
6360.0 0.00190273323272 24.95132872188420 -150.38464999968178 349990.35458895377815 19.53725495195008 38.55774652082741
6390.0 0.00079993412060 24.98747881984891 -150.34120350032143 349996.86296564061195 19.35816096838298 38.61107828588276
6420.0 0.00294415377721 25.02356207012825 -150.29753279977859 349983.70376362744719 19.17955938024373 38.66499831012111
6450.0 0.00216837137189 25.06066283502856 -150.25259459662078 350027.72836264874786 19.00107301943287 38.71960645288556
6480.0 0.00260204564627 25.09663218859636 -150.20841647207052 349967.69811986200511 18.82287068105357 38.77485415464189
6510.0 0.00547979077509 25.13360228593673 -150.16299134993662 349968.35836313385516 18.64510763361262 38.83069585039105
6540.0 0.00269360942594 25.17158520648218 -150.11628115073498 350025.18088474404067 18.46749727534680 38.88720786567811
6570.0 0.00198021136802 25.20843124751809 -150.07032829163199 349977.81662097387016 18.29013308538509 38.94436200828026
6600.0 0.00049505166013 25.24627343442189 -150.02311068693390 349990.14026413206011 18.11323790647170 39.00209351367962
6630.0 0.00123863729385 25.28405028552737 -149.97561834262223 349977.63408384099603 17.93651063853117 39.06048375699077
6660.0 0.00319973175487 25.32282203238607 -149.92684282175532 350023.41748937871307 17.76022870264272 39.11945241150946
6690.0 0.00214824750323 25.36045248391114 -149.87881551647956 349963.94335079565644 17.58406098885534 39.17909017431581
6720.0 0.00380647106333 25.39907513111212 -149.82949397149400 349961.97782142926008 17.40831824254681 39.23930686392504
6750.0 0.00356599041921 25.43869870896955 -149.77884359808641 350013.55426827631891 17.23276801533862 39.30016590589887
6780.0 0.00104846454856 25.47823345182804 -149.72793072609525 350043.69452915154397 17.05771409413636 39.36157820614635
6810.0 0.00239678029495 25.51661640216135 -149.67777002198883 349969.30967703368515 16.88278253876381 39.42364821931628
6840.0 0.00096595633249 25.55706662059638 -149.62521973600269 350026.75049742870033 16.70814231714573 39.48632538195478
6870.0 0.00001710416557 25.59634689396353 -149.57345168818023 349984.18124077282846 16.53394631697510 39.54956306132117
6900.0 -0.00202045910534 25.63661971279061 -149.52032004760488 349992.81816388107836 16.35991029866258 39.61344113361704
6930.0 0.00141673595433 25.67680229473496 -149.46688917159679 349976.24394773412496 16.18612634393335 39.67793087635503
6960.0 0.00053630872286 25.71796047132372 -149.41210941914679 350014.28046906087548 16.01281591669260 39.74296525642870
6990.0 0.00035921347840 25.75902689710981 -149.35701283684668 350025.52274472732097 15.83968020553006 39.80862937076944
7020.0 0.00372094550794 25.79998787157889 -149.30162695088350 350013.98611140623689 15.66699356352930 39.87484038324023
7050.0 0.00087942263357 25.84085408481078 -149.24591641037705 349974.92098482325673 15.49442820478141 39.94169277736302
7080.0 0.00224081706268 25.88268825809771 -149.18882566448195 349988.41143903043121 15.32229185087374 40.00909340679499
7110.0 -0.00169746669952 25.92441935814637 -149.13140854052807 349975.04179559648037 15.15035530548450 40.07710815091239
7140.0 -0.00098708598093 25.96711048331177 -149.07260136758597 350014.34083118196577 14.97891756192040 40.14564558719461
7170.0 0.00293107391261 26.00861835579799 -149.01454884028777 349950.50915720779449 14.80760786868646 40.21481450963874
7200.0 0.00201039658007 26.05216628478664 -148.95397176160793 350010.33945574425161 14.63659536917042 40.28456233247069
7230.0 0.00004326625852 26.09559021097033 -148.89307543724075 350046.22424932103604 14.46603063638906 40.35484137550853
7260.0 -0.00084219341746 26.13782119003326 -148.83293837441681 349979.89555919729173 14.29563175560526 40.42573487304525
7290.0 0.00189166492767 26.18208435970118 -148.77023718069464 350034.67868351563811 14.12548946021742 40.49721355933183
7320.0 0.00118732125149 26.22513684038222 -148.70832797258333 349992.20896795019507 13.95582386884091 40.56920815080320
7350.0 0.00220057050724 26.26914094456778 -148.64494260641402 349995.02956680022180 13.78633843569676 40.64180727934014
7380.0 -0.00030387313506 26.31300636636200 -148.58122582924599 349973.81888219062239 13.61730451360582 40.71492566301946
7410.0 0.00407714046513 26.35781842199626 -148.51600818869724 349996.12570972740650 13.44839759500286 40.78866136728033
7440.0 0.00428341277811 26.40248603595485 -148.45044678182447 349993.73223114106804 13.27992244162300 40.86291834865450
7470.0 -0.00096092506986 26.44701474341353 -148.38451415219066 349963.00880523491651 13.11165306144999 40.93776476570365
7500.0 -0.00099312420522 26.49246516959453 -148.31710074779429 349980.88504069019109 12.94388376203422 41.01310696013109
7530.0 -0.00148314578459 26.53777245443706 -148.24929692981303 349968.84363755583763 12.77624693277875 41.08905787311167
7560.0 -0.00321884747999 26.58400079993594 -148.17996998417811 350001.28235245216638 12.60891189533943 41.16556286785780
7590.0 0.00172765309345 26.63006699764753 -148.11028035537282 350008.80430101417005 12.44202697197177 41.24257322645480
7620.0 -0.00121147060301 26.67597809274362 -148.04019289997598 349986.71666793432087 12.27531252902945 41.32017539759406
7650.0 0.00152842360266 26.72279944232210 -147.96855295612710 350007.43690726347268 12.10885799786060 41.39833955649273
7680.0 0.00443233200631 26.76944687520327 -147.89654266469500 350003.54814887419343 11.94288218543463 41.47699417031613
7710.0 0.00539828952068 26.81699815204748 -147.82295142495082 350040.40799645520747 11.77709078157014 41.55623126697192
7740.0 0.00323595282745 26.86329879755439 -147.75015346628476 349981.77495974954218 11.61175220618851 41.63596315775682
7770.0 0.00275297525214 26.91156599578885 -147.67457550433667 350032.60397669021040 11.44654517825727 41.71629133599329
7800.0 -0.00222371171523 26.95857656973696 -147.59978644146219 349987.77648283261806 11.28177156370539 41.79711690108086
7830.0 0.00162904530971 27.00647197922250 -147.52338934271080 349983.10841043852270 11.11720852258605 41.87851015421462
7860.0 -0.00140767920883 27.05416986494017 -147.44660248129475 349953.99200087599456 10.95314578291503 41.96037526651275
7890.0 -0.00693275134763 27.10274475602862 -147.36817820139547 349962.97519905306399 10.78921882121922 42.04282918615772
7920.0 -0.00761797457117 27.15218452518423 -147.28812452985349 350012.62850689701736 10.62559714015663 42.12581518763830
7950.0 -0.00484990671301 27.20141422937917 -147.20765455204875 350036.45031803566962 10.46242687250061 42.20928351645851
7980.0 0.00496260132300 27.24937689273904 -147.12794177113386 349960.76459005475044 10.29943061737923 42.29332373193730
8010.0 0.00120040229796 27.29925350926973 -147.04536099081915 349992.95526656787843 10.13669654787124 42.37790543210041
8040.0 0.00033204678755 27.34890615428339 -146.96235626838967 349999.80575832817703 9.97444219224228 42.46295482193484
8070.0 0.00302163191251 27.39834051438733 -146.87888625937913 349975.79659176431596 9.81237544102534 42.54856722558370
8100.0 -0.00487103399768 27.44860243452753 -146.79375727369035 349993.98736223299056 9.65076184746266 42.63465256639424
8130.0 -0.00175180480872 27.49863771099384 -146.70814429948305 349980.07064265850931 9.48928330092804 42.72131565270016
8160.0 -0.00230219563031 27.54948869967593 -146.62084989922897 350007.48231971357018 9.32823883484828 42.80845474397298
8190.0 -0.00476236605243 27.60010020946181 -146.53307142916967 350004.15921082813293 9.16740870621774 42.89614217824274
8220.0 -0.00270467773098 27.65046100870492 -146.44484272469606 349975.04542047064751 9.00703338593000 42.98429518663465
8250.0 -0.00628877927742 27.70267847507610 -146.35361773770217 350048.52037488576025 8.84683667661297 43.07300575210542
8280.0 -0.00669930998006 27.75253174729915 -146.26443632417909 349962.20688276179135 8.68709179568459 43.16217954236277
8310.0 -0.00157974200878 27.80422797166137 -146.17223777022963 349977.94598509836942 8.52752326848221 43.25190893070717
8340.0 -0.00726379117353 27.85565736901511 -146.07953867089861 349963.75248277280480 8.36821813948269 43.34216297251221
8370.0 -0.00510749506834 27.90785528780892 -145.98510012077705 349990.58567557670176 8.20939290065083 43.43286574065134
8400.0 -0.00332953053043 27.95977702860010 -145.89013875798452 349985.85974794253707 8.05075733647851 43.52411555149447
8430.0 -0.00893409118221 28.01245344979678 -145.79341390518013 350021.27675240207464 7.89257445191986 43.61582013401975
8460.0 -0.00559248538508 28.06484319172511 -145.69614664684084 350023.90998215042055 7.73452895646579 43.70808727694070
8490.0 -0.00937078279591 28.11693392615303 -145.59838234215081 350000.28019689116627 7.57691739798756 43.80081261595878
8520.0 -0.00687237855978 28.16976427969002 -145.49879174365330 350011.35031187534332 7.41952287525204 43.89407026603654
8550.0 -0.00603722914638 28.22228302612375 -145.39869651328431 349996.60786886792630 7.26258132271708 43.98777625518911
8580.0 -0.00073050340537 28.27552625483551 -145.29674851870993 350015.45382890105247 7.10582098130358 44.08202446075936
8850.0 -0.00674358438211 28.75698982058111 -144.33208335539112 350000.86138780415058 5.70945215393782 44.95221199602197
8880.0 -0.00625557436229 28.81083330743654 -144.21925677103741 349994.37377791013569 5.55594871954816 45.05129863220475
8910.0 -0.00554921794468 28.86530507731400 -144.10446724617645 350020.42628853116184 5.40262837802319 45.15091344071150
8940.0 -0.00802750067591 28.91837129460865 -143.99047112528362 349957.53108789119869 5.24975862305504 45.25095772232504
9000.0 -0.00487506184430 29.02733376216473 -143.75518265879560 349995.01223064307123 4.94464049419638 45.45259634068702
9060.0 -0.00535703363983 29.13563237352129 -143.51612491392297 349987.84633411094546 4.64093417797170 45.65607948686005
9090.0 -0.00288981921364 29.18963933261912 -143.39500281281283 349976.21852927468717 4.48962660403467 45.75850319515666
9120.0 -0.00721951795336 29.24420651598247 -143.27184151214971 349995.90825766790658 4.33845897672457 45.86146306021620
71790.0 0.01411302734345 3.90484350638734 -158.35186088190824 349970.23367900028825 3.02744888203581 191.39001223238427
71820.0 0.01115377859646 3.99008289719184 -158.29449079053805 350019.78938129637390 3.14097983810285 191.23982356087174
71850.0 0.01662752996538 4.07700591243784 -158.23732213327483 350004.69154934026301 3.25515362575595 191.08978839710340
71880.0 0.00741472432504 4.16407616077310 -158.18066685070212 349985.21854759752750 3.36992104623594 190.93998679467447
71910.0 0.01134495593964 4.24975278768418 -158.12485589030143 350019.71459437813610 3.48515559251447 190.79062558783755
71940.0 0.01169914170105 4.33710127179020 -158.06925939052334 349988.31864306237549 3.60102331479911 190.64142853974218
71970.0 0.00788965093463 4.42305017741065 -158.01448929687712 350010.85104418918490 3.71737309070905 190.49264243652931
72000.0 0.00767331609639 4.51066540201571 -157.95992629977351 349967.60922408197075 3.83438489791091 190.34396939794999
72030.0 0.00614287975230 4.59687491980614 -157.90617536663848 349978.05725152324885 3.95188680048646 190.19568952580150
72060.0 0.00572932816470 4.68321214504881 -157.85291440422881 349983.01798114925623 4.07000077315712 190.04760082496844
72090.0 0.00800637102748 4.76966450632116 -157.80019991564623 349978.74258419219404 4.18859465111322 189.89991699377509
72120.0 0.00589837244345 4.85623910593577 -157.74796425888758 349968.94573140516877 4.30782046488216 189.75238777078212
72150.0 0.01088612653398 4.94139471877880 -157.69651770904522 350011.69693990424275 4.42752084908753 189.60526710931606
72180.0 0.00863524812791 5.02666681725844 -157.64553895180774 350048.54623498860747 4.54785573098074 189.45829278420547
72210.0 0.00922488563455 5.11357444031985 -157.59481227829119 350015.35995486844331 4.66877487162861 189.31154446937353
72240.0 0.00941907913519 5.20057798493227 -157.54463437903752 349971.00778494402766 4.79014832822645 189.16522994600896
72270.0 0.01150695739620 5.28463655435417 -157.49538983412626 350044.89543695934117 4.91214619140389 189.01907177987817
72300.0 0.01285627774049 5.37183623161517 -157.44621898355228 349982.29528035502881 5.03461400648789 188.87331676445211
72330.0 0.01108032476213 5.45608858777733 -157.39795195272458 350038.38758724741638 5.15773565293181 188.72766638009131
72360.0 0.00929733250722 5.54347407214428 -157.34976700901743 349957.42591023072600 5.28133522758526 188.58240115439503
72390.0 0.01509105539700 5.62790393704559 -157.30248950760750 349993.60254091862589 5.40553677049101 188.43731942129554
72420.0 0.00670333428104 5.71241270669328 -157.25572913212162 350017.77435262594372 5.53020656703693 188.29263284325816
72450.0 0.01120107151972 5.79700919005543 -157.20942302865683 350033.45650130510330 5.65549870661826 188.14809236138549
72480.0 0.01774844256848 5.88167764973175 -157.16363298507002 350036.50660756323487 5.78125260236089 188.00395185971385
72510.0 0.01283313535063 5.96642788314094 -157.11829338610411 350030.62338815443218 5.90763190826162 187.85994779003508
72540.0 0.01372161118406 6.05125279883619 -157.07342309078496 350014.30748875718564 6.03458538402791 187.71615953199003
72570.0 0.01188730288679 6.13613854136419 -157.02907148806435 349984.15987891890109 6.16197972052041 187.57279604308752
72600.0 0.01190038156950 6.21957753815553 -156.98535818254678 350007.58659702632576 6.28998895451672 187.42957837273622
72630.0 0.01259164538109 6.30307382762902 -156.94214610927298 350017.29854237195104 6.41845541277588 187.28675359503515
72660.0 0.00603823374427 6.38815688069228 -156.89918291123050 349953.70942114572972 6.54756675283861 187.14402220177490
72690.0 0.00846318650984 6.47025768361876 -156.85707533134570 350003.57290020119399 6.67714322644798 187.00166546286664
72720.0 0.00810799733242 6.55241940983476 -156.81540699364231 350042.31830833107233 6.80731083252628 186.85948180442139
72750.0 0.00714807804234 6.63614256068160 -156.77405618070739 350002.61036540288478 6.93793446040277 186.71768109058743
72780.0 0.00401274455818 6.71992101154055 -156.73314136716573 349951.57982216309756 7.06917010622894 186.57601516497047
72810.0 0.00809391050618 6.80071180903510 -156.69304425458290 350013.77457315195352 7.20085408425267 186.43473814904266
72840.0 0.00634914970152 6.88306807180916 -156.65320593730220 350000.33304289728403 7.33315368287347 186.29358482789272
72870.0 0.01023310126391 6.96395732721012 -156.61396460570910 350038.43357583601028 7.46601670003767 186.15263438153613
72900.0 0.00350360488993 7.04638847934680 -156.57505269145366 349996.04253659304231 7.59930653801509 186.01209720416699
72930.0 0.00821063059902 7.12735236273644 -156.53671286013602 350005.89047945290804 7.73320107105738 185.87169246783512
72960.0 0.00844608234427 7.20834357416197 -156.49884397172821 349999.79997677914798 7.86753952967324 185.73166783334423
72990.0 0.00822169772219 7.28786850420551 -156.46151959483421 350046.63116178568453 8.00251321119143 185.59172241155810
73020.0 0.00936273301207 7.36892447083871 -156.42451570604413 350012.46171360462904 8.13793865491751 185.45213857019246
73050.0 0.00935468559199 7.45001147262353 -156.38793170689323 349964.63066331110895 8.27394370296359 185.31271456394524
73080.0 0.01074022700886 7.52961016512752 -156.35194130587072 349965.36724250018597 8.41039200642776 185.17365871649756
73110.0 0.01218312741989 7.60923849975929 -156.31635354086913 349952.71887146122754 8.54744130617837 185.03472344399378
73140.0 0.00797920197288 7.68737895372924 -156.28133562507142 349989.15151310991496 8.68495174789085 184.89612204518289
73170.0 0.00946536746055 7.76554693037130 -156.24670735577760 350012.24111648276448 8.82307297109615 184.75762007356528
73200.0 0.00757672105408 7.84522233641345 -156.21241492970219 349951.85204371623695 8.96160773790037 184.61951876421500
73230.0 0.00947542762206 7.92191834939619 -156.17874592641340 350009.13912769872695 9.10073735951902 184.48153514536298
73260.0 0.00996444578542 7.99862034766106 -156.14551195176688 350049.12502870243043 9.24029835487667 184.34391772159540
73290.0 0.00518597780154 8.07684022688764 -156.11254489961468 350009.21395187545568 9.38048521495757 184.20636394151066
73320.0 0.00999966226010 8.15505942777170 -156.08001387402268 349951.49339952599257 9.52111119652493 184.06915756284766
73350.0 0.00761797457117 8.23029863484311 -156.04807369371878 350011.59586520213634 9.66230566779608 183.93209649423196
73380.0 0.01095555724920 8.30702937238267 -156.01645934633535 349987.21688356716186 9.80393141157548 183.79538772025484
73410.0 0.01148683116378 8.38227652647450 -155.98531389259693 350014.70512870419770 9.94614750808398 183.65878401360126
73440.0 0.00997551172670 8.45900941511402 -155.95449243304080 349957.38052748702466 10.08881186747944 183.52249943691311
73470.0 0.01071708580087 8.53276832893726 -155.92421142692356 350019.33164296671748 10.23207741021531 183.38629666791360
73500.0 0.00888378091962 8.60800372194490 -155.89426519722360 349995.20388578809798 10.37574278253565 183.25047976764878
73530.0 0.01075029189788 8.68323991181003 -155.86468550169519 349955.45047821477056 10.51999261872959 183.11476324796706
73560.0 0.00810799615054 8.75697390430344 -155.83559340167753 349964.53489387594163 10.66466084245495 182.97939676370967
73590.0 0.00516988059762 8.83070976627613 -155.80684903748576 349958.55510179884732 10.80994499810397 182.84407570216533
73620.0 0.00749722899547 8.90294509671837 -155.77857287809309 350001.92799575719982 10.95565518810757 182.70908556910274
73650.0 0.00864531065317 8.97517511711432 -155.75065173709896 350029.13876677304506 11.10192219262724 182.57422366491028
73680.0 0.00638436972184 9.04886406372461 -155.72306229895111 349969.00174286775291 11.24860806801891 182.43969587597977
73710.0 0.00846419347149 9.11958653233464 -155.69593982486506 350029.76592828053981 11.39587307901007 182.30525500979090
73740.0 0.00756062030452 9.19176502549038 -155.66914102519027 350003.17163062095642 11.54357300222615 182.17111617326483
73770.0 0.00711588008886 9.26393271458818 -155.64268192107966 349960.35631786845624 11.69186395473493 182.03703881192001
73800.0 0.00760992478733 9.33459450626511 -155.61666416882903 349966.74652787391096 11.84054058362776 181.90333023962413
73830.0 0.00710984304645 9.40524260278492 -155.59098122127853 349956.65867565944791 11.98979071892811 181.76970203846525
73860.0 0.00919167835566 9.47438856511616 -155.56571728553078 349996.61764733772725 12.13944581317381 181.63640534826479
73890.0 0.00703739499190 9.54352288940318 -155.54077019052704 350020.72799334209412 12.28970631045601 181.50313305446218
73920.0 0.00606942709986 9.61409214345079 -155.51615568260775 349955.45601296145469 12.44037929675298 181.37017280347422
73950.0 0.00418782351557 9.68170579464373 -155.49193897039842 350013.05407032556832 12.59159684166823 181.23732099993444
73980.0 0.00640147270553 9.75074965063066 -155.46805289259964 349980.90077374503016 12.74322042015369 181.10478268766167
74010.0 0.00509139550066 9.81830807009805 -155.44451199888084 350002.28633401729167 12.89541131781827 180.97231035963904
74040.0 0.01253127377512 9.88583042928564 -155.42132169233625 350004.36821737326682 13.04802328629074 180.84012047206122
74070.0 0.00961126698567 9.95333008092403 -155.39844002303263 349989.66561588365585 13.20121554147167 180.70796884103018
74100.0 0.00605735183316 10.01932806148396 -155.37593228118109 350025.87622131220996 13.35477886082522 180.57616650345471
74130.0 0.00869360699245 10.08675627102730 -155.35371746365331 349973.63509245309979 13.50890412808326 180.44442165353084
74160.0 0.00877108749152 10.15123109504506 -155.33186914468845 350044.57264152355492 13.66342045736978 180.31298728091164
74190.0 0.00971893033302 10.21858696341952 -155.31029862455148 349955.34771749004722 13.81853102388177 180.18155328346069
74220.0 0.01043434113237 10.28299356520729 -155.28907652453836 349990.06385428644717 13.97404004599392 180.05040987740128
74250.0 0.00588126709599 10.34736854470573 -155.26815361189972 350007.26598649192601 14.13008075085102 179.91935225675553
74280.0 0.00427536299427 10.41169659920605 -155.24756165028421 350004.63512044679374 14.28651418081699 179.78858489313498
74310.0 0.00407311616415 10.47599163133072 -155.22726046152624 349984.60613935999572 14.44350246897085 179.65785958590962
74340.0 0.00462653023446 10.53879534788357 -155.20727202799404 350017.84300553426147 14.60089745784332 179.52739447170669
74370.0 0.00280026581164 10.60156765777546 -155.18756205900914 350034.10895056929439 14.75886134961337 179.39694129465110
74400.0 0.00334663587788 10.66572428215575 -155.16819641322084 349956.44344657752663 14.91718119580952 179.26681533206806
74430.0 0.00624350145935 10.72696774287765 -155.14907513206134 350008.42035122029483 15.07605077559427 179.13672088282703
74460.0 0.00830823142111 10.78815980918584 -155.13026576401452 350040.64233521465212 15.23529700702605 179.00691318343007
74490.0 0.00898842692765 10.85075099980827 -155.11174744590346 349981.80104117374867 15.39512561137226 178.87707860861539
74520.0 0.00302062495086 10.91185388005233 -155.09351204876415 349977.16864931676537 15.55533810035844 178.74751041315471
74550.0 0.00553815082151 10.97148597649214 -155.07551862855308 350029.37362697534263 15.71606871653097 178.61800223520655
74580.0 0.00518396624199 11.03249024751779 -155.05786046173449 349986.93857420980930 15.87717822266843 178.48875825990538
74610.0 0.00388797468150 11.09202687501218 -155.04043007645637 350001.97265345230699 16.03882941510507 178.35952918096356
74640.0 0.00711688586864 11.15150766719056 -155.02329231620962 349997.41302214935422 16.20087235151075 178.23053517470416
74670.0 0.00282542212481 11.21094713066764 -155.00641001977868 349975.53653759323061 16.36347209124908 178.10152342033012
74700.0 -0.00109575510806 11.26890502732171 -154.98977930576257 350009.20895567722619 16.52641211957780 177.97281400434784
74730.0 0.00233640514333 11.32682077553992 -154.97339951619489 350025.59351710695773 16.68988893469425 177.84410676816361
74760.0 0.00481670179788 11.38467568159682 -154.95730626214441 350022.13572414685041 16.85372741182591 177.71565962689652
74790.0 0.00099111146379 11.44248854592778 -154.94145444578913 350001.65232659503818 17.01813561486948 177.58715484141590
74820.0 0.00199731671548 11.49882957356664 -154.92582356232498 350038.36131427343935 17.18291252354727 177.45888921669737
74850.0 0.00321784170022 11.55652983191608 -154.91050324696548 349980.10455756168813 17.34819324223328 177.33065445600857
74880.0 0.00243501647271 11.61275929809326 -154.89539549906237 349979.36546415742487 17.51383841200280 177.20265475969654
74910.0 0.00127787925139 11.66894103500233 -154.88052668687243 349961.17832541093230 17.68001129599378 177.07463926740115
74940.0 0.00434277978619 11.72365932596443 -154.86585305192168 350001.59223051927984 17.84656030085502 176.94683058470810
74970.0 0.00138755652205 11.77833319477685 -154.85140666831211 350025.13779424596578 18.01365319531776 176.81897077677212
75000.0 -0.00103639164562 11.83293966012165 -154.83722989714488 350028.82385362405330 18.18107007630086 176.69138536422290
75030.0 -0.00168036135207 11.88749678767454 -154.82328192837880 350015.20268746465445 18.34900996424800 176.56376910786375
75060.0 -0.00025859413511 11.94198580821153 -154.80959606651172 349981.88830721564591 18.51729585709406 176.43638307113659
75090.0 0.00170249796215 11.99503848044648 -154.79604232755696 350011.08656907361001 18.68613793722983 176.30890474865700
75120.0 0.00296025216301 12.04802576090830 -154.78274059312662 350021.10672202799469 18.85533284260643 176.18163505412127
75150.0 0.00125976930604 12.10095958396224 -154.76966338737077 350013.62114348448813 19.02501637300585 176.05436333904058
75180.0 -0.00243199676963 12.15382493290308 -154.75683580363008 349986.79919220414013 19.19504921121658 175.92729413767091
75210.0 -0.00158678483096 12.20525899844330 -154.74412627521039 350023.32344571128488 19.36559487697563 175.80017454635779
75240.0 -0.00237967376561 12.25662794770026 -154.73165573774105 350041.09724743291736 19.53650027054617 175.67323002289237
75270.0 -0.00372899292802 12.30794715507665 -154.71939120363942 350042.16809056792408 19.70793570145914 175.54619690539619
75300.0 -0.00084521430243 12.35919345841977 -154.70737253464770 350023.72967381402850 19.87967807678822 175.41940683599512
75330.0 -0.00200234679623 12.41038527897784 -154.69556137409879 349988.18898282758892 20.05192871925364 175.29254880342890
75360.0 -0.00298842699738 12.46013922298730 -154.68387540574747 350015.45843001734465 20.22450892934435 175.16588753037496
75390.0 -0.00330437658102 12.50984460881773 -154.67238287753119 350026.47892991080880 20.39763076016365 175.03909502388532
75420.0 -0.00167834979252 12.55948006718914 -154.66111943889931 350018.73407729156315 20.57108871597693 174.91247691635323
75450.0 -0.00518396624199 12.60905770312900 -154.65005942209643 349993.79206165485084 20.74501911089132 174.78581974819633
75480.0 -0.00247727576958 12.65720873795884 -154.63910140357459 350033.28935675602406 20.91928283934429 174.65932872423346
75510.0 -0.00141874751388 12.70665849144977 -154.62846190248729 349972.73633905686438 21.09404345191760 174.53274836216306
75540.0 -0.00630487884510 12.75468552129924 -154.61791448756628 349977.23763546627015 21.26914650005477 174.40630743079629
75570.0 -0.00413550051156 12.80131374780451 -154.60741977773310 350049.63297562394291 21.44476464044851 174.27973585821894
75600.0 -0.00608451970588 12.84921407220766 -154.59727844335407 350019.14165044203401 21.62067181321333 174.15337216346157
75630.0 -0.00635116362483 12.89705676632138 -154.58732416979004 349971.95764549262822 21.79707153781985 174.02689835368972
75660.0 -0.00327620292852 12.94348565534907 -154.57744523706614 349991.14106732979417 21.97378331734059 173.90058426892790
75690.0 -0.00765118066818 12.98986346738769 -154.56774006127063 349994.50857825111598 22.15102095623938 173.77409516899371
75720.0 -0.00984369902783 13.03616881313442 -154.55824212626516 349979.71217089612037 22.32857705359545 173.64774207193992
75750.0 -0.00916652440625 13.08108515445940 -154.54877832014935 350034.28255230840296 22.50658824009058 173.52130819953112
75780.0 -0.00624752339657 13.12725825394728 -154.53966577504573 349984.85071487631649 22.68491579935181 173.39499978296189
75810.0 -0.00716417879190 13.17204834365548 -154.53057561978656 350005.58764265570790 22.86372306891654 173.26855817413573
75840.0 -0.01017574581538 13.21676794119807 -154.52168106833977 350008.71683911047876 23.04285442321290 173.14221595225783
75870.0 -0.00857085222095 13.26143304889693 -154.51295271281174 349996.06854646373540 23.22248464579593 173.01569586977095
75900.0 -0.00790675628209 13.30602029033915 -154.50442599870652 349965.18151466082782 23.40238495949545 172.88934415572797
75930.0 -0.01242360806401 13.34923749995703 -154.49590206051136 350006.12414228264242 23.58276052258978 172.76283586110762
75960.0 -0.01065369330994 13.39238307263514 -154.48756808502847 350029.66133346315473 23.76342984722827 172.63644474792505
75990.0 -0.01244373429642 13.43547696694406 -154.47938912277161 350037.99139886721969 23.94460787362446 172.50982936118007
76020.0 -0.01138923034170 13.47849780644555 -154.47139668048362 350028.92550443578511 24.12608554736256 172.38330683525268
76050.0 -0.01185711531098 13.52145792814536 -154.46356829585167 350003.83768035192043 24.30799959903703 172.25665651043698
76080.0 -0.01178164991711 13.56434288898268 -154.45592401060705 349961.30050095915794 24.49021188747841 172.13008602119626
76110.0 -0.01114572881262 13.60587477880056 -154.44825746769649 349992.77183521073312 24.67288527283799 172.00333290683338
76140.0 -0.01565251925115 13.64733639023798 -154.44076648610812 350007.45442897081375 24.85586314104162 171.87663410084136
76170.0 -0.01488780396899 13.68874398624482 -154.43342325279278 350007.07526359893382 25.03932215018671 171.74970432219487
76200.0 -0.01273351942335 13.73007413702182 -154.42626127792266 349989.33290644455701 25.22303108710037 171.62289842897673
76230.0 -0.01268220338099 13.77134602411132 -154.41924851838564 349956.23164281714708 25.40719657850981 171.49588311915286
76260.0 -0.01448331030877 13.81126399981923 -154.41221816118178 349997.43213354982436 25.59163608574315 171.36893764176779
76290.0 -0.01523494336257 13.85113154112287 -154.40532505003139 350024.18606793321669 25.77656549932297 171.24171237775860
76320.0 -0.01556699251388 13.89092731797994 -154.39859887906894 350034.45548134855926 25.96177438994776 171.11453137927569
76350.0 -0.01332214878646 13.93066374142203 -154.39201860343928 350029.52372847311199 26.14739934948869 170.98716947930464
76380.0 -0.01315008953216 13.97032660185674 -154.38560288405313 350008.08029188122600 26.33330300795065 170.85983611495521
76410.0 -0.01457889838942 14.00993078912769 -154.37932730789524 349971.62684721406549 26.51964745996793 170.73226429800513
76440.0 -0.01688009060371 14.04820279497909 -154.37300598216149 350012.09491078741848 26.70627531066796 170.60469590978647
76470.0 -0.01313096789763 14.08642309470910 -154.36681498388705 350038.35471824090928 26.89336480376195 170.47683667171279
76500.0 -0.01783497863117 14.12456823248599 -154.36078605232819 350048.25648222025484 27.08068260749254 170.34905108695006
76530.0 -0.01623410461020 14.16265757301557 -154.35488893187369 350043.68063470907509 27.26843646597172 170.22099643008860
76560.0 -0.01835619120236 14.20067253124319 -154.34914801120422 350022.96091465465724 27.45644305031596 170.09295816391349
76590.0 -0.01720308064577 14.23863331505039 -154.34353226623466 349988.02347843721509 27.64491881984587 169.96457740064838
76620.0 -0.01632063949100 14.27528153112394 -154.33784839683068 350032.36040093470365 27.83365227980843 169.83618599117435
76650.0 -0.01665872332096 14.31310720947162 -154.33251693603995 349966.72199315484613 28.02277961936311 169.70755356271172
76680.0 -0.01729665953064 14.34962564466001 -154.32711035807728 349981.01362255960703 28.21216444699038 169.57889177880324
76740.0 -0.01746871878495 14.42248064700123 -154.31668741440768 349966.03240106534213 28.59203166081791 169.32091069563711
76770.0 -0.01849605250319 14.45759814697893 -154.31143345043085 350033.96269046422094 28.78253559893663 169.19153451228067
76800.0 -0.01641522297376 14.49386072295223 -154.30655852201221 349989.26754358503968 28.97324449936171 169.06217505388969
76830.0 -0.01707126794690 14.52885203405644 -154.30156633869996 350028.13244502805173 29.16436682606697 168.93247897017187
76860.0 -0.01929598662379 14.56498234373694 -154.29695207572604 349953.92244235146791 29.35571874878865 168.80273873501503
76890.0 -0.01672915745220 14.59985028873574 -154.29220983834753 349964.19041102565825 29.54751686685353 168.67258495415214
76920.0 -0.01761160097074 14.63464727779180 -154.28760331836006 349959.46568620204926 29.73954896486603 168.54235824770160
76950.0 -0.01545630828157 14.66818754071148 -154.28286794463546 350039.90615839138627 29.93195053579097 168.41182225486844
76980.0 -0.01771926431809 14.70285742793553 -154.27850978983068 350006.65646670851856 30.12458638674297 168.28119131586772
77010.0 -0.01634076335965 14.73746989435932 -154.27426362532313 349959.71882346924394 30.31761610210526 168.15018691703011
77040.0 -0.01374978601843 14.77082170788645 -154.26989597347529 349997.86773971095681 30.51088144027729 168.01906284420198
77070.0 -0.01796276584718 14.80412432964499 -154.26563127062929 350023.16213548369706 30.70456277193937 167.88750342468532
77100.0 -0.01496528092242 14.83735428098780 -154.26149811758282 350033.73378884419799 30.89842365403091 167.75589595165837
77130.0 -0.01545932916653 14.87053117566871 -154.25746940274865 350031.22876600176096 31.09267281895743 167.62387509704874
77160.0 -0.01745764929802 14.90363661984632 -154.25356691010188 350014.21577287185937 31.28712625632058 167.49174122259737
77190.0 -0.01655106115549 14.93669096497411 -154.24976294338646 349984.37125553097576 31.48200022146456 167.35911303656766
77220.0 -0.01581149864086 14.96850822474827 -154.24581749071453 350042.11577599775046 31.67708216387465 167.22634099975588
77250.0 -0.01632265105055 15.00143430440679 -154.24224119041199 349984.71169740054756 31.87250655254405 167.09318188388036
77280.0 -0.01729062130635 15.03312984841573 -154.23851698869973 350015.59502084366977 32.06813962775593 166.95985318492205
77310.0 -0.01745966322133 15.06477444934290 -154.23488991039699 350033.90582700166851 32.26413915974307 166.82606919582025
77340.0 -0.01541404780282 15.09635227169490 -154.23137797443570 350038.46882809605449 32.46034689534722 166.69209079106326
77370.0 -0.01739124183152 15.12788031245780 -154.22795857151658 350030.62947133649141 32.65694363923348 166.55758959737315
77400.0 -0.01834411593566 15.15933508500911 -154.22465891651319 350008.65082921460271 32.85369205909910 166.42296631775085
77430.0 -0.01666979398976 15.19073628063769 -154.22145327055270 349974.06872147787362 33.05080064140598 166.28784211852229
77460.0 -0.01921045870464 15.22093160275845 -154.21808102950072 350030.28680538386106 33.24808555397384 166.15252621561604
77490.0 -0.01603085200031 15.25221333375821 -154.21507645567877 349969.74407109245658 33.44576215992014 166.01662385149140
77520.0 -0.01732583778103 15.28229638353146 -154.21189893508571 350000.71686834096909 33.64361800581134 165.88049651341575
77550.0 -0.01800703670359 15.31232720572433 -154.20881323374729 350019.43704520724714 33.84178616862555 165.74389311351828
77580.0 -0.01744758913651 15.34229256216847 -154.20583359741957 350024.98777088802308 34.04013457256346 165.60703481367258
77610.0 -0.01823142132567 15.37220710570273 -154.20294114612628 350018.46935728006065 34.23881874459710 165.46962760339801
77640.0 -0.01754016105972 15.40205509446118 -154.20015296782347 349998.79760510846972 34.43768073764957 165.33194030497427
77670.0 -0.01870333177782 15.43185364781917 -154.19744750087901 349967.22994930669665 34.63690128328282 165.19363026595019
77700.0 -0.01689216232477 15.46047720486507 -154.19455409284922 350029.54470803681761 34.83624268694134 165.05511314922515
77730.0 -0.01836625254575 15.49015372710709 -154.19203958854786 349972.72278309799731 35.03591260083594 164.91599488559851
77760.0 -0.01857554456180 15.51866495707326 -154.18932854420882 350010.65505672898144 35.23572777198811 164.77659461253103
77790.0 -0.01669092363820 15.54713340055400 -154.18669267673135 350037.39743976760656 35.43590204750402 164.63650233361676
77820.0 -0.01822437732161 15.57608097499989 -154.18430662612630 349997.19655657839030 35.63622355698545 164.49609187782065
77850.0 -0.01886834939182 15.60443231798130 -154.18185176010260 349999.48804320860654 35.83682356997789 164.35510317491457
77880.0 -0.01783296588974 15.63218062151619 -154.17933872182658 350043.93353405781090 36.03757196332879 164.21376159642469
77910.0 -0.01788427956834 15.66041995709940 -154.17705643018343 350022.33487566001713 36.23862154002627 164.07176357772897
77940.0 -0.01794163501686 15.68859388608410 -154.17486822767310 349988.21688452083617 36.43981501472678 163.92938683674345
77970.0 -0.01696159185812 15.71618716946363 -154.17259704130208 349997.93167535308748 36.64133245865136 163.78627264456034
78000.0 -0.01771222149591 15.74371301038948 -154.17042236714789 349995.13559621851891 36.84293641608092 163.64285335663638
78030.0 -0.01622303748703 15.77066297840318 -154.16816268542448 350036.66255758795887 37.04483302973178 163.49871770447984
78060.0 -0.01634579344041 15.79860376097639 -154.16631130999951 349954.86512536648661 37.24684007565747 163.35419592874482
78090.0 -0.01710547864181 15.82544698492690 -154.16420994756132 349973.44007440563291 37.44916917231945 163.20886078447066
78120.0 -0.01625020535975 15.85222831965221 -154.16219662122023 349980.08613450359553 37.65160958009943 163.06309990455821
78150.0 -0.01526613553627 15.87896013915864 -154.16025660536368 349975.61936755105853 37.85429028956810 162.91664296264727
78180.0 -0.01584470473787 15.90562968661546 -154.15840246875746 349959.28398272302002 38.05708341882928 162.76972012000516
78210.0 -0.01689820173094 15.93122052392886 -154.15629075907435 350044.97701908648014 38.26013850497249 162.62201684505573
78240.0 -0.01617071448302 15.95778315587876 -154.15458862690437 350006.16726660169661 38.46329932373056 162.47382079909943
78270.0 -0.01631258970716 15.98429975086125 -154.15295136288336 349956.58894215803593 38.66674460382986 162.32475512672400
78300.0 -0.01530537867569 16.00972901850950 -154.15107105043120 350008.80344982352108 38.87023781520977 162.17527081719126
78330.0 -0.01601072694977 16.03562411313551 -154.14942045329229 349993.61381004191935 39.07398281309292 162.02493716922933
78360.0 -0.01549052252211 16.06145597983180 -154.14785234252034 349966.79805724602193 39.27779890838514 161.87409683802181
78390.0 -0.01581854146305 16.08674266822774 -154.14617593415304 349987.03890901245177 39.48189467319502 161.72230304800391
78420.0 -0.01673519567649 16.11197016942257 -154.14457844986140 349996.02701906766742 39.68606111757708 161.56995886545312
78450.0 -0.01510514458701 16.13715080698256 -154.14304593206745 349994.51146923564374 39.89042441485619 161.41678226045866
78480.0 -0.01597249195388 16.16227206563627 -154.14159022377495 349981.80926253739744 40.09485923485882 161.26300880350618
78510.0 -0.01562334100076 16.18734824930355 -154.14019547277948 349958.76786854024976 40.29951123425953 161.10831139729052
78540.0 -0.01435551954712 16.21138147065119 -154.13853209351154 350041.03843064792454 40.50422569891577 160.95298880815668
78570.0 -0.01521884497677 16.23635854426542 -154.13726833793203 349996.96519055869430 40.70917922013643 160.79664371322446
78600.0 -0.01673922115935 16.26078240162272 -154.13591046274357 350000.01611460745335 40.91413697987950 160.63974791512567
78630.0 -0.01521482067579 16.28516416007385 -154.13460939311119 349993.07560743112117 41.11929964581974 160.48184873717838
78660.0 -0.01494515705376 16.30900377075949 -154.13320688673221 350034.07573148980737 41.32448863385152 160.32330270781699
78690.0 -0.01483447400332 16.33328828815411 -154.13203111600998 350006.55813492555171 41.52990852725230 160.16364092752508
78720.0 -0.01476605379539 16.35751258413070 -154.13092729981670 349968.16145488433540 41.73535278665442 160.00328371605534
78750.0 -0.01335535370160 16.38121353378419 -154.12970473015793 349978.91108427941799 41.94094415031766 159.84193569468133
78780.0 -0.01397417064051 16.40485880124711 -154.12855055092467 349979.16338521614671 42.14656017395381 159.67983850625208
78810.0 -0.01345798815007 16.42846256233592 -154.12744975766205 349969.68857922684401 42.35234193249077 159.51665067886319
78840.0 -0.01461914612674 16.45154101479359 -154.12623685463279 350009.52575064264238 42.55813672825062 159.35268337485113
78870.0 -0.01341371374802 16.47458478119198 -154.12507188152685 350040.10619361978024 42.76411808537577 159.18751613183920
78900.0 -0.01331309322285 16.49803432209750 -154.12415775761684 350000.16163565777242 42.97005379993128 159.02164401824203
78930.0 -0.01314908375238 16.52144107652672 -154.12329451346065 349950.53132312092930 43.17614030662396 158.85458948844004
78960.0 -0.01220928714908 16.54386892946848 -154.12213350046849 350011.18534816801548 43.38220177037527 158.68672457135216
78990.0 -0.01324567643093 16.56672277423100 -154.12119938102623 350002.37479525897652 43.58843769451854 158.51755529862572
79020.0 -0.01155927921834 16.58952054271782 -154.12032927542987 349983.37893907632679 43.79464478595236 158.34752128162378
79050.0 -0.01249404337713 16.61182228201445 -154.11932606733558 350015.68629205320030 44.00094163464222 158.17631192668554
79080.0 -0.01264396720323 16.63407280214215 -154.11838346701359 350038.18203308060765 44.20720904201544 158.00417566186965
79110.0 -0.01260371946591 16.65673356294241 -154.11767309077652 349990.39799706544727 44.41358269635694 157.83075459825611
79140.0 -0.01328995083299 16.67889213874582 -154.11683744955965 349993.82139964587986 44.61991248794690 157.65637373543291
79170.0 -0.01267012811430 16.70057325244615 -154.11585708519200 350049.74662810098380 44.82636778304646 157.48058642731377
79200.0 -0.01373066911143 16.72264125739980 -154.11512675359279 350034.34466829523444 45.03272002864366 157.30391377397294
79230.0 -0.01379707775981 16.74467103562289 -154.11444040956414 350009.87269216682762 45.23916020749547 157.12585007593904
79260.0 -0.01360388649331 16.76664496009755 -154.11381362258123 349975.55714167747647 45.44551596260589 156.94678468440347
79290.0 -0.01525506959499 16.78815023443442 -154.11303692239861 349994.38475164398551 45.65198044892706 156.76619522808471
79320.0 -0.01458996669447 16.80960430849043 -154.11231690445328 350003.71153075434268 45.85835452500092 156.58454289922096
79350.0 -0.01612241696186 16.83101930691899 -154.11164154799525 350004.10032228287309 46.06475180494709 156.40149978355592
79380.0 -0.01492603896488 16.85238341993869 -154.11102086940178 349995.06196286063641 46.27105672328422 156.21732186736099
79410.0 -0.01611738569923 16.87328712187230 -154.11024905960656 350039.84773180633783 46.47739865252236 156.03163255284309
79440.0 -0.01674425124010 16.89456454637503 -154.10972305215930 350012.72772706300020 46.68363071764307 155.84477229381881
79470.0 -0.01670802898565 16.91580751889864 -154.10923434396429 349976.95629385765642 46.88991684325654 155.65626481012998
79500.0 -0.01552070773416 16.93657659076618 -154.10860913886268 349994.63183461688459 47.09603332162835 155.46666036046329
79530.0 -0.01660639913506 16.95731268646026 -154.10802155967369 350003.84077679831535 47.30216425707352 155.27542138311225
79560.0 -0.01544926664126 16.97799829576153 -154.10748657235985 350003.88728291075677 47.50814159809486 155.08295660066227
79590.0 -0.01624819143644 16.99865368412008 -154.10698527271978 349995.61750947032124 47.71415067097288 154.88871148919350
79620.0 -0.01553076907755 17.01925849686133 -154.10653508221012 349978.23366604559124 47.91999751895445 154.69317140250371
79650.0 -0.01534160329391 17.03982477503618 -154.10612451391009 349952.24168241955340 48.12578981532515 154.49598875581421
79680.0 -0.01357068157818 17.05953577721173 -154.10536999357143 350044.88752750772983 48.33139281364827 154.29749425657752
79710.0 -0.01182189883630 17.08001993776771 -154.10504413334709 350001.62979234568775 48.53696977547218 154.09717304642857
79740.0 -0.01287539464749 17.10006416825837 -154.10456136381922 350013.79355327133089 48.74243121226539 153.89522567085888
79770.0 -0.01177360013327 17.12006156269118 -154.10412579087904 350017.20427254214883 48.94769727438559 153.69183296932641
79800.0 -0.01018178403967 17.14002985856314 -154.10372120402639 350012.55048385355622 49.15292404483622 153.48648185634215
79830.0 -0.00851249099265 17.15994575526799 -154.10336718619271 349998.98653986118734 49.35789484271727 153.27975849559505
79860.0 -0.01016769839530 17.17944285770922 -154.10284468784880 350041.97087135910988 49.56278421598118 153.07108561065954
79890.0 -0.00801643237087 17.19927891555567 -154.10256955082178 350011.62625059951097 49.76742993963467 152.86089593329419
79920.0 -0.00772966458326 17.21908530424127 -154.10232318574836 349973.26701594702899 49.97200671385844 152.64859475277672
79950.0 -0.00796008388399 17.23846301472498 -154.10191967719399 349991.28799999225885 50.17632767221477 152.43469734779734
79980.0 -0.00711889742819 17.25780781624085 -154.10154964486435 350001.30069717485458 50.38049269833148 152.21883133849985
80010.0 -0.00720643927064 17.27710584883996 -154.10122423714029 350002.84657981153578 50.58437312430053 152.00134267608982
80040.0 -0.00878718469543 17.29637515607964 -154.10092741867123 349996.56593522056937 50.78812056060817 151.78168179734050
80070.0 -0.00816233071411 17.31560669532889 -154.10066623870816 349982.16639389842749 50.99164827781009 151.56005842041657
80100.0 -0.00946436168078 17.33479227214039 -154.10044694104505 349959.39815403521061 51.19487824334749 151.33666399555611
80130.0 -0.00938688354547 17.35358619289448 -154.10004810201963 349994.73747877590358 51.39795650632109 151.11094345194849
80160.0 -0.01025523669212 17.37233379107771 -154.09969338977490 350021.82887785322964 51.60067536452114 150.88352376992194
80190.0 -0.01087405363104 17.39141332802206 -154.09957223783323 349975.21551636885852 51.80319739451306 150.65378243342451
80220.0 -0.01099781654607 17.41008826377713 -154.09928539398689 349986.48187764175236 52.00536751763521 150.42217944935231
80250.0 -0.01260774376689 17.42873966089038 -154.09902173284502 349990.28363488521427 52.20734731151764 150.18807439758649
80280.0 -0.01204930197959 17.44734738003820 -154.09879737335243 349986.01174391433597 52.40895866430566 149.95201657982798
80310.0 -0.01175951330702 17.46592329301366 -154.09860184764585 349974.05126005783677 52.61029204062525 149.71360548061480
80340.0 -0.01237631750451 17.48410834677975 -154.09823653444460 350020.74854046106339 52.81122573290925 149.47320436835946
80370.0 -0.01234311258938 17.50261385092870 -154.09810410476311 349993.30334319546819 53.01189742185806 149.23022436163984
80400.0 -0.01232198175906 17.52108285299925 -154.09800256267863 349958.08106736280024 53.21222358712168 148.98488568427882
80430.0 -0.01073620270788 17.53916954938406 -154.09772730439039 349981.96414051577449 53.41212851195532 148.73739196079950
80460.0 -0.01117993950752 17.55723462017594 -154.09747290555799 349998.62068705819547 53.61174558142677 148.48714058056800
80490.0 -0.01024316378918 17.57525483059527 -154.09725768330193 350007.41278689634055 53.81087837676245 148.23480503807789
80520.0 -0.00972195003611 17.59325008054341 -154.09706489416834 350008.91303576342762 54.00967462083136 147.97971171498210
80550.0 -0.01048062591209 17.61120319349639 -154.09690785403669 350002.66812495794147 54.20798792211733 147.72235175343533
80580.0 -0.00843601981900 17.62913425209749 -154.09676979182692 349989.23559564538300 54.40596376608946 147.46203325386924
80610.0 -0.00803353771832 17.64702321478030 -154.09666627037021 349968.09747980535030 54.60343474833043 147.19934434944363
80640.0 -0.00856984525930 17.66456259715164 -154.09637340853902 350007.48958035465330 54.80047998406575 146.93385309677825
80670.0 -0.00743082034708 17.68206355194203 -154.09611429883128 350039.40459808241576 54.99698572846505 146.66594262694352
80700.0 -0.00758980328244 17.69985772850680 -154.09608900363673 349996.17414025589824 55.19307304674306 146.39498016912987
80730.0 -0.00681401733148 17.71730571933142 -154.09587501470958 350013.74023410025984 55.38866214081671 146.12119829743287
80760.0 -0.00787556410838 17.73471599660423 -154.09569251502873 350023.90146353468299 55.58368019801087 145.84481494977570
80790.0 -0.00627670401072 17.75241246593505 -154.09574282377653 349958.64181778952479 55.77824480115491 145.56517441644570
80820.0 -0.00714807686046 17.76945386549838 -154.09539568641151 350022.81046638544649 55.97217355414698 145.28300337236092
80850.0 -0.00715612900806 17.78677812280169 -154.09528293675314 350011.50470428355038 56.16559590625700 144.99757133306008
80880.0 -0.00638034187522 17.80406214773043 -154.09520143589671 349992.80953545775265 56.35837597221091 144.70940525440960
80910.0 -0.00725876109278 17.82103060266214 -154.09491729571582 350036.08069487940520 56.55063963767840 144.41775625103753
80940.0 -0.00736139317750 17.83825691534819 -154.09488054056297 350003.21425128448755 56.74223252004715 144.12325703164703
80970.0 -0.00624450487537 17.85545474761294 -154.09486425424203 349963.26728579401970 56.93322012578997 143.82544148728272
81000.0 -0.00695186825464 17.87232362503215 -154.09465921942964 349985.17793201375753 57.12349783757326 143.52471591168097
81030.0 -0.00643266724299 17.88917370836991 -154.09446946361274 350000.33247468527406 57.31316697475707 143.22039975184987
81060.0 -0.00688746880204 17.90599629056026 -154.09430124387256 350008.55908677168190 57.50215207807575 142.91274067304155
81090.0 -0.00688546078813 17.92278323928492 -154.09416031367212 350009.71076073311269 57.69038396516027 142.60197403784255
81120.0 -0.00659566975180 17.93955248484840 -154.09403237327848 350004.15446727443486 57.87796072018354 142.28738622002840
81150.0 -0.00675565846693 17.95628083564155 -154.09393473510460 349991.45381199941039 58.06471725505087 141.96976495210220
81180.0 -0.00727787799978 17.97298814565999 -154.09385167426228 349972.00290419906378 58.25076074338341 141.64831807694713
81210.0 -0.00777192506201 17.98938901037864 -154.09357402472352 350015.39577739592642 58.43596799123614 141.32361420324716
81240.0 -0.00750829848239 18.00604294131891 -154.09352900033085 349982.31139251682907 58.62044120725190 140.99484319080827
81270.0 -0.00672849177609 18.02239594319540 -154.09328756254695 350012.29373088851571 58.80404181322416 140.66268932724685
81300.0 -0.00764111696103 18.03898832698440 -154.09328484382758 349965.48187985643744 58.98681913041560 140.32665107111890
81330.0 -0.00678986916184 18.05528387053459 -154.09308496951320 349981.93756331130862 59.16867907311249 139.98716238823945
81360.0 -0.00646486401459 18.07156287293494 -154.09289679718151 349991.87391981761903 59.34969965083537 139.64349287151751
81390.0 -0.00663390711145 18.08781672845149 -154.09272637076211 349995.15679926797748 59.52981054698066 139.29590953552182
81420.0 -0.00609458223115 18.10403731718785 -154.09257931653156 349991.67276289220899 59.70894716828882 138.94466987793905
81450.0 -0.00507529475111 18.12024260788326 -154.09244167931763 349981.71018952410668 59.88718385406708 138.58899961325506
81480.0 -0.00524434021173 18.13640942827838 -154.09233035920693 349964.93128230888397 60.06437681266237 138.22975690169997
81510.0 -0.00490424245845 18.15231642099598 -154.09200473436158 350012.45284799579531 60.24060638311427 137.86608556277517
81540.0 -0.00449974643447 18.16843181809876 -154.09192722247877 349982.51037519238889 60.41576475287044 137.49860332693228
81570.0 -0.00472211713324 18.18429586521645 -154.09163158795624 350017.09667621273547 60.58992585758789 137.12643742646833
81600.0 -0.00437699048109 18.20036294491287 -154.09158376474420 349974.07434223778546 60.76297033528529 136.75033239073235
81630.0 -0.00387590059668 18.21617589509051 -154.09132237979972 349995.65548929665238 60.93492852722088 136.36975293472463
81660.0 -0.00449773487492 18.23195770996228 -154.09108240936521 350010.70812573283911 61.10571866129850 135.98516706099673
81690.0 -0.00487606644220 18.24772549105774 -154.09085077497511 350019.45358328986913 61.27539155759766 135.59579608753816
81720.0 -0.00382056025334 18.26347073000100 -154.09063333128455 350021.79403660539538 61.44388319480984 135.20193303411625
81750.0 -0.00467885205660 18.27918531561784 -154.09043559613210 350017.64909311104566 61.61113493511921 134.80386470210874
81780.0 -0.00490826557755 18.29488725515492 -154.09024390974241 350007.22861069068313 61.77719271134626 134.40075758441384
81810.0 -0.00547777803366 18.31055338967389 -154.09007481842394 349990.29236076120287 61.94193894004633 133.99355131850263
81840.0 -0.00447962256581 18.32620351939858 -154.08991338698277 349967.05950164329261 62.10542217928942 133.58132811469741
81870.0 -0.00512258767437 18.34161273752497 -154.08954204109887 350009.15169612318277 62.26755340940089 133.16476440537338
81900.0 -0.00565688365579 18.35701450105580 -154.08917467274114 350045.13747465517372 62.42837339309101 132.74292879682613
81930.0 -0.00510648810669 18.37259171967015 -154.08905523903491 350002.91168328747153 62.58778626309014 132.31663667661465
81960.0 -0.00500385484009 18.38814765682262 -154.08894563278150 349954.36853031814098 62.74580062420680 131.88532573897268
81990.0 -0.00485393219587 18.40327575760598 -154.08839308833521 350043.55774049088359 62.90234941200902 131.44950691297001
82020.0 -0.00542042376701 18.41878659826632 -154.08830708590392 349982.48214974068105 63.05745237128699 131.00836099649132
82050.0 -0.00507227741178 18.43408067859285 -154.08800122544409 349987.29324859380722 63.21105355865070 130.56221699981529
82080.0 -0.00532684724591 18.44934692354988 -154.08771162786584 349985.87195971887559 63.36310235956850 130.11140149995668
82110.0 -0.00488613014935 18.46460337400609 -154.08742488516413 349978.34942120034248 63.51361157885948 129.65503019814247
82140.0 -0.00468992154352 18.47982688441187 -154.08715724105792 349964.58237465657294 63.66249596499089 129.19413657721725
82170.0 -0.00435686543055 18.49485689460743 -154.08666149154891 350017.18107676599175 63.80976737460323 128.72775138841249
82200.0 -0.00429146138007 18.51004015992397 -154.08641406318833 349991.16571311838925 63.95536002353276 128.25662147185673
82230.0 -0.00373805085540 18.52521327799050 -154.08616816188626 349959.06182921212167 64.09927677764345 127.77976921422183
82260.0 -0.00395237295221 18.54018470459809 -154.08570388830836 349993.44476831983775 64.24145072539805 127.29809301627415
82290.0 -0.00426529928712 18.55514326452214 -154.08524567764383 350021.83233778085560 64.38186650882840 126.81101751906884
82320.0 -0.00369981585951 18.57007667936213 -154.08480188245585 350044.18064930103719 64.52047512103451 126.31910804589140
82350.0 -0.00303270021756 18.58516523225624 -154.08459461898713 349987.71177677530795 64.65726192799869 125.82152144108146
82380.0 -0.00383565167748 18.60007066741207 -154.08416089915971 349998.03420365508646 64.79218189311973 125.31863622839835
82410.0 -0.00419084203678 18.61495124841980 -154.08374018592380 350002.34424102120101 64.92519561415649 124.81083251930265
82440.0 -0.00305181948832 18.62982504998688 -154.08331927703122 350000.69394757971168 65.05627865033830 124.29719335439971
82470.0 -0.00462149778995 18.64466893328451 -154.08291416719376 349993.03672119323164 65.18538571709084 123.77885778476828
82500.0 -0.00371490728365 18.65950263666319 -154.08251050341130 349979.41831564903259 65.31248781235460 123.25482561170108
82530.0 -0.00445547321429 18.67416279860138 -154.08188342730438 350032.99918322078884 65.43754821157179 122.72592629531050
82560.0 -0.00391111825324 18.68896537217335 -154.08149080946441 350007.49848581198603 65.56052814576682 122.19115914632268
82590.0 -0.00391011247346 18.70374128873535 -154.08111011097350 349976.03258389048278 65.68139661116813 121.65151681947910
82620.0 -0.00436491403251 18.71836338912212 -154.08049600011867 350011.94514254853129 65.80011332832363 121.10643298867537
82650.0 -0.00387086933404 18.73296355258011 -154.07989307161469 350042.01148901693523 65.91665202598483 120.55653940360426
82680.0 -0.00382056025334 18.74769101666267 -154.07952700269200 349992.80046684108675 66.03096184119552 120.00099533030770
82710.0 -0.00338084775467 18.76226930322341 -154.07892818199812 350011.12461070809513 66.14301297110748 119.44024366330328
82740.0 -0.00370987602102 18.77682583697018 -154.07833926617644 350023.62146617937833 66.25278196135243 118.87473247004104
82770.0 -0.00324702349625 18.79150300549098 -154.07798573683016 349956.70061652828008 66.36020455247674 118.30354046713249
82800.0 -0.00306087268818 18.80590482949744 -154.07716782553993 350031.10060419701040 66.46528466698967 117.72791804889891
82830.0 -0.00338185471633 18.82054251356734 -154.07682605350652 349952.44406693521887 66.56795004285664 117.14686485121557
82860.0 -0.00289384351462 18.83491928669280 -154.07601577215576 350015.28743063751608 66.66820038350231 116.56130053795756
82890.0 -0.00306892483577 18.84941067066099 -154.07544026772214 349998.62686691340059 66.76595355440888 115.97023423186953
82920.0 -0.00375817354217 18.86387857924495 -154.07487360671030 349976.18102578446269 66.86122291838200 115.37475680149772
82950.0 -0.00303672570042 18.87822668511470 -154.07406748711261 350021.71815290767699 66.95394436262355 114.77433809536487
82980.0 -0.00386483229163 18.89266072698890 -154.07350995969961 349987.72202982380986 67.04412046278932 114.16968281541676
83010.0 -0.00310514709023 18.90698505441576 -154.07270858351097 350021.76495166961104 67.13166463521836 113.55998530585161
83040.0 -0.00321683710232 18.92139785952413 -154.07214996205590 349976.16646065562963 67.21656827745068 112.94576228071431
83070.0 -0.00372094432606 18.93569032586165 -154.07135746812551 349998.76735892705619 67.29883022366349 112.32753760744748
83100.0 -0.00322991696692 18.94998235210317 -154.07055898028926 350015.58183527551591 67.37834625733529 111.70441951359705
83130.0 -0.00298037839542 18.96425080396859 -154.06977014066106 350026.75712878536433 67.45517977521145 111.07775970937804
83160.0 -0.00263625634117 18.97851535063099 -154.06897698531975 350032.16529254242778 67.52921546550385 110.44659295544729
83190.0 -0.00205668135980 18.99275954731070 -154.06819051296912 350031.92417130526155 67.60049785801286 109.81192228644883
83220.0 -0.00276605748049 19.00700286763832 -154.06739692172496 350025.88774957973510 67.66890249177804 109.17280211974510
83250.0 -0.00212711667292 19.02122595350461 -154.06660920825664 350014.20749605167657 67.73449624883924 108.53040742824038
83280.0 -0.00192486984280 19.03543976553670 -154.06581945416687 349996.79688080679625 67.79719459783539 107.88426746503897
83310.0 -0.00121348216256 19.04963263415402 -154.06503533765238 349973.76111930329353 67.85703579560425 107.23515047660682
83340.0 -0.00148616548767 19.06374990814406 -154.06400150613516 350019.15337404794991 67.91390073639509 106.58231496480913
83370.0 -0.00128089659072 19.07792789439813 -154.06321065729705 349984.67337660770863 67.96780886003968 105.92634436665732
83400.0 -0.00103940898494 19.09201973673339 -154.06217994973147 350018.82258484512568 68.01878833022435 105.26782839337643
83430.0 -0.00112091260311 19.10617671048214 -154.06138516593964 349972.95167300105095 68.06669744163636 104.60593328225734
83460.0 -0.00104343446780 19.12024819613903 -154.06035265993498 349995.81066825706512 68.11166854893389 103.94207455720036
83490.0 -0.00124568129791 19.13431897225863 -154.05931304696810 350012.94241269305348 68.15354612874242 103.27535034748018
83520.0 -0.00040650640166 19.14842656363743 -154.05852278114895 349950.21620484255254 68.19242722943750 102.60681469441865
83550.0 -0.00109575628994 19.16242867934615 -154.05723147718646 350030.34951038192958 68.22814864965922 101.93559305647842
83580.0 -0.00115210477681 19.17651597742001 -154.05643488046996 349956.27741121966392 68.26083851864831 101.26290192995229
83610.0 -0.00082709962956 19.19050061398028 -154.05514119413559 350025.22343699261546 68.29039675891211 100.58833736471696
83640.0 -0.00168237527538 19.20451591367957 -154.05409635247199 350014.29626826662570 68.31690291243241 99.91269641675756
83670.0 -0.00062384701967 19.21852954534084 -154.05304294533744 349997.62832712754607 68.34021034645841 99.23531492261077
83700.0 -0.00104947151021 19.23249648899574 -154.05173881997763 350049.71992675773799 68.36037220904798 98.55681034461671
83730.0 -0.00120040111608 19.24648548549563 -154.05068344489598 350021.90707397926599 68.37745156460858 97.87780243162764
83760.0 -0.00144692353013 19.26047488778611 -154.04961703348772 349988.30650031752884 68.39127320432978 97.19752728700520
83790.0 -0.00152439930168 19.27441295138777 -154.04830692892375 350023.68646337278187 68.40204412287135 96.51739537661912
83820.0 -0.00096092388798 19.28837928090557 -154.04723536258976 349978.91088571771979 68.40957279227320 95.83657897163997
83850.0 -0.00087338677304 19.30230317826151 -154.04591656530505 350003.08279836270958 68.41401294603450 95.15612282402147
83880.0 -0.00210095576185 19.31623254671252 -154.04458512385105 350021.46232007816434 68.41516727283280 94.47523019917381
83910.0 -0.00067013298128 19.33016555784990 -154.04350311340664 349959.92437801323831 68.41322843000178 93.79508909525235
83940.0 -0.00122958173024 19.34407536409249 -154.04216455036945 349967.16047534719110 68.40808514081516 93.11534878118213
83970.0 -0.00180211152567 19.35797087426694 -154.04082579415194 349968.93055023252964 68.39985993349922 92.43677757821081
84000.0 -0.00047291623192 19.37186782404434 -154.03947573711608 349964.94981796573848 68.38838347529295 91.75878146748015
84030.0 -0.00145698487352 19.38575829364428 -154.03811943859978 349955.35388775542378 68.37374447373111 91.08195782005926
84060.0 -0.00054838162580 19.39963075056517 -154.03651134429066 350014.73108904063702 68.35604239874171 90.40690081840471
84090.0 -0.00114908625560 19.41351300457105 -154.03513987297399 349993.85259247943759 68.33507214475580 89.73291039558973
84120.0 -0.00033104100778 19.42737788822673 -154.03351868509094 350042.03238212037832 68.31111437745535 89.06130606384265
84150.0 -0.00131611542916 19.44124338151303 -154.03213646150806 350010.02002370264381 68.28394527230279 88.39132845559899
84180.0 -0.00116518464140 19.45509264988101 -154.03075289113357 349972.57380831893533 68.25377346614604 87.72394021530106
84210.0 -0.00016199909280 19.46895544913131 -154.02910224178240 350003.69672244042158 68.22037133246671 87.05841367997530
84240.0 -0.00083615637505 19.48280765584186 -154.02744889543487 350029.36286689527333 68.18399271414127 86.39583055131325
84270.0 -0.00085124898108 19.49664377829484 -154.02603808401980 349974.95341333188117 68.14451713631358 85.73586822275314
84300.0 -0.00035418457952 19.51048215705776 -154.02437164237710 349989.49212438520044 68.10210626858203 85.07920537696900
84330.0 -0.00046385948642 19.52432500165956 -154.02269113278405 349998.22821047529578 68.05657106820293 84.42530040125554
84360.0 0.00009659622419 19.53816446243330 -154.02100156490610 350001.32847927790135 68.00803244594708 83.77467544236902
84390.0 -0.00016703153731 19.55199239662592 -154.01930815450712 349998.97947695758194 67.95662255841495 83.12784518158166
84420.0 -0.00033707686831 19.56582703063967 -154.01759806588902 349990.74255875870585 67.90210841224982 82.48416125657340
84450.0 0.00119436407367 19.57964520671804 -154.01588679802671 349977.16780496295542 67.84483616189277 81.84477824787143
84480.0 -0.00083313667197 19.59350195546741 -154.01390561996794 350032.05799940880388 67.78455192869252 81.20899552376116
84510.0 -0.00001207526670 19.60731283005229 -154.01217495937996 350007.22337012924254 67.72151143258596 80.57763522502621
84540.0 0.00000000118188 19.62112971267639 -154.01042664938595 349976.47367529757321 67.65545895789960 79.95002846161596
84570.0 0.00057554713476 19.63497733459768 -154.00841744923096 350014.51258560083807 67.58670006040836 79.32709322133118
84600.0 0.00071842932055 19.64882789956153 -154.00639512441629 350046.79562359675765 67.51510456552039 78.70851580121426
84630.0 0.00031494262198 19.66262115987769 -154.00462341098120 349999.42918807268143 67.44086477313564 78.09484529941386
84660.0 -0.00016199909280 19.67646836122228 -154.00257851251067 350020.36734066903591 67.36377304487692 77.48557991172204
84690.0 -0.00033405834710 19.69026030866926 -154.00077895648587 349961.48249146714807 67.28397504524878 76.88113294055351
84720.0 0.00063994540547 19.70409576626961 -153.99871578614838 349971.27479660045356 67.20162803409426 76.28190884229453
84750.0 0.00090457776487 19.71794088877096 -153.99663302462292 349975.06642759684473 67.11647195924616 75.68730622992803
84780.0 0.00097300033656 19.73177250681385 -153.99454624798130 349973.51189763098955 67.02890548470542 75.09827620321003
84810.0 0.00071138531649 19.74561007138347 -153.99244169666696 349966.03920750226825 66.93864606886183 74.51417516902741
84840.0 0.00020124105034 19.75943749333216 -153.99033008785267 349953.11355639435351 66.84598517662630 73.93565946435332
84870.0 0.00115914996275 19.77334507752631 -153.98793866582986 350008.10348493698984 66.75064047600590 73.36211766024900
84900.0 0.00080295027804 19.78717396720206 -153.98579838016201 349983.64340591244400 66.65295661650171 72.79428302540708
84930.0 0.00094080120120 19.80107983356567 -153.98338281498019 350027.26997061446309 66.55279219022992 72.23184720488534
84960.0 0.00095388224768 19.81490119389938 -153.98121857435294 349991.51332973502576 66.45035979487942 71.67522138607100
84990.0 0.00136541873009 19.82880938528465 -153.97877456736600 350023.61024822294712 66.34543374860834 71.12394326773652
85020.0 0.00100016820928 19.84271994893516 -153.97631569770965 350049.90869780257344 66.23817569571769 70.57831281020925
85050.0 0.00158477327141 19.85653708647078 -153.97410859956750 349996.93305792659521 66.12875937376754 70.03862237557337
85080.0 0.00175481978429 19.87045157516674 -153.97161789587250 350011.57353830710053 66.01689866067872 69.50432325922345
85110.0 0.00085728720537 19.88435532521156 -153.96912028336340 350020.81986160390079 65.90303068741042 68.97616279528962
85140.0 0.00172563917014 19.89817199093450 -153.96686433548223 349950.39532822463661 65.78684605247794 68.45356146136353
85170.0 0.00145698605540 19.91217277722331 -153.96407353832663 350021.66930261999369 65.66866043217274 67.93701655352849
85200.0 0.00102330941726 19.92608937627296 -153.96152160837070 350013.13783181644976 65.54816684453779 67.42598093305075
85230.0 0.00032600974514 19.93999856379468 -153.95895894164613 349999.06322168558836 65.42573666866534 66.92101423105400
85260.0 0.00066510171864 19.95391060029113 -153.95637800661117 349979.07104951702058 65.30121634585549 66.42182213822045
85290.0 0.00019117852507 19.96781493425902 -153.95378578422577 349953.53167697042227 65.17482941510883 65.92869413899565
85320.0 0.00031896692296 19.98183840014021 -153.95090681800789 349995.22550167888403 65.04633340373867 65.44121507817383
85350.0 0.00008653369892 19.99586680895021 -153.94800994300991 350030.98058236856014 64.91589829215783 64.95958778579434
85380.0 -0.00083615519317 20.00977470336565 -153.94536590260284 349987.85373925045133 64.78370696068610 64.48400999173978
85410.0 -0.00027972614730 20.02381218053731 -153.94243108370719 350011.66412864997983 64.64944928675754 64.01399553484515
85440.0 -0.00080596998113 20.03771886244408 -153.93975254827845 349956.86080399807543 64.51358860379092 63.55011255112679
85470.0 0.00030991135935 20.05175661738804 -153.93678436157407 349969.00442332867533 64.37579154631122 63.09185453693146
85500.0 -0.00010162512306 20.06578954915301 -153.93380313175243 349975.51745516899973 64.23638849251624 62.63958483618116
85530.0 0.00041053070264 20.07983647750235 -153.93079520145665 349975.63664776831865 64.09505082158636 62.19282844880672
85560.0 -0.00004829870303 20.09387849277655 -153.92777348845794 349970.10085976216942 63.95216659341462 61.75199940955909
85590.0 -0.00026966125827 20.10792572663086 -153.92473044304279 349958.48694928176701 63.80757050895797 61.31682931653607
85620.0 0.00057554831664 20.12210632134080 -153.92140443837766 350014.00505603756756 63.66149006702237 60.88751255364893
85650.0 0.00118329695051 20.13616060178810 -153.91832135797793 349990.37322068307549 63.51366832060353 60.46368886482903
85680.0 0.00089854072246 20.15036064858191 -153.91494862743863 350033.42204466834664 63.36427813857320 60.04548767631575
85710.0 0.00117122168381 20.16441329185373 -153.91183001819488 349998.07102565187961 63.21350641583405 59.63303580718363
85740.0 0.00165420044100 20.17847796176759 -153.90868317011149 349956.25821210816503 63.06102218352530 59.22591663431550
85770.0 0.00088445389621 20.19268312828048 -153.90525354693264 349981.46140159666538 62.90730561116634 58.82455255552302
85800.0 0.00110883615453 20.20690164035502 -153.90179679036834 350000.20525783207268 62.75200317943829 58.42851487090934
85830.0 0.00086734973064 20.22111758862876 -153.89832382282148 350013.17343496438116 62.59545312926499 58.03806259306113
85860.0 0.00083112511242 20.23534968564015 -153.89482083777250 350019.50847492739558 62.43730900064367 57.65279629736511
85890.0 0.00047291623192 20.24957907604007 -153.89130089240024 350020.03917146753520 62.27796828413457 57.27301584919197
85920.0 0.00139359238258 20.26381576118991 -153.88775639467110 350014.29321063216776 62.11725547953831 56.89848729010595
85950.0 0.00053832028241 20.27804953225927 -153.88419424864654 350002.72440023627132 61.95539750445477 56.52933607211571
85980.0 0.00071842932055 20.29229490342334 -153.88060358516179 349984.63720189779997 61.79212596265998 56.16526012720722
86010.0 -0.00016602221190 20.30671681884131 -153.87671525226105 350032.30309396609664 61.62761326595355 55.80633759465581
86040.0 0.00013885670293 20.32096466579091 -153.87308257623823 350002.14050656277686 61.46204722555931 55.45264585962494
86070.0 0.00107764398083 20.33522660668983 -153.86941823643545 349965.26536382082850 61.29507973214047 55.10383907521247
86100.0 0.00057655527829 20.34965962222659 -153.86546310385970 349994.50474668294191 61.12720118836327 54.76022592979723
86130.0 0.00046687918951 20.36410786154135 -153.86147738781830 350017.02867905795574 60.95804206334900 54.42145436348892
86160.0 0.00029481757144 20.37855547230201 -153.85747214284558 350033.59737712517381 60.78794394603856 54.08770536358809
86190.0 0.00083112511242 20.39302105360427 -153.85343337154177 350043.25698243826628 60.61654655270836 53.75865291871254
86220.0 0.00064799518931 20.40748580516529 -153.84937430875857 350046.92884348146617 60.44425193092180 53.43451029249150
86250.0 0.00060674285410 20.42195959357048 -153.84528729835316 350044.09099649917334 60.27087649487321 53.11508133221989
86280.0 0.00138051251799 20.43643237705005 -153.84117923260064 350035.23900485876948 60.09664391037236 52.80044351032296
86310.0 0.00078383218916 20.45091845506559 -153.83703916787383 350019.60736591741443 59.92127752205727 52.49035128087731
86340.0 0.00197819744471 20.46541034837115 -153.83287211530799 349997.55819250177592 59.74494746746160 52.18484846803577
86370.0 0.00141070009380 20.47989979190913 -153.82868370560928 349969.51004534401000 59.56784081405797 51.88397922392821
