# sod		dsTEC/dt [TECU/s]		lat		lon		h_ipp		ele		azi
30240.0 0.01860975525671 14.78470643687409 -157.76728242680772 350006.98526503611356 28.01752272932783 209.65327183098896
30630.0 -0.01005832486777 15.26125188617426 -157.62626337528582 349980.70655055996031 30.76141707249344 210.99675651107231
31200.0 -0.01174643226055 15.86986923754625 -157.45737901217240 349997.73305159900337 34.76254065874875 213.30895599137685
31260.0 -0.01431326143213 15.92912766072814 -157.44152826621325 349964.40723389293998 35.18211263559660 213.57834320556225
31290.0 -0.00250041815944 15.95768385668450 -157.43423683307859 350033.84479170199484 35.39184355776711 213.71498936840101
31320.0 -0.00697199212329 15.98711215254038 -157.42630400934038 349976.89321481250226 35.60129874790530 213.85295680108064
31380.0 0.00528760528837 16.04384771377867 -157.41170347928883 350037.93676352594048 36.02011164073237 214.13287443752787
31410.0 -0.00329129435267 16.07209863867338 -157.40440039671239 350044.89915907196701 36.22922480737515 214.27484997467744
31440.0 -0.01614656631338 16.10028254316260 -157.39708653428090 350037.58220969419926 36.43835096857988 214.41817978433227
32670.0 -0.01930906767026 17.10847394274790 -157.15634146996030 349994.58489024266601 44.83679311892974 221.60742168697951
32700.0 -0.01838838915583 17.13020704559879 -157.15152806077253 349984.15521996282041 45.03563467502190 221.81880474502694
32730.0 -0.01815193044894 17.15152262859246 -157.14703259964514 350025.15966392029077 45.23400645772142 222.03210535499579
32760.0 -0.01805332502896 17.17315125783208 -157.14218885225387 349993.90151487383991 45.43209578279630 222.24737180794213
32790.0 -0.01728961316282 17.19472769953548 -157.13732812714616 349952.39309467375278 45.62983777425255 222.46461287706407
32820.0 -0.01749588665767 17.21588910025361 -157.13278788204045 349962.49323001131415 45.82700707951903 222.68380737757258
32850.0 -0.01740532865777 17.23701090248922 -157.12822476177681 349963.40614557918161 46.02397306015028 222.90503982884516
32880.0 -0.01676034962590 17.25807322148033 -157.12365207138521 349953.47577889263630 46.22034869545420 223.12825868979746
32910.0 -0.01687505815920 17.27873943481172 -157.11939490853675 349996.56219064537436 46.41626299403516 223.35350567096870
32940.0 -0.01702095886620 17.29936710772252 -157.11511649932126 350030.56760919746011 46.61189234051088 223.58083549194237
32970.0 -0.01577527520453 17.32028495232274 -157.11049233540214 349991.30061183869839 46.80705842581935 223.81023318217456
33000.0 -0.01688713224402 17.34081316546598 -157.10618354655699 350005.53336502797902 47.00173338180119 224.04171228431574
33030.0 -0.01571993604307 17.36128933575212 -157.10186141647949 350009.74987004045397 47.19585928868121 224.27527934073132
33060.0 -0.01544222145532 17.38172297188039 -157.09751883118227 350004.81523551419377 47.38962240933354 224.51099555152393
33090.0 -0.01510514458701 17.40211071094167 -157.09315764446632 349990.51290815044194 47.58295661347434 224.74886799669019
33120.0 -0.01424584345833 17.42211672851893 -157.08911612366165 350030.10046081896871 47.77563604202173 224.98886391578696
33150.0 -0.01428408199986 17.44241115251166 -157.08471931134142 349997.04735945165157 47.96802787284157 225.23109208198969
33180.0 -0.01417339894942 17.46264729302195 -157.08031110913643 349953.82121225260198 48.15974533079464 225.47547935945678
33210.0 -0.01376286706491 17.48251542452367 -157.07621747238491 349965.53914965782315 48.35091498381779 225.72207687567069
33240.0 -0.01343484457833 17.50234627775704 -157.07210076101765 349968.73416579235345 48.54171478884940 225.97095341025687
33270.0 -0.01361193509527 17.52213067656606 -157.06796692511662 349962.73106515314430 48.73196265350481 226.22208387825268
33300.0 -0.01370048389938 17.54155926800430 -157.06414754828990 350012.37935614306480 48.92163060896188 226.47548209171472
33330.0 -0.01286734368177 17.56124795318878 -157.05998202739124 349987.86743668001145 49.11066053366520 226.73115270243895
33360.0 -0.01321750396032 17.58059289509989 -157.05612553618727 350019.90037093125284 49.29923712115079 226.98917135121712
33390.0 -0.01259466508418 17.60019856837220 -157.05191761603629 349978.12958031613380 49.48729298440941 227.24954266135359
33420.0 -0.01195974739570 17.61945135460214 -157.04802818318171 349992.13392991106957 49.67460214277322 227.51222005452965
33450.0 -0.01171021000609 17.63867229335376 -157.04411259781276 349998.26541707664728 49.86152863167581 227.77733969524175
33480.0 -0.01197383540383 17.65784201968949 -157.04018403525677 349995.10009198728949 50.04768668024145 228.04480308807834
33510.0 -0.01208652883194 17.67696691743587 -157.03623757644996 349983.19193297252059 50.23320000495686 228.31467153887257
33540.0 -0.01077645280895 17.69577017852490 -157.03259768694721 350029.13853025063872 50.41824757429337 228.58702980162775
33570.0 -0.01138017477809 17.71481729812427 -157.02860773036133 350000.72104138694704 50.60264382088649 228.86184020500485
33600.0 -0.01193861774727 17.73381827045838 -157.02459951541084 349963.63955702260137 50.78636062547922 229.13911636117282
33630.0 -0.01042226941131 17.75249267299386 -157.02090598464136 349983.94618431199342 50.96933968650961 229.41886018899424
33660.0 -0.01046050086156 17.77113307874237 -157.01718870959439 349996.42250037193298 51.15176353355703 229.70116333648090
33690.0 -0.01139225004478 17.78973621005060 -157.01344958228282 350000.87940625101328 51.33356355526631 229.98602688207328
33720.0 -0.01057621753839 17.80829089519133 -157.00969611036817 349996.56540606170893 51.51451414272773 230.27338765292441
33750.0 -0.01015562194673 17.82681544501639 -157.00591488705803 349984.85750251077116 51.69497507354503 230.56341257347557
33780.0 -0.01059835414848 17.84529073985725 -157.00211907996851 349964.43901342526078 51.87456252414933 230.85597326431031
33810.0 -0.01086298532599 17.86346217040385 -156.99863517798002 350002.67818926088512 52.05339691182959 231.15114183600119
33840.0 -0.00991513893885 17.88160547196482 -156.99512479910044 350033.63791049923748 52.23165755575295 231.44902100297435
33870.0 -0.01042226822943 17.89996665012048 -156.99126284178882 349989.64261941052973 52.40915584856764 231.74955739703702
33900.0 -0.00978835986637 17.91803118088406 -156.98771235807857 350004.70295565295964 52.58586349369789 232.05276365735972
33930.0 -0.00975414680770 17.93605444742646 -156.98414356263791 350011.72322606667876 52.76172207390636 232.35863776314497
33960.0 -0.00979842120976 17.95404574775953 -156.98054940383150 350011.39546791464090 52.93691128215561 232.66728888036567
33990.0 -0.00955089301594 17.97200183588626 -156.97693180154141 350003.54415676556528 53.11136137210111 232.97871302097866
34020.0 -0.00895723475395 17.98991167777858 -156.97329828849800 349987.47527527809143 53.28484774332651 233.29282699865922
34050.0 -0.00899748130939 18.00779338182438 -156.96963546361786 349964.46189791802317 53.45772463254824 233.60983199429887
34080.0 -0.00846922473413 18.02539255655426 -156.96628748466284 350001.08034365624189 53.62961134055606 233.92956435127576
34110.0 -0.00834344907767 18.04295654463930 -156.96291844902149 350030.20606727991253 53.80062451257174 234.25210736191389
34140.0 -0.00802750185779 18.06072450760563 -156.95919041044328 349984.51082958187908 53.97094305490737 234.57758366120731
34170.0 -0.00830923720088 18.07822461963615 -156.95577142223519 349999.30763206351548 54.14037592683702 234.90592030480261
34200.0 -0.00866744726326 18.09568844599200 -156.95233101521688 350006.68341209273785 54.30889467292671 235.23712777406379
34230.0 -0.00760489352470 18.11311336888212 -156.94887071716005 350006.52082790993154 54.47644089395661 235.57119842916100
34260.0 -0.00862719834407 18.13050861049802 -156.94538345521349 349999.46031879540533 54.64319070309426 235.90826028152748
34290.0 -0.00757370253288 18.14787095424541 -156.94187117976591 349985.33913369383663 54.80907339722240 236.24830220146339
34320.0 -0.00746603918552 18.16497673985506 -156.93867176157218 350032.07495627645403 54.97386621034255 236.59121683077348
34350.0 -0.00795807232445 18.18227224989328 -156.93511107175601 350003.81872378103435 55.13791638429596 236.93724307025309
34380.0 -0.00787958840936 18.19952322839868 -156.93153275453375 349967.91610373556614 55.30084781595328 237.28617564922860
34410.0 -0.00757571527431 18.21653153665189 -156.92826200291682 349993.62562803551555 55.46277290227594 237.63810902996903
34440.0 -0.00725171708871 18.23351647008021 -156.92496135948295 350012.91781394556165 55.62386927756681 237.99318756888414
34470.0 -0.00758376387627 18.25066713633936 -156.92130759660083 349956.25528639741242 55.78394430168898 238.35131398532656
34500.0 -0.00770752797318 18.26738710536510 -156.91829026536740 350030.63470886461437 55.94296945717417 238.71249489787019
34530.0 -0.00804359787983 18.28446194082128 -156.91459230430698 349959.75962468516082 56.10088660297681 239.07671479428637
34560.0 -0.00783431059129 18.30112414642905 -156.91152464370819 350020.75638632569462 56.25786747749773 239.44412151770035
34590.0 -0.00694683699200 18.31794871182020 -156.90810093659695 350005.94364732224494 56.41384073147891 239.81469406048390
34620.0 -0.00660774620038 18.33473214452438 -156.90465825697143 349983.91038079280406 56.56858650413183 240.18829594436096
34650.0 -0.00760992478733 18.35131091285094 -156.90151194393775 350025.24621095694602 56.72244342718461 240.56520700088575
34680.0 -0.00655844171757 18.36803194849866 -156.89801749599917 349989.98408273793757 56.87504183039814 240.94517307596880
34710.0 -0.00701726994136 18.38454160978722 -156.89482765221379 350017.61573264375329 57.02648941724298 241.32829925721163
34740.0 -0.00736642680389 18.40120316831650 -156.89127782977923 349969.46002041175961 57.17696161289147 241.71475310656706
34770.0 -0.00624148635416 18.41765915639133 -156.88803151284768 349984.43935292866081 57.32626530767009 242.10440732256887
34800.0 -0.00638034305710 18.43408406655344 -156.88476058842005 349992.87027380708605 57.47437214057268 242.49726236200129
34830.0 -0.00575247291833 18.45047541892276 -156.88146657874850 349994.65802014246583 57.62122462306011 242.89329195945476
34860.0 -0.00554720520325 18.46684227643408 -156.87814230964815 349990.34613969083875 57.76698930356423 243.29266426998129
34890.0 -0.00637732453589 18.48318147376805 -156.87478980037517 349979.79538304917514 57.91159468395659 243.69534496305681
34920.0 -0.00565386395271 18.49948237713461 -156.87141675138719 349962.46710801590234 58.05482518780926 244.10116276233992
34950.0 -0.00598188643928 18.51561009836738 -156.86833648687934 350009.62552930973470 58.19700908705080 244.51044112827279
34980.0 -0.00531477434297 18.53185410985583 -156.86490839397240 349979.85111151356250 58.33778541958488 244.92286899994937
35010.0 -0.00574341499095 18.54791837605330 -156.86178132217259 350014.12063421402127 58.47725682802459 245.33856090941981
35040.0 -0.00579875769805 18.56410847211486 -156.85829452210558 349972.21156976930797 58.61559554399627 245.75770864551754
35070.0 -0.00524735755105 18.58012466482079 -156.85510752914607 349994.56176432594657 58.75260948874978 246.18014838192153
35100.0 -0.00501693706844 18.59611262386431 -156.85189424455302 350010.74574923794717 58.88827084875980 246.60587154436411
35130.0 -0.00556028624972 18.61206993319259 -156.84865618875995 350020.67875117342919 59.02252338971741 247.03483766876784
35160.0 -0.00529464929243 18.62800557156878 -156.84538610880549 350024.85869320482016 59.15552768035026 247.46723507763494
35190.0 -0.00532181361951 18.64404559757832 -156.84176111871392 349952.33968285471201 59.28721281671983 247.90301205344315
35220.0 -0.00492537328877 18.65979189961630 -156.83876383477011 350015.08267458435148 59.41736925406073 248.34195637555430
35250.0 -0.00485393101399 18.67564935968374 -156.83540570584660 350001.53797760978341 59.54631306822360 248.78443706747274
35280.0 -0.00454100231532 18.69147083476122 -156.83202525300536 349981.66516033094376 59.67369478001494 249.23007783913104
35310.0 -0.00465268878177 18.70714443031133 -156.82894153733136 350026.85432031471282 59.79961173565076 249.67900086054641
35340.0 -0.00540231263978 18.72291779567300 -156.82549884771439 349995.53442205674946 59.92423198378938 250.13142263584518
35370.0 -0.00459231953956 18.73866093404525 -156.82202835278216 349958.28175744134933 60.04736641395932 250.58713585205211
35400.0 -0.00528559254694 18.75426409546384 -156.81885329409525 349986.33506033662707 60.16898837225537 251.04611967469418
35430.0 -0.00478752118373 18.76983961948142 -156.81565168125533 350008.49344485905021 60.28904373539609 251.50831570309006
35460.0 -0.00423712918026 18.78539639523444 -156.81241616613246 350025.21080120466650 60.40768638023064 251.97393166410018
35490.0 -0.00468790643833 18.80093129854272 -156.80914884729017 350036.36925767641515 60.52484703704488 252.44289409794260
35520.0 -0.00461043066679 18.81643395394773 -156.80585760673907 350041.52216580230743 60.64032434961003 252.91494380072811
35550.0 -0.00365956575844 18.83192141607110 -156.80252856900071 350041.48938244488090 60.75442033030255 253.39049635415091
35580.0 -0.00425423334583 18.84737597651294 -156.79917547097793 350035.49247170425951 60.86680028477072 253.86910246916872
35610.0 -0.00403588576616 18.86280321597877 -156.79579355489028 350023.82386174332350 60.97755620911980 254.35088974066139
35640.0 -0.00410229796019 18.87821273098671 -156.79237479429992 350006.94504825863987 61.08685101548573 254.83609942803560
35670.0 -0.00329230131432 18.89359497985921 -156.78892648016219 349984.45991148054600 61.19450097101080 255.32447404329966
35700.0 -0.00300955664582 18.90894915651943 -156.78544893649681 349956.36796927917749 61.30048144098684 255.81597738968850
35730.0 -0.00414958851969 18.92419602288650 -156.78226269142561 349994.41957570705563 61.40474154505975 256.31052966909874
35760.0 -0.00424215926102 18.93942712285642 -156.77904052199008 350027.30734175536782 61.50742787927932 256.80835685064363
35790.0 -0.00387489363502 18.95471048483163 -156.77546638275675 349983.01725334115326 61.60847416279420 257.30935973860056
35820.0 -0.00352473453836 18.96989068987037 -156.77218505118464 350004.91393471136689 61.70768977648295 257.81322716681348
35850.0 -0.00420895434588 18.98505860077092 -156.76886387853165 350021.87642627675086 61.80536084527948 258.32042134377105
35880.0 -0.00358007606358 19.00025917737732 -156.76519984230009 349961.16605729516596 61.90117123391960 258.83041405449683
35910.0 -0.00380244676235 19.01531057886590 -156.76213898183838 350039.15507761202753 61.99520773772089 259.34333619114443
35940.0 -0.00349656088586 19.03046636314858 -156.75840613809515 349968.03642003238201 62.08762724036849 259.85945366408248
35970.0 -0.00389904298654 19.04548461972420 -156.75527398313523 350035.84072781074792 62.17825423321474 260.37845353637579
