# sod		dsTEC/dt [TECU/s]		lat		lon		h_ipp		ele		azi
11520.0 -0.01861478415559 24.63203193002881 -160.64843911424492 350000.20743034314364 18.84340446367709 315.68683052706569
11910.0 -0.01927988587423 24.46889711285033 -160.05517114334808 349992.86803477071226 20.55176086288296 317.82728420991111
12630.0 -0.01965218158098 24.13412363784568 -159.08748410448746 349972.65915288496763 23.86954392727147 321.69465062420579
12690.0 -0.01907361356126 24.10535864380811 -159.01440469736229 350025.17115734331310 24.15594539704510 322.01208960828581
12720.0 -0.01842562073571 24.09076005799315 -158.97811973849065 350038.08629050385207 24.29968038092241 322.17049369171724
12750.0 -0.01979808110610 24.07601922752047 -158.94200412675468 350042.15579585544765 24.44378082455304 322.32869489036375
12780.0 -0.01908870971292 24.06113662629738 -158.90604286381927 350038.55821655131876 24.58836950842311 322.48679531236036
12810.0 -0.01830990524075 24.04611488191321 -158.87025841141252 350025.53981275949627 24.73327350989432 322.64465079014724
12840.0 -0.01815193163082 24.03095498839297 -158.83464404187802 350003.63203300721943 24.87854982296638 322.80230861293444
12870.0 -0.01853127015975 24.01565808690234 -158.79919655160839 349973.08737386763096 25.02422804066649 322.95979336676317
12900.0 -0.01817507520256 24.00124489721176 -158.76478592684069 350025.35797533020377 25.17036476877959 323.11715235393382
12930.0 -0.01997215546559 23.98567906945748 -158.72967398611280 349977.27115422952920 25.31680521859772 323.27425604522324
12960.0 -0.01935032236923 23.97100016651017 -158.69558224712068 350013.02913464978337 25.46376730360764 323.43128686275924
12990.0 -0.01650175549080 23.95619198148773 -158.66166435161136 350039.35664972383529 25.61101123375528 323.58804388607177
13020.0 -0.01712057242971 23.94023296207153 -158.62705291819515 349965.11717833951116 25.75862676210009 323.74460222862234
13050.0 -0.01561327729361 23.92516663432412 -158.59345171959566 349975.10459220502526 25.90673695209303 323.90106534733923
13080.0 -0.01804426710158 23.90997469522943 -158.56002079783681 349975.94153669569641 26.05516807801280 324.05728730396089
13110.0 -0.01631560704648 23.89465786159959 -158.52675361037021 349968.13105105143040 26.20397696988857 324.21331586239125
13140.0 -0.01712359095092 23.88024079737763 -158.49448396364406 350044.90578927192837 26.35319313423505 324.36917595934017
13170.0 -0.01536876998475 23.86467703413400 -158.46152657312081 350021.02443663310260 26.50287386535231 324.52491613321115
13200.0 -0.01762468083533 23.84899321036168 -158.42874253042612 349987.75564670469612 26.65286268843987 324.68040439996321
13230.0 -0.01481133279534 23.83421236574099 -158.39692801700286 350040.84425295237452 26.80338032974031 324.83582752417942
13260.0 -0.01570383529351 23.81829010093282 -158.36446313110685 349990.77013092208654 26.95418376452428 324.99098009892180
13290.0 -0.01616165891940 23.80327599243811 -158.33297675736978 350026.13826513569802 27.10536435868906 325.14593952890067
13320.0 -0.01488579122756 23.78711957296090 -158.30082510576227 349959.68695196788758 27.25704545042204 325.30081076314343
13350.0 -0.01606003143258 23.77187504402396 -158.26964892887304 349978.67665404267609 27.40905251354521 325.45544591887523
13380.0 -0.01364212385296 23.75651775342556 -158.23862951133174 349989.29104276094586 27.56144220835802 325.60989330307751
13410.0 -0.01540096793823 23.74104850570346 -158.20776375806412 349991.75719849765301 27.71424394780017 325.76417824520166
13440.0 -0.01541706632402 23.72546760076915 -158.17704531229683 349986.54361636191607 27.86751571933728 325.91835061779568
13470.0 -0.01494012697301 23.70977884617959 -158.14649282367111 349972.24732402898371 28.02109934809096 326.07227578766873
13500.0 -0.01530940415855 23.69397980518929 -158.11608082626097 349950.76283823046833 28.17521839580309 326.22614519621618
13530.0 -0.01554686746335 23.67910164651180 -158.08661118806555 350016.34693740494549 28.32962657586346 326.37974861631727
13560.0 -0.01452557078751 23.66309249110608 -158.05652214347563 349977.23380417935550 28.48441688065673 326.53316590548178
13590.0 -0.01489887109216 23.64800285406580 -158.02734152578236 350027.50547492410988 28.63971291191000 326.68650366587457
13620.0 -0.01594029400041 23.63178570201013 -157.99755771273777 349972.04929734859616 28.79533934890321 326.83961187777754
13650.0 -0.01620391821627 23.61649245363850 -157.96868665131890 350005.45286121591926 28.95135267499158 326.99253946859483
13680.0 -0.01576320348347 23.60109809610589 -157.93996181863267 350030.99691682215780 29.10778220118024 327.14531220865979
13710.0 -0.01545932680277 23.58457763612797 -157.91063285838590 349951.12579103186727 29.26468661121228 327.29798141581995
13740.0 -0.01660539690093 23.56898562772918 -157.88221090523581 349960.24124495778233 29.42190601919315 327.45040959208319
13770.0 -0.01766593435242 23.55329358648838 -157.85392209717565 349962.42398705612868 29.57966683965138 327.60279323105863
13800.0 -0.01649269992718 23.53750763321051 -157.82579435800236 349955.61825939826667 29.73771950197786 327.75491691355541
13830.0 -0.01579037017431 23.52265105688457 -157.79854216344131 350039.65361865237355 29.89615863642359 327.90686313275035
13860.0 -0.01503973935464 23.50667631101816 -157.77070854955360 350016.80937890056521 30.05500963623908 328.05865462503863
13890.0 -0.01661746980387 23.49060594005307 -157.74300849720223 349986.94795741606504 30.21440877933112 328.21041095097911
13920.0 -0.01452456382586 23.47546931041349 -157.71618044169335 350047.91563305072486 30.37410085999024 328.36191063015366
13950.0 -0.01581049404297 23.45921954298746 -157.68878831317500 350000.94263397809118 30.53418383097934 328.51323965919642
13980.0 -0.01582055538636 23.44390230530925 -157.66224509561582 350046.29908761940897 30.69468690243312 328.66442438461047
14010.0 -0.01515545366771 23.42747315702021 -157.63513824513606 349983.80374815128744 30.85566948634677 328.81551783822016
14040.0 -0.01471473775303 23.41198015990015 -157.60888210699875 350013.33758286945522 31.01696986333937 328.96637912390293
14070.0 -0.01542612306952 23.39639731273814 -157.58275156471137 350036.19338859152049 31.17881745369964 329.11721069145580
14100.0 -0.01655407849481 23.38022164442366 -157.55643288459072 349999.64562207832932 31.34095921221081 329.26779103380295
14130.0 -0.01376689254777 23.36396256940676 -157.53026153683933 349954.90345316287130 31.50349146985619 329.41820570356703
14160.0 -0.01504074749818 23.34812754922430 -157.50456073341965 349953.91158523038030 31.66653837881537 329.56856545775730
14190.0 -0.01581149864086 23.33322984014482 -157.47967589931321 350046.90643894299865 31.82992293917913 329.71871500411999
14220.0 -0.01565956325521 23.31723289788886 -157.45426149260351 350029.85151797719300 31.99370127890841 329.86870492673489
14250.0 -0.01552976329777 23.30115562550314 -157.42898684631544 350005.01977539155632 32.15790248468836 330.01856214128145
14280.0 -0.01659633779168 23.28499762352874 -157.40384588904149 349972.82387808617204 32.32258666455083 330.16834141181050
14310.0 -0.01668186571082 23.26977894300327 -157.37950429250546 350035.50290756765753 32.48759037719172 330.31789844172374
14340.0 -0.01704309547629 23.25346431767359 -157.35463624611776 349988.08094548992813 32.65314590958196 330.46744168574236
14370.0 -0.01530135437471 23.23809020505781 -157.33056080874522 350035.87190047465265 32.81899690722673 330.61674351521890
14400.0 -0.01537782436648 23.22162800998210 -157.30598474349424 349971.82459129579365 32.98524135160257 330.76589258696566
14430.0 -0.01627837901225 23.20610103594839 -157.28216941019417 350005.08997670747340 33.15200359976460 330.91500195682823
14460.0 -0.01612040422043 23.19050177617882 -157.25849367904945 350030.37722011003643 33.31910590122790 331.06391345446605
14490.0 -0.01659332045235 23.17482982052315 -157.23495194004801 350048.06412385962903 33.48660417231356 331.21267860026467
14520.0 -0.01594834378425 23.15807689908016 -157.21092538997848 349952.94038116093725 33.65452736330137 331.36132495521133
14550.0 -0.01551165098866 23.14226045847191 -157.18764464442614 349955.90790694113821 33.82293627443632 331.50990918321867
14580.0 -0.01560422172999 23.12637652347333 -157.16450562351002 349950.69201756641269 33.99166574400002 331.65828328776132
14610.0 -0.01470366708423 23.11142503809878 -157.14208714406831 350045.10666630137712 34.16095092015244 331.80666227540712
14640.0 -0.01481334553677 23.09540234806989 -157.11920618293448 350025.18835589848459 34.33053213850913 331.95481187128365
14670.0 -0.01498439901130 23.07931321744327 -157.09645959266189 349997.54755552206188 34.50050903129736 332.10282410920763
14700.0 -0.01523695728588 23.06315512856361 -157.07383523762533 349962.99742471612990 34.67100613195677 332.25081461082965
14730.0 -0.01482139532061 23.04793501872229 -157.05193434077620 350027.65731265395880 34.84184496383016 332.39862203518351
14760.0 -0.01725640942956 23.03164950687911 -157.02957944806172 349977.49000544752926 35.01308121552037 332.54629897220127
14790.0 -0.01599865286495 23.01629915473894 -157.00793066043255 350027.61749578081071 35.18474368642161 332.69387371774832
14820.0 -0.01553278063710 22.99988519248438 -156.98582837874415 349962.91201855335385 35.35689386169381 332.84140502826426
14850.0 -0.01594834378425 22.98440896611543 -156.96443328846797 349998.33133335504681 35.52936486623831 332.98874087397076
14880.0 -0.01723125429827 22.96886598319519 -156.94314804898204 350027.50438319519162 35.70239469409665 333.13610343480303
14910.0 -0.01657319776557 22.95326506307282 -156.92199779776527 350048.71760879363865 35.87572037945433 333.28325120126777
14940.0 -0.01707730380743 22.93661244726599 -156.90042092100521 349953.32344104070216 36.04944320086146 333.43027989722879
14970.0 -0.01561830855624 22.92089009956776 -156.87951401135035 349960.38474692683667 36.22368783390548 333.57730801500247
15000.0 -0.01624617987689 22.90511135181849 -156.85873755218344 349959.74297734815627 36.39827510608647 333.72417071846763
15030.0 -0.01507093389210 22.88927547853195 -156.83808627800491 349951.73433102387935 36.57326045944657 333.87092182147188
15060.0 -0.01483548096498 22.87436843767603 -156.81809146256242 350046.92174609564245 36.74867252575637 334.01759046033078
15090.0 -0.01571892789953 22.85841591000487 -156.79767494057754 350025.14491251204163 36.92457346465233 334.16423770752613
15120.0 -0.01337245904905 22.84241154580092 -156.77739076178443 349995.47326369769871 37.10079470028181 334.31070712778165
15150.0 -0.01380814724674 22.82634864780923 -156.75721665705447 349959.36066894698888 37.27757704610452 334.45722878379138
15180.0 -0.01426395694932 22.81121628858060 -156.73769329818546 350026.68764445278794 37.45465425387704 334.60355327016941
15210.0 -0.01381519006892 22.79505126794420 -156.71777434341180 349975.31385841127485 37.63212923825424 334.74978036146723
15240.0 -0.01441388195730 22.77980804006970 -156.69847635193602 350029.27865616418421 37.81012677671204 334.89603177111678
15270.0 -0.01421666402606 22.76353904822257 -156.67879654756621 349963.62370482366532 37.98846703761367 335.04213880717651
15300.0 -0.01413113847068 22.74819438229588 -156.65974013964643 350003.09201703500003 38.16720519438176 335.18815668744713
15330.0 -0.01325372857853 22.73279764133724 -156.64079716752326 350035.76266902964562 38.34636969215913 335.33411551441145
15360.0 -0.01332114300669 22.71686288966543 -156.62171707437784 350005.38875025324523 38.52602335037354 335.48007893689316
15390.0 -0.01315008716840 22.70088317324169 -156.60276431013446 349967.28457063622773 38.70599591195442 335.62588569827449
15420.0 -0.01463122257532 22.68533411660431 -156.58415766134064 349979.70966558996588 38.88653097035805 335.77177455743697
15450.0 -0.01314203974832 22.66974096025211 -156.56567611287699 349984.51071845646948 39.06735902584160 335.91748746787277
15480.0 -0.01234210562772 22.65410106649427 -156.54731027260149 349982.27665800135583 39.24858461235030 336.06312867276085
15510.0 -0.01238839040745 22.63841101863338 -156.52904910891104 349973.69461473356932 39.43033256205417 336.20882351183411
15540.0 -0.01138319329929 22.62267785999723 -156.51090840446250 349957.73573133070022 39.61242242784589 336.35439903586791
15570.0 -0.01100888603299 22.60785684425447 -156.49334279864826 350049.83057968504727 39.79490908905368 336.49991207851616
15600.0 -0.01131074524474 22.59203336735445 -156.47542631947249 350020.13497369270772 39.97782078253681 336.64539385934989
15630.0 -0.01117289668534 22.57616426573989 -156.45761726198961 349983.83662542328238 40.16122096780494 336.79091090871407
15660.0 -0.01124735511756 22.56073154131057 -156.44015376377303 349997.96568083297461 40.34493773417529 336.93629668354424
15690.0 -0.01075028953412 22.54525019471085 -156.42278690082986 350006.14033050742000 40.52921740011928 337.08179957604443
15720.0 -0.00988495609056 22.52973069296459 -156.40553998157290 350006.87516481429338 40.71378725945835 337.22715205684415
15750.0 -0.01089417749969 22.51417011934229 -156.38840376588669 350000.73473528772593 40.89875344102826 337.37246332525297
15780.0 -0.01156330351932 22.49903570081246 -156.37158250998840 350046.90152529906482 41.08424077596577 337.51786281835672
15810.0 -0.01058728584343 22.48292206952128 -156.35444663440094 349968.80169041547924 41.27006825384971 337.66317288298944
15840.0 -0.01104611170346 22.46770949179621 -156.33784695780506 350001.12804234866053 41.45629043000339 337.80845221973766
15870.0 -0.01100184321081 22.45245593937028 -156.32135112634055 350026.94738009572029 41.64293530839087 337.95373334825297
15900.0 -0.01102095893593 22.43715983475751 -156.30495369975560 350046.57612993102521 41.83006696317972 338.09908604116725
15930.0 -0.01100787907134 22.42136298122920 -156.28846451602513 349999.88916209433228 42.01751186639272 338.24433794747546
15960.0 -0.01013650503972 22.40598880404016 -156.27227388376483 350006.45303387008607 42.20551898906561 338.38974817946564
15990.0 -0.01156229773954 22.39058178827712 -156.25619794753618 350005.77039971668273 42.39381247955552 338.53503877098728
16020.0 -0.01061847801713 22.37513874750840 -156.24022762052749 349998.38156182970852 42.58250002789913 338.68032444973420
16050.0 -0.00914036231330 22.36011643671432 -156.22454884836060 350044.66610876284540 42.77170639944924 338.82573930284315
16080.0 -0.00901659939827 22.34459990497155 -156.20878173739118 350024.30727497115731 42.96125008135765 338.97110047504611
16110.0 -0.01011537657317 22.32904974785019 -156.19312001928282 349997.20091366209090 43.15118527038054 339.11646883484036
16140.0 -0.00954083167255 22.31346568862071 -156.17756128230522 349963.47447229735553 43.34153970908827 339.26187842566571
16170.0 -0.00936474693538 22.29875756841018 -156.16247652112719 350044.05676164850593 43.53237805426184 339.40740269274448
16200.0 -0.00758476965604 22.28310723989666 -156.14712296269906 349997.10981124918908 43.72352520698239 339.55286289174398
16230.0 -0.00901962028323 22.26787311315820 -156.13204478652196 350004.77192384563386 43.91523269777598 339.69853012354736
16260.0 -0.00744993725409 22.25261084081760 -156.11707601074681 350005.38809975795448 44.10722160882003 339.84411490081538
16290.0 -0.00830521289990 22.23731697565687 -156.10220770194979 349999.47450454626232 44.29960114688342 339.98973815691960
16320.0 -0.00905181705483 22.22198740342997 -156.08742983417491 349987.60489091835916 44.49249593577819 340.13553928256084
16350.0 -0.00826798486567 22.20707796148951 -156.07293283967152 350030.04340443946421 44.68572403136165 340.28132966505757
16380.0 -0.00852657781890 22.19168984809718 -156.05835792833577 350004.92210464086384 44.87933923136001 340.42717270504909
16410.0 -0.00913432408901 22.17627208611634 -156.04388092211252 349973.35032664146274 45.07336898417330 340.57310424674858
16440.0 -0.00758376387627 22.16126685975546 -156.02966684263373 349997.14138256758451 45.26787848883531 340.71920192570946
16470.0 -0.00830923838276 22.14623507770289 -156.01555508486339 350014.22784889116883 45.46269113357592 340.86527994687498
16500.0 -0.00878718587731 22.13116736716179 -156.00152575940567 350025.74559072684497 45.65806089053079 341.01162289093986
16530.0 -0.00827100220500 22.11607558761661 -155.98760053070893 350030.42321449983865 45.85370587656352 341.15792851318622
16560.0 -0.00835652894226 22.10095603950264 -155.97377061769353 350028.75284216925502 46.04973675759532 341.30432476114072
16590.0 -0.00843098973824 22.08580440744229 -155.96002630976380 350021.27277263626456 46.24627792724449 341.45095710931463
16620.0 -0.00708871221614 22.07062866883796 -155.94638139515186 350007.17542742751539 46.44314709251233 341.59763056868275
16650.0 -0.00740365247436 22.05542736764941 -155.93283156820732 349986.69120204355568 46.64039760466327 341.74441151819752
16680.0 -0.00690457651326 22.04020008127421 -155.91937456282673 349959.93181701563299 46.83805657980646 341.89133794983934
16710.0 -0.00729095904625 22.02537611396400 -155.90615813963461 349989.88872041832656 47.03618970872648 342.03849231905087
16740.0 -0.00618614601082 22.01052911358757 -155.89303882274373 350013.34219539072365 47.23461893817480 342.18568104152183
16770.0 -0.00719738134327 21.99522090314436 -155.87984804051368 349968.38607327174395 47.43360053477134 342.33320394582978
16800.0 -0.00769042262572 21.98074879631878 -155.86705431422052 350042.76215445529670 47.63284977558972 342.48074461585742
16830.0 -0.00705953160199 21.96539847649719 -155.85405628480194 349984.75169928185642 47.83247871235323 342.62843898807824
16860.0 -0.00642059079441 21.95086979293093 -155.84142976556598 350047.56698746420443 48.03261140431212 342.77643956228809
16890.0 -0.00804863150623 21.93547262132058 -155.82861036721252 349977.22256059013307 48.23306530478351 342.92454428457671
16920.0 -0.00737044874111 21.92089758299154 -155.81616420741867 350027.68095690850168 48.43389326250819 343.07282306580606
16950.0 -0.00725574138969 21.90587735189312 -155.80366418276395 350008.54090517666191 48.63512201626602 343.22131648592625
16980.0 -0.00703538225047 21.89083205210558 -155.79124688527776 349983.56177243776619 48.83681768593869 343.37011259532915
17010.0 -0.00777192506201 21.87618583752019 -155.77905946174997 350016.04185983352363 49.03880086289714 343.51900919106777
17040.0 -0.00606540279888 21.86150925993815 -155.76694495065664 350043.23695368785411 49.24132992612505 343.66832346593355
17070.0 -0.00618916453203 21.84640216437468 -155.75479340397197 349999.73947808332741 49.44411746698431 343.81772321005963
17100.0 -0.00534898267412 21.83127642342344 -155.74273058169433 349950.01173235382885 49.64727683014635 343.96735353716178
17130.0 -0.00514170576325 21.81653699207154 -155.73087436260610 349959.05077682062984 49.85093161748048 344.11737512207253
17160.0 -0.00467684049705 21.80177935924359 -155.71910704244280 349961.87738704402000 50.05489913797317 344.26757808291381
17190.0 -0.00509340824209 21.78700188795427 -155.70742460869408 349958.69120113458484 50.25923167088889 344.41803655914083
17220.0 -0.00488109770483 21.77260866577716 -155.69594657535367 350014.49314708076417 50.46395552364304 344.56879428508341
17250.0 -0.00446352299813 21.75778644915089 -155.68442295495032 349999.84273991733789 50.66913716707841 344.71994587263026
17280.0 -0.00361831224134 21.74335114532736 -155.67310781134924 350043.99842721782625 50.87459594060928 344.87127957203984
17310.0 -0.00534395377524 21.72848784839009 -155.66174457248042 350017.73286297544837 51.08059210978055 345.02313249913152
17340.0 -0.00424417200245 21.71361259519219 -155.65047327752075 349985.00851967744529 51.28683576815662 345.17515478479805
17370.0 -0.00465872582418 21.69911717518695 -155.63939839934358 350011.77349783852696 51.49344143605843 345.32750218666752
17400.0 -0.00374710641901 21.68459716787402 -155.62839478960876 350033.18612648267299 51.70053211147513 345.48034497749347
17430.0 -0.00431963621444 21.66966835251110 -155.61736560792542 349982.81360836513340 51.90792508406483 345.63346460769714
17460.0 -0.00441019421434 21.65511614794368 -155.60652741519058 349992.26492147333920 52.11567198251397 345.78694033574305
17490.0 -0.00347945672029 21.64054551023565 -155.59576707582858 349995.97901184670627 52.32379861739253 345.94081979120534
17520.0 -0.00273587108657 21.62595401105983 -155.58507974695402 349994.18405982293189 52.53237171187830 346.09520536977624
17550.0 -0.00297836565399 21.61135016926739 -155.57447767605530 349986.24773977138102 52.74120947617565 346.24987474179540
17580.0 -0.00329028975477 21.59710676297314 -155.56404343404574 350039.45030995458364 52.95057378347261 346.40518807823344
17610.0 -0.00303571873876 21.58208572248432 -155.55349434688873 349953.64649172686040 53.16017245606140 346.56077570052804
17640.0 -0.00430454360842 21.56781417162239 -155.54322204714680 349994.99796183034778 53.37012104178137 346.71680584649778
17670.0 -0.00305886231051 21.55351945579970 -155.53301638539747 350031.14807151444256 53.58054175825065 346.87346017402916
17700.0 -0.00357806214027 21.53883363176705 -155.52279539749415 349994.62407997902483 53.79125201796650 347.03051055351341
17730.0 -0.00245815886258 21.52413514858472 -155.51265275650692 349952.21939257252961 54.00230269918882 347.18804252011319
17760.0 -0.00416870542669 21.50979622636503 -155.50267724742039 349971.11301165353507 54.21371903405252 347.34610858354120
17790.0 -0.00425020904486 21.49543775170235 -155.49277003193006 349984.65906161814928 54.42556787321330 347.50482049536009
17820.0 -0.00401576189751 21.48106842267211 -155.48294306252853 349992.26696543022990 54.63766644196895 347.66394420804841
17850.0 -0.00282944878955 21.46667680095925 -155.47317849408734 349994.77766169048846 54.85027787421545 347.82386683207943
17880.0 -0.00354284566559 21.45227665579339 -155.46349563296354 349991.25419885385782 55.06310799349694 347.98419640068767
17910.0 -0.00347744279698 21.43786317884317 -155.45388641241229 349982.06933251675218 55.27627318656246 348.14511596712759
17940.0 -0.00476941123838 21.42343128429028 -155.44434253404765 349967.59873145166785 55.48989467507235 348.30682085707565
17970.0 -0.00455408217991 21.40934928232350 -155.43495516824075 350015.18354569748044 55.70379015500246 348.46907239197662
18000.0 -0.00368572666950 21.39489426187434 -155.42556031259048 349989.28133991919458 55.91800992631105 348.63196166406436
18030.0 -0.00387187629570 21.38078274804522 -155.41631316499493 350025.89491441193968 56.13257795608629 348.79555190154514
18060.0 -0.00464564595959 21.36629877283684 -155.40705504727680 349989.06810936238617 56.34756134710035 348.95996401943313
18090.0 -0.00359617444938 21.35216057856757 -155.39794855887178 350014.63497712928802 56.56277650742294 349.12495102225711
18120.0 -0.00332248889013 21.33800069566909 -155.38889997028258 350035.24362824298441 56.77848739771100 349.29093185198894
18150.0 -0.00378433563512 21.32348545731385 -155.37985819014054 349981.43740230239928 56.99439816845179 349.45748939989676
18180.0 -0.00358510614433 21.30930737055240 -155.37095682080991 349990.62104384414852 57.21062580289669 349.62482455825131
18210.0 -0.00319570627201 21.29511147251924 -155.36211627381942 349994.66741765290499 57.42729025888952 349.79314929120414
18240.0 -0.00264933738765 21.28090662586545 -155.35334794058431 349993.05388048570603 57.64420969515856 349.96221338368377
18270.0 -0.00322488570428 21.26669093705717 -155.34464832157539 349985.92484109289944 57.86143307617435 350.13212006478244
18300.0 -0.00292101138735 21.25280133633056 -155.33607789082984 350042.48138986527920 58.07898413259009 350.30293611566680
18330.0 -0.00250243090087 21.23822206227997 -155.32744506896816 349955.51361511833966 58.29692943919527 350.47479886687876
18360.0 -0.00340097280521 21.22430872148422 -155.31900756798353 350001.25622849818319 58.51508477922746 350.64744709098898
18390.0 -0.00160690869962 21.21037382465868 -155.31062360260248 350042.17144707124680 58.73371439113765 350.82133782970931
18420.0 -0.00260003290484 21.19610236599836 -155.30225534369015 350007.88929898850620 58.95252113972946 350.99602556374094
18450.0 -0.00286164556115 21.18182271287125 -155.29395429655949 349968.08241784479469 59.17162228897628 351.17173301939084
18480.0 -0.00227704049902 21.16785480073658 -155.28576603767019 349992.83833075780421 59.39113619263756 351.34869274686019
18510.0 -0.00294717348029 21.15387817370119 -155.27764528424711 350012.11707874294370 59.61088166876625 351.52664206827001
18540.0 -0.00239275599397 21.13989088165135 -155.26958866064729 350026.04963027220219 59.83090642983930 351.70569696431357
18570.0 -0.00295522208225 21.12589214798798 -155.26159437421478 350034.69827701430768 60.05123320292343 351.88593487783908
18600.0 -0.00235753715553 21.11187908737661 -155.25365794001956 350038.23351481091231 60.27192803893082 352.06751106069589
18630.0 -0.00304376970448 21.09786090741183 -155.24579049244943 350036.18744908180088 60.49280631295933 352.25014880317195
18660.0 -0.00245815649882 21.08382514206193 -155.23797523448368 350029.23010688833892 60.71413183625205 352.43435143770080
18690.0 -0.00207680759221 21.06978651551892 -155.23023028963857 350016.61636347509921 60.93560664609255 352.61964133484145
18720.0 -0.00298540847618 21.05573964933558 -155.22254797065116 349998.64676859602332 61.15734786741625 352.80626845397967
18750.0 -0.00261412091296 21.04167913943988 -155.21492069664473 349975.60893474891782 61.37947180679382 352.99449130210502
18780.0 -0.00316149439522 21.02791782378653 -155.20739829010662 350017.85339756775647 61.60179815007167 353.18403403105060
18810.0 -0.00332148074659 21.01384399991796 -155.19989788933975 349984.02396329492331 61.82437306478602 353.37502943857271
18840.0 -0.00309307418729 21.00006219485045 -155.19249456707681 350015.84880988486111 62.04721801536367 353.56756939655168
18870.0 -0.00247123872717 20.98596849658573 -155.18510987397948 349971.61681026779115 62.27039814429507 353.76183234112824
18900.0 -0.00299446522167 20.97216878154589 -155.17782598336942 349992.96211220975965 62.49372865326428 353.95752504219058
18930.0 -0.00258091363407 20.95835089625396 -155.17059009875118 350009.51471626292914 62.71747200327820 354.15520806895069
18960.0 -0.00278819290870 20.94452984617025 -155.16341999355103 350020.59192638751119 62.94132994115964 354.35436759403962
18990.0 -0.00268052956135 20.93070006820040 -155.15630810716161 350026.46907706093043 63.16541888161527 354.55528829535393
19020.0 -0.00280328551472 20.91657010482284 -155.14921887921517 349955.85131983831525 63.38985248877522 354.75826213640107
19050.0 -0.00316451409831 20.90300697616269 -155.14224735666139 350023.00353639945388 63.61445152333056 354.96299991311361
19080.0 -0.00323394126790 20.88915078709456 -155.13530575709737 350013.37183495238423 63.83926019270238 355.16965716071837
19110.0 -0.00290692692486 20.87528666757227 -155.12842060212353 349998.56019637454301 64.06429832290794 355.37834577655411
19140.0 -0.00309609034474 20.86141154327123 -155.12158755939544 349978.71084105875343 64.28962960285993 355.58927495417697
19170.0 -0.00263826790072 20.84753492464688 -155.11481727691006 349953.43595707695931 64.51506929997771 355.80213447848661
19200.0 -0.00274995791281 20.83391599025206 -155.10811393358682 349995.39259281847626 64.74087728646711 356.01755715971410
19230.0 -0.00227100463849 20.82029316214988 -155.10147203019659 350032.03966072574258 64.96675563751594 356.23498867211731
19260.0 -0.00300251382363 20.80639309028934 -155.09486632886384 349991.35068659391254 65.19281925683457 356.45475908883043
19290.0 -0.00216334129113 20.79274773755468 -155.08832655623897 350018.02126580197364 65.41917833796002 356.67720461052920
19320.0 -0.00295824060346 20.77883344442811 -155.08182851660317 349967.05707318242639 65.64565489252729 356.90202359256830
19350.0 -0.00245916464235 20.76517637916166 -155.07540095056981 349983.36603819299489 65.87229055609777 357.12940318502859
19380.0 -0.00255978398564 20.75151040000996 -155.06902570641898 349994.62834676261991 66.09910294742716 357.35948385830005
19410.0 -0.00189468344888 20.73783233193168 -155.06269853397060 350000.97086991276592 66.32615350392992 357.59251679636458
19440.0 -0.00252658143427 20.72415181577263 -155.05642987084150 350002.04415303189307 66.55325776547792 357.82817560958756
19470.0 -0.00203353778805 20.71045548261942 -155.05020383613765 349998.34811946749687 66.78067130346932 358.06718651629410
19500.0 -0.00200536649932 20.69675889339194 -155.04403754175061 349989.32604671921581 67.00809721076220 358.30895064126349
19530.0 -0.00176588808933 20.68305615542985 -155.03792363983050 349975.20415845233947 67.23564771724669 358.55385916584686
19560.0 -0.00152138196235 20.66934162703352 -155.03185517869332 349956.18684468511492 67.46342834571925 358.80230852238788
19590.0 -0.00136843961505 20.65586616767913 -155.02584629299577 350005.15271537378430 67.69126244027407 359.05398774860970
19620.0 -0.00140365372597 20.64238130838366 -155.01988736902257 350049.14967748429626 67.91918812384867 359.30912934204827
19650.0 -0.00133724625947 20.62864944101645 -155.01397493566063 350014.86347986198962 68.14721991091987 359.56791580000157
19680.0 -0.00220560058800 20.61490887150131 -155.00810907288823 349975.60162627603859 68.37541576966711 359.83065749851482
19710.0 -0.00131209112818 20.60140124871390 -155.00229957749698 350004.55962574668229 68.60359160812331 0.09701533516368
19740.0 -0.00082709962956 20.58787619360301 -154.99652893746099 350028.82897428143770 68.83199624139284 0.36783976088947
19770.0 -0.00057856920160 20.57412255245713 -154.99081669837926 349974.25922016892582 69.06033449365356 0.64248461349448
19800.0 -0.00158477090765 20.56059065664153 -154.98515131391420 349988.28695421293378 69.28871416088055 0.92142609903683
19830.0 -0.00099010568401 20.54704537611945 -154.97952760570737 349997.50849964749068 69.51723427417627 1.20514542488291
19860.0 -0.00103337194253 20.53349606389132 -154.97395518642122 350001.64671195484698 69.74571936172615 1.49332976690109
19890.0 -0.00050008410464 20.51994060720194 -154.96843118600052 350000.77314980793744 69.97420251872828 1.78627890995966
19920.0 -0.00114807929395 20.50637811377999 -154.96295408240888 349994.91995783708990 70.20269367569848 2.08423921482729
19950.0 -0.00046084214710 20.49280524167602 -154.95751975735482 349984.18506483267993 70.43124538812577 2.38760748346241
19980.0 -0.00074760993470 20.47944152187115 -154.95212769212785 350042.45476405136287 70.65967374180408 2.69604069111931
20010.0 0.00020224801199 20.46585129226426 -154.94678254196995 350021.86914289183915 70.88821711850743 3.01055996805646
20040.0 -0.00064497784998 20.45226275177406 -154.94149138056767 349996.08545539993793 71.11658267892230 3.33047273082852
20070.0 -0.00055542444798 20.43887179071924 -154.93623325317168 350039.64008776936680 71.34487099204382 3.65637789223321
20100.0 -0.00015193656753 20.42526594561645 -154.93102809671834 350004.02986262086779 71.57317169089340 3.98888040186723
20130.0 0.00044977266018 20.41165924538833 -154.92587254633784 349963.31109586171806 71.80130981824244 4.32768143570974
20160.0 -0.00028576318971 20.39824407147849 -154.92074682908660 349992.10152249224484 72.02931087906086 4.67318422722489
20190.0 -0.00002615972919 20.38481993982514 -154.91566434520564 350016.00004928652197 72.25717766129587 5.02573548696645
20220.0 0.00011772469074 20.37138342032862 -154.91062104677414 350035.08865135442466 72.48495404919487 5.38586294775112
20250.0 -0.00023343900381 20.35794453421316 -154.90562679527127 350049.13367542717606 72.71245544443468 5.75323893663274
20280.0 -0.00084319919724 20.34430481978533 -154.90068759507270 349983.65894292853773 72.93990400700574 6.12912764669387
20310.0 0.00000000000000 20.33085173738464 -154.89577850669104 349987.84432635549456 73.16700939455130 6.51279921604902
20340.0 -0.00069126262971 20.31739207616268 -154.89091256175024 349987.09503587335348 73.39386027913869 6.90503652964790
20370.0 -0.00010665756758 20.30392002463950 -154.88608334891666 349981.53583964798599 73.62053199743679 7.30663202878879
20400.0 -0.00047895209245 20.29061902840862 -154.88127486343234 350046.00546913221478 73.84684828254666 7.71733278479703
20430.0 0.00014187404226 20.27713638246976 -154.87653369700703 350030.53148292098194 74.07282248979158 8.13770654352685
20460.0 0.00041355040572 20.26364984917274 -154.87183639294466 350010.07571492437273 74.29841207872514 8.56810608560413
20490.0 -0.00064698940953 20.25015212365243 -154.86717511027237 349984.78244210034609 74.52370746612394 9.00954386442156
20520.0 0.00151332981475 20.23664877071080 -154.86255496658703 349954.54140095226467 74.74859190296043 9.46210692106206
20550.0 -0.00052020679142 20.22330737596993 -154.85795203941802 349994.54634237941355 74.97293357039092 9.92579545106535
20580.0 0.00114908625560 20.20994730566428 -154.85337956647425 350029.85403752326965 75.19692489744983 10.40228146061165
20610.0 0.00045077843995 20.19642939223369 -154.84888546597884 349984.74807317461818 75.42027707975919 10.89082620128727
20640.0 0.00027167636346 20.18306119880624 -154.84439989325620 350010.12958556693047 75.64305554273649 11.39253788417965
20670.0 0.00143182974223 20.16967850821052 -154.83994758377224 350030.72862066794187 75.86530929215510 11.90854424452004
20700.0 0.00028576082595 20.15614301331761 -154.83557215942884 349970.82014666032046 76.08685523600428 12.43871624409369
20730.0 0.00034210931282 20.14275082418582 -154.83120250453695 349981.52282911632210 76.30768300050073 12.98392842259277
20760.0 0.00093174681947 20.12935267888209 -154.82687310047632 349987.30266439542174 76.52772951931580 13.54480530290583
20790.0 0.00072547214274 20.11594115482275 -154.82257626554593 349988.26878092531115 76.74705067075925 14.12279852472825
20820.0 0.00083112511242 20.10252184845463 -154.81831700857555 349984.33309874217957 76.96551212711250 14.71823420113825
20850.0 0.00011068305044 20.08910145117909 -154.81410133009123 349975.40239791758358 77.18296522168842 15.33133444903004
20880.0 0.00178098187724 20.07566528375937 -154.80991460159072 349961.67661530617625 77.39955025502329 15.96441865801479
20910.0 0.00065201949029 20.06235933565711 -154.80573155947016 350018.80643223971128 77.61497394724897 16.61681119901426
20940.0 0.00080093990037 20.04891590823090 -154.80162645037515 349995.16680892650038 77.82925813488627 17.29015752781352
20970.0 0.00145295939066 20.03546096114967 -154.79755306829105 349966.66283229365945 78.04240378047812 17.98613955522163
21000.0 0.00102230481937 20.02212518111066 -154.79347649919450 350009.17520523350686 78.25420753435114 18.70488499838280
21030.0 0.00103437772231 20.00877988108621 -154.78943608959284 350046.80888877063990 78.46461325481694 19.44778458153787
21060.0 0.00251148764637 19.99531053883952 -154.78547782943477 350003.47410828713328 78.67351593230697 20.21592918074922
21090.0 0.00163206383091 19.98183075488999 -154.78155057016136 349955.24611272383481 78.88090685535806 21.01147439802020
21120.0 0.00238772236757 19.96845648337518 -154.77761224401220 349978.20748765766621 79.08661207077770 21.83516184388085
21150.0 0.00239879303638 19.95507876594174 -154.77371405817948 349996.21712774317712 79.29044405578784 22.68759844012403
21180.0 0.00208183649109 19.94168267613498 -154.76984160062511 350009.40840475726873 79.49244748009049 23.57208946062863
21210.0 0.00270467891286 19.92828525233098 -154.76601038732130 350017.62397675402462 79.69230797720549 24.48809756969586
21240.0 0.00183531762268 19.91487969519170 -154.76221362037413 350020.92253807559609 79.88996306295701 25.43807057929164
21270.0 0.00220358784657 19.90146006463231 -154.75844537115393 350019.34405610337853 80.08532237750291 26.42449514262970
21300.0 0.00244205811302 19.88803596180021 -154.75471412669336 350012.80990645289421 80.27813274625287 27.44785555541412
21330.0 0.00234848159191 19.87460520051747 -154.75101742213050 350001.33454611618072 80.46824832638569 28.51023569092465
21360.0 0.00284856451467 19.86116900259092 -154.74735594741870 349984.90757351927459 80.65547944685201 29.61330851932277
21390.0 0.00292201953088 19.84771974450045 -154.74372228005754 349963.57006608787924 80.83969585146482 30.76009632989660
21420.0 0.00243199795151 19.83434607533517 -154.74006630665065 350013.72740416135639 81.02064124305693 31.95173814016718
21450.0 0.00278718358329 19.82088614077080 -154.73650292043033 349982.47291640564799 81.19804771100760 33.18912438776949
21480.0 0.00258997156145 19.80748798165891 -154.73290730948165 350022.79204997047782 81.37178773021000 34.47658831194953
21510.0 0.00255877938775 19.79401118371909 -154.72940688149504 349981.63324328884482 81.54149708792642 35.81333917615307
21540.0 0.00207982374966 19.78060097348455 -154.72588130290643 350012.03746221959591 81.70696194704780 37.20236364800981
21570.0 0.00274693939161 19.76717391518063 -154.72238121691242 350037.52048170566559 81.86793310536460 38.64652518536143
21600.0 0.00292402990855 19.75367331136345 -154.71897426407887 349981.46182045340538 82.02406620390455 40.14591658122194
21630.0 0.00206674388506 19.74023240816080 -154.71554011452420 349997.00616506487131 82.17507022555044 41.70247695136288
21660.0 0.00301257871266 19.72678333192039 -154.71213806918226 350007.58447735942900 82.32062032856066 43.31735992068575
21690.0 0.00263223085831 19.71331836142881 -154.70876082425193 350013.20196089614183 82.46040103981532 44.99315414326058
21720.0 0.00304477548426 19.69984319730346 -154.70541309834417 350013.83876317366958 82.59404422717895 46.72968523417619
21750.0 0.00269059090474 19.68636477212774 -154.70210065577817 350009.48400855343789 82.72118617936890 48.52609895416494
21780.0 0.00362535506353 19.67286770599248 -154.69880942840388 350000.13818620145321 82.84147107948350 50.38547768208866
21810.0 0.00248230585033 19.65936949193537 -154.69555454481844 349985.78946274612099 82.95452173751974 52.30397053607999
21840.0 0.00280127631893 19.64586306512327 -154.69232932616453 349966.43439006805420 83.05996934266639 54.28200914580254
21870.0 0.00283548346820 19.63238371390841 -154.68906243063856 350018.77155054546893 83.15742595786311 56.31927724582891
21900.0 0.00293711095502 19.61885575162970 -154.68589266001914 349989.38634835649282 83.24654406287596 58.41158347446715
21930.0 0.00329028975477 19.60532106780374 -154.68275267939816 349954.97380384989083 83.32696730698689 60.55646447570980
21960.0 0.00288076246815 19.59181376747368 -154.67957551803013 349992.27037085965276 83.39836583979906 62.75003075928115
21990.0 0.00270568469264 19.57828756799008 -154.67642031799070 350024.52223552297801 83.46037892174030 64.98957067211767
22020.0 0.00342612675462 19.56472098005565 -154.67336068028899 349974.97995645925403 83.51274140320453 67.26881796312321
22050.0 0.00240684282022 19.55117827068686 -154.67026504183855 349997.15756783168763 83.55525193461820 69.58058133168439
22080.0 0.00258795763814 19.53761380514992 -154.66718779088234 350014.24038423877209 83.58756883693852 71.92176527874288
22110.0 0.00261210817153 19.52404529139503 -154.66414390936941 350026.28932144679129 83.60966650073068 74.28186797512269
22140.0 0.00235552323222 19.51044960892031 -154.66119825274671 349956.50408823415637 83.62136027920724 76.65515278834648
22170.0 0.00268455622609 19.49685542955203 -154.65820292200709 349958.36754367873073 83.62250257406011 79.03529577679132
22200.0 0.00222371053335 19.48325369975789 -154.65523675987620 349955.15835301578045 83.61317324572940 81.41275356070346
22230.0 0.00302867591658 19.46964965875692 -154.65222417294339 350023.61814191564918 83.59337743412249 83.78039211757873
22260.0 0.00208183767297 19.45602687910851 -154.64931189497767 350010.22164655383676 83.56321229865317 86.13059608079975
22290.0 0.00334663587788 19.44238773568029 -154.64642009011018 349991.66716869361699 83.52269013066224 88.45767670782961
22320.0 0.00291900100968 19.42873691017065 -154.64347821922300 350044.73123175371438 83.47205931298809 90.75392001425115
22350.0 0.00288579373078 19.41508082339934 -154.64064155225265 350015.95480788964778 83.41164867156569 93.01209826511652
22380.0 0.00303672688230 19.40140542733091 -154.63782175603529 349981.95593381114304 83.34145165437013 95.22927308043434
22410.0 0.00291296160351 19.38771902744899 -154.63495683583599 350019.60189213044941 83.26204869162834 97.39788169239603
22440.0 0.00327821566995 19.37403070255094 -154.63219329986850 349975.35673452913761 83.17362870159728 99.51504017869421
22470.0 0.00362535506353 19.36031234162384 -154.62937144994177 350002.59935391042382 83.07640717268865 101.57820070272939
22500.0 0.00314036474679 19.34658329047948 -154.62657597887178 350024.67933502141386 82.97090623358767 103.58342869056121
22530.0 0.00294314799743 19.33284136234659 -154.62380466761354 350041.56488712877035 82.85744118556410 105.52910902630391
22560.0 0.00365352989791 19.31911172309717 -154.62113785210940 349976.58500167261809 82.73639770852147 107.41381764598376
22590.0 0.00359919415246 19.30534150170575 -154.61840977174899 349982.99946328531951 82.60797299653554 109.23766699232959
22620.0 0.00325607787798 19.29155751986305 -154.61570401325682 349984.16977309528738 82.47263794775463 110.99977762033178
22650.0 0.00349555392421 19.27776694473552 -154.61302619136916 349980.17069948185235 82.33089529124047 112.69975670641215
22680.0 0.00352674846167 19.26395377112336 -154.61036257922842 349970.79329359345138 82.18274696784296 114.33965770904943
22710.0 0.00360321845344 19.25009795236928 -154.60764563889438 350032.84262589365244 82.02891269347840 115.91889901681849
22740.0 0.00343015105560 19.23626554968735 -154.60503285574811 350013.01216207351536 81.86955360576960 117.43937286667233
22770.0 0.00330035109816 19.22241521799471 -154.60243709645030 349987.81503797601908 81.70484115435602 118.90292459341568
22800.0 0.00365755419889 19.20850993683310 -154.59978225921733 350033.90130308456719 81.53528371488385 120.31050238488319
22830.0 0.00351568015663 19.19463821220461 -154.59723330742844 349998.14840851817280 81.36111181060537 121.66402714381111
22860.0 0.00356800079688 19.18075744609608 -154.59470762742080 349957.11630727350712 81.18261930799724 122.96528494488413
22890.0 0.00375414805931 19.16680422111487 -154.59211290135579 349987.12662990484387 80.99987089256049 124.21657049436922
22920.0 0.00348348102127 19.15283400640786 -154.58953791341236 350011.74301058053970 80.81323377914633 125.41948624474087
22950.0 0.00349958058895 19.13885404767261 -154.58698825405025 350031.06886467337608 80.62309731216553 126.57567835218961
22980.0 0.00377930437249 19.12484814097598 -154.58445025936106 350044.82138362061232 80.42929260582520 127.68771118416372
23010.0 0.00384370146132 19.11090149323162 -154.58202585680124 349976.94385087955743 80.23244149906584 128.75678846925049
23040.0 0.00370887024124 19.09687569675332 -154.57953447163689 349980.02127256523818 80.03255079461042 129.78506421032057
23070.0 0.00341405266980 19.08282871260483 -154.57705758641586 349977.55151132866740 79.82964897807165 130.77450777877775
23100.0 0.00362837358473 19.06869483108751 -154.57451418838576 350045.94704940728843 79.62412558660120 131.72659150691052
23130.0 0.00423209791763 19.05461998327930 -154.57207895417770 350032.61518881097436 79.41607910015848 132.64308384030002
23160.0 0.00325708247588 19.04053289147644 -154.56966442288805 350013.85342397261411 79.20568058443379 133.52559820873807
23190.0 0.00381150468972 19.02642544609614 -154.56726364003413 349989.48711300641298 78.99286785899044 134.37585177568778
23220.0 0.00400670633389 19.01230350973020 -154.56488100920205 349959.61218541301787 78.77790116290146 135.19521851087555
23250.0 0.00391212285113 18.99808454389667 -154.56243122052706 350000.43951292801648 78.56106805389734 135.98503438380413
23280.0 0.00398658246523 18.98383626751257 -154.55999063749272 350035.46124432887882 78.34208477299357 136.74688885147134
23310.0 0.00388696890172 18.96967284260134 -154.55766564101441 349989.05118600279093 78.12149113043561 137.48185479812935
23340.0 0.00445648017595 18.95539825258463 -154.55526662624547 350013.06487299781293 77.89919717777241 138.19127525352673
23370.0 0.00405299229550 18.94109920636926 -154.55287968088200 350031.31225056014955 77.67514554120646 138.87637142750822
23400.0 0.00509340824209 18.92688974679057 -154.55060534156965 349968.12199512869120 77.44964976701345 139.53818608443657
23430.0 0.00434579712551 18.91256211084936 -154.54825592439386 349975.21304899267852 77.22273376342557 140.17780641338004
23460.0 0.00471708705248 18.89821902623519 -154.54592473526841 349976.68773976434022 76.99449995467722 140.79624177369729
23490.0 0.00491631772515 18.88373944732521 -154.54351062544134 350048.06579044833779 76.76481961676609 141.39447300526172
23520.0 0.00423913955793 18.86946788203494 -154.54130063934497 349962.26561380084604 76.53389420212130 141.97338281622632
23550.0 0.00492335818358 18.85495449769860 -154.53892263696619 350022.29085787013173 76.30195666353319 142.53383055998341
23580.0 0.00455508795969 18.84052995867055 -154.53664686297648 350000.65128327067941 76.06866735178571 143.07663621522272
23610.0 0.00453395949313 18.82609726996541 -154.53439331815161 349973.48706607706845 75.83452098016571 143.60257813287882
23640.0 0.00462350934950 18.81152141348068 -154.53205922064632 350016.07037845347077 75.59938008876648 144.11239036436518
23670.0 0.00400167743502 18.79704798300940 -154.52983139911984 349977.19899040460587 75.36314624868552 144.60674875619068
23700.0 0.00392822241881 18.78242943422793 -154.52752455295339 350008.02844747994095 75.12609274467489 145.08633653321962
23730.0 0.00465369574343 18.76792674460304 -154.52533013175281 349957.67491888906807 74.88820751856659 145.55177541751596
23760.0 0.00416367534593 18.75327244683291 -154.52305458832529 349976.85894296504557 74.64955920063234 146.00366606765792
23790.0 0.00361026245751 18.73859129818905 -154.52078796370114 349989.94910702574998 74.40998776225560 146.44252737434812
23820.0 0.00376723028767 18.72388922605953 -154.51853460349227 349997.08717015758157 74.16966459795056 146.86891765932012
23850.0 0.00332349348802 18.70917371690251 -154.51630007239729 349998.47061300836504 73.92879494561703 147.28339040475487
23880.0 0.00372195128772 18.69442801236183 -154.51407071088153 349993.58700986485928 73.68701366679483 147.68631680650216
23910.0 0.00404896799452 18.67967106878246 -154.51186116809498 349982.97446009237319 73.44479102331083 148.07827905237636
23940.0 0.00312023969625 18.66489500903497 -154.50966482346098 349966.38063573837280 73.20196678481946 148.45965796359170
23970.0 0.00395337873198 18.64993501424877 -154.50737635369484 350018.44050683733076 72.95842372364750 148.83081483356122
24000.0 0.00281636656120 18.63511567080549 -154.50520320480058 349989.68352651596069 72.71441302095583 149.19221691042358
24030.0 0.00421800872762 18.62011439646818 -154.50294260193238 350029.64496177341789 72.46990542688752 149.54421973511680
24060.0 0.00313231614483 18.60525880515761 -154.50079669374634 349988.85838138777763 72.22495268730316 149.88718961636462
24090.0 0.00507529711487 18.59020868756365 -154.49855647452361 350016.38920293468982 71.97938020376930 150.22138557897205
24120.0 0.00438503790117 18.57513453564043 -154.49632714873817 350037.69020957872272 71.73334320581027 150.54717900425160
24150.0 0.00414656999848 18.56021987935716 -154.49421650031718 349978.55259054992348 71.48703213133975 150.86494801359592
24180.0 0.00520207736922 18.54509871908015 -154.49200673131543 349987.33030465524644 71.24007047936846 151.17481486840012
24210.0 0.00573737913042 18.52996332053376 -154.48981442002892 349990.13924205675721 70.99291411981899 151.47724597887171
24240.0 0.00551802577098 18.51480570512824 -154.48763289799587 349986.68616507761180 70.74539162024931 151.77242482325852
24270.0 0.00568203760520 18.49961987350333 -154.48545706311828 349976.73368843179196 70.49737737121254 152.06053714487493
24300.0 0.00617206036646 18.48422547304702 -154.48319048914411 350034.67545944638550 70.24910917721456 152.34192534726731
24330.0 0.00590139096465 18.46899799682733 -154.48103841593840 350012.19497769605368 70.00054942949976 152.61679550003964
24360.0 0.00562669371623 18.45375153037904 -154.47889811105395 349983.47007317375392 69.75174100816784 152.88538124766018
24390.0 0.00645480503496 18.43827897960111 -154.47665791532341 350022.00731660891324 69.50250261212636 153.14779609481494
24420.0 0.00566090677489 18.42298098786700 -154.47453126254067 349980.24162391573191 69.25297999012530 153.40430384793916
24450.0 0.00556632447401 18.40746488269934 -154.47231403959489 350006.03634689468890 69.00335500197929 153.65518160343433
24480.0 0.00602314113825 18.39211955870631 -154.47020275011693 349951.27600055001676 68.75324643450242 153.90041256031995
24510.0 0.00600301608771 18.37655270295886 -154.46800126666560 349963.95172022562474 68.50310073732308 154.14039362204019
24540.0 0.00531175463988 18.36096066089440 -154.46580816568166 349970.04921290278435 68.25274081306317 154.37519640163322
24570.0 0.00523327072480 18.34533745186026 -154.46361835915332 349969.30185144115239 68.00203766996790 154.60490718945474
24600.0 0.00510749506834 18.32969295973695 -154.46143919034492 349962.07292560301721 67.75122007080643 154.82979408150945
24630.0 0.00515277288641 18.31380372509345 -154.45916159182630 350021.42720843013376 67.50024634191115 155.04997735435938
24660.0 0.00472111253534 18.29811121043500 -154.45700013271136 350000.96760545205325 67.24915444380035 155.26561353070713
24690.0 0.00527150690257 18.28216140571083 -154.45473345689396 350046.57273754198104 66.99776021419933 155.47673285912475
24720.0 0.00350762682715 18.26641159757787 -154.45258081020430 350012.38094926811755 66.74620327984900 155.68353503105260
24750.0 0.00498373333519 18.25064530905023 -154.45044051572097 349971.77803418226540 66.49466005659930 155.88623671302139
24780.0 0.00452892704862 18.23460977977915 -154.44819019519446 349996.72129383496940 66.24274788808688 156.08474194305219
24810.0 0.00308703596300 18.21855443992309 -154.44595264607813 350015.11366745736450 65.99090638259378 156.27940348483372
24840.0 0.00432567325685 18.20271220436327 -154.44383000979215 349954.04231357015669 65.73895555800586 156.47022782734547
24870.0 0.00425926460847 18.18635384927451 -154.44149031105607 350030.81144578661770 65.48676555034972 156.65724345067966
24900.0 0.00355492093229 18.17045923788390 -154.43937726496492 349955.88507160730660 65.23455835344620 156.84067198540589
24930.0 0.00426127734990 18.15404518175653 -154.43705142108044 350018.70301847904921 64.98229041793974 157.02058289294794
24960.0 0.00500083513700 18.13785327822461 -154.43484202191894 350002.28105290047824 64.72999682717327 157.19708618376751
24990.0 0.00401878278247 18.12162838819719 -154.43263252439675 349978.54137526359409 64.47749252704187 157.37016325472453
25020.0 0.00400570055412 18.10511873158053 -154.43031673264403 350019.67427190858871 64.22491280258441 157.53997381146519
25050.0 0.00461847926875 18.08884505907886 -154.42812114232021 349982.02498867083341 63.97243028741615 157.70669664480906
25080.0 0.00372396402915 18.07227143475922 -154.42581033473860 350008.52675663121045 63.71966257375000 157.87019000808860
25110.0 0.00403588576616 18.05594169679890 -154.42362119249182 349956.50046147685498 63.46704383401092 158.03077673547131
25140.0 0.00441522665886 18.03931796013360 -154.42132447831719 349968.90194232109934 63.21439267397993 158.18842439011141
25170.0 0.00424416963869 18.02265771209044 -154.41902611751058 349973.66360846254975 62.96157967814977 158.34312701100706
25200.0 0.00403890546925 18.00597080104384 -154.41673348542975 349971.23154554236680 62.70882000949646 158.49507757930121
25230.0 0.00426932713374 17.98925539692064 -154.41444451110917 349961.48379189521074 62.45607204170166 158.64431043720921
25260.0 0.00474827922619 17.97223296029885 -154.41204749981884 350015.56842833291739 62.20336778492513 158.79090852216024
25290.0 0.00444943617188 17.95545229282928 -154.40976008411840 349990.70076651405543 61.95052235407540 158.93482394172287
25320.0 0.00453999535366 17.93835671101932 -154.40736136589916 350029.25135754235089 61.69766768543134 159.07619027387062
25350.0 0.00422907821454 17.92152245054925 -154.40508284945773 349989.71528670471162 61.44497355395133 159.21516141632983
25380.0 0.00480764623426 17.90435808705015 -154.40268399589226 350012.79983885306865 61.19205872508184 159.35156896164372
25410.0 0.00428240699833 17.88716915708683 -154.40029307430663 350028.62618947960436 60.93935273262022 159.48571415454407
25440.0 0.00419285596009 17.87024380368058 -154.39801695698267 349966.28940311819315 60.68667359368112 159.61754077627256
25470.0 0.00484487426850 17.85268661438676 -154.39550872428592 350036.73154591303319 60.43389306702246 159.74702195107326
25500.0 0.00498976919572 17.83569902260303 -154.39323193193951 349958.94893790688366 60.18122286051845 159.87432733209897
25530.0 0.00412543798629 17.81807666827406 -154.39072744657989 350013.83594891522080 59.92861866673205 159.99947581970511
25560.0 0.00427938847713 17.80072706254242 -154.38833924333829 349990.84387550503016 59.67611266822367 160.12252940040582
25590.0 0.00573536757087 17.78333970179737 -154.38594568746919 349959.66193890385330 59.42352074963807 160.24342235766713
25620.0 0.00525842585610 17.76560790712650 -154.38343584985304 349990.31530947703868 59.17097207726539 160.36227042228663
25650.0 0.00503705857334 17.74784711536542 -154.38093044700244 350013.25346598681062 58.91863410113567 160.47921038314695
25680.0 0.00537313320751 17.73003955465436 -154.37841488757812 350027.42586544901133 58.66612729726186 160.59405841787017
25710.0 0.00499882475933 17.71220544560447 -154.37590470529403 350033.94499738514423 58.41387702339807 160.70709936224915
25740.0 0.00578567546970 17.69433633765052 -154.37339269276069 350032.28942898195237 58.16170119569765 160.81826223419486
25770.0 0.00541237634693 17.67642635722502 -154.37087366566772 350022.07213995885104 57.90947316083886 160.92750730939758
25800.0 0.00581787578693 17.65848549372613 -154.36835505306530 350003.83559542521834 57.65740029821986 161.03498871384298
25830.0 0.00482575736149 17.64051182146976 -154.36583481088709 349977.42837499547750 57.40543862525984 161.14071280162750
25860.0 0.00609055556641 17.62217263178569 -154.36319665382283 350011.63933344837278 57.15361956382349 161.24472889978051
25890.0 0.00560455946990 17.60378837295000 -154.36054986540000 350036.92285888083279 56.90176012450786 161.34696037318255
25920.0 0.00514673702588 17.58570497202333 -154.35801640582633 349985.13673382345587 56.64998705498585 161.44751025710067
25950.0 0.00543048629228 17.56725379844609 -154.35536738668259 349993.80730718001723 56.39846579852367 161.54650309739230
25980.0 0.00494549715742 17.54875395970999 -154.35270522655813 349993.18232227023691 56.14681887485034 161.64374640686191
26010.0 0.00534696993269 17.53022589607516 -154.35004575479252 349984.48583085555583 55.89546773647800 161.73951203044427
26040.0 0.00584403669800 17.51166106774836 -154.34738158752836 349967.14498105272651 55.64423050474876 161.83371973416939
26070.0 0.00464967262433 17.49270066467555 -154.34458884589097 350008.54796474520117 55.39298235798387 161.92632188373460
26100.0 0.00607143865941 17.47370240201618 -154.34179322299599 350041.20911021064967 55.14192663172272 162.01746082484601
26130.0 0.00560053516892 17.45502264089034 -154.33911171520617 349997.42834826186299 54.89101989350317 162.10713469126117
26160.0 0.00617910318864 17.43594926704305 -154.33630723999894 350012.47967013902962 54.64029303342771 162.19538408216346
26190.0 0.00537514358518 17.41719276089941 -154.33361061531156 349950.81870374921709 54.38956440990376 162.28212569885881
26220.0 0.00683816668299 17.39766893417644 -154.33066782088358 350014.58418204635382 54.13895857323321 162.36745321431221
26250.0 0.00556431173258 17.37847647006105 -154.32784344108626 350002.49818090721965 53.88863915335557 162.45148209903297
26280.0 0.00654636763275 17.35886246694459 -154.32488256899487 350047.40107054077089 53.63823093656848 162.53401530724869
26310.0 0.00588629717675 17.33958761869368 -154.32204146318389 350016.81086919084191 53.38815162561121 162.61531408529308
26340.0 0.00670333546292 17.32027458771729 -154.31919260390634 349977.08253230992705 53.13821975190123 162.69529238685536
26370.0 0.00617306614623 17.30053846665994 -154.31620986087347 349994.17981589026749 52.88831247278556 162.77389775809354
26400.0 0.00726378999165 17.28076323712698 -154.31322118717065 350002.04287134297192 52.63862926844704 162.85126329854003
26430.0 0.00626764844711 17.26094706889837 -154.31022448286464 350000.49641477782279 52.38912739432318 162.92738168016911
26460.0 0.00676974529318 17.24109174381764 -154.30722059390226 349989.61636388115585 52.13983735350256 163.00228733042124
26490.0 0.00785443327807 17.22079921440935 -154.30408013955355 350034.57045674603432 51.89057899745714 163.07589295454846
26520.0 0.00684219334773 17.20085203435066 -154.30105078131746 350003.93691435735673 51.64147482276147 163.14828510161860
26550.0 0.00696092145449 17.18087170360075 -154.29801729745651 349964.24560355953872 51.39268676591540 163.21957231163586
26580.0 0.00677980781845 17.16044288786801 -154.29484168853028 349979.51098972093314 51.14384204000338 163.28955548803771
26610.0 0.00618111474819 17.13997845855523 -154.29166242297600 349985.51081563439220 50.89535468313034 163.35848704720485
26640.0 0.00747811327034 17.11946971221709 -154.28847167755853 349981.55926557537168 50.64704378279333 163.42627730984287
26670.0 0.00649303884897 17.09891089614292 -154.28526401989987 349967.17086930572987 50.39878856630041 163.49287096963570
26700.0 0.00711889742819 17.07790490668155 -154.28192394605489 350007.82267092075199 50.15078478884477 163.55839366574179
26730.0 0.00564682113052 17.05685212137715 -154.27857207725441 350038.23905297182500 49.90299047977362 163.62283440762965
26760.0 0.00721046120786 17.03616661945694 -154.27533292051399 349994.02653223555535 49.65543584914386 163.68622316056428
26790.0 0.00636625741273 17.01501777824672 -154.27195148029787 350003.57188890967518 49.40794234161252 163.74847032460661
26820.0 0.00617608230368 16.99382170431628 -154.26855580276097 350002.66835877858102 49.16063049695880 163.80965688220871
26850.0 0.00716216605047 16.97258684983209 -154.26515227667230 349991.91475377418101 48.91366063289108 163.86988595009871
26880.0 0.00614791101494 16.95129479531334 -154.26172474620654 349969.81607228238136 48.66666251260096 163.92895789914229
26910.0 0.00575951455863 16.92954198309987 -154.25816549385237 350001.66313849203289 48.42004655134054 163.98711768799987
26940.0 0.00727787799978 16.90773937188136 -154.25459074253752 350022.69768578466028 48.17363250335577 164.04427339727269
26970.0 0.00626463110779 16.88588126180881 -154.25099493416946 350032.39823023043573 47.92730172236177 164.10036813475608
27000.0 0.00603119092209 16.86397780451214 -154.24738590350469 350031.51182695291936 47.68124633348724 164.15552138666308
27030.0 0.00688344568294 16.84202727386143 -154.24376145814531 350019.84022099990398 47.43542519413126 164.20971969613200
27060.0 0.00619016912992 16.82003158074830 -154.24012248370477 349997.47883730381727 47.18986828454518 164.26298974023754
27090.0 0.00848834400489 16.79798201152297 -154.23646080403452 349963.64833652228117 46.94439871473354 164.31524068922943
27120.0 0.00693275016575 16.77500123686415 -154.23252839726882 350043.95285539515316 46.69913513553244 164.36654907864624
27150.0 0.00711889742819 16.75286050162025 -154.22883685242121 349988.43282156158239 46.45423629282912 164.41701369924400
27180.0 0.00780613457504 16.72976884314305 -154.22486351531990 350045.42341240681708 46.20933460068941 164.46643528260063
27210.0 0.00732718248259 16.70752975480775 -154.22113285105999 349967.35470552835613 45.96483686599762 164.51505243823121
27240.0 0.00777997484585 16.68434260150126 -154.21712863467073 350002.05992646142840 45.72056359869953 164.56277189752029
27270.0 0.00907999070733 16.66109521743865 -154.21309883991179 350024.49412114918232 45.47639831364289 164.60953600247691
27300.0 0.00806875419300 16.63779780979514 -154.20905146059025 350035.46140947192907 45.23252957873348 164.65545907718683
27330.0 0.00845312398457 16.61444871560923 -154.20498424183120 350034.75128243491054 44.98891711400454 164.70052600667549
27360.0 0.00914137163872 16.59104992264351 -154.20089809044157 350022.46981122810394 44.74559071338353 164.74476100565809
27390.0 0.00894012822462 16.56759269223391 -154.19678454303298 349997.77539062220603 44.50237520681174 164.78807269427728
27420.0 0.00812711423943 16.54408354764795 -154.19264842900932 349961.16716279461980 44.25938740602619 164.83053399151586
27450.0 0.00976018503199 16.51959473709424 -154.18823851110622 350034.82361470628530 44.01678451486573 164.87224018788555
27480.0 0.00963843367651 16.49597568256953 -154.18405300769012 349973.70830336492509 43.77420168368356 164.91299286727786
27510.0 0.00975112828650 16.47137048265300 -154.17959356146415 350022.29691160749644 43.53204210954701 164.95302521640093
27540.0 0.00975012368860 16.44718190628380 -154.17523920750102 349998.01918087713420 43.29012713264937 164.99224318117123
27570.0 0.00916149196173 16.42293378046845 -154.17085481522733 349960.84532323665917 43.04834244944117 165.03058886782563
27600.0 0.00858594719074 16.39815644250543 -154.16631829833142 349971.51585588697344 42.80687313033556 165.06817221309745
27630.0 0.01096662319049 16.37332355099547 -154.16175709243814 349969.58850936498493 42.56567977953424 165.10497699679937
27660.0 0.00906389232153 16.34843717300877 -154.15717212782747 349955.18161449208856 42.32479203597866 165.14102556585212
27690.0 0.00973704146025 16.32251489153023 -154.15229251950277 350046.08918615616858 42.08403649223429 165.17622641090574
27720.0 0.01043635387380 16.29750602072277 -154.14764688530772 350005.09718478098512 41.84352815933430 165.21064946794428
27750.0 0.00908804049117 16.27245034412528 -154.14298068080478 349952.02725465781987 41.60342271856902 165.24438716822385
27780.0 0.00887472535601 16.24634157262786 -154.13801218166103 350002.62292202096432 41.36335813079096 165.27724217790052
27810.0 0.00972597315521 16.22017992116011 -154.13302287918592 350040.57025886047632 41.12373397305362 165.30944305634117
27840.0 0.00871171930156 16.19445459336766 -154.12813600739764 350006.44914156477898 40.88437248013711 165.34089531072664
27870.0 0.00904376845287 16.16866636928358 -154.12321365931749 349958.44917303603142 40.64516154139289 165.37154115030887
27900.0 0.01015964861146 16.14232284014864 -154.11813131264498 349955.61073407251388 40.40628278101687 165.40148674683394
27930.0 0.01032164652238 16.11541573409186 -154.11288573111236 349997.16301207710057 40.16769770093970 165.43071515714760
27960.0 0.00984571176926 16.08844769372702 -154.10761052044609 350024.94907004106790 39.92943580812447 165.45924729756447
27990.0 0.01023108970436 16.06191934618082 -154.10243027343674 349980.42179457750171 39.69132549223161 165.48699177780176
28020.0 0.00978332742186 16.03430919270584 -154.09694879786670 350036.87171452585608 39.45347999516274 165.51401604735193
28050.0 0.01118798929136 16.00766824581948 -154.09170900110232 349965.21643753349781 39.21605348859111 165.54041018996031
28080.0 0.00995639481970 15.97992656934453 -154.08615528218124 349992.59424979891628 38.97868680988128 165.56597801213249
28110.0 0.01040415592032 15.95212964984680 -154.08057537805550 350006.43206605594605 38.74177590120471 165.59094414386993
28140.0 0.01069394341101 15.92426840672066 -154.07495970280036 350005.70005503576249 38.50514394928712 165.61521385455893
28170.0 0.01203923709056 15.89633737021611 -154.06930195531299 349989.72378556057811 38.26868104052679 165.63872966696277
28200.0 0.00983263308655 15.86834693756957 -154.06361078898749 349959.50258714798838 38.03256540005609 165.66159450039021
28230.0 0.01038000656881 15.83924185142156 -154.05761151260157 350027.01028514280915 37.79675943514675 165.68379095446619
28260.0 0.01262082481337 15.81112761112871 -154.05184887279867 349967.58694068808109 37.56129253877554 165.70533884335984
28290.0 0.01203420700980 15.78188355774439 -154.04576831700518 350004.25309099722654 37.32599492581606 165.72614702854008
28320.0 0.01048364797894 15.75257028535740 -154.03964727670308 350025.41660124901682 37.09097809635445 165.74628087164015
28350.0 0.01306254768970 15.72319694794738 -154.03349334444621 350031.98141391295940 36.85639472204053 165.76582852854719
28380.0 0.01290155555856 15.69374431819563 -154.02728675555895 350021.72962857875973 36.62188857544427 165.78459489005752
28410.0 0.01417339894942 15.66423494280490 -154.02104804045879 349997.04786343127489 36.38785194757773 165.80280128041710
28440.0 0.01226261475098 15.63465965696207 -154.01476711559474 349956.82448491454124 36.15410902903702 165.82035283273865
28470.0 0.00898641536810 15.60392533024378 -154.00816027232179 350009.59111109562218 35.92055210244956 165.83719250723669
28500.0 0.01224450362376 15.57312180907132 -154.00151231613762 350046.42411966342479 35.68735603845993 165.85342040159270
28530.0 0.01188327622205 15.54334374300913 -153.99509905324337 349958.56498984154314 35.45448415354201 165.86901884372389
28560.0 0.01382525259419 15.51240559291498 -153.98836526166772 349963.55126802809536 35.22196574105818 165.88400679734733
28590.0 0.01252221466587 15.48139041677064 -153.98157866801623 349951.38117170520127 34.98963286439431 165.89829342971009
28620.0 0.01299614140508 15.44919674621780 -153.97446428424846 350030.10274969786406 34.75759530701323 165.91194234208760
28650.0 0.01258158167394 15.41804651324179 -153.96759023526673 349985.58050050213933 34.52600424782498 165.92504011463544
28680.0 0.01238939736910 15.38569955223237 -153.96037419781860 350029.78324717283249 34.29450644713231 165.93739259051304
28710.0 0.01345798815007 15.35440764260483 -153.95340056989036 349951.68628179747611 34.06349052931908 165.94921835387868
28740.0 0.01261277502953 15.32192452794098 -153.94609445546573 349962.93876808509231 33.83278173592553 165.96042243430165
28770.0 0.01377091566686 15.28936138676498 -153.93873076940289 349956.16482941526920 33.60227454140684 165.97094829456447
28800.0 0.01233808132674 15.25559623761643 -153.93103421957696 350037.61328787170351 33.37214050532236 165.98089357953771
28830.0 0.01464329666013 15.22288891822210 -153.92357043784702 349996.43799637351185 33.14234385441132 165.99024047480907
28860.0 0.01170618334135 15.18897283008912 -153.91577065990811 350042.63830539491028 32.91291379443832 165.99900729047459
28890.0 0.01325473435831 15.15611612362672 -153.90819549899476 349965.94734944030643 32.68368425683991 166.00710349983049
28920.0 0.01422874047464 15.12204091902348 -153.90027794676379 349975.39230223465711 32.45476333187406 166.01459121807497
28950.0 0.01437363303810 15.08789719258306 -153.89231229210563 349967.69985478464514 32.22630071241455 166.02155575190326
28980.0 0.01388059293753 15.05250925731462 -153.88398769348913 350043.09984270669520 31.99794619362751 166.02780371442347
29010.0 0.01447224082184 15.01820867154673 -153.87590381271309 349998.38026890624315 31.77008471907175 166.03355146895456
29040.0 0.01433942352508 14.98267007853281 -153.86747083492790 350037.48704482987523 31.54254262480841 166.03870392664672
29070.0 0.01261780629216 14.94821200581218 -153.85926156728999 349955.13396050501615 31.31521656941661 166.04320507749998
29100.0 0.01473485807605 14.91251366711459 -153.85070411705789 349956.26996413525194 31.08827484470235 166.04715043458086
29130.0 0.01430923713115 14.87556244660629 -153.84179327620990 350039.46465549338609 30.86168258651168 166.05052213081683
29160.0 0.01443803130882 14.83970762582491 -153.83311469219083 350002.74155744537711 30.63546892340226 166.05333797975086
29190.0 0.01556598555223 14.80258612908500 -153.82407101171430 350046.21671300940216 30.40946967114455 166.05550772396046
29220.0 0.01459499913898 14.76656684605377 -153.81525579424175 349970.03179441671818 30.18379124953343 166.05709222680727
29250.0 0.01636591849095 14.72929019793888 -153.80608854489219 349975.22628532256931 29.95858187168374 166.05817578594284
29280.0 0.01563440694204 14.69191920536855 -153.79684022064788 349958.88121523708105 29.73349440994590 166.05856556847652
29310.0 0.01726043491242 14.65327984550172 -153.78723727917927 350022.62092913873494 29.50891011490512 166.05847619880871
29340.0 0.01550561276438 14.61575426457845 -153.77786175297396 349967.46257094852626 29.28465645739396 166.05781242120841
29370.0 0.01606506387709 14.57693846932113 -153.76811036183520 349989.36657699197531 29.06063227012751 166.05651875006529
29400.0 0.01668488423203 14.53804086831977 -153.75829056907503 349991.06141940597445 28.83700262041135 166.05468884979396
29430.0 0.01779171119077 14.49906036952451 -153.74839928100147 349972.25293745659292 28.61373355054565 166.05230486219750
29460.0 0.01686298407438 14.45878397565482 -153.73813603059006 350029.85778350383043 28.39085412095049 166.04938423210282
29490.0 0.01571590937833 14.41963062197562 -153.72809121185941 349968.72371447179466 28.16820204519878 166.04583690901950
29520.0 0.01725439668813 14.37917264080532 -153.71766694759833 349982.69987399782985 27.94588209510958 166.04172270802405
29550.0 0.01662551958771 14.33863562197762 -153.70717405887567 349976.35451294016093 27.72404101014110 166.03712515312523
29580.0 0.01908669578961 14.29676980048465 -153.69628275201376 350041.84017058368772 27.50233477801823 166.03185172741732
29610.0 0.01740130317491 14.25605528619034 -153.68562752097944 349991.73296268191189 27.28114094627315 166.02611576786052
29640.0 0.01532449676457 14.21401953508654 -153.67458457863060 350014.46077191177756 27.06028815785746 166.01982177958959
29670.0 0.01760757430600 14.17188731050885 -153.66345090746015 350013.95502789784223 26.83967740770790 166.01291477984572
29700.0 0.01722320569631 14.12966954819338 -153.65223700889155 349991.64584331214428 26.61947058203972 166.00548683730548
29730.0 0.01652691062209 14.08611819433081 -153.64063009354592 350040.48340857401490 26.39963462568826 165.99752014402770
29760.0 0.01696763008241 14.04372678069957 -153.62924940293624 349973.83441315125674 26.18019853888230 165.98903188227646
29790.0 0.01497936656679 13.99998894155997 -153.61746230444240 349976.33254790306091 25.96100194446007 165.97993212871188
29820.0 0.01640918593135 13.95490199386881 -153.60527246228312 350047.77160812634975 25.74214798814414 165.97027982953679
29850.0 0.01413415699188 13.91098701873431 -153.59331326534334 350004.89876364171505 25.52378194209830 165.96015794824470
29880.0 0.01778265326339 13.86570625629322 -153.58093278613612 350028.33138532750309 25.30556294376362 165.94937403133758
29910.0 0.01972966208004 13.82034126400860 -153.56847019607656 350029.50086497329175 25.08786482940558 165.93814055486519
29940.0 0.01695052237120 13.77488254728809 -153.55591171493023 350006.77918025199324 24.87051744917993 165.92636169574470
29970.0 0.01355458319238 13.72932511942447 -153.54324880426600 349959.20213693752885 24.65342394666490 165.91398293991972
30000.0 0.01658929496949 13.68240318492821 -153.53017449083876 349978.17066923622042 24.43674307036977 165.90109498865337
30030.0 0.01829783233781 13.63538624900509 -153.51700130809931 349972.75816836580634 24.22044266269469 165.88768011118816
30060.0 0.01530135437471 13.58699406300382 -153.50341047015854 350032.37184029165655 24.00455167094134 165.87375531736956
30090.0 0.01795270214003 13.53978101612795 -153.49002731920828 349976.79663807619363 23.78891163661257 165.85923071906393
30120.0 0.01924970184406 13.49118506311061 -153.47621766404117 349984.90361808706075 23.57362410095892 165.84416455416630
30150.0 0.01794666509762 13.44249978871811 -153.46231188734995 349969.06306503247470 23.35883287500268 165.82863942120463
30180.0 0.01700787781973 13.39240905270035 -153.44795761009001 350013.40362300630659 23.14420027740059 165.81246266832932
30210.0 0.01870634793526 13.34222727082642 -153.43350552552599 350033.40696200355887 22.93009642639964 165.79584631671838
30240.0 0.01817809608752 13.29194488489202 -153.41894078890928 350027.31625367701054 22.71635241218020 165.77869411372026
30270.0 0.01948213152246 13.24155700956694 -153.40425428041445 349994.10982705093920 22.50287351217727 165.76095197165014
30330.0 0.01896192709480 13.13787563007694 -153.37388857118273 350022.61359179671854 22.07714675128538 165.72394885950976
30360.0 0.01899211112497 13.08588646929508 -153.35853288322062 349997.42900250200182 21.86489652509097 165.70468716782796
30390.0 0.01968136337701 13.03247350706513 -153.34271636811266 350029.41460902057588 21.65290817020713 165.68483440459386
30480.0 0.01978198390218 12.87161573120703 -153.29452278407391 349961.23908191546798 21.01920667746306 165.62212986459321
30540.0 0.01974676742750 12.75988765107174 -153.26076030233935 350030.33618598524481 20.59874211068599 165.57777416285305
30570.0 0.01990272711412 12.70452398533950 -153.24383956322711 349979.61061181966215 20.38896992719177 165.55474919952059
30600.0 0.01767800961912 12.64772464480372 -153.22645085065685 349984.05769024975598 20.17962621150660 165.53123016604383
30630.0 0.01794465353807 12.59082047727851 -153.20892693922900 349960.05139862466604 19.97068058278683 165.50719952844040
30690.0 0.01874961773942 12.47400765036866 -153.17277645002284 349989.01516467612237 19.55391556613300 165.45756398709705
30720.0 0.01893174070088 12.41408698156614 -153.15413700168941 350039.93816748633981 19.34603997527083 165.43192620586490
30750.0 0.01805634236828 12.35541456433278 -153.13570754582838 349981.64976048283279 19.13867603357143 165.40584323596173
30780.0 0.01807143497430 12.29527050148586 -153.11676644782767 349972.10747359227389 18.93149250873883 165.37912122307020
30810.0 0.01923762657736 12.23367252021274 -153.09734326023329 350014.83784160204232 18.72485206409326 165.35197243154570
30840.0 0.01852120763448 12.17196184060670 -153.07776546811786 350026.94267386291176 18.51858836279509 165.32429941330062
30870.0 0.01536474568377 12.11013378160206 -153.05802254490379 350007.27762303873897 18.31261090122773 165.29604878772022
30900.0 0.01794465353807 12.04683578863460 -153.03777664688354 350036.95058324001729 18.10706927283422 165.26730833908496
30930.0 0.01694649925210 11.98342629852002 -153.01737177902075 350035.78866315912455 17.90193397472828 165.23806064064706
30960.0 0.01545630946345 11.91990879727197 -152.99680927530787 350004.21438380703330 17.69723382958611 165.20832261891337
30990.0 0.01604695038611 11.85490248022295 -152.97571745007386 350018.40552109479904 17.49281617871519 165.17800387103424
31020.0 0.01714472178123 11.78978222876636 -152.95445641193183 350000.83788488339633 17.28877787459008 165.14716133739861
31050.0 0.01578131224694 11.72318232448509 -152.93268188909252 350030.97366235684603 17.08525837760561 165.11587757129692
31080.0 0.01880999052727 11.65645355968313 -152.91071262234257 350026.20919013768435 16.88192972060925 165.08395770872190
31110.0 0.01308267274024 11.58962230157602 -152.88858434002523 349991.50382586475462 16.67915082967153 165.05161468700359
31140.0 0.01290155555856 11.52129446303998 -152.86591721572441 350001.20897756051272 16.47675669842997 165.01875028098692
31170.0 0.01796980866936 11.45284482079337 -152.84305820526572 349976.91346171777695 16.27465890711440 164.98531138656779
31200.0 0.01542109180688 11.38289611057906 -152.81965773403812 349996.66156743466854 16.07300408102994 164.95138516362067
31230.0 0.01533556506962 11.31283224012905 -152.79607182258258 349983.54671604372561 15.87176358729998 164.91695429323175
31260.0 0.01522287045963 11.24126309131161 -152.77193579856802 350013.36980263795704 15.67096621553110 164.88203579572411
31290.0 0.01587690387323 11.16956877827249 -152.74759446503546 350008.05183922965080 15.47046125219782 164.84653887754823
31320.0 0.01543417167148 11.09635923887024 -152.72268765435780 350043.73886923026294 15.27034402579440 164.81052028953826
31350.0 0.01360086797211 11.02303974532237 -152.69759521050312 350047.23732744716108 15.07075255453400 164.77406289076592
31380.0 0.01439878816940 10.94958893559984 -152.67227812702183 350013.74888115655631 14.87136216360294 164.73697053392692
31410.0 0.01354753918832 10.87462854798656 -152.64640238835003 350022.50443120114505 14.67252803309678 164.69945718362439
31440.0 0.01350729263288 10.79954936744403 -152.62031729628990 349996.69905749615282 14.47408651565321 164.66142371310474
31470.0 0.01079858705528 10.72293727201163 -152.59363505753174 350008.29720747657120 14.27595125767388 164.62281724283073
31500.0 0.01117993950752 10.64620951797711 -152.56674323699787 349985.76566106826067 14.07826595608283 164.58372446399417
31530.0 0.01044842914050 10.56795191231795 -152.53925829733123 350001.43390083964914 13.88100283964698 164.54412816394722
31560.0 0.01023008274271 10.48957796571289 -152.51155716595994 349982.60753120668232 13.68419066740326 164.50404551030519
31590.0 0.01223142375916 10.40966045842700 -152.48323845353465 349999.10055429395288 13.48768067666975 164.46338520656761
31620.0 0.00975213406627 10.32962194392026 -152.45468953630595 349979.80843824334443 13.29156668923970 164.42220392331484
31650.0 0.01105919629558 10.24805185194213 -152.42554147816827 349998.63730440195650 13.09598528325397 164.38058497597140
31680.0 0.00717927021604 10.16634673127660 -152.39613269184727 349978.27308466844261 12.90061510365705 164.33833065978808
31710.0 0.00825490263732 10.08310772533004 -152.36611853854862 349995.65990693867207 12.70580757376874 164.29565631363096
31740.0 0.00736340591893 9.99974719413058 -152.33586013804194 349976.64410675503314 12.51140043349287 164.25246178203446
31770.0 0.00656146023878 9.91483033694687 -152.30495443057748 349990.40000118128955 12.31730937741733 164.20869435876074
31800.0 0.00702733364851 9.82979588994171 -152.27380405977436 349968.37750196736306 12.12367521216906 164.16444041348632
31830.0 0.00312728370032 9.74320946154887 -152.24201062351523 349980.25174339674413 11.93047101926750 164.11968283695992
31860.0 0.00458929865459 9.65650556377406 -152.20996530285976 349956.12558257859200 11.73772552868519 164.07443899507268
31890.0 0.00299647796310 9.56679891957181 -152.17685467165904 350032.57706293556839 11.54529193408079 164.02861697548445
31920.0 0.00544356733875 9.47840700485482 -152.14387077276984 350002.01216987427324 11.35326256682167 163.98227347286092
31950.0 0.00470702452722 9.38846393451878 -152.11023720318386 350005.81660118140280 11.16177256501715 163.93549240533378
31980.0 0.00278115008652 9.29694217124210 -152.07590268363708 350037.64884376898408 10.97050392235413 163.88807423682778
32010.0 0.00349454814443 9.20675542744013 -152.04171186389431 349966.08414187282324 10.77980429108747 163.84023602126763
32040.0 0.00492134662403 9.11355724525716 -152.00643480884045 349994.10117745120078 10.58951282697555 163.79187644559161
32070.0 0.00137045117460 9.02023068755539 -151.97085708188774 349982.64866902120411 10.39954725476616 163.74294292701461
32100.0 0.00102230481937 8.92533758825027 -151.93458952519870 350002.35916381888092 10.21004552675393 163.69352165339799
32130.0 -0.00054335154504 8.83032529794689 -151.89802891218295 349984.53941636905074 10.02098156783707 163.64359561546240
32160.0 -0.00076974654479 8.73374399351016 -151.86076745640284 349997.39704409986734 9.83238407913433 163.59318242659276
32190.0 -0.00231728941821 8.63703534197604 -151.82318693845332 349970.35360683314502 9.64410821697059 163.54218944607925
32220.0 -0.00406506519844 8.53729354601736 -151.78447277588097 350039.47616607602686 9.45624483652560 163.49067349250555
32250.0 -0.00040952610474 8.43889854203312 -151.74587566430932 350005.70808737818152 9.26892763386067 163.43871923000205
32280.0 -0.00239174785043 8.33891151030408 -151.70651742402237 349996.93107534945011 9.08184198247780 163.38612501777280
32370.0 -0.00553141056058 8.03242054262482 -151.58487189989577 350014.25935060530901 8.52347905260736 163.22545700264354
32400.0 -0.00551500724977 7.92904498200038 -151.54337327377166 349987.32472031470388 8.33819133410098 163.17085252968118
32430.0 -0.00922186474959 7.82408804100421 -151.50111380265682 349988.49682329222560 8.15334939027973 163.11574153445187
32460.0 -0.01520173962932 7.71754985070814 -151.45809019332526 350018.06300579570234 7.96898175944666 163.06014172195526
