# sod		dsTEC/dt [TECU/s]		lat		lon		h_ipp		ele		azi
21390.0 -0.00438302752350 2.35699333848334 -161.17324032832252 350000.81178648117930 0.57084019316972 200.04154583619331
21420.0 -0.00615092717238 2.50925153712773 -161.10027312454116 349992.48540045507252 0.74412003749346 199.97592588312054
21450.0 -0.00769344232881 2.66142950793331 -161.02787823534146 349951.31775991525501 0.91785824336438 199.91086836221479
21480.0 0.00034613479568 2.81049513477767 -160.95710132336575 349997.32398424670100 1.09190272983852 199.84646848033475
21510.0 0.00245010907874 2.95948398924586 -160.88685879807818 350012.17106916662306 1.26648851251998 199.78257665344080
21540.0 0.00057554713476 3.10838456428540 -160.81716516755463 349992.83772030007094 1.44153137022995 199.71924543302961
21570.0 0.00458929983647 3.25567804769584 -160.74854262254649 349998.12363824993372 1.61691974652051 199.65654383057421
21600.0 0.00524936911060 3.40136771523655 -160.68096951276999 350029.08154095523059 1.79269986379369 199.59444162822871
21630.0 0.00538319691466 3.54846514301238 -160.61342352615509 349962.09648843482137 1.96893406731640 199.53289895415062
21660.0 0.00286063859949 3.69246350890211 -160.54738097892400 349986.49649339448661 2.14569303831017 199.47187125402445
21690.0 0.00491027950086 3.83635605512769 -160.48186334045880 349973.08821715600789 2.32284937945343 199.41143692531074
21720.0 0.00907193974161 3.97712879180423 -160.41787334798479 350043.95751436520368 2.50030451399242 199.35165567408674
21750.0 0.00708468909704 4.12080391527868 -160.35338158416724 349954.56708630919456 2.67827582453943 199.29239239892422
21780.0 0.00947140213920 4.26137016235723 -160.29036898367306 349953.10384112689644 2.85669472007116 199.23368876643568
21810.0 0.01299211474034 4.39881580841622 -160.22885207057305 350035.13692789990455 3.03540656464151 199.17563850328477
21840.0 0.01298909503726 4.53915438266841 -160.16681914083512 349956.20769716240466 3.21465116366952 199.11809406216315
21870.0 0.01566258177642 4.67638398152701 -160.10623436411566 349964.49951755255461 3.39434104776043 199.06110832633209
21900.0 0.01751500474655 4.81199281056525 -160.04662152147793 349994.10747998021543 3.57436483024111 199.00474804595916
21930.0 0.01988059050404 4.94747951043583 -159.98747948202862 349983.24879646394402 3.75476845286700 198.94898423899886
21960.0 0.01839342041847 5.08135359791721 -159.92927150862266 349996.29670625552535 3.93561473327752 198.89377810898486
23400.0 0.01933623317922 10.25855049975803 -157.89839266496884 349980.06310451123863 13.08608483190038 196.91743008715457
23430.0 0.01744255905576 10.34188167512015 -157.86925646232660 349968.42283544875681 13.28613284184361 196.89031203536339
23460.0 0.01285023833432 10.42365212095548 -157.84075887790308 349988.01100614480674 13.48640997352639 196.86384576954035
23490.0 0.00940398771104 10.50529571114594 -157.81245207729955 349971.40581158827990 13.68718027343266 196.83789134819233
23520.0 0.00877813031370 10.58539539084098 -157.78475704916573 349989.60779694933444 13.88833895109374 196.81250442388267
23550.0 0.00509743254307 10.66535356033754 -157.75726984197775 349968.59971546754241 14.08977637087327 196.78774272070476
23580.0 0.00167432430966 10.74376858030270 -157.73039249892656 349982.42147510685027 14.29153641469051 196.76358295709522
23610.0 -0.00190072049129 10.82205102277270 -157.70370433406302 349959.24179965350777 14.49368378371163 196.73999118853871
23640.0 -0.00282542330669 10.89880737796972 -157.67760046945483 349974.41483113169670 14.69631306116729 196.71691819101889
23670.0 -0.00425322638418 10.97542780622604 -157.65168620246251 349952.07298698090017 14.89926676163802 196.69444653242803
23700.0 -0.00731510839777 11.04911567850857 -157.62678025080143 350039.79847885388881 15.10244142008038 196.67263000185440
23730.0 -0.00899748130939 11.12407516099803 -157.60163660139381 350018.39179857820272 15.30608107092547 196.65134167411910
23760.0 -0.01287036338486 11.19890282101068 -157.57666761310173 349960.88436175137758 15.51010705949666 196.63062279076399
23790.0 -0.01174945196363 11.27081178229522 -157.55269259855254 350015.77282583341002 15.71434927634971 196.61056150866071
23820.0 -0.01455072473692 11.34260224017223 -157.52887414714624 350037.17938593123108 15.91907670049940 196.59101892709458
23850.0 -0.01356162719645 11.41426494529767 -157.50522131620826 350023.46128511149436 16.12418083607820 196.57205151562673
23880.0 -0.01575917681873 11.48579070445872 -157.48174282628395 349973.02762551140040 16.32955255807083 196.55371561865132
23910.0 -0.01626630492743 11.55580422677780 -157.45883048592654 349963.28347325697541 16.53523520121472 196.53598904464388
23940.0 -0.01872747876557 11.62431595509988 -157.43647314108608 349996.08737188577652 16.74129374449221 196.51883875448308
23970.0 -0.01592419561461 11.69271037334808 -157.41426043182196 349996.29127727542073 16.94782706313335 196.50221472248558
24000.0 -0.01810866419042 11.75960562101263 -157.39260146430442 350039.38179031293839 17.15467225026944 196.48620062764294
24060.0 -0.01987354768185 11.89301086501129 -157.34975129050031 350021.95747291669250 17.56923409520786 196.45603585181877
24090.0 -0.01948313966600 11.95952931288732 -157.32854080931355 349963.67299661971629 17.77711887036077 196.44180059742447
24150.0 -0.01995002003738 12.08810037652998 -157.28774223184561 349981.91660288441926 18.19377135486270 196.41519118751117
24180.0 -0.01926982571272 12.15153018937737 -157.26774076124474 349982.76444334257394 18.40270071986758 196.40273642610447
27420.0 -0.01984436943146 16.40567728758163 -156.17633216264073 350015.38733680639416 42.71084545378706 199.05417322586567
27480.0 -0.01975179750825 16.45517712953842 -156.16724074545456 349960.75154450722039 43.18732008416958 199.19455998028411
27510.0 -0.01937950061962 16.47890797840689 -156.16305061319628 350035.57594147231430 43.42585535926550 199.26636357680042
27540.0 -0.01894280900592 16.50351644989524 -156.15854399868581 349976.83884797710925 43.66458559392534 199.33925610296023
27570.0 -0.01934730266615 16.52713285581359 -156.15439210569878 350026.39611315447837 43.90330877542348 199.41333264363956
27600.0 -0.01968438189821 16.55116424334906 -156.15008333115966 350003.51560364477336 44.14235246261433 199.48846718166487
27630.0 -0.01983028024145 16.57513846545860 -156.14578970248283 349968.25435218773782 44.38155743978376 199.56473749754005
27660.0 -0.01690121907027 16.59859612629509 -156.14168007033916 349981.65646134130657 44.62082512521201 199.64219593249985
27720.0 -0.01650879831298 16.64534527296222 -156.13350721653768 349972.07051626592875 45.09971907116019 199.80065279737241
27750.0 -0.01833506155393 16.66864623297943 -156.12943464023738 349950.08259948715568 45.33954626736915 199.88159243545388
27780.0 -0.01913700605219 16.69100068439882 -156.12570696572311 350040.18412413913757 45.57946134918412 199.96375799837634
27810.0 -0.01866710715960 16.71418391874516 -156.12166973696557 349993.69621273130178 45.81934218779303 200.04721227697843
27840.0 -0.01739828465370 16.73687823529395 -156.11780400522960 349998.40213112067431 46.05949159187174 200.13184394747492
27870.0 -0.01699882107423 16.75952215033861 -156.11394900374512 349991.73686517961323 46.29980393307495 200.21770997878400
27900.0 -0.01803521271985 16.78167054934007 -156.11027684072053 350035.63501481618732 46.54007415673522 200.30490775809929
27930.0 -0.01723527859925 16.80421118090919 -156.10644493789562 350006.17861122637987 46.78063479908278 200.39331574212625
27960.0 -0.01716383987011 16.82669852322421 -156.10262387514410 349965.31410176772624 47.02132157662849 200.48301545456130
27990.0 -0.01861679807889 16.84870034351951 -156.09898096598380 349975.94189175870270 47.26203689623934 200.57406113817061
28020.0 -0.01676739362997 16.87064984633415 -156.09535039565631 349975.29407447297126 47.50281146626812 200.66645526048691
28050.0 -0.01566962459860 16.89255046168093 -156.09172868924733 349963.72813499532640 47.74371998362954 200.76018311105011
28080.0 -0.01669897224015 16.91398875133214 -156.08827376256113 350005.55901127122343 47.98489081453488 200.85520919011918
28110.0 -0.01547140325135 16.93537838461656 -156.08482990904241 350036.51831443700939 48.22611250760229 200.95163481150564
28140.0 -0.01507294426977 16.95712740498197 -156.08123832973837 349992.08724304661155 48.46726078074745 201.04952598174708
28170.0 -0.01514740388387 16.97841930945210 -156.07781297686529 350001.52522286679596 48.70864299325492 201.14877704749381
28200.0 -0.01455877570264 16.99966542682426 -156.07439435197270 350000.52312723267823 48.95015082159534 201.24944890591891
28230.0 -0.01471071227017 17.02085519486876 -156.07099017745446 349988.30044202413410 49.19157608355964 201.35164178903409
28260.0 -0.01443501160573 17.04200501183206 -156.06758675497721 349966.23221754748374 49.43325616386809 201.45524067174230
28290.0 -0.01436659139780 17.06270439756748 -156.06435296766475 349998.52365629002452 49.67502153548605 201.56033152611431
28320.0 -0.01365821987500 17.08335527030845 -156.06112922105495 350020.31617196369916 49.91677555786941 201.66697143849024
28350.0 -0.01438973260578 17.10395883219518 -156.05791391061967 350031.76990985218436 50.15854730979346 201.77516851211172
28380.0 -0.01413315121210 17.12451853979875 -156.05470366716384 350033.21478708740324 50.40041209013319 201.88491358837629
28410.0 -0.01343987465909 17.14504047793674 -156.05149307495464 350025.17282196320593 50.64249950146950 201.99617748917350
28440.0 -0.01388059293753 17.16551388534252 -156.04828998723278 350006.87570989225060 50.88459443581478 202.10906504823947
28470.0 -0.01347408653587 17.18593238936464 -156.04509877152361 349977.90817924216390 51.12657033049999 202.22364642466425
28500.0 -0.01348213513783 17.20592710958393 -156.04206890262569 350005.34373997338116 51.36873893106694 202.33982421458526
28530.0 -0.01300016570606 17.22588142177774 -156.03904212606167 350023.22171219158918 51.61098904628877 202.45766437177608
28560.0 -0.01311185099063 17.24616353090679 -156.03586439946150 349964.65229478012770 51.85310924527649 202.57727069487873
28590.0 -0.01271238977492 17.26565386151291 -156.03300715035485 350029.42434336151928 52.09544156259306 202.69853766308287
28620.0 -0.01219318876328 17.28585311963353 -156.02983037368924 349951.96439405344427 52.33781101018329 202.82155664623497
28650.0 -0.01276571619495 17.30525754779664 -156.02698294569100 349997.54570360388607 52.58012181598662 202.94638891051713
28680.0 -0.01083984411801 17.32462040178286 -156.02414039239181 350033.67187534924597 52.82240120013758 203.07305003906080
28710.0 -0.01180378534531 17.34431073375153 -156.02113841939709 349993.75719060096890 53.06472485740911 203.20153860817996
28740.0 -0.01410598215750 17.36360085462138 -156.01829388285202 350011.91724549513310 53.30722340957654 203.33183433004982
28770.0 -0.01258359796101 17.38320861172525 -156.01529259818983 349953.53179113753140 53.54967791448648 203.46404647637078
28800.0 -0.01203420582792 17.40240445382024 -156.01246053728966 349952.41832066979259 53.79195934580736 203.59825067283396
28830.0 -0.01268924620318 17.42121124849451 -156.00978519479381 350010.08502226695418 54.03438357825361 203.73436154189110
28860.0 -0.01226161015309 17.44033607994161 -156.00694919030050 349991.43922076281160 54.27683631695741 203.87245168572210
28890.0 -0.01219821884403 17.45906122715103 -156.00428089328329 350030.85192748811096 54.51910270485078 204.01262946491744
28920.0 -0.01172027134948 17.47810509929777 -156.00144645916816 349994.18823869805783 54.76152911993750 204.15480324457636
28950.0 -0.01237128742375 17.49676223097997 -155.99877251240758 350016.47041913494468 55.00393483096175 204.29907110632490
28980.0 -0.01163373646868 17.51537773823776 -155.99610178108969 350029.72641988657415 55.24622477334533 204.44550043094480
29010.0 -0.01154217387088 17.53429175702000 -155.99327310670628 349965.83384253457189 55.48842399072873 204.59411694129957
29040.0 -0.01106322059656 17.55249067516639 -155.99076259740266 350029.82027501519769 55.73060826796669 204.74493012608531
29070.0 -0.01111654819846 17.57099767016409 -155.98808574357557 350017.37686947081238 55.97290891901580 204.89793234299657
29100.0 -0.01018480256088 17.58946312678972 -155.98540993788487 349996.11063518468291 56.21510291271834 205.05323859001555
29130.0 -0.01128861099841 17.60755253649268 -155.98289869190364 350034.44496630039066 56.45705848787080 205.21093184333159
29160.0 -0.01042528556876 17.62594006876230 -155.98022140938053 349995.97387096565217 56.69909524579072 205.37094432049560
29190.0 -0.01004091814095 17.64396628853963 -155.97770024073105 350018.04616050142795 56.94109545120804 205.53335756358399
29220.0 -0.01023813016279 17.66226940420323 -155.97502442674718 349962.15321391168982 57.18284055328944 205.69828590938926
29250.0 -0.00982860878557 17.68022267225915 -155.97249881830655 349967.52563051041216 57.42468079738720 205.86565808443049
29280.0 -0.00973402175717 17.69814022053117 -155.96997063937116 349964.63906329125166 57.66642932258052 206.03558074562537
29310.0 -0.01045346040313 17.71601764159517 -155.96744276883251 349953.27062813378870 57.90799148851902 206.20813023692233
29340.0 -0.01020995769217 17.73354669685783 -155.96507220717768 350003.17227164190263 58.14938970237861 206.38334630681243
29370.0 -0.00992319108645 17.75104562658392 -155.96269722140096 350045.20314706396312 58.39069937483792 206.56125403413122
29400.0 -0.00934160454552 17.76882431779924 -155.96015469708348 350009.88268889486790 58.63205200884406 206.74186396975165
29430.0 -0.01011034294677 17.78656298796706 -155.95761046724704 349966.26661083102226 58.87322010464161 206.92529869138781
29460.0 -0.00971289329061 17.80395713398690 -155.95522646990085 349984.15916262939572 59.11406875377740 207.11165127267631
29490.0 -0.00966057265036 17.82132546698117 -155.95283286775634 349994.59392749518156 59.35492064709744 207.30087980610185
29520.0 -0.00926815071119 17.83866242647154 -155.95043343936896 349997.28350445348769 59.59565410984963 207.49307812440659
29550.0 -0.00904376608911 17.85595787309353 -155.94803544991132 349991.69104766659439 59.83604648429694 207.68836859042088
29580.0 -0.00828911451410 17.87294074790108 -155.94578314766696 350049.35950326640159 60.07645113183898 207.88670994291212
29610.0 -0.00923695853749 17.89046419929494 -155.94321148299520 349958.09906110726297 60.31667450795808 208.08822009968929
29640.0 -0.00948750288876 17.90738027744239 -155.94095129588860 350000.24545007292181 60.55662191326990 208.29298861142260
29670.0 -0.00892201709739 17.92426460895593 -155.93868717847860 350034.74414625111967 60.79631242888249 208.50107498675635
29700.0 -0.00857085103907 17.94139693711943 -155.93625955414544 349990.80574040114880 61.03582036863131 208.71252684647811
29730.0 -0.00864329791175 17.95822807128391 -155.93397644784937 350010.72522852197289 61.27527663123983 208.92738120492515
29760.0 -0.00828911333222 17.97529728198051 -155.93153259957225 349951.82429059501737 61.51444866850673 209.14577091448587
29790.0 -0.00960019868063 17.99205432491069 -155.92924463954017 349956.18863688502461 61.75319778106699 209.36780318459412
29820.0 -0.00830018281915 18.00878752313139 -155.92694452291636 349953.51713274605572 61.99184872588634 209.59347439073227
29850.0 -0.00836457872610 18.02522901892952 -155.92479165138340 350015.10337161459029 62.23027512427270 209.82289559126690
29880.0 -0.00815025662929 18.04189618277579 -155.92248183471202 349997.45967213995755 62.46824956068944 210.05620015297313
29910.0 -0.00731913269875 18.05828340417446 -155.92031335570047 350044.67227542866021 62.70612730518798 210.29339131684478
29940.0 -0.00784739163777 18.07489807693073 -155.91798181364575 350012.89979800768197 62.94370730153643 210.53460213512955
29970.0 -0.00699312058985 18.09147664272921 -155.91564530022299 349973.63500062841922 63.18089397861540 210.77994170102042
30000.0 -0.00687640286076 18.10777172509333 -155.91345740271345 349999.02885799016804 63.41770202202153 211.02949777506072
30030.0 -0.00644172044285 18.12404074593183 -155.91125995091690 350017.42886571493000 63.65420349762861 211.28335088967071
30060.0 -0.00656246838231 18.14053242465940 -155.90889358894327 349956.90298554953188 63.89052742564468 211.54157690051255
30090.0 -0.00615092835426 18.15650838749237 -155.90682878383257 350033.75076946616173 64.12643529799425 211.80432279745253
30120.0 -0.00636122496821 18.17292764496498 -155.90445278531880 349958.49385960120708 64.36178360060877 212.07171580810575
30150.0 -0.00631192403104 18.18885124126073 -155.90237005578740 350021.48969854973257 64.59689748404180 212.34380925991837
30180.0 -0.00615394569359 18.20498475253208 -155.90012256454202 350005.15141967125237 64.83164466200478 212.62073863352515
30210.0 -0.00632399693398 18.22108118245525 -155.89787144434149 349981.49863289576024 65.06579191922920 212.90265248986279
30240.0 -0.00628475379456 18.23693096252115 -155.89575710557958 350024.14112125802785 65.29969445738234 213.18962038075693
30270.0 -0.00675565846693 18.25297949633491 -155.89347943892659 349987.14278139919043 65.53314242907237 213.48179590594677
30300.0 -0.00699412755150 18.26877429940145 -155.89134705456314 350016.09559148270637 65.76603802898394 213.77931700444162
30330.0 -0.00689350820821 18.28475918632719 -155.88905325666775 349965.16183354891837 65.99838984485737 214.08231211232177
30360.0 -0.00701022711918 18.30050038428327 -155.88690018728113 349980.62259444221854 66.23026582450811 214.39090999050444
30390.0 -0.00819654259089 18.31622397518388 -155.88473012826628 349989.76839142665267 66.46179102432824 214.70524370860613
30420.0 -0.00954787685849 18.33191967732587 -155.88255054081361 349992.17451194487512 66.69271952010446 215.02547954915281
30450.0 -0.00896528335591 18.34758149385970 -155.88036562444191 349987.61782459355891 66.92290133082948 215.35177293171301
30510.0 -0.01972563541530 18.37884231188101 -155.87594852578255 349959.40992906503379 67.38185307887409 216.02311676268411
30540.0 -0.01515545484959 18.39422863714834 -155.87387826409264 350008.84467916749418 67.61024219425181 216.36850611371202
30570.0 0.01000670626416 18.40979671019458 -155.87163810924213 349978.49687790963799 67.83817841842009 216.72059842698960
30600.0 0.01310279542702 18.42514590266160 -155.86953608573896 350015.45651319995522 68.06544109582045 217.07957459330254
30780.0 -0.00417876795196 18.51710506783779 -155.85636036675126 349955.18674354627728 69.41310744482136 219.38861346807442
30960.0 -0.00079993293872 18.60753931282128 -155.84326291114263 349967.72018623352051 70.73013458697602 221.99696971046660
30990.0 -0.00601408439276 18.62242615664371 -155.84112830782931 349998.08518520928919 70.94606171063555 222.46436389994221
31110.0 -0.01002179887018 18.68193375779329 -155.83227292826800 349985.24858155939728 71.79875971793263 224.43728422110541
31140.0 -0.01561830619248 18.69672306895126 -155.83005380844136 349985.91007518116385 72.00892507868532 224.95780296113318
31200.0 -0.00185242415201 18.72610066397265 -155.82571372889382 350044.53869525063783 72.42518530088591 226.03367729659149
31230.0 0.01218010653492 18.74083216635086 -155.82344203702232 350027.62315027695149 72.63134026860554 226.58976080462458
31320.0 -0.01863289646469 18.78476370176798 -155.81667506619095 350016.79342546872795 73.24062830124356 228.33430440551530
31350.0 -0.01023712438301 18.79940543731489 -155.81433751253542 349976.38607825711370 73.44052472399335 228.94243496419722
31380.0 -0.00576354122337 18.81391532747289 -155.81211912325693 350005.90248877089471 73.63891285910019 229.56461733569179
31500.0 0.01338051001477 18.87186898261776 -155.80293092429181 349990.94447202421725 74.41399497609743 232.19983852184350
31530.0 0.01643836536362 18.88627867614095 -155.80062587772917 349991.82257643528283 74.60280033851424 232.89715071416074
31590.0 -0.00852355811581 18.91505938378345 -155.79594435497452 349977.17852631118149 74.97445753751903 234.34126912213503
31620.0 -0.00346637567382 18.92932452917047 -155.79371675204865 350037.24643923901021 75.15688650732396 235.08859002858003
31650.0 0.00153446300883 18.94366459455251 -155.79133106336019 350015.83314087521285 75.33693838644044 235.85326445575637
31680.0 0.00848934742091 18.95798655848149 -155.78892439558405 349988.88860224373639 75.51461209730495 236.63578927660427
31710.0 -0.00464464017981 18.97221141938736 -155.78663031369493 350032.58120203390718 75.68995730696415 237.43675924662671
31740.0 -0.00667616759020 18.98650186096827 -155.78417877206385 349994.71167075447738 75.86266460586697 238.25626452954793
31770.0 -0.00655240467516 19.00076427670924 -155.78171314706722 349951.12869561836123 76.03251854632762 239.09447332390411
31800.0 -0.00763810080359 19.01493700412771 -155.77935882327685 349978.31999729201198 76.19975176502636 239.95226458796714
31830.0 -0.00786550040124 19.02909655673053 -155.77698159532184 350000.12686155177653 76.36414804433984 240.82982325223378
31860.0 -0.00735133065223 19.04323339715115 -155.77458879836254 350016.34919156227261 76.52540280291454 241.72711589376883
31890.0 -0.00823779728986 19.05736335331925 -155.77216729536758 350027.36638635676354 76.68376231866451 242.64510949647155
31920.0 -0.00767633579948 19.07147730180126 -155.76972408603058 350032.98686655331403 76.83892512852574 243.58375228484067
31950.0 -0.00772161361755 19.08557218930793 -155.76726129225662 350033.16385607700795 76.99072155765759 244.54318242637439
31980.0 -0.00708871221614 19.09964853839764 -155.76477814475888 350027.93038620520383 77.13905699105882 245.52366081189115
32010.0 -0.00767633461760 19.11370978209272 -155.76227149938134 350017.37816536333412 77.28389531386196 246.52557041851802
32040.0 -0.00772865762161 19.12776179043541 -155.75973620156751 350001.64198987465352 77.42524656838395 247.54942002195281
32070.0 -0.00582995105363 19.14179459906100 -155.75718001384379 349980.53414963930845 77.56278697474724 248.59484738382480
32100.0 -0.00729598794513 19.15580244803510 -155.75460731353252 349953.96442502550781 77.69628430500002 249.66159999899293
32130.0 -0.00747509593102 19.16975536138658 -155.75213843266550 349998.67743406910449 77.82592006341949 250.75055191331703
32160.0 -0.00752540382984 19.18369808080055 -155.74964400407902 350038.18546828906983 77.95146129811386 251.86140000690864
32190.0 -0.00796712788806 19.19765986829339 -155.74699984465897 349995.84212807007134 78.07260063424235 252.99347101284917
32220.0 -0.00913935771541 19.21157614650321 -155.74445631052606 350024.90542173944414 78.18953154259032 254.14765341820379
32250.0 -0.00697802916570 19.22547934464485 -155.74188849859439 350048.75578857865185 78.30195130002403 255.32316569288048
32280.0 -0.00727989074121 19.23939664318267 -155.73916832610183 349990.81046910118312 78.40968596715759 256.51952189985752
32310.0 -0.00711386734743 19.25326544792519 -155.73655582292662 350004.17682475131005 78.51262841625592 257.73638562141076
32340.0 -0.00694884736967 19.26712212422358 -155.73391717681091 350012.39718868769705 78.61072701095793 258.97357971580868
32370.0 -0.00488613133123 19.28097249774418 -155.73124715432348 350015.57597361598164 78.70397166817656 260.23107906571556
32400.0 -0.00670031694171 19.29480666783919 -155.72855363218810 350013.56909886002541 78.79206767240548 261.50751490032309
32430.0 -0.00767532765594 19.30861886062068 -155.72584110349078 350006.30884705949575 78.87480820415898 262.80168543543391
32460.0 -0.00674760868309 19.32242361689487 -155.72309702307373 349994.02988171391189 78.95234559252303 264.11405720030456
32490.0 -0.00646888949745 19.33621537557121 -155.72032567754164 349976.66082700807601 79.02447981509160 265.44331425984126
32520.0 -0.00593761321911 19.34998477137132 -155.71753459686124 349954.08837205823511 79.09096202673284 266.78763591960001
32550.0 -0.00611470609981 19.36374318048687 -155.71483563303792 350003.21851977612823 79.15196166953250 268.14745143413938
32580.0 -0.00542545384777 19.37749137984688 -155.71210967508358 350047.28058350551873 79.20724446359620 269.52079094789940
32610.0 -0.00540633930452 19.39122515756656 -155.70923441095960 350009.56016232725233 79.25669548832151 270.90617431507616
32640.0 -0.00576555278292 19.40494062658797 -155.70633457060211 349966.75745529215783 79.30025801684610 272.30234981207360
32670.0 -0.00499882475933 19.41864833201173 -155.70353006413205 349995.63566377386451 79.33792568126387 273.70832548529341
32700.0 -0.00466878834945 19.43235259267253 -155.70069128829380 350019.57573100924492 79.36972769142378 275.12334329500845
32730.0 -0.00544558008018 19.44604357267539 -155.69782625173099 350038.47661929670721 79.39548461224877 276.54490896071411
32760.0 -0.00483883722609 19.45969988311181 -155.69481808643195 349975.57800657022744 79.41509816191197 277.97087439709463
32790.0 -0.00506825311080 19.47336444304469 -155.69189746875497 349984.47570059262216 79.42873673890773 279.40131765460995
32820.0 -0.00485594493730 19.48701888234112 -155.68894675860952 349988.40709519945085 79.43631693533118 280.83408697474016
32850.0 -0.00362434810187 19.50065392098762 -155.68597360086028 349987.29954061005265 79.43773374323797 282.26653203862571
32880.0 -0.00602414809991 19.51428508708577 -155.68296419074707 349981.30713389627635 79.43317815804255 283.69891693405691
32910.0 -0.00501089884415 19.52793304865639 -155.68004446953142 350047.07328284904361 79.42256570032299 285.12860580088443
32940.0 -0.00497568000571 19.54153820364312 -155.67697905171136 350031.15485155489296 79.40590551164028 286.55374509264999
32970.0 -0.00525842703798 19.55512792768166 -155.67388627246899 350010.28887567762285 79.38324863327654 287.97286027041412
33000.0 -0.00452188304456 19.56870556482918 -155.67076284118161 349984.51375212054700 79.35468133266880 289.38490086175079
33030.0 -0.00504108641996 19.58227683938503 -155.66760334423535 349953.87733778264374 79.32031113239881 290.78917729430373
33060.0 -0.00477242739582 19.59587603927395 -155.66453107994963 349995.01427784655243 79.28012442114499 292.18312628858212
33090.0 -0.00457320026880 19.60945912919131 -155.66143421406608 350031.20175360608846 79.23416567305598 293.56474855697786
33120.0 -0.00461646770920 19.62299065961616 -155.65818600361013 349985.86033154930919 79.18262822611632 294.93462404539599
33150.0 -0.00476639153529 19.63656167776541 -155.65501914420722 350012.32000687532127 79.12556382550765 296.29092915443761
33180.0 -0.00450578229500 19.65011612384704 -155.65182695232838 350033.86648073233664 79.06302201547744 297.63144853003917
33210.0 -0.00424215926102 19.66361129482722 -155.64848357705750 349973.94046627357602 78.99519840124529 298.95716888494991
33240.0 -0.00438302752350 19.67715131986548 -155.64522106319328 349985.79909525904804 78.92215232315372 300.26603674372882
33270.0 -0.00438705182448 19.69067843287812 -155.64192879167493 349992.79416836146265 78.84399319390097 301.55695328807764
33300.0 -0.00432567562061 19.70419284781072 -155.63860619224303 349994.93946144822985 78.76084793580006 302.82925003024764
33330.0 -0.00425121364275 19.71769786652251 -155.63524990327130 349992.25504147727042 78.67285456452473 304.08273450786737
33360.0 -0.00387589941480 19.73119915148840 -155.63185439091370 349984.75942557398230 78.58015211193063 305.31758776636951
33390.0 -0.00370182741906 19.74468701036941 -155.62842800233989 349972.43949149642140 78.48284119250047 306.53215663998549
33420.0 -0.00403487998639 19.75823351993746 -155.62508218651396 350031.82783845625818 78.38104817703503 307.72540290289072
33450.0 -0.00415462096420 19.77170027730224 -155.62158946292658 350009.88050639815629 78.27492831340032 308.89879297836632
33480.0 -0.00393124094002 19.78515666079917 -155.61806189643784 349983.14240441378206 78.16460109838970 310.05143911127379
33510.0 -0.00417474246910 19.79867955442696 -155.61461193611021 350028.08625615946949 78.05019591110283 311.18211030312614
33540.0 -0.00385275820681 19.81211504996222 -155.61101539424217 349991.77211662102491 77.93184612080404 312.29258030221018
33570.0 -0.00325808943753 19.82553704704049 -155.60738566553141 349950.69409216288477 77.80967859602849 313.38171784242741
33600.0 -0.00232936468491 19.83903749579129 -155.60382670858849 349981.25724846217781 77.68382556983516 314.44930451742982
33630.0 -0.00533590162764 19.85252778178703 -155.60023425092697 350007.03199814446270 77.55441667419529 315.49546834278726
33660.0 -0.00377528007151 19.86601115881379 -155.59660485155715 350028.02031239494681 77.42157189373144 316.52074039907319
33690.0 -0.00416367534593 19.87949322046998 -155.59293284261949 350044.21162538509816 77.28539703553049 317.52594126322174
33720.0 -0.00395639725319 19.89285908838456 -155.58912773011394 349979.35289546754211 77.14603176648637 318.51020076314569
33750.0 -0.00361629831803 19.90631100798194 -155.58539317991907 349986.06799137871712 77.00361423728440 319.47318302324078
33780.0 -0.00440315139216 19.91976046141852 -155.58161578624222 349988.00502406712621 76.85821417641398 320.41673943180302
33810.0 -0.00247928851101 19.93320195781055 -155.57780026009917 349985.18702362384647 76.70995746178531 321.34057377348091
33840.0 -0.00326211610227 19.94662649946008 -155.57395470451112 349977.66354663297534 76.55899070385766 322.24406840275469
33870.0 -0.00431963621444 19.96016811244786 -155.57015925477961 350041.49377734120935 76.40535286921690 323.12920294128594
33900.0 -0.00394633590980 19.97358237876093 -155.56623166482564 350024.44412849191576 76.24918531373498 323.99535821359586
33930.0 -0.00559550390628 19.98698329699350 -155.56226935242347 350002.69435280188918 76.09059936316653 324.84270828899326
33960.0 -0.00324500957294 20.00037092506437 -155.55827185848298 349976.25431398022920 75.92969257218628 325.67167449183398
33990.0 -0.00419285477821 20.01387821362643 -155.55432715541559 350021.09348194673657 75.76653933926985 326.48299860474049
34020.0 -0.00365654605535 20.02725391439135 -155.55024561892333 349985.17202928941697 75.60119149975833 327.27763687188411
34050.0 -0.00391111943512 20.04075065879094 -155.54621807867704 350020.48955416399986 75.43379318185573 328.05506261645024
34080.0 -0.00354586300491 20.05409541014083 -155.54206912991401 349975.25036949105561 75.26446802822332 328.81518856338175
34110.0 -0.00339896006378 20.06757496719227 -155.53796339225147 350001.11808166187257 75.09319987882613 329.55977499670752
34140.0 -0.00356095915658 20.08104871553745 -155.53381599877650 350022.23297860659659 74.92010164239544 330.28871325811599
34170.0 -0.00255374694323 20.09436191167680 -155.52954911344733 349962.94204090628773 74.74531647400694 331.00160831880805
34200.0 -0.00400167625314 20.10781853030594 -155.52532072550227 349974.63266287557781 74.56879833992237 331.70025812313821
34230.0 -0.00222874297786 20.12126605188991 -155.52105252175525 349981.61323754675686 74.39068804817082 332.38421800371452
34260.0 -0.00343618927989 20.13470242255336 -155.51674608759859 349983.91152376588434 74.21106973200452 333.05372416170979
34290.0 -0.00247123754529 20.14812761325679 -155.51240101263869 349981.53513037320226 74.03000854556053 333.70919114027299
34320.0 -0.00293811791668 20.16170390039794 -155.50809514352216 350049.96986089833081 73.84753752047244 334.35129759505793
34350.0 -0.00225188536772 20.17495936136535 -155.50357818878209 349962.59999115299433 73.66366235421737 334.98089191861146
34380.0 -0.00287070230664 20.18852631481035 -155.49918300421641 350021.51256619952619 73.47852526385596 335.59755360586047
34410.0 -0.00252154780787 20.20191404759032 -155.49467316293862 350000.37953812535852 73.29223485951667 336.20122668732188
34440.0 -0.00240281733736 20.21529803531238 -155.49011484036737 349974.49448519293219 73.10470843924381 336.79341499087377
34470.0 -0.00120342200105 20.22884507839175 -155.48558965912477 350019.19972637109458 72.91604716061602 337.37402511920374
34500.0 -0.00299245129836 20.24220447310812 -155.48095194403953 349984.03454121574759 72.72638963539140 337.94271845234783
34530.0 -0.00188864758835 20.25573813846057 -155.47633829461262 350019.27381614316255 72.53562636036585 338.50101086162550
34560.0 -0.00430655516797 20.26908436306234 -155.47160758165415 349974.67240192089230 72.34389777169984 339.04850184172329
34590.0 -0.00305181830644 20.28259879342791 -155.46690948530494 350000.54035956598818 72.15126704560002 339.58538113065003
34620.0 -0.00242998402820 20.29610382603821 -155.46216905249784 350021.71893898211420 71.95777633029513 340.11197160839117
34650.0 -0.00304276392471 20.30960254957259 -155.45738258112567 350038.15958793368191 71.76342902281573 340.62882266844042
34680.0 -0.00286868838333 20.32310031581293 -155.45254395058072 350049.76809430867434 71.56819797939553 341.13662659170581
34710.0 -0.00231326511723 20.33639477040135 -155.44759397238045 349981.87310235295445 71.37222512155877 341.63499328300895
34740.0 -0.00236759968080 20.34986396699714 -155.44267571690980 349984.29634129162878 71.17560933051081 342.12384054820126
34770.0 -0.00234848159191 20.36333101629085 -155.43770497360558 349981.90537351835519 70.97822061692099 342.60441623956149
34800.0 -0.00232131490107 20.37699112667924 -155.43275217582146 350049.44872683845460 70.78015336541449 343.07660196806103
34830.0 -0.00217541183031 20.39043683829926 -155.42769448982202 350037.73178678192198 70.58154443209636 343.54007149431123
34860.0 -0.00238973629088 20.40388084727963 -155.42258218880167 350021.18154486268759 70.38223959820232 343.99608289572620
34890.0 -0.00233439476566 20.41731380899516 -155.41742469265594 349999.98078808281571 70.18238148289029 344.44424853320618
34920.0 -0.00174375266112 20.43073393319093 -155.41222342649215 349974.16928432323039 69.98201901223905 344.88469923576099
34950.0 -0.00183028754192 20.44435435830405 -155.40703786904274 350018.09290953259915 69.78117981151024 345.31766741914907
34980.0 -0.00248431977364 20.45775398047348 -155.40174359229195 349982.94698403961957 69.57984748678648 345.74358469981615
35010.0 -0.00248230585033 20.47136721609079 -155.39645270876963 350017.22024498041719 69.37797268779622 346.16300725089849
35040.0 -0.00163810205520 20.48475063485627 -155.39105856590021 349972.63654398918152 69.17569904050598 346.57556056586117
35070.0 -0.00200033405480 20.49833810948768 -155.38568038717003 349997.66972593497485 68.97312013763060 346.98113444408847
35100.0 -0.00205366402047 20.51192463640822 -155.38024545423275 350017.79946481622756 68.77007290097490 347.38076752910717
35130.0 -0.00198021018614 20.52527647492977 -155.37470621120818 349959.21213074866682 68.56664874637025 347.77431848044552
35160.0 -0.00236256841816 20.53906995307091 -155.36923041143484 350043.92304384056479 68.36298490365877 348.16146879869848
35190.0 -0.00139258778469 20.55240131336708 -155.36359211620803 349975.97199826315045 68.15889580443567 348.54327092557736
35220.0 -0.00183732918223 20.56595351477625 -155.35795644539172 349977.18382616341114 67.95452793888192 348.91934825294692
35250.0 -0.00150930669566 20.57949411991709 -155.35227295234498 349973.73608538042754 67.74992061952821 349.28978561212375
35280.0 -0.00152842596642 20.59326342740137 -155.34658844902776 350039.21525781694800 67.54509270460117 349.65474597017351
35310.0 -0.00089048975674 20.60654266518055 -155.34075792335301 349952.80489304382354 67.34001469622676 350.01457031387275
35340.0 -0.00197518128727 20.62030415855136 -155.33496063665038 350008.52159733884037 67.13462223837151 350.36971029663118
35370.0 -0.00115411515448 20.63380973218037 -155.32906889137914 349986.09866971056908 66.92906168364988 350.71980758308183
35400.0 -0.00168136713184 20.64729715862788 -155.32313400488698 349959.19319827947766 66.72342406026769 351.06473398909964
35430.0 -0.00159684853811 20.66103226243229 -155.31718125062667 350000.62705121003091 66.51752285751481 351.40536689549316
35460.0 -0.00203756327091 20.67476175189359 -155.31117280592477 350037.19215197488666 66.31144875096876 351.74155168313962
35490.0 -0.00188663484692 20.68821973184253 -155.30507941025942 349996.09028314799070 66.10534037246214 352.07298102827218
35520.0 -0.00195404927508 20.70167300338351 -155.29892498273949 349950.09198936820030 65.89898985025773 352.40054953130311
35550.0 -0.00039745083804 20.71537450124527 -155.29275566002116 349972.36448286473751 65.69254822644508 352.72389488531547
35580.0 -0.00172564035202 20.72906519755179 -155.28653422727993 349989.90555051434785 65.48604803841323 353.04307063751355
35610.0 -0.00128492325545 20.74274472403875 -155.28026052217794 350002.72413982264698 65.27950297559633 353.35819031400030
35640.0 -0.00116820434449 20.75641595155448 -155.27393052452788 350010.72185224760324 65.07287473115156 353.66952847061555
35670.0 -0.00214724054158 20.77008391569854 -155.26753755606333 350013.72060642950237 64.86608862367653 353.97745921356676
35700.0 -0.00274995791281 20.78373958990174 -155.26109172450836 350012.01230351440609 64.65929398243037 354.28164257892655
35730.0 -0.00240583349480 20.79737779696926 -155.25459867534605 350005.77344371192157 64.45258074856351 354.58194163736420
35760.0 -0.00259399586243 20.81101144679043 -155.24804222405996 349994.55242738593370 64.24574547921867 354.87911079597001
35790.0 -0.00170652344501 20.82463515356756 -155.24142818553557 349978.52495577558875 64.03887926165177 355.17299023283698
35820.0 -0.00055643140963 20.83824063982386 -155.23476602337101 349957.98275540210307 63.83212242584534 355.46328688302413
35850.0 -0.00167231275011 20.85212729108168 -155.22806096401115 350004.47385582700372 63.62525092435476 355.75077457691509
35880.0 -0.00296830312873 20.86600489376622 -155.22129815117390 350046.09461186919361 63.41842040922521 356.03510763464823
35910.0 -0.00211403444456 20.87958190502768 -155.21445863161276 350011.01001400034875 63.21165831845318 356.31631953278475
35940.0 -0.00103840438705 20.89314341590187 -155.20756512895318 349971.28922402486205 63.00497538229716 356.59448928886536
35970.0 -0.00147006473811 20.90698685239459 -155.20063084598567 349998.52274371590465 62.79832723700843 356.86984308666399
36000.0 -0.00155357991583 20.92082702361342 -155.19362881198916 350020.62196117267013 62.59163193104315 357.14269753717161
36030.0 -0.00187053527924 20.93435591003437 -155.18655492081578 349966.39939321577549 62.38504159893940 357.41273198867134
36060.0 -0.00184638474584 20.94816440349027 -155.17944547218283 349979.19567779824138 62.17864582873143 357.67980705114195
36090.0 -0.00177092053385 20.96196827618598 -155.17226779801291 349986.87328798417002 61.97222869493164 357.94458264101723
36120.0 -0.00236558693937 20.97576217210220 -155.16502793859900 349989.63504647184163 61.76588222481497 358.20689896440109
36150.0 -0.00212610971126 20.98953795609037 -155.15773563642819 349987.81335157621652 61.55974835574834 358.46647862475976
36180.0 -0.00158275934810 21.00330918528525 -155.15037273560091 349980.82320129219443 61.35359110183543 358.72400208180426
36210.0 -0.00126681212823 21.01706665688576 -155.14295034784897 349969.04189149476588 61.14757047110739 358.97914098525507
36240.0 -0.00234948855357 21.03112362258182 -155.13547404890235 350023.39293701108545 60.94170978849451 359.23191636809202
36270.0 -0.00156665978042 21.04485257745140 -155.12793329748291 350002.04720263183117 60.73601819181125 359.48238309147450
36300.0 -0.00236961360411 21.05856861798543 -155.12032983520891 349975.84286058880389 60.53044705730928 359.73073175324174
36330.0 -0.00205567676190 21.07259759813019 -155.11265670262421 350015.13244440220296 60.32490920365370 359.97723578972636
36360.0 -0.00166929186514 21.08661400038754 -155.10492159634538 350049.51932689081877 60.11955921154051 0.22159354464914
36390.0 -0.00132617795443 21.10028744184434 -155.09713335848207 350008.83760389592499 59.91448663888189 0.46366695031369
36420.0 -0.00276001925620 21.11395137424149 -155.08927483504090 349963.08062188513577 59.70946620322300 0.70404227235520
36450.0 -0.00148012726338 21.12793010238160 -155.08134648688517 349982.67614866420627 59.50459106387848 0.94256274109807
36480.0 -0.00149119556843 21.14189029279848 -155.07336119103795 349997.60571663733572 59.30000450009798 1.17896672328490
36510.0 -0.00201542666082 21.15584517632720 -155.06530017415363 350007.20656552258879 59.09546159699646 1.41386139481086
36540.0 -0.00186952949947 21.16978561894408 -155.05717503661361 350011.90846291277558 58.89112633618900 1.64693528480290
36570.0 -0.00179909300446 21.18371039226835 -155.04898669531653 350011.75976718124002 58.68701851731673 1.87820196168883
36600.0 -0.00110481303543 21.19761888390659 -155.04073523459041 350006.77911400981247 58.48314654543908 2.10769915576036
36630.0 -0.00212107963051 21.21151368752749 -155.03241626614167 349996.81806623004377 58.27945874310182 2.33559083540739
36660.0 -0.00119536985345 21.22539943300598 -155.02402245379616 349981.61269552260637 58.07586410027579 2.56211744322185
36690.0 -0.00229515399000 21.23926753182649 -155.01556497114939 349961.59409373160452 57.87251922666647 2.78699522567638
36720.0 -0.00132617677255 21.25346128603694 -155.00703025599503 350006.29651421587914 57.66951375419821 3.01008952623590
36750.0 -0.00147107169977 21.26764858111819 -154.99841701528632 350045.56340232025832 57.46661530155227 3.23192827286121
36780.0 -0.00189569041053 21.28147188586199 -154.98975475767222 350010.58327884133905 57.26391817829996 3.45235925342432
36810.0 -0.00107462545962 21.29527163485394 -154.98103407761337 349971.05416127294302 57.06156667930760 3.67113591246046
36840.0 -0.00143585522509 21.30941698892752 -154.97220939386014 349995.09592988807708 56.85930915807988 3.88880698025026
36870.0 -0.00256582220993 21.32354663980766 -154.96331579246197 350014.12151866219938 56.65731315318840 4.10507678066324
36900.0 -0.00231024541415 21.33729924153412 -154.95438349867655 349959.53086823597550 56.45559529761064 4.31995462142721
36930.0 -0.00114405499297 21.35175472346694 -154.94532439273044 350037.28733704797924 56.25416381512087 4.53346586879965
36960.0 -0.00163709391167 21.36547081190773 -154.93625494831932 349972.85305418726057 56.05296480857703 4.74575417911353
36990.0 -0.00208988745681 21.37990454361331 -154.92704002082402 350039.87573219370097 55.85190443087603 4.95703430772428
37020.0 -0.00225389810915 21.39358713572604 -154.91782532587354 349965.32524674572051 55.65114090764089 5.16703894463501
37050.0 -0.00197316618208 21.40798185833859 -154.90847652052250 350022.55601417552680 55.45076393753004 5.37563787635415
37080.0 -0.00098507560326 21.42199645312435 -154.89908312552350 350006.18254136573523 55.25053571481689 5.58331209195194
37110.0 -0.00207278210935 21.43599372320858 -154.88961596368145 349984.71098809037358 55.05055163342163 5.78991458070650
37140.0 -0.00126580398469 21.45034168018334 -154.88004300723162 350026.37522729951888 54.85095667316987 5.99521279359145
37170.0 -0.00193392540642 21.46430348493435 -154.87042795054654 349994.69518439937383 54.65149410149852 6.19970813152931
37200.0 -0.00125775656461 21.47824395619384 -154.86074244410941 349958.09821617044508 54.45233460919510 6.40311934760080
37230.0 -0.00158175238645 21.49254330465352 -154.85093931869298 349984.06857296079397 54.25349188835766 6.60545354447166
37260.0 -0.00107865330624 21.50682324319133 -154.84106328083382 350004.97177942190319 54.05497434202581 6.80672698814582
37290.0 -0.00094885098504 21.52108612310439 -154.83110965821430 350020.62450530845672 53.85672644729981 7.00706754254810
37320.0 -0.00142176603508 21.53533622578925 -154.82107060559235 350030.70251096226275 53.65865224118180 7.20666960356461
37350.0 -0.00208485737605 21.54956531263109 -154.81095810444327 350035.73370117601007 53.46091118464779 7.40528073444251
37380.0 -0.00159483343292 21.56376864177766 -154.80077880767504 350036.02510366775095 53.26359298235310 7.60277556673916
37410.0 -0.00116015337877 21.57795756610100 -154.79051349919456 350030.75715351384133 53.06645567539454 7.79959677194199
37440.0 -0.00183229910147 21.59212695943825 -154.78016931824394 350020.25306936539710 52.86959563902843 7.99560267006758
37470.0 -0.00186047275397 21.60626941118489 -154.76975732477396 350005.01621969323605 52.67315822989728 8.19057350193014
37500.0 -0.00202247066489 21.62039701175231 -154.75925672731921 349984.14373919181526 52.47688288840192 8.38497180428458
37530.0 -0.00032097966439 21.63450099093477 -154.74868080543376 349958.23695449717343 52.28094308507257 8.57852932153317
37560.0 -0.00189669619031 21.64898136896806 -154.73796288865546 349993.51454520970583 52.08534971940856 8.77125227174207
37590.0 -0.00296830312873 21.66343980638977 -154.72716698604373 350023.60070870537311 51.89011161333236 8.96315008482843
37620.0 -0.00172362879247 21.67747412502397 -154.71635911669679 349982.35183245129883 51.69517205246022 9.15433812278550
37650.0 -0.00197417432561 21.69189549704290 -154.70539130942143 350001.41595573350787 51.50043349588029 9.34499437652862
37680.0 -0.00171054774599 21.70629320571772 -154.69434500968958 350015.31122187990695 51.30605630185060 9.53487974372493
37710.0 -0.00213315253345 21.72025313679950 -154.68330343278012 349958.78466972056776 51.11213009806586 9.72387374017167
37740.0 -0.00164212753806 21.73501467087480 -154.67201767962015 350027.70113390684128 50.91840975702280 9.91238734959848
37770.0 -0.00189568922865 21.74893150867799 -154.66080420836977 349960.30422054510564 50.72499252058557 10.10028406644854
37800.0 -0.00356699383523 21.76364436897079 -154.64935805030481 350018.77700567059219 50.53202384624291 10.28735569649682
37830.0 -0.00235753833741 21.77792644452696 -154.63789774214084 350006.08499688282609 50.33924032957176 10.47403246338503
37860.0 -0.00178903166107 21.79218194019972 -154.62635715816197 349988.24008717667311 50.14681788658057 10.66005770661956
37890.0 -0.00248130007056 21.80682932930588 -154.61464920036042 350030.14720489270985 49.95476472704022 10.84543760926631
37920.0 -0.00215831002850 21.82103062816413 -154.60294750598476 350001.99115248210728 49.76309025303107 11.03017635885609
37950.0 -0.00096092506986 21.83520566297035 -154.59116150244606 349968.54330121818930 49.57173688418626 11.21437925443129
37980.0 -0.00270065343000 21.84978245283052 -154.57918962900180 349993.92193480115384 49.38060591118606 11.39821087169868
38010.0 -0.00130705986554 21.86433224448425 -154.56713416109545 350014.01005829591304 49.18985829573533 11.58144400517694
38040.0 -0.00079892597706 21.87885052277851 -154.55500223602027 350029.17081126850098 48.99958350022209 11.76396289313712
38070.0 -0.00239376059186 21.89334777722670 -154.54277320389616 350038.42547721043229 48.80953400342366 11.94615201309864
38100.0 -0.00188260818218 21.90781905500599 -154.53045485122485 350042.16372108645737 48.61980780046229 12.12787972878003
38130.0 -0.00084923860341 21.92225739003503 -154.51805899722351 350040.97883764095604 48.43055020854286 12.30894824722163
38160.0 -0.00172865887322 21.93667390913323 -154.50556333288012 350033.79786569066346 48.24149575593811 12.48976062920424
38190.0 -0.00163206383091 21.95106019813960 -154.49298241039008 350021.34749933332205 48.05282250934157 12.67007050781852
38220.0 -0.00176186497023 21.96541546027923 -154.48031648503121 350003.65841157827526 47.86453606459068 12.84988457839042
38250.0 -0.00138353103919 21.97973870552081 -154.46756620067583 349980.78086400218308 47.67664651332797 13.02920292436784
38280.0 -0.00151031365731 21.99403188755516 -154.45472645389182 349952.47895433660597 47.48909565809129 13.20812262246550
38310.0 -0.00182626087719 22.00918008263989 -154.44155936911164 350044.62358173727989 47.30178393880611 13.38679713276927
38340.0 -0.00161093418248 22.02341584915487 -154.42853279785834 350005.07066182326525 47.11487266821934 13.56500983969441
38370.0 -0.00132919529375 22.03761333107709 -154.41542890696678 349960.75247187539935 46.92845105811586 13.74264943845644
38400.0 -0.00095992047196 22.05267250045714 -154.40198510594143 350036.14373807795346 46.74226981174816 13.92007801086445
38430.0 -0.00200335257601 22.06681148170306 -154.38868793590973 349980.34685376100242 46.55642757143636 14.09716841690645
38460.0 -0.00092268889209 22.08180620964583 -154.37506319299379 350044.82078104466200 46.37106930682261 14.27373219376329
38490.0 -0.00143585522509 22.09587904709293 -154.36158225379322 349978.08969046827406 46.18592810174755 14.45014934730601
38520.0 -0.00157873504712 22.11081554646429 -154.34775778623666 350030.75596471782774 46.00118391592461 14.62618261903939
38550.0 -0.00048599609651 22.12481575429148 -154.33410057342485 349953.54077727068216 45.81683979093917 14.80183956830067
38580.0 -0.00154754287342 22.13968325628052 -154.32009256853954 349995.29751285631210 45.63290658213405 14.97711699926525
38610.0 -0.00101123533244 22.15451882249873 -154.30598586619362 350031.24709743820131 45.44932566883644 15.15210517870725
38640.0 -0.00124870100100 22.16887004761068 -154.29190837184046 349999.18464792892337 45.26599688970864 15.32694824957616
38670.0 -0.00097098759513 22.18318284661906 -154.27774122342677 349961.85751539468765 45.08308169413047 15.50143901528758
38700.0 -0.00126177968371 22.19791142200896 -154.26335109505433 349981.18542867433280 44.90066896505787 15.67547031609479
38730.0 -0.00138554378062 22.21260942057658 -154.24885266894259 349994.26901685912162 44.71850812811810 15.84938514457603
38760.0 -0.00109273895061 22.22727212753216 -154.23425445997302 350001.56999506987631 44.53669837709759 16.02306046192016
38790.0 -0.00147610059864 22.24189310473563 -154.21956912129230 350003.77590098977089 44.35538415768745 16.19631616773450
38820.0 -0.00151936922092 22.25648233796120 -154.20477271082291 349999.63475942797959 44.17429761305667 16.36951253270298
38850.0 -0.00063692806615 22.27103190459017 -154.18988119496481 349990.00963134691119 43.99362037163591 16.54242034229982
38880.0 -0.00199228545284 22.28554111695913 -154.17489450089059 349974.91523088142276 43.81335297092875 16.71504824432813
38910.0 -0.00112292534454 22.30000885251962 -154.15981356366200 349954.42041461262852 43.63350707988864 16.88739036914778
38940.0 -0.00127586650996 22.31537319338336 -154.14431729124814 350049.18338500615209 43.45402380749406 17.05953127500706
38970.0 -0.00063088984186 22.32976673761763 -154.12902351109886 350016.59641026332974 43.27480258969540 17.23160721489636
39000.0 -0.00094583246384 22.34411662002094 -154.11363524493277 349978.64615186024457 43.09600483112051 17.40341937208001
39030.0 -0.00178903166107 22.35889051144592 -154.09799622610194 349995.86258840467781 42.91771901662734 17.57486440654801
39060.0 -0.00077578358720 22.37362788876587 -154.08224340385539 350006.67499889992177 42.73969369819953 17.74626891465842
39090.0 -0.00111789408190 22.38785022510143 -154.06655425080339 349951.76773597765714 42.56202853641022 17.91751356777573
39120.0 -0.00227704049902 22.40297326064361 -154.05043618614008 350011.32460393663496 42.38486730435979 18.08842576279944
39150.0 -0.00064799518931 22.41758445875883 -154.03437008729472 350004.55276234634221 42.20794161417710 18.25934875058889
39180.0 -0.00112191956476 22.43215016081901 -154.01820412481123 349992.20385387353599 42.03143456901993 18.43006041100931
39210.0 -0.00093375719714 22.44714802143637 -154.00176079853961 350033.57612259779125 41.85534424646325 18.60057062203901
39240.0 -0.00129196725952 22.46114195771467 -153.98557295885055 349950.86845846287906 41.67968316192206 18.77087129012838
39270.0 -0.00176991357219 22.47604871100904 -153.96892164639016 349980.70027243439108 41.50439227601721 18.94104213619724
39300.0 -0.00111185585761 22.49091452485013 -153.95215177570296 350003.96443190518767 41.32937078068947 19.11121267203757
39330.0 -0.00165621318243 22.50573274378925 -153.93527833335861 350021.51457303389907 41.15477988392328 19.28119154204273
39360.0 -0.00118027724743 22.52049946791818 -153.91830959581623 350033.83618449606001 40.98070761239243 19.45087890630501
39390.0 -0.00042965115528 22.53522294690703 -153.90122169218841 350039.60341931320727 40.80690197356694 19.62058718323189
39420.0 -0.00170048522072 22.54989878314674 -153.88402395517585 350039.35645482968539 40.63346302106542 19.79020038123605
39450.0 -0.00052523923593 22.56452116377163 -153.86672995140506 350033.88223585207015 40.46053373114108 19.95955262593086
39480.0 -0.00062082731659 22.57909873428816 -153.84931398769839 350021.73845451232046 40.28784551931739 20.12897239303094
39510.0 -0.00094583246384 22.59362422513788 -153.83179359828787 350003.93718008790165 40.11558279610880 20.29824381330713
39540.0 -0.00092470281540 22.60809701995331 -153.81416834636411 349980.47151712607592 39.94374121955012 20.46737808250305
39570.0 -0.00145396517044 22.62251589295548 -153.79643951153830 349951.43284854292870 39.77233417227635 20.63636522107886
39600.0 -0.00075867942163 22.63786398724903 -153.77818904314714 350031.67782636824995 39.60130256455038 20.80528081100421
39630.0 -0.00119637681510 22.65218188479252 -153.76022707007374 349990.04312912747264 39.43054466200831 20.97424956582818
39660.0 -0.00097199337490 22.66693608169288 -153.74195086431629 350000.20596710219979 39.26022295238644 21.14308478686620
39690.0 -0.00067918736301 22.68163195529241 -153.72357509797027 350005.09566011745483 39.09042416042099 21.31169081678055
39720.0 -0.00019922830891 22.69627706852190 -153.70507502751323 350003.29221406206489 38.92089601749953 21.48036774189444
39750.0 -0.00042864301174 22.71086721871529 -153.68646042692771 349995.37752757128328 38.75173890707055 21.64900255902816
39780.0 -0.00002012386866 22.72589295651678 -153.66752552260965 350038.98278398253024 38.58309490559615 21.81743544204065
39810.0 -0.00171054892787 22.73987414887096 -153.64890317929832 349962.18814433645457 38.41469550505309 21.98598196514957
39840.0 0.00108066368391 22.75478953934891 -153.62972787593731 349992.99061440676451 38.24672627969160 22.15443176184797
39870.0 -0.00148415156436 22.76964646781619 -153.61043861218351 350017.78535466827452 38.07918050584362 22.32279739797083
39900.0 0.00053932488030 22.78444363153528 -153.59103684709669 350036.67638898175210 37.91207244531108 22.49106726439965
39930.0 -0.00012577565646 22.79918202618883 -153.57151666847935 350049.33059866912663 37.74534303717659 22.65931337060685
39960.0 -0.00198423448712 22.81336331143176 -153.55210153143125 349999.15441375970840 37.57889134294551 22.82765438878516
39990.0 -0.00230923963437 22.82798202753847 -153.53234259182585 349999.25627060513943 37.41287781972006 22.99591155157883
40020.0 -0.00072346294695 22.84303682315789 -153.51224179763540 350049.79182852245867 37.24738943333482 23.16399112786372
40050.0 -0.00109273776873 22.85753124532608 -153.49224785472936 350037.64082221593708 37.08217385772572 23.33218242168967
40080.0 -0.00059567336717 22.87196259339488 -153.47213499133613 350019.29608775675297 36.91733175257092 23.50037509696352
40110.0 -0.00115411633636 22.88632579722050 -153.45191776015585 349995.64948398992419 36.75300421007318 23.66841477441143
40140.0 -0.00085225476085 22.90062793014577 -153.43156861763964 349965.05535120982677 36.58892302133219 23.83660570381631
40170.0 -0.00016199909280 22.91587309743182 -153.41060664445644 350038.83628332428634 36.42527480153289 24.00474235821484
40200.0 -0.00045480392281 22.93004089930448 -153.39002661670435 349996.39671619143337 36.26205048115786 24.17283870310507
40230.0 0.00026060569466 22.94464577990604 -153.36907994960768 350003.07712245360017 36.09926520680986 24.34088169594458
40260.0 -0.00165621081867 22.95918325850035 -153.34801065945592 350003.44923370424658 35.93686001030751 24.50894023828477
40290.0 -0.00054637006625 22.97365521591692 -153.32680819207371 349996.88026458211243 35.77473402139854 24.67712860945423
40320.0 -0.00138151947964 22.98805621184733 -153.30548937918448 349984.41225244011730 35.61304718418870 24.84527335001664
40350.0 -0.00104645180713 23.00289172367910 -153.28379917383427 350020.91480643022805 35.45188587787300 25.01328338112692
40380.0 0.00157269800471 23.01715084622527 -153.26223727687696 349996.07186886481941 35.29099789647225 25.18143853586133
40410.0 -0.00066912720150 23.03133803071752 -153.24055247181863 349964.96878098417073 35.13048413068747 25.34963085201846
40440.0 -0.00119134555247 23.04595889859784 -153.21848831646199 349982.43891553860158 34.97048462042098 25.51771086567826
40470.0 -0.00043669397746 23.06051034449870 -153.19628301433269 349992.57898893207312 34.81073163644405 25.68597283969680
40500.0 0.00007043531312 23.07498641929558 -153.17395672045373 349996.65096874348819 34.65141273039101 25.85421549881988
40530.0 -0.00145698369164 23.08938648564111 -153.15150836593716 349994.60308651532978 34.49251652141474 26.02245422289492
40560.0 -0.00068522558730 23.10370920016084 -153.12893984763818 349986.56825771182775 34.33405904183194 26.19067468731706
40590.0 -0.00214422202037 23.11795510954651 -153.10624494218501 349972.17062675207853 34.17598146777967 26.35894307032468
40620.0 -0.00036022280381 23.13212572325792 -153.08341276541546 349950.73710056208074 34.01818306276378 26.52736979663890
40650.0 0.00041154002805 23.14724279587543 -153.05988396723404 350029.31318469066173 33.86082318908702 26.69578615984641
40680.0 -0.00075666668020 23.16125070661521 -153.03681701564869 349996.38719793222845 33.70398761147992 26.86410349572786
40710.0 -0.00020727809275 23.17518050005221 -153.01361241278579 349956.43293615523726 33.54742438659165 27.03259328415107
40740.0 -0.00138151947964 23.19005765203483 -152.98968993856593 350015.32020886801183 33.39123459923686 27.20114967002515
40770.0 -0.00027569948256 23.20382082602849 -152.96624322364451 349963.48688296787441 33.23555718279312 27.36962763554436
40800.0 -0.00091262991246 23.21853370890492 -152.94205497364254 350009.11146809067577 33.08012503265147 27.53831259856631
40830.0 0.00022237306253 23.23316196339213 -152.91773774400710 350048.39607795141637 32.92512654917820 27.70700701365420
40860.0 -0.00082206954881 23.24667345349581 -152.89390127021173 349977.16013082303107 32.77054807302196 27.87572768079354
40890.0 -0.00123360721310 23.26112911489221 -152.86933051285575 350004.03263336885720 32.61640651992366 28.04445911069638
40920.0 0.00071138649837 23.27549835414179 -152.84462522138739 350024.24560471251607 32.46264325175660 28.21326507941166
40950.0 -0.00125775538273 23.28978224420393 -152.81977416302226 350037.08381887990981 32.30915771701716 28.38225261260559
40980.0 -0.00098205590017 23.30397632703036 -152.79479550955242 350043.72670450713485 32.15610864229726 28.55125726659179
41010.0 -0.00041958626625 23.31807786541943 -152.76969927635622 350044.83521001506597 32.00358115608235 28.72019257660322
41040.0 -0.00002918179603 23.33209101923342 -152.74445697283434 350038.57402408588678 31.85132369073030 28.88932262768830
41070.0 -0.00098607901927 23.34601262301915 -152.71908035782315 350025.71145401149988 31.69943749556065 29.05854343026361
41100.0 -0.00044373679965 23.35983894082486 -152.69358558345823 350007.30895341932774 31.54806035520460 29.22771399831846
41130.0 -0.00070635523573 23.37357414617463 -152.66794215458768 349981.38577752280980 31.39692590482701 29.39711188473728
41160.0 0.00072446754484 23.38773137171177 -152.64184192915494 350000.15224821958691 31.24622332013492 29.56654281089843
41190.0 -0.00012376291503 23.40179232199604 -152.61560864340402 350012.49861432053149 31.09593669489729 29.73602499689707
41220.0 -0.00123964543738 23.41523751501841 -152.58957992054366 349968.08661444950849 30.94608382350849 29.90554188055936
41250.0 0.00011873283428 23.42962130319025 -152.56274353549094 350018.00852835178375 30.79660628653325 30.07515510587738
41280.0 -0.00080798272256 23.44287168323995 -152.53643383972883 349959.74261832144111 30.64740375706191 30.24496868722714
41310.0 0.00075968401952 23.45705782045033 -152.50931380762555 349995.79137625917792 30.49863428459305 30.41482201055446
41340.0 -0.00041556196527 23.47114080820441 -152.48206929214851 350026.10205657780170 30.35038234520596 30.58463061636781
41370.0 -0.00164715643694 23.48512374779705 -152.45467081686473 350048.72490425128490 30.20239683506190 30.75465202072054
41400.0 0.00005735308477 23.49796678141591 -152.42783117394208 349965.00121155288070 30.05477914446329 30.92478388186732
41430.0 -0.00163407539046 23.51174066695963 -152.40017112035409 349975.26446163933724 29.90766587810247 31.09488887911407
41460.0 0.00122354350595 23.52541147273358 -152.37235461619349 349977.68066500034183 29.76079150010408 31.26523754596532
41490.0 -0.00095891114655 23.53897513841949 -152.34440478690001 349973.79962504003197 29.61434590140756 31.43563845921924
41520.0 -0.00096696329415 23.55243086922597 -152.31631984532223 349963.50697822961956 29.46831095900584 31.60611125589623
41550.0 -0.00040147632090 23.56681418257649 -152.28737681486814 350045.20181122701615 29.32270533960357 31.77663837302465
41580.0 0.00019922949079 23.58005100324816 -152.25901527089712 350021.75700092222542 29.17747086820916 31.94727955136591
41610.0 -0.00020124223222 23.59317846650359 -152.23050270722067 349990.83436713833362 29.03250747229865 32.11813612592113
41640.0 -0.00035720073697 23.60619334049819 -152.20185873604450 349953.76124243251979 28.88797249387370 32.28905092944349
41670.0 0.00027368555925 23.62012973906543 -152.17234830694107 350008.48643989115953 28.74394974553088 32.45994133303824
41700.0 0.00012476987669 23.63291710904858 -152.14342761019364 349958.26907588355243 28.60018865350705 32.63105899877688
41730.0 0.00189065914790 23.64662510215769 -152.11361275646610 349998.15566198341548 28.45679073181860 32.80230303636517
41760.0 -0.00206171380431 23.66021483458746 -152.08366688907955 350032.12052240408957 28.31389138297985 32.97353946690630
41790.0 0.00156162969967 23.67265309348064 -152.05432358462230 349961.72065553255379 28.17122596717767 33.14503253676785
41820.0 0.00301257753078 23.68600696730226 -152.02407986906417 349981.29072010889649 28.02898504245110 33.31659331255775
41850.0 -0.00035720310073 23.69924018866222 -151.99369473935403 349994.22776906285435 27.88714829755875 33.48824284336624
41880.0 -0.00326211610227 23.71235143990085 -151.96317115964882 350000.73662644252181 27.74573526407799 33.65996262246846
41910.0 0.00127788043327 23.72534013560679 -151.93250231334744 350000.34577941242605 27.60468803146618 33.83181068199684
41940.0 -0.00056045571061 23.73820595250184 -151.90167596298875 349992.20262228697538 27.46390680252114 34.00388596353928
41970.0 -0.00008955340201 23.75094631601864 -151.87071246229075 349977.71310694795102 27.32354819143830 34.17603440771918
42000.0 0.00017407435950 23.76355949083791 -151.83962302811153 349957.65774510614574 27.18369534057122 34.34817505979841
42030.0 -0.00094281512451 23.77707755818032 -151.80756940451491 350024.09063960704952 27.04409825389589 34.52055434885998
42060.0 0.00044172524010 23.78943541149044 -151.77617355465935 349989.20062919799238 26.90485855702365 34.69307265976094
42090.0 -0.00056850667633 23.80269285282658 -151.74383468806616 350042.49317006859928 26.76611043638971 34.86559906938396
42120.0 0.00001106830504 23.81478978958495 -151.71214810255151 349993.83773410506546 26.62759019625420 35.03839217302711
42150.0 0.00253362425645 23.82778310696267 -151.67950002491426 350032.28792335465550 26.48948902420275 35.21126520255058
42180.0 -0.00260606994725 23.83961385086537 -151.64753739421045 349970.87222370039672 26.35178444782910 35.38424061336833
42210.0 0.00121650186564 23.85233730821065 -151.61460403016349 349996.13649445865303 26.21449685565473 35.55729900034089
42240.0 0.00002716669084 23.86492391619865 -151.58152016689453 350014.30308710783720 26.07756861621810 35.73049685372111
42270.0 0.00100620406981 23.87737279936148 -151.54827323517483 350024.46945367194712 25.94090022178000 35.90393096828385
42300.0 -0.00063491532472 23.88968210259129 -151.51488435167761 350028.12351080588996 25.80464754673952 36.07745009302722
42330.0 0.00158477327141 23.90185046263762 -151.48136515844899 350026.08890991285443 25.66889306059224 36.25097480740209
42360.0 -0.00116015456065 23.91387739631848 -151.44768317688514 350016.03954221401364 25.53338737639169 36.42474684842615
42390.0 -0.00022035795734 23.92576135689965 -151.41385250362930 349998.96696504577994 25.39823222426233 36.59866771787998
42420.0 0.00373704389374 23.93750096009143 -151.37989161936466 349976.18540554866195 25.26356056780673 36.77260929586863
42450.0 -0.00313634044581 23.95011534204671 -151.34488770755235 350036.09842414502054 25.12910968650773 36.94682508069110
42480.0 0.00234747463026 23.96156207758353 -151.31061852257952 349998.55314242932945 24.99507137004724 37.12113018118276
42510.0 -0.00089552101937 23.97286100909168 -151.27620834965089 349954.48598482832313 24.86142101014151 37.29554845323408
42540.0 0.00042159900768 23.98502780262744 -151.24076724222815 349994.34085340891033 24.72817984421469 37.47005962960954
42570.0 0.00065101607427 23.99704222686191 -151.20517148036805 350026.92911748494953 24.59529053039289 37.64471880171940
42600.0 -0.00122757135257 24.00788832254647 -151.17031193680771 349961.56177596375346 24.46265385795641 37.81962083152430
42630.0 0.00024853397360 24.01959521369869 -151.13440808345695 349979.51079493854195 24.33042495757813 37.99461701127528
42660.0 0.00056246727016 24.03114628172328 -151.09837065438256 349991.67913488950580 24.19868562667027 38.16962933007022
42690.0 -0.00022337647855 24.04253964161213 -151.06216617036790 349995.60401884838939 24.06718710462715 38.34489530474712
42720.0 0.00242897824842 24.05377425378116 -151.02580936039692 349992.33963587600738 23.93603122346862 38.52031741251088
42750.0 0.00015897938971 24.06484942758161 -150.98931931062157 349983.26902006380260 23.80534972345579 38.69577011396023
42780.0 -0.00041556196527 24.07576281692834 -150.95266041724716 349965.75318440794945 23.67488087630737 38.87150229324091
42810.0 -0.00016803613521 24.08751957238677 -150.91492075768761 350029.92672455031425 23.54481705511071 39.04733068099711
42840.0 -0.00006540405049 24.09810585929613 -150.87797129413391 349999.06822550762445 23.41513153934142 39.22328052773832
42870.0 0.00128291169590 24.10852755780477 -150.84088161638442 349961.80764860287309 23.28584640743597 39.39933073357430
42900.0 0.00260707572702 24.11978440186591 -150.80268980347245 350005.04303309042007 23.15690461401807 39.57553511421676
42930.0 -0.00030487891483 24.13087013838988 -150.76432722369859 350039.86160062067211 23.02820724763303 39.75198678461640
42960.0 -0.00035418457952 24.14078630443635 -150.72678147664817 349980.91626262478530 22.89990869815615 39.92853934614904
42990.0 0.00176387534790 24.15153045735561 -150.68814033374900 350003.36055612750351 22.77209009497030 40.10511608691206
43020.0 0.00075163423568 24.16209943106936 -150.64932915205262 350017.35725506115705 22.64450330864011 40.28195071572560
43050.0 -0.00242897706654 24.17249275029460 -150.61036331278871 350024.02626761607826 22.51725027478292 40.45894655888856
43080.0 0.00227503012135 24.18271047491125 -150.57126251451714 350024.82186960056424 22.39046151526888 40.63598046144899
43110.0 0.00058561084191 24.19274865524412 -150.53199014557106 350016.95514872856438 22.26387629857308 40.81329711454888
43140.0 0.00055542326610 24.20260801454211 -150.49257492542549 350002.55880862474442 22.13768757067184 40.99071464529588
43170.0 -0.00067717462158 24.21228702543180 -150.45301367782525 349981.36255316622555 22.01186652083688 41.16825969295845
43200.0 0.00181619953380 24.22276976272541 -150.41230526443101 350038.91480961907655 21.88643606102032 41.34591034922430
43230.0 0.00209994880020 24.23208251487401 -150.37244829872628 350003.90987559221685 21.76133944619149 41.52371926036722
43260.0 -0.00144994086946 24.24120939569391 -150.33242886827790 349960.74837434571236 21.63647806195236 41.70177795575415
43290.0 0.00289887477726 24.25113075215322 -150.29124982971288 349995.78672529570758 21.51200556634930 41.87994213961626
43320.0 0.00004729292326 24.26086335121724 -150.24993467725241 350024.95290902350098 21.38800242779588 42.05813630108634
43350.0 0.00122555624738 24.26942648637420 -150.20947863918104 349961.31064693350345 21.26422114208923 42.23659070085886
43380.0 -0.00004527899995 24.27877370792804 -150.16784142687322 349974.61920270230621 21.14076375393483 42.41520940216775
43410.0 -0.00035820888050 24.28792823814384 -150.12606899908215 349982.01476452779025 21.01775957690404 42.59387146207560
43440.0 0.00052926353691 24.29688442093815 -150.08412376610767 349980.55208964087069 20.89494886951606 42.77281774622093
43470.0 0.00036525288457 24.30564423097141 -150.04203562843165 349972.49843330401927 20.77252514802025 42.95186757961067
43500.0 -0.00040851914309 24.31517159670635 -149.99874534023576 350040.67103039845824 20.65045753169419 43.13104898456443
43530.0 0.00199630975382 24.32353226368255 -149.95636415976736 350018.92938635125756 20.52876975926876 43.31033926455152
43560.0 0.00242595972722 24.33169167175471 -149.91383397309383 349989.99301389884204 20.40740538730321 43.48978998824273
43590.0 0.00174475962278 24.34060581912572 -149.87007024358479 350035.24004469346255 20.28626609236508 43.66949123976622
43620.0 0.00254972146037 24.34835570932886 -149.82723375922157 349991.29753063339740 20.16550481520561 43.84930064486596
43650.0 -0.00016602339378 24.35685833341208 -149.78319145716679 350023.98690222017467 20.04520137300693 44.02914380741144
43680.0 0.00061780997726 24.36419501770983 -149.74006334690975 349965.99109038803726 19.92510887133794 44.20924785399195
43710.0 -0.00062988524396 24.37227422266071 -149.69569977676019 349982.56326419394463 19.80532947337784 44.38951748535771
43740.0 0.00504913384004 24.38014276760432 -149.65120236667900 349993.20943068899214 19.68599129859153 44.56983381979952
43770.0 -0.00503806553499 24.38779318327137 -149.60653257253128 349994.82029403001070 19.56683557958789 44.75043421720542
43800.0 0.00219755080416 24.39522881555416 -149.56172148901939 349989.80467853322625 19.44805640719403 44.93113902676490
43830.0 0.00502699841183 24.40244762352208 -149.51676533542943 349977.80739140603691 19.32962084921004 45.11197764803212
43860.0 -0.00273285138348 24.40944902529016 -149.47166923429043 349959.18132373411208 19.21155346524345 45.29292661359928
43890.0 -0.00123561877264 24.41716642644912 -149.42530554540011 350013.77034995984286 19.09379811276314 45.47403649370816
43920.0 0.00199932827503 24.42372106922376 -149.37989576116115 349979.19333504512906 18.97625674976292 45.65539604930392
43950.0 0.00166023748341 24.43098555394088 -149.33321961033528 350018.19647672958672 18.85908161932265 45.83686466874401
43980.0 -0.00063994658735 24.43709629642104 -149.28754610318532 349971.43507907539606 18.74235189955891 46.01836899503641
44010.0 -0.00170149100050 24.44390451850812 -149.24057296110558 349995.84351900499314 18.62582128217078 46.20013329395317
44040.0 0.00296125912466 24.45048069968747 -149.19344762118706 350012.65416740719229 18.50959206144033 46.38206281650903
44070.0 0.00080194568015 24.45682752107869 -149.14619159914241 350023.54916849359870 18.39379118108970 46.56404061044388
44100.0 -0.00380546646543 24.46293559045938 -149.09876543076240 350025.24725606292486 18.27816082342090 46.74630080774772
44130.0 -0.00215529032541 24.46880975137968 -149.05120140742181 350020.30601866915822 18.16289566488689 46.92866463060236
44160.0 0.00398255816425 24.47444765809668 -149.00349543760868 350008.32183532882482 18.04796073845716 47.11116284985595
44190.0 0.00167231275011 24.47984895890149 -148.95565306173549 349989.67786393035203 17.93338141998623 47.29377124230696
44220.0 -0.00060774863387 24.48501052468185 -148.90766681841671 349963.68750329222530 17.81910186522140 47.47653944831278
44250.0 -0.00218446975769 24.49083193296000 -148.85834395169852 350007.29205895774066 17.70502430149217 47.65955501127006
44280.0 0.00336273662744 24.49640723477419 -148.80887919520424 350043.97283122502267 17.59130029827828 47.84267894372839
44310.0 0.00090155806178 24.50083952974929 -148.76047488328962 349997.00770483259112 17.47800840906959 48.02583886199718
44340.0 0.00203052163061 24.50591858430577 -148.71072152848973 350018.99668610561639 17.36490288082037 48.20925640815619
44370.0 -0.00053932606218 24.50985248250072 -148.66201800059449 349955.86792219709605 17.25208615493908 48.39283730720685
44400.0 -0.00260405602394 24.51443353840905 -148.61199607022689 349964.50251790136099 17.13968402114664 48.57646642203222
44430.0 0.00158779061074 24.51875456071046 -148.56180818790554 349963.78967761807144 17.02743957984370 48.76037489716307
44460.0 0.00043166153295 24.52282202162176 -148.51148782566978 349956.44267891906202 16.91554811044344 48.94438469735165
44490.0 0.00077578358720 24.52751409332411 -148.45981414966738 350018.75439133681357 16.80397262603280 49.12852795831435
44520.0 0.00319067500938 24.53106592278937 -148.40922128846620 349997.46324560511857 16.69273931516490 49.31277971488466
44550.0 0.00118530851006 24.53523253434556 -148.35726423614625 350045.17081228923053 16.58179262816616 49.49718873633883
44580.0 -0.00138051369987 24.53825587368313 -148.30637538339548 350007.57439661212265 16.47103504697216 49.68184144010889
44610.0 0.00684722461037 24.54101907397368 -148.25536024272617 349963.41088743787259 16.36061749587505 49.86660034284095
44640.0 -0.01136206365086 24.54438987743980 -148.20299376902008 349989.71714432723820 16.25061792014935 50.05139397736036
44670.0 0.01298205221507 24.54748426374359 -148.15046736187395 350006.83754767663777 16.14079108501808 50.23644156667093
44700.0 -0.00673452763662 24.55030558034586 -148.09779979698519 350016.26986425276846 16.03123959800934 50.42164924390021
44730.0 0.00122857595046 24.55285858880703 -148.04501373341589 350019.86097556818277 15.92208811970296 50.60690358846274
44760.0 -0.00068321284587 24.55512971437991 -147.99206801367052 350013.96119995880872 15.81308063098771 50.79243296424437
44790.0 0.00886063734788 24.55712719803321 -147.93899728085705 350001.44798529334366 15.70441303725502 50.97805996752681
44820.0 -0.00485594375542 24.55884797731554 -147.88579680763675 349981.80764264892787 15.59604634492283 51.16381809180629
44850.0 0.00157571652592 24.56029229171998 -147.83247299643861 349955.48898986540735 15.48800755314413 51.34968164286730
44880.0 -0.00423511407507 24.56229493356037 -147.77774196259327 349996.25060504954308 15.38024140194715 51.53569856951562
44910.0 0.00600704038869 24.56400386818529 -147.72285633691834 350027.83656812366098 15.27265061157551 51.72195424174808
44940.0 0.00080093871849 24.56459389806487 -147.66912890480430 349978.32633441127837 15.16538549295471 51.90831257738161
44970.0 0.00010363904637 24.56573538330382 -147.61400856261656 349997.49861191585660 15.05852340159808 52.09470297706149
45000.0 -0.00161596308135 24.56657840261757 -147.55873633680278 350007.36718621570617 14.95181957867374 52.28134242018587
45030.0 0.00375817354217 24.56712729541935 -147.50333167157532 350009.51644639577717 14.84537681971490 52.46813739177642
45060.0 0.00435787357409 24.56738796879020 -147.44781775606040 350005.87968722451478 14.73931868378308 52.65497610337987
45090.0 -0.00327519833063 24.56734458497319 -147.39215267344414 349992.60983937326819 14.63338998949071 52.84208431489441
45120.0 0.00195405045696 24.56781780068968 -147.33506017740817 350045.99520569480956 14.52778729647703 53.02928516111633
45150.0 -0.00134932034429 24.56717948379274 -147.27915487599515 350018.82446119189262 14.42246961613147 53.21661348521696
45180.0 0.00304980556501 24.56624436477357 -147.22313598807034 349984.97922505438328 14.31746475753064 53.40404287651791
45210.0 0.00534596533479 24.56580749851510 -147.16567088797626 350016.42767402343452 14.21271774495332 53.59162050647323
45240.0 -0.00391815989354 24.56505470027112 -147.10806113080653 350038.60627703182399 14.10813151890102 53.77943076499219
45270.0 0.00383464471583 24.56320212814875 -147.05166859833233 349981.43975177314132 14.00385581235503 53.96733888333517
45300.0 -0.00038336282991 24.56184144553119 -146.99384563951295 349991.29860907699913 13.89996741115228 54.15527508890388
45330.0 -0.00010464482615 24.56016006116105 -146.93588111059367 349991.73398203682154 13.79622198545100 54.34345426674506
45360.0 -0.00027871918564 24.55816338979504 -146.87779510358226 349984.42095349356532 13.69272254370287 54.53178320626338
45390.0 0.00211001014358 24.55585855526158 -146.81961129859249 349971.38199425209314 13.58959157319296 54.72015167989492
45420.0 0.00033305493109 24.55400011117448 -146.75993202649303 350020.28737810254097 13.48657468340593 54.90878299283796
45450.0 0.00003521647468 24.55105081924517 -146.70150007065391 349990.77165531367064 13.38386912134575 55.09750074218403
45480.0 -0.00180211270755 24.54778339672163 -146.64295921327042 349954.06348603498191 13.28143191338788 55.28634111150866
45510.0 0.00339493458092 24.54495981364303 -146.58294910528738 349981.97296063229442 13.17929167946001 55.47527698622028
45540.0 -0.00405399807527 24.54180627408210 -146.52282158954202 350002.07804938033223 13.07739372206532 55.66435479713067
45570.0 0.00690860199611 24.53831457008342 -146.46256166743404 350012.81413669884205 12.97564118302667 55.85365801094816
45600.0 -0.00098507442138 24.53449438425785 -146.40219812358674 350016.69806831330061 12.87418325557921 56.04305309895584
45630.0 -0.00160992840270 24.53035050920816 -146.34174691414640 350015.07040945719928 12.77309617755742 56.23247108114411
45660.0 0.00576454582126 24.52586370010354 -146.28116677265632 350003.89171225018799 12.67213599763241 56.42212487342343
45690.0 -0.00406305245701 24.52104053358573 -146.22047841167677 349984.93219283036888 12.57140596438872 56.61192153070506
45720.0 0.00316350595477 24.51588942249420 -146.15970595721035 349960.30654760822654 12.47102752539220 56.80175232656229
45750.0 0.00296427882775 24.51111789132826 -146.09740596895156 349995.92371358443052 12.37074703028829 56.99183823654334
45780.0 0.00155760421681 24.50600372467505 -146.03500859723550 350024.75533306598663 12.27076245149200 57.18200325906780
45810.0 0.00170752922479 24.49982262829619 -145.97391633725834 349976.17142339423299 12.17102883868615 57.37228490755582
45840.0 -0.00178299461867 24.49401986248516 -145.91132458208384 349990.69783931039274 12.07157562517770 57.56265537638507
45870.0 0.00142478692004 24.48786602006968 -145.84863013388329 349997.39640056621283 11.97234838551172 57.75316038660139
45900.0 0.00353882136461 24.48135197443077 -145.78581787645163 349994.61582503560930 11.87325044301512 57.94388252945899
45930.0 -0.00432969873971 24.47448907000854 -145.72291720617235 349985.00069601368159 11.77443049205915 58.13468945573015
45960.0 0.00579674613850 24.46798128414953 -145.65851678966203 350039.22009719721973 11.67596424559036 58.32551295012863
45990.0 -0.00251350038780 24.46040593556747 -145.59542618585746 350014.35108707658947 11.57760807716191 58.51656406312162
46020.0 0.00406204785911 24.45247347881476 -145.53224291664358 349981.65914582088590 11.47946550532929 58.70775008390276
46050.0 0.00513969302182 24.44487878966326 -145.46755245300147 350012.24385319184512 11.38165697149942 58.89896373826629
46080.0 -0.00245715190092 24.43690455902748 -145.40274255504644 350032.47026464063674 11.28392951235085 59.09042377465197
46110.0 0.00271977270077 24.42856751142265 -145.33785215451405 350045.95914286840707 11.18648186765145 59.28195454661653
46140.0 0.00212208541028 24.41919091482641 -145.27432550813324 349983.39130140375346 11.08926711724601 59.47359488521948
46170.0 -0.00750125684208 24.41012459610757 -145.20927398340055 349982.54438084177673 10.99231551208048 59.66531630719732
46200.0 0.00272782012085 24.40134916662895 -145.14267917182573 350042.11961674410850 10.89557289248319 59.85716384964167
46230.0 0.01442696418565 24.39152474316407 -145.07743742040796 350023.68226088210940 10.79894274302843 60.04921926775319
46320.0 0.00089250604381 24.36047893079912 -144.87982194468651 349995.12113723158836 10.51059882738775 60.62585231658782
46350.0 -0.00313332310649 24.34979491833458 -144.81280419289897 350014.34456864185631 10.41485425584894 60.81833798356059
46380.0 0.00025255827458 24.33810056466240 -144.74720845307732 349960.17206785827875 10.31942553893049 61.01084374241764
46410.0 -0.00196109327914 24.32727447305194 -144.67855334784394 350030.65760101284832 10.22406034517219 61.20358619694154
46440.0 0.00468186939592 24.31480569805566 -144.61280196814664 349959.46948219835758 10.12895822725211 61.39639002332176
46470.0 0.00305282526810 24.30319993253439 -144.54401078745585 350015.44846245739609 10.03407030075161 61.58929535611645
46500.0 -0.00271373447648 24.29058327854905 -144.47664648818665 349997.12167666666210 9.93942763996981 61.78227304877917
46530.0 0.00031594958364 24.27757491492956 -144.40921574323175 349970.87429804354906 9.84497634510586 61.97536747557240
46560.0 0.00094784402339 24.26477016068474 -144.34020362448734 350001.81154890265316 9.75062004152070 62.16865958756368
46590.0 -0.00339493458092 24.25156794216009 -144.27113351483388 350025.69596533197910 9.65650655727970 62.36201925930055
46620.0 0.00349454932631 24.23797585959753 -144.20202232243469 350044.06067977380008 9.56271062953822 62.55537974412943
46650.0 0.00263524937952 24.22337494716427 -144.13433688569631 349985.53450235445052 9.46898911249579 62.74894859547103
46680.0 0.00902263762256 24.20896424860626 -144.06508369921767 349985.57656579930335 9.37544616197181 62.94263350704558
46710.0 -0.01319838587143 24.19474172776592 -143.99427816766001 350046.29517294466496 9.28220031391898 63.13632999921224
46740.0 0.00145597791187 24.17950951103590 -143.92490470973360 350029.73963777814060 9.18899981219288 63.33025259539608
46770.0 0.00549488219923 24.16387644310259 -143.85549109861842 350006.49490301590413 9.09604507145333 63.52422627439719
46800.0 0.00845211938668 24.14783647334355 -143.78603115830177 349975.65576357953250 9.00328835001463 63.71829039903028
46830.0 -0.01909876987443 24.13195441264064 -143.71500409967962 350003.83185347635299 8.91075532710184 63.91241931402584
46860.0 0.00533489584787 24.11565158543885 -143.64392572284413 350023.81347162555903 8.81839547986641 64.10665466810859
46890.0 0.00976219895530 24.09836378279564 -143.57431564239999 349967.80808819923550 8.72611255404132 64.30107663342054
46920.0 0.00518799054297 24.08176409811703 -143.50160014532025 350036.44409863743931 8.63405401378687 64.49555614952065
47040.0 -0.00294717348029 24.00895374804575 -143.21652697180679 349972.06482574623078 8.26777985364184 65.27424523242786
47070.0 -0.00577259560510 23.99019928447224 -143.14360277504707 349999.25267816521227 8.17654033132517 65.46923577114563
47100.0 -0.00079792019729 23.97101625882304 -143.07065584894249 350019.56498436257243 8.08552874598993 65.66426623638843
47130.0 0.00199530515593 23.95139760266036 -142.99767924742261 350031.93570267315954 7.99469229568751 65.85937931963642
47160.0 -0.00148113540692 23.93134716106879 -142.92468230407638 350037.11385190021247 7.90406372533866 66.05454459461380
47190.0 0.00246922716762 23.91085764701265 -142.85165793926720 350034.00417783111334 7.81358963856383 66.24980515783254
47220.0 -0.00115914759899 23.88991587722989 -142.77859088796956 350020.56371310073882 7.72317388139967 66.44524042162742
47250.0 -0.00101928511628 23.86854078432184 -142.70551230939103 350000.00651287846267 7.63296360187971 66.64072237176232
47280.0 0.00164312977220 23.84674214467443 -142.63243942513077 349974.00363775994629 7.54303266624628 66.83618568193587
47310.0 0.00580580170212 23.82496652191438 -142.55775420177255 350001.95562805607915 7.45313817573864 67.03183460950039
47340.0 0.00317457662358 23.80273741419972 -142.48304923893483 350021.36906681489199 7.36338506588554 67.22757721048779
47370.0 -0.00351165467377 23.77960175290956 -142.40992999783424 349970.36444244440645 7.27389011502810 67.42331170742015
47400.0 0.00021733943614 23.75693116662852 -142.33361185510554 350036.95159025583416 7.18440254641490 67.61924859156225
47430.0 0.00000201274143 23.73288859540354 -142.26046154855538 349967.77420092280954 7.09512465620996 67.81521343364669
47460.0 0.00198725537209 23.70930954496619 -142.18413673197819 350019.24446869362146 7.00600168681513 68.01125017421727
47490.0 -0.00444943735376 23.68482415749691 -142.10940212829794 349999.08807492349297 6.91706723347831 68.20732777290421
47520.0 -0.00936172841418 23.65988282852454 -142.03466568895001 349970.51094573829323 6.82826814449209 68.40348870466593
47550.0 -0.00079993175684 23.63490782211625 -141.95831728373250 349995.43197220098227 6.73950834678890 68.59981163564807
47580.0 0.00050008410464 23.60947279879787 -141.88197835207518 350013.01164377480745 6.65093472080373 68.79616958726834
47610.0 0.00221666771116 23.58358866020738 -141.80566626116104 350024.99582748394459 6.56262073824074 68.99249793591504
47640.0 -0.00239074325254 23.55721930024546 -141.72933764055944 350025.84770616237074 6.47432353562024 69.18899933042617
47670.0 -0.00172463339036 23.53038004859162 -141.65301595938797 350018.01611281186342 6.38614849533863 69.38558200692154
47700.0 -0.00329833953861 23.50308840897151 -141.57672673598350 350004.24165840260684 6.29821157328315 69.58214552149735
47730.0 0.00541539368626 23.47530621007590 -141.50042510990704 349978.72726007830352 6.21026239751036 69.77889838551641
47760.0 0.00147610178052 23.44746237492773 -141.42254253201091 350009.87226004991680 6.12250428767659 69.97566648026738
47790.0 0.00049505402389 23.41913908139562 -141.34467786318157 350032.65065220650285 6.03488053122967 70.17249497268560
47820.0 0.00091463910826 23.38995482640594 -141.26845615001690 349984.41927412338555 5.94742558554211 70.36935222728911
47850.0 0.00005031026258 23.36068071978281 -141.19064239845591 349991.02992445416749 5.86008653998412 70.56628010518962
47880.0 -0.00099916006575 23.33090887276964 -141.11283444065495 349986.65350770205259 5.77276738349545 70.76335653535753
47910.0 0.00038939987232 23.30103267059964 -141.03344247898627 350038.15824637375772 5.68561477808758 70.96045557153217
47940.0 0.00040047054113 23.26995392308996 -140.95734772563500 349957.37243913300335 5.59870182853705 71.15751329269570
47970.0 -0.00097903737897 23.23910248009318 -140.87801763850868 349991.67781071737409 5.51178564856667 71.35473074933768
48000.0 0.00287573238740 23.20775520116386 -140.79871853376889 350017.00009391456842 5.42497210684570 71.55201636395481
48030.0 -0.00203555171136 23.17593130846430 -140.71947591285911 350036.19807580392808 5.33837637429247 71.74927102210953
48060.0 -0.00305081252667 23.14358932382376 -140.64024505310803 350043.17846240755171 5.25174842856687 71.94670126327696
48090.0 0.00002012386866 23.11076340804747 -140.56106859579882 350042.99066601600498 5.16529266982236 72.14413330171696
48120.0 -0.00109978295467 23.07744395178113 -140.48193859326474 350034.23092902358621 5.07895043024075 72.34161350581883
48150.0 -0.00309709730639 23.04363722888329 -140.40286515814498 350017.81854886002839 4.99275704234283 72.53910966535253
48180.0 -0.00504108405620 23.00933448430347 -140.32384147948039 349992.47940575517714 4.90665983386108 72.73666303295039
48210.0 0.00378131711392 22.97451915667218 -140.24485243094537 349955.82388212159276 4.82056283787318 72.93435080512903
48240.0 0.00323394126790 22.93983186796643 -140.16264660185968 350037.13557791803032 4.73461254696726 73.13204807142129
48270.0 0.00097400611633 22.90404446631344 -140.08380363668576 349987.07209677714854 4.64888172663269 73.32969161642525
48300.0 0.00113197972627 22.86803679306554 -140.00335601054488 349987.86594212800264 4.56312741124265 73.52748089175552
48330.0 0.00243199558775 22.83152031382951 -139.92296892166806 349979.45042419806123 4.47745599552796 73.72532451754138
48360.0 -0.00087640293049 22.79480042798572 -139.84101991837485 350027.43075532838702 4.39198190241008 73.92312470953001
48390.0 0.00090457894675 22.75725772729362 -139.76075840326061 350000.11168369092047 4.30645540594412 74.12108603283473
48420.0 0.00115109663327 22.71921999697879 -139.68058091261557 349965.49036252871156 4.22108204419274 74.31903506580824
48450.0 -0.00068924988828 22.68094358917916 -139.59882697440861 349984.54592424072325 4.13580119296472 74.51701935101264
48480.0 -0.00097702463754 22.64215710947465 -139.51715615130067 349995.67678836639971 4.05064907412019 74.71500612515750
48510.0 -0.00014288100391 22.60285129130897 -139.43556176423743 349997.54505117796361 3.96557325175645 74.91303603597973
48540.0 0.00215428454564 22.56300836644598 -139.35402881775570 349987.63505485281348 3.88047778654654 75.11118554840876
48570.0 -0.00039443231684 22.52265633263673 -139.27258866422673 349969.83662181161344 3.79550905008335 75.30933079728305
48600.0 0.00113902491222 22.48204746176370 -139.18959967194675 350008.48448608722538 3.71073949609553 75.50740927849624
48630.0 -0.00020426075342 22.44088627604513 -139.10667501630672 350034.70939606335014 3.62592602468577 75.70561883520649
48660.0 0.00183632222057 22.39896780964067 -139.02549972224111 349989.08409900125116 3.54117559688480 75.90386830064737
48690.0 -0.00132416403112 22.35677253186757 -138.94277762867765 349999.33803345728666 3.45660192379079 76.10206122558979
48720.0 -0.00154251161079 22.31402033073353 -138.86012450333766 349996.41904862504452 3.37195552464142 76.30040018964067
48750.0 0.00049404588035 22.27096053825798 -138.77591853989796 350048.17715192213655 3.28744313313531 76.49871217382105
48780.0 0.00257185925234 22.22695709172560 -138.69514483205148 349966.27813721168786 3.20300216681240 76.69704586537755
48810.0 0.00139761786544 22.18283885979040 -138.61115335323845 350000.61127069406211 3.11866975183591 76.89536797114427
48840.0 -0.00621130114212 22.13817977555514 -138.52726670539306 350025.33365096338093 3.03439368777586 77.09371853582284
48870.0 0.00244105233324 22.09296083617290 -138.44347002993621 350037.79761678446084 2.95007804750767 77.29217329056878
48900.0 -0.00333053749209 22.04721251180407 -138.35979446629187 350042.08189498633146 2.86586912924629 77.49060943019884
