# sod		dsTEC/dt [TECU/s]		lat		lon		h_ipp		ele		azi
9300.0 0.01980713903347 14.13179165381816 -166.05700933334450 350020.42234739847481 8.94308072230483 244.78255480905094
9360.0 0.01777359888166 14.26193518964537 -165.95718730829805 350004.83191013149917 9.19761784773152 245.12592517477191
9420.0 0.01610430701651 14.38937123526007 -165.85955568507143 350017.50763582251966 9.45119743199716 245.47137015501073
9450.0 0.01837329536793 14.45224917624144 -165.81122861565109 350016.46797770168632 9.57752506411592 245.64482153887502
9480.0 0.01475196696914 14.51481379677822 -165.76276434441047 349990.15774440392852 9.70362963272767 245.81879745233314
9510.0 0.01417943599183 14.57638880984128 -165.71553723847478 350007.55800169613212 9.82959464383023 245.99333684692141
9540.0 0.01332416152789 14.63763162013720 -165.66818797861612 349996.39075251761824 9.95514057104924 246.16830782841760
9570.0 0.01217507527229 14.69859144322391 -165.62069260619313 349964.06788499839604 10.08064641118200 246.34388873561744
9600.0 0.00999161247626 14.75786675469056 -165.57584598243912 350037.71670240722597 10.20567632293168 246.51987244301318
9630.0 0.00896528453779 14.81820049631379 -165.52809266787557 349954.12490550614893 10.33060287019282 246.69643555361858
9660.0 0.00725473324616 14.87688101505211 -165.48298685632759 349979.30011287238449 10.45515652160951 246.87344862426460
9690.0 0.01159047257392 14.93526551677903 -165.43775367134697 349980.29464807733893 10.57945804779257 247.05096874023127
9720.0 0.01080462527957 14.99336199942410 -165.39238869204721 349958.52922409214079 10.70357815555843 247.22902974679744
9750.0 0.01354452184899 15.04987017385282 -165.34967504855359 350049.94336464349180 10.82746567561946 247.40760653842932
9780.0 0.01319234882902 15.10736870441262 -165.30406309979170 349979.22747092321515 10.95100464959940 247.58664167202198
9810.0 0.01437665155931 15.16328802756213 -165.26111187522707 350021.27347251493484 11.07424263509279 247.76615735456954
9840.0 0.01592821755183 15.21892816457180 -165.21803735880567 350040.64248859509826 11.19724767793348 247.94618640744775
9870.0 0.01890054970905 15.27429893912333 -165.17483417692432 350038.98113979957998 11.32010592113738 248.12677132580330
9900.0 0.01444004168649 15.32936326731059 -165.13152047657508 350011.33904515299946 11.44253546830852 248.30777097845078
9930.0 0.01055508788996 15.38416839361997 -165.08807212123642 349964.61820055916905 11.56491665165623 248.48937499958868
9960.0 0.01272848697884 15.43743654978866 -165.04731310777771 350030.07026677113026 11.68681332415105 248.67136353267964
9990.0 0.01330001217638 15.49106115164372 -165.00502922757389 350006.51892867404968 11.80859838855766 248.85392386224100
10020.0 0.01147375366295 15.54439142438560 -164.96263478148015 349958.63594882376492 11.93000263895564 249.03691881885845
10050.0 0.01062250231811 15.59684615757689 -164.92152342105587 349958.55588768515736 12.05114662876265 249.22040869542076
10080.0 0.01058527192012 15.64844855445113 -164.88169389050282 350008.07645005173981 12.17210175531385 249.40442960575956
10110.0 0.01354653340854 15.69979138138328 -164.84174967966788 350036.62487359251827 12.29281508616478 249.58895390986194
10140.0 0.01330403765924 15.75143945891480 -164.80029419725793 349971.99360205605626 12.41317333392776 249.77392199064212
10170.0 0.01462015308839 15.80165798492927 -164.76153711754480 350026.23722383752465 12.53322282807635 249.95935663756703
10200.0 0.01310380238867 15.85219381864762 -164.72126195100975 349989.45991748571396 12.65303082829615 250.14529210290044
10230.0 0.01318027592608 15.90191254136470 -164.68227435184730 350004.47284511104226 12.77268604624670 250.33177464769562
10260.0 0.01563843242490 15.95135314165324 -164.64318790622644 349996.09486401453614 12.89190447324290 250.51865348379312
10290.0 0.01350226018837 16.00000715947879 -164.60538691541007 350041.94426644314080 13.01106747048259 250.70612998299958
10320.0 0.01009726190030 16.04893369520812 -164.56608336035413 349992.71280683204532 13.12973896417471 250.89397109785793
10350.0 0.01072614136449 16.09707432914281 -164.52807170646531 349997.16260788962245 13.24829189181249 251.08237517270305
10380.0 0.00965151708674 16.14494958738602 -164.48996099311967 349979.81730565149337 13.36645761596495 251.27119705455306
10410.0 0.00653429118418 16.19204000553635 -164.45315590431727 350014.57140874955803 13.48435638158676 251.46050034018600
10440.0 0.00653228198839 16.23889672967866 -164.41624145586138 350031.17661866452545 13.60206022454203 251.65032351372025
10470.0 0.00409424581259 16.28551223979220 -164.37922153818349 350028.83788075484335 13.71951451865536 251.84063623932417
10500.0 0.00236860546057 16.33187248132383 -164.34210376759410 350005.89397183898836 13.83660874560900 252.03137675519906
10530.0 0.00254066707864 16.37798195155559 -164.30488554814011 349963.17506392113864 13.95338798872483 252.22256840161856
10560.0 -0.00048096483388 16.42283413237860 -164.27039491887032 350047.12307213526219 14.06991867651348 252.41424687331403
10590.0 -0.00105953521736 16.46847624800474 -164.23296358678357 349968.98209290485829 14.18629201029823 252.60646242776903
10620.0 -0.00102129667583 16.51285749644361 -164.19827630492958 350015.31267134845257 14.30222214332912 252.79905419955182
10650.0 -0.00335468566172 16.55703518821081 -164.16347599573959 350046.84334932826459 14.41809114133007 252.99223574191879
10680.0 -0.00245513915949 16.60144313782143 -164.12717329022630 349983.61865617334843 14.53346339933360 253.18576036387032
10710.0 -0.00129901126358 16.64514747371044 -164.09218052389971 349977.92943803966045 14.64871157052723 253.37983784623884
10740.0 -0.00264732464622 16.68813216669805 -164.05851785498027 350026.26890837866813 14.76356783741510 253.57431480264682
10770.0 -0.00157068526328 16.73136544211249 -164.02333838011535 349983.43163439352065 14.87815204094471 253.76925823009560
10800.0 -0.00195103193575 16.77391025480253 -163.98947809448765 349998.06033291853964 14.99253679885696 253.96470908804781
10830.0 -0.00259399468055 16.81623416609355 -163.95552118667538 349995.73639868851751 15.10666586069490 254.16063414834682
10860.0 -0.00207781219011 16.85787046000129 -163.92289751649099 350049.26894464716315 15.22043160211655 254.35696962426226
10890.0 -0.00161898396632 16.89973589056438 -163.88876073856051 350010.93272388074547 15.33387781868524 254.55373932964875
10920.0 -0.00338185353445 16.94137817047587 -163.85452849480529 349955.94217321183532 15.44707006168277 254.75098041228296
10950.0 -0.00479657792922 16.98236949813615 -163.82161854528681 349960.56978232227266 15.56010193287194 254.94874736433619
10980.0 -0.00404393673188 17.02269265124111 -163.79005224675024 350021.20784815587103 15.67268603620629 255.14686882565144
11010.0 -0.00663793141243 17.06325963371781 -163.75695621223488 349993.67539952974766 15.78520480112127 255.34557097294754
11040.0 -0.00330839970012 17.10316181782353 -163.72520915313171 350021.92779757361859 15.89722350079647 255.54459303085082
11070.0 -0.00460539940415 17.14328835653122 -163.69193662965023 349960.90779849700630 16.00911417176616 255.74415658828175
11100.0 -0.00709072377569 17.18236056624729 -163.66143332273370 350033.39566289540380 16.12061007446306 255.94409978608309
11130.0 -0.00829515155651 17.22163908920232 -163.62941553518945 350014.65978182666004 16.23183054642395 256.14449311701668
11160.0 -0.00588428443532 17.26071522241852 -163.59730398801699 349981.31813676375896 16.34284872557673 256.34538012358178
11190.0 -0.00875196703887 17.29918730873548 -163.56652979732939 350008.81367753073573 16.45360682981376 256.54672459138584
11220.0 -0.00693073860620 17.33744829590107 -163.53567461955055 350019.91328916326165 16.56400015765615 256.74846060472760
11250.0 -0.00835049308173 17.37550218341492 -163.50473598739296 350015.30234632827342 16.67407124988925 256.95061250659114
11280.0 -0.00991916442171 17.41335533572192 -163.47370987377471 349995.95842310506850 16.78388473379411 257.15321890715057
11310.0 -0.00952573906652 17.45101744786563 -163.44259003101783 349963.26968329492956 16.89353651192421 257.35633877828877
11340.0 -0.01034177157292 17.48808893006472 -163.41282503868081 349990.38866182602942 17.00273794045120 257.55978985383229
11370.0 -0.01184000996353 17.52498888806324 -163.38296106608755 350005.92005866114050 17.11187145693191 257.76381137045053
11400.0 -0.01242461502566 17.56166953695077 -163.35302902361536 350004.03584781941026 17.22050363302814 257.96812804395529
11430.0 -0.01211168514511 17.59817037800556 -163.32300327740032 349989.84564521629363 17.32900554470966 258.17297363438695
11460.0 -0.01547542755233 17.63411641732727 -163.29433152653863 350037.56720265373588 17.43711179287462 258.37817758366236
11490.0 -0.01473083613883 17.67021644159693 -163.26414904131357 349993.59345679450780 17.54494110868347 258.58381397407857
11520.0 -0.01502062362952 17.70579184815930 -163.23530811203557 350014.59582377877086 17.65256708378101 258.78992904105201
11550.0 -0.01731174977290 17.74118116897573 -163.20638491398140 350022.12211444508284 17.75993048407770 258.99648338848129
11580.0 -0.01591513768724 17.77637289043690 -163.17738720196883 350014.90466931182891 17.86692964508853 259.20340911791186
11610.0 -0.01822940976612 17.81137077704100 -163.14831255672314 349993.56825659330934 17.97360581288450 259.41073102205183
11640.0 -0.01652288632111 17.84586802834385 -163.12058568276788 350037.76762732211500 18.08002264328340 259.61848918121905
11670.0 -0.01989266577074 17.88050553499832 -163.09134248333069 349991.50585910398513 18.18627822946621 259.82674729765324
11700.0 -0.01656816650294 17.91463176006930 -163.06346180984175 350008.77103580720723 18.29208299203131 260.03531179723274
11730.0 -0.01863591498590 17.94859914887284 -163.03548777093098 350015.80766625981778 18.39781900832119 260.24443540402143
11760.0 -0.01989669125359 17.98236171083973 -163.00745215115921 350007.13749270420521 18.50305457641059 260.45382792100730
11790.0 -0.01953546267001 18.01595754892472 -162.97932861369060 349987.56028420850635 18.60815945842970 260.66373563062007
11940.0 -0.01959784938117 18.18010739772526 -162.84331103968978 350016.79094045329839 19.12911036008373 261.71918391155350
16470.0 -0.01863591616778 21.40438204430129 -159.55928312010838 349976.98644507676363 31.95729317988488 297.31152243038980
16500.0 -0.01948213388622 21.41742917339732 -159.53947374712939 349983.70033099129796 32.02818281526343 297.56430946738152
17460.0 -0.01896695835744 21.78428664556097 -158.90366839749524 350049.49176067952067 34.25224102877020 305.73099664148879
17550.0 -0.01984839255056 21.81364979639060 -158.84393197885589 350042.98964450508356 34.45729627410795 306.50373440524322
17580.0 -0.01956564906394 21.82278687599473 -158.82331854792892 349966.45194798801094 34.52559954801476 306.76164121425722
17640.0 -0.01922454553089 21.84205791741891 -158.78403767879556 350019.56898006889969 34.66199489677980 307.27770401693056
17670.0 -0.01821834146108 21.85153601916497 -158.76437267411691 350043.28376487642527 34.73011020575499 307.53589104366699
17700.0 -0.01829682537616 21.86023565522325 -158.74371476643765 349958.60259865131229 34.79819285504266 307.79421424526845
17730.0 -0.01955961202153 21.86950597929604 -158.72400887979475 349979.17647967487574 34.86631120622881 308.05278443519165
17790.0 -0.01911285670068 21.88773100404392 -158.68455410974335 350014.76935828477144 35.00239690891765 308.57022792344878
17820.0 -0.01918329319568 21.89668404502446 -158.66481041680248 350029.61994377803057 35.07033708662485 308.82904893007981
17850.0 -0.01933221006012 21.90553692109545 -158.64504058924047 350043.29352646507323 35.13832842823069 309.08813371640076
17910.0 -0.01777863132617 21.92222537903996 -158.60452791381297 349957.48486494552344 35.27412412817029 309.60650915096392
17940.0 -0.01938251914083 21.93076236724681 -158.58471753781802 349966.13542383350432 35.34205462360617 309.86600919891885
17970.0 -0.01879389095960 21.93919059927153 -158.56490533817617 349972.60446060914546 35.40987974319868 310.12549596285578
18000.0 -0.01809155884296 21.94751456517405 -158.54507985377876 349977.47136002220213 35.47768839748080 310.38511887102300
18030.0 -0.01939559900542 21.95573755652126 -158.52523247334736 349981.17188494093716 35.54554794199126 310.64499264343971
18060.0 -0.01890557978981 21.96385582542225 -158.50537378391124 349983.24646278470755 35.61338681067441 310.90499122004957
18090.0 -0.01850108612958 21.97186727431716 -158.48551017205628 349983.44012671057135 35.68116453937743 311.16504072684432
18120.0 -0.01819318514791 21.97977258463875 -158.46564038071335 349981.85094317793846 35.74889573333112 311.42516326247301
18150.0 -0.01776353517451 21.98757718440350 -158.44574949732063 349979.19330750592053 35.81669211161013 311.68555379510065
18180.0 -0.01773536506765 21.99527707852871 -158.42584925440266 349974.96631300356239 35.88447483390258 311.94607115214012
18210.0 -0.01583363525095 22.00286753241572 -158.40595401466626 349968.56228304747492 35.95214738614354 312.20653980484468
18240.0 -0.01765587300903 22.01035914381001 -158.38603345351632 349961.37725910730660 36.01992990397303 312.46735114914475
18270.0 -0.01676336932899 22.01774230411399 -158.36611625135532 349952.16336464975029 36.08762458673577 312.72814787897573
18300.0 -0.01619888813551 22.02539104454133 -158.34663323974777 349995.87797332927585 36.15531816530126 312.98908318117509
18330.0 -0.01649269992718 22.03294153158142 -158.32712865511081 350038.63882253598422 36.22307692283665 313.25027588994482
18360.0 -0.01622504904658 22.04001737208543 -158.30717566238030 350025.48397262673825 36.29082944062741 313.51159437096948
18390.0 -0.01521683341722 22.04698666947826 -158.28722279803864 350010.58693560864776 36.35853781450704 313.77296629275736
18420.0 -0.01402951216573 22.05385004007100 -158.26726891772756 349994.03484620247036 36.42621539926753 314.03441297839368
18450.0 -0.01497534226581 22.06061244032490 -158.24729901629581 349976.50716619752347 36.49397121953462 314.29613441850603
18480.0 -0.01383632089923 22.06727027413121 -158.22732490516938 349957.52551760803908 36.56172818938781 314.55798617924398
18510.0 -0.01506590144759 22.07457978896937 -158.20821287211368 350046.07165829278529 36.62939211359842 314.81978884895994
18540.0 -0.01507596397286 22.08103250537967 -158.18822390788793 350024.46021606773138 36.69717816022293 315.08194429205673
18570.0 -0.01353747784493 22.08737735927803 -158.16824348108412 350000.95534160919487 36.76489296364088 315.34408632347595
18600.0 -0.01457286134701 22.09361811172211 -158.14826000927252 349976.07974916044623 36.83262100520471 315.60637192730610
18630.0 -0.01474089748222 22.09975756623777 -158.12826461753167 349950.23259508982301 36.90042739970890 315.86892408214356
18660.0 -0.01318530600684 22.10656714824364 -158.10909641357051 350033.07052537426353 36.96824100512614 316.13160557733039
18690.0 -0.01464027813893 22.11249897175291 -158.08910062208417 350004.30174717120826 37.03602638313033 316.39434567810088
18720.0 -0.01440281247038 22.11832538602809 -158.06910898140941 349973.98929834738374 37.10379565448472 316.65716487354229
18750.0 -0.01326680844312 22.12443974778960 -158.04952200883383 349997.62375927530229 37.17159564143223 316.92015199756815
18780.0 -0.01489283523163 22.13045640382279 -158.02991782690225 350020.54971030168235 37.23949974465857 317.18344995716564
18810.0 -0.01352338983680 22.13597650620420 -158.00991236071334 349986.76217916514724 37.30739312924511 317.44683258641754
18840.0 -0.01423075203419 22.14138882336628 -157.98992283229953 349951.08028015494347 37.37521106443195 317.71016871700363
18870.0 -0.01424987012307 22.14749517735530 -157.97071245902930 350025.59603000525385 37.44316300437351 317.97387184513582
18900.0 -0.01342277049351 22.15270403159066 -157.95071743213111 349987.62068495433778 37.51106063390949 318.23756592605213
18930.0 -0.01394901432734 22.15820856902635 -157.93111707082764 350003.89602398406714 37.57898588522817 318.50141219318346
18960.0 -0.01401341377993 22.16361465671220 -157.91150537272404 350019.38483797293156 37.64700243102966 318.76553819352455
18990.0 -0.01461512064388 22.16851779563718 -157.89150657191240 349978.03883569594473 37.71503968597647 319.02980067149315
19020.0 -0.01345094414601 22.17412179589536 -157.87228782227371 350046.54637148045003 37.78306468460740 319.29413049006695
19050.0 -0.01402850520408 22.17881792055548 -157.85230459976862 350002.35840139631182 37.85108829209859 319.55854731805391
19080.0 -0.01289551969803 22.18341133127176 -157.83232491616513 349956.99980632122606 37.91915590711960 319.82314268374023
19110.0 -0.01395605596764 22.18871783920189 -157.81309284152820 350022.56372800190002 37.98733869951734 320.08806360248548
19140.0 -0.01300519578681 22.19310942908077 -157.79311248142025 349975.14645767677575 38.05552497306915 320.35307810178915
19170.0 -0.01332718004910 22.19821246577721 -157.77389810232521 350037.83929283916950 38.12365184991683 320.61805196541104
19200.0 -0.01255240342355 22.20240111024633 -157.75392499885496 349988.16522575169802 38.19192283341413 320.88341054271524
19230.0 -0.01272345689808 22.20730672069897 -157.73470605767457 350048.93331153504550 38.26015482671863 321.14876776010266
19260.0 -0.01215092710265 22.21128962832761 -157.71475593977189 349996.51847956702113 38.32842711919265 321.41428916800947
19290.0 -0.01315612657457 22.21558570556220 -157.69516700107323 349999.42549401707947 38.39680182766084 321.68010700516976
19320.0 -0.01214489006024 22.21978129332254 -157.67558368850169 350001.19989193230867 38.46520904875239 321.94607178142468
19350.0 -0.01216601970868 22.22387541201029 -157.65601151207704 350001.66607138141990 38.53361820968951 322.21211610588585
19380.0 -0.01128156699435 22.22786848684538 -157.63644965265803 350000.88106180541217 38.60203893809674 322.47825876311839
19410.0 -0.01091128284715 22.23176206884391 -157.61689180834750 349999.09772162232548 38.67051513744259 322.74459402669618
19440.0 -0.01217708801372 22.23555845774202 -157.59732760261605 349996.70895461924374 38.73911565132040 323.01127310981053
19470.0 -0.01157739034556 22.23967406746770 -157.57812178865410 350049.56092909816653 38.80773201688364 323.27805812746703
19500.0 -0.01146167839625 22.24284720185896 -157.55824436584300 349987.90404949244112 38.87630325392780 323.54481177192821
19530.0 -0.01202112596333 22.24676612395804 -157.53904646979208 350038.83777887467295 38.94502665838297 323.81197149752160
19560.0 -0.01096159310973 22.24973928639972 -157.51918540650840 349975.16626949701458 39.01372453705661 324.07914100474858
19590.0 -0.01113466050757 22.25345924275014 -157.50001114693555 350023.71926018595695 39.08247343582044 324.34649023976453
19620.0 -0.01110849959651 22.25623385836214 -157.48016311571300 349958.23299074918032 39.15133379390686 324.61415626703575
19650.0 -0.01171624704850 22.25975908614199 -157.46099417252779 350005.12921354733407 39.22023652571271 324.88198315739839
19680.0 -0.01159650843445 22.26275921835718 -157.44150767719375 349994.06171706784517 39.28915336919266 325.14990541425522
19710.0 -0.01087203970773 22.26565963815314 -157.42203689359121 349981.80801972374320 39.35809273390269 325.41794087289077
19740.0 -0.01127251261261 22.26889047809676 -157.40289909629976 350025.54347412474453 39.42709695185572 325.68618660901376
19770.0 -0.01057017931410 22.27116732496472 -157.38311310917794 349954.82104783877730 39.49623243691375 325.95479813434685
19800.0 -0.01116383993984 22.27420426145963 -157.36398603157488 349996.91212495975196 39.56539406596511 326.22353152742073
19830.0 -0.01019385930637 22.27714221304858 -157.34488114241299 350037.61417058296502 39.63452280778714 326.49224633580479
19860.0 -0.01059231592419 22.27912172738352 -157.32514100041874 349963.68827840872109 39.70380947061069 326.76139240298767
19890.0 -0.01068589362717 22.28186599750181 -157.30605270521426 350002.66757563129067 39.77308197098404 327.03056297697020
19920.0 -0.00959516741799 22.28451410610392 -157.28697303040735 350040.76898621208966 39.84241400193120 327.29993248958635
19950.0 -0.01030252961538 22.28619778528666 -157.26728211828396 349963.70459491852671 39.91186419391668 327.56964297638268
19980.0 -0.01006506394682 22.28865339272750 -157.24821832829750 350000.21089159976691 39.98136442724516 327.83953184879999
20010.0 -0.00932047371521 22.29101222347800 -157.22917085973637 350035.64219825994223 40.05088866659993 328.10953565308733
20040.0 -0.00920576636379 22.29239989536712 -157.20954438955297 349955.11710022110492 40.12044412445265 328.37967120875686
20070.0 -0.00874794273789 22.29456535566930 -157.19052731020778 349988.59451402910054 40.19007147928689 328.65003845606066
20100.0 -0.00913935653353 22.29663704830391 -157.17150920538364 350021.60249871574342 40.25983460202966 328.92079731720753
20130.0 -0.00932248645664 22.29817302393950 -157.15221857421437 349995.97126596327871 40.32963182986259 329.19169769266483
20160.0 -0.00815730063335 22.29961034800754 -157.13296057868499 349968.90704233199358 40.39940613920057 329.46259592150716
20190.0 -0.00887472417413 22.30139441962256 -157.11398816540208 349999.12178959418088 40.46934154210014 329.73395455320428
20220.0 -0.00775884519742 22.30308203382637 -157.09504116627497 350028.10338078532368 40.53927179546727 330.00535612676236
20250.0 -0.00861311269970 22.30423232293209 -157.07582913324148 349998.40602778550237 40.60926761976121 330.27697966087237
20280.0 -0.00817138745960 22.30528772981172 -157.05662679419447 349968.05248642899096 40.67938569412551 330.54897231854181
20310.0 -0.00813013276063 22.30669094619396 -157.03771977769421 349994.61264288146049 40.74955902728867 330.82116461454842
20340.0 -0.00724266152510 22.30799909953597 -157.01883404957232 350020.13412026409060 40.81976372426558 331.09349528778017
20370.0 -0.00766023623180 22.30921248925505 -156.99996912086579 350044.64928890112787 40.89000582261379 331.36598007240616
20400.0 -0.00810799733242 22.30944027601025 -156.98058783624660 349952.19220184627920 40.96032425923569 331.63872184317881
20430.0 -0.00728492082196 22.31046590394849 -156.96174679309860 349975.32262004073709 41.03078023685929 331.91188505397110
20460.0 -0.00675968158603 22.31139725149385 -156.94292768773772 349997.45467837806791 41.10127568897615 332.18521326554509
20490.0 -0.00785141593875 22.31223358667514 -156.92414090858256 350018.30063631571829 41.17175566806792 332.45855953738248
20520.0 -0.00610262965123 22.31297806567898 -156.90535530665721 350038.78706460725516 41.24239704813562 332.73239947220287
20550.0 -0.00654838037418 22.31317934024054 -156.88634811185651 349999.72836246807128 41.31303968542895 333.00630461387505
20580.0 -0.00664396963672 22.31328642858418 -156.86736504277621 349959.72014676686376 41.38375119592435 333.28045867948055
20610.0 -0.00668119767095 22.31375027862158 -156.84864324104566 349977.49388366658241 41.45458615167968 333.55501412643758
20640.0 -0.00673453000038 22.31412119051721 -156.82994307109411 349994.36103418096900 41.52547886884352 333.82979431774203
20670.0 -0.00616803370172 22.31439904845999 -156.81126901033932 350010.20831065718085 41.59640750335429 334.10474033640372
20700.0 -0.00588428443532 22.31458413847179 -156.79262068072927 350025.06114160921425 41.66737694187976 334.37986675898867
20730.0 -0.00572832356681 22.31467714884201 -156.77399174998402 350039.11010731849819 41.73842428303386 334.65527946764144
20760.0 -0.00603219670187 22.31422652747211 -156.75513879577446 349993.94301487505436 41.80960792318724 334.93114757942806
20790.0 -0.00588227169389 22.31413564397335 -156.73654842832937 350006.44230971019715 41.88083354724829 335.20720813738586
20820.0 -0.00654234214989 22.31349885014189 -156.71776758871295 349958.86764946673065 41.95204836104249 335.48331083801446
20850.0 -0.00550092160540 22.31322448278684 -156.69922315747462 349969.65692080836743 42.02342172104743 335.75994471427589
20880.0 -0.00586717908786 22.31285815477145 -156.68071388448828 349979.26476318668574 42.09479987414115 336.03667000010159
20910.0 -0.00603823374427 22.31240077097205 -156.66222818903449 349988.01814635191113 42.16624718582028 336.31367523122350
20940.0 -0.00519302180561 22.31185299168360 -156.64375658438320 349996.17988721653819 42.23781595017661 336.59111833589037
20970.0 -0.00532885998734 22.31121438789069 -156.62531153551066 350003.42412137798965 42.30944198849448 336.86881525143338
21000.0 -0.00489619149273 22.31048502082628 -156.60689724496362 350009.65053949039429 42.38110541460021 337.14670955882735
21030.0 -0.00506523458960 22.30966517062172 -156.58851344316864 350014.87822673469782 42.45280998987912 337.42481459961812
21060.0 -0.00541539368626 22.30875532259066 -156.57015381400515 350019.28284934349358 42.52459086919131 337.70323934032973
21090.0 -0.00418882929535 22.30775600992327 -156.55180801844082 350023.13932906184345 42.59650348906260 337.98215769957409
21120.0 -0.00485393219587 22.30666682798885 -156.53349376639085 350025.99527527857572 42.66845746133974 338.26130000641035
21150.0 -0.00440113865073 22.30548777925334 -156.51522129348919 350027.60027645528316 42.74040223376268 338.54051250210415
21180.0 -0.00480965779381 22.30421992352933 -156.49695962775033 350028.75429956987500 42.81249922291561 338.82029805150353
21210.0 -0.00438000900230 22.30286276291645 -156.47873770996685 350028.72829604428262 42.88460139385511 339.10020523692924
21240.0 -0.00429347530338 22.30141682120910 -156.46054402534469 350027.82354192808270 42.95676969965452 339.38042753919416
21270.0 -0.00347140575457 22.29988245154014 -156.44236905425871 350026.28368599712849 43.02905396835628 339.66112854091216
21300.0 -0.00354284684747 22.29825965730549 -156.42422537300880 350023.80046110507101 43.10139174537569 339.94211646081595
21330.0 -0.00405399925715 22.29654865702273 -156.40611690398299 350020.28557607904077 43.17376500487765 340.22333753409856
21360.0 -0.00311621421339 22.29474973217435 -156.38804348328077 350015.75236654654145 43.24617641061717 340.50480378344730
21390.0 -0.00390709277038 22.29286316735324 -156.36999881857147 350010.36181048583239 43.31865905793093 340.78662733754862
21420.0 -0.00343719624154 22.29088916053517 -156.35197262151834 350004.36629015207291 43.39126525304727 341.06898705910572
21450.0 -0.00303370599733 22.28882791638743 -156.33398247782705 349997.34616476204246 43.46390873333213 341.35160635050147
21480.0 -0.00344826336471 22.28667979294968 -156.31603852056290 349989.06944804545492 43.53654128918993 341.63432789629672
21510.0 -0.00308099773871 22.28444482133265 -156.29810993498660 349980.27363884076476 43.60931592701043 341.91766881284832
21540.0 -0.00304276392471 22.28212348740277 -156.28022546610859 349970.28427301812917 43.68209269801560 342.20116566562274
21570.0 -0.00246520168476 22.27971594060251 -156.26237368304561 349959.37725650426000 43.75492896314884 342.48501700939346
21600.0 -0.00221968859613 22.27768224885879 -156.24470168505457 350007.93534646276385 43.82787187709953 342.76939226846969
21630.0 -0.00236156145651 22.27510287957703 -156.22690612255855 349995.40324313752353 43.90086095233707 343.05409163077729
21660.0 -0.00175884408527 22.27289826906352 -156.20930116648969 350042.07222996093333 43.97387992036692 343.33906414422302
21690.0 -0.00147006473811 22.27014846445296 -156.19158170288023 350027.47870728746057 44.04693037739163 343.62432042007458
21720.0 -0.00210196272351 22.26731363782962 -156.17389536633647 350011.97937748394907 44.12004323209374 343.90997582454759
21750.0 -0.00106456411623 22.26439365720190 -156.15623193129579 349995.80436334479600 44.19326747113637 344.19621430645253
21780.0 -0.00124970559889 22.26138932450240 -156.13860883389754 349978.56655895523727 44.26652118159453 344.48275211446747
21810.0 -0.00161697122489 22.25830134432235 -156.12103608941044 349960.05227561667562 44.33975861067228 344.76942826625145
21840.0 -0.00106255255668 22.25558892844633 -156.10361781380351 350001.50621446501464 44.41312383125656 345.05677455725282
21870.0 -0.00044574835920 22.25279324920667 -156.08624231143901 350041.84155421983451 44.48648439345816 345.34431515236957
21900.0 -0.00117927264953 22.24945396284680 -156.06876899039790 350020.63694280013442 44.55989386691444 345.63225380648669
21930.0 -0.00123159447167 22.24603099229172 -156.05132303683584 349998.66720431670547 44.63339650426244 345.92076597118125
21960.0 -0.00162803834805 22.24252521809453 -156.03391718045785 349975.66126021277159 44.70693405503422 346.20964347341743
21990.0 -0.00038135245224 22.23893711408527 -156.01655477196780 349951.55214346293360 44.78049189840429 346.49883833309576
22020.0 -0.00133724625947 22.23618645345661 -155.99947250070551 350048.09555128496140 44.85407059617167 346.78835964620521
22050.0 -0.00081904866384 22.23243394905699 -155.98218538181885 350022.02105166763067 44.92769873087045 347.07832608477298
22080.0 -0.00141271283523 22.22859882780561 -155.96492537805784 349995.18718873243779 45.00142175990640 347.36892681910285
22110.0 -0.00150125691182 22.22468247553549 -155.94770975191059 349967.23925016075373 45.07516237232554 347.65987070526637
22140.0 -0.00182928058027 22.22114508851290 -155.93065579226430 349999.06140098161995 45.14887740098014 347.95099297603332
22170.0 -0.00178299461867 22.21752517649609 -155.91362025651708 350030.28965411335230 45.22270140412753 348.24284052784526
22200.0 -0.00112694846364 22.21336632097030 -155.89652943729538 349999.17587405443192 45.29650989256764 348.53492473007094
22230.0 -0.00191782583874 22.20912709264004 -155.87947951282669 349967.02650295384228 45.37035242430349 348.82745465345221
22260.0 -0.00168036253395 22.20526527600151 -155.86255744877917 349995.31005186960101 45.44427009815413 349.12061195441578
22290.0 -0.00127284798876 22.20132337131925 -155.84567406870872 350022.59370491094887 45.51820720066126 349.41417975115064
22320.0 -0.00227301619804 22.19684405028482 -155.82874138189496 349987.43536135461181 45.59215064144821 349.70811319472023
22350.0 -0.00178400158032 22.19228598219257 -155.81185602390545 349951.11774378083646 45.66609998486058 350.00241974692602
22380.0 -0.00106255137480 22.18856351878777 -155.79518307230279 350036.72885050810874 45.74008133468146 350.29722144078715
22410.0 -0.00191078183468 22.18384601326378 -155.77836452725487 349998.61544488277286 45.81413638748770 350.59271278835473
22440.0 -0.00116518700516 22.17905061537972 -155.76159413916872 349959.32465105876327 45.88819271732314 350.88859500643935
22470.0 -0.00177695639438 22.17509151542628 -155.74503661612218 350041.95140860974789 45.96220988756040 351.18469941805449
22500.0 -0.00102230481937 22.17013946747528 -155.72834649103993 350000.60384724754840 46.03631229846086 351.48158841844969
22530.0 -0.00101626541320 22.16511123555774 -155.71171208522281 349957.94181622005999 46.11038393658733 351.77876018463701
22560.0 -0.00049706558344 22.16091664389739 -155.69526102012901 350037.74069253541529 46.18447010571969 352.07642919950462
22590.0 -0.00150930669566 22.15573258843368 -155.67870091992083 349993.11974797490984 46.25860847421225 352.37478348386770
22620.0 -0.00100117398906 22.15092690382172 -155.66225267133328 350009.20844479370862 46.33274619918622 352.67359708518768
22650.0 -0.00094583128196 22.14604483049834 -155.64584969591553 350024.17053324449807 46.40687159457676 352.97282844093667
22680.0 -0.00012476987669 22.14063288627890 -155.62943366723619 349976.01516612432897 46.48098326928732 353.27248324115766
22710.0 -0.00075968520140 22.13559856353233 -155.61311828421157 349988.76999379508197 46.55510468210555 353.57268691362862
22740.0 -0.00051718827021 22.13048652629097 -155.59683232744061 350000.66263229493052 46.62927351435308 353.87363940659014
22770.0 -0.00027167636346 22.12529924224414 -155.58059264934215 350011.40283330436796 46.70342254146900 354.17503404824203
22800.0 -0.00072245362153 22.12003835427977 -155.56440884284220 350020.83112358953804 46.77751421970680 354.47669812161138
22830.0 -0.00051316515111 22.11424840402937 -155.54820599907580 349967.20384537708014 46.85166208203550 354.77920987049140
22860.0 -0.00071038071859 22.10928812087889 -155.53214705033758 350036.76755177229643 46.92575916327114 355.08205389370534
22890.0 -0.00139158082303 22.10335113121273 -155.51604594662183 349980.66071075294167 46.99984624730789 355.38545015068280
22920.0 -0.00078182181149 22.09823927481520 -155.50005757366799 350048.26705970708281 47.07395726941918 355.68959315629172
22950.0 -0.00113097394650 22.09215373381459 -155.48404107828244 349989.94202339928597 47.14804262789399 355.99424751421003
22980.0 -0.00189267070745 22.08644514092513 -155.46811018771021 349992.79378116037697 47.22209190511813 356.29937509625893
23010.0 -0.00109273776873 22.08066385530151 -155.45222814913745 349994.43214462790638 47.29610280304355 356.60497965923383
23040.0 -0.00094382090429 22.07480916730218 -155.43638890875209 349994.94717157166451 47.37009595564043 356.91119002803816
23070.0 -0.00205366165671 22.06887964974360 -155.42058261196189 349994.48179977200925 47.44410475121179 357.21821164172957
23100.0 -0.00168841231779 22.06287830752922 -155.40482587562593 349992.77809993084520 47.51806751902917 357.52572969491627
23130.0 -0.00107563242128 22.05680708760160 -155.38912812555557 349989.69474039319903 47.59194978963470 357.83356729708333
23160.0 -0.00112996698484 22.05110643755583 -155.37347568681591 350048.43654325418174 47.66585345090111 358.14231881160885
23190.0 -0.00149622801294 22.04444546321218 -155.35784844945070 349980.27532017789781 47.73968121956820 358.45145490064101
23220.0 -0.00095891351031 22.03860247774016 -155.34229341727919 350036.55961279477924 47.81346907087713 358.76120101740020
23250.0 -0.00171155352577 22.03179862709308 -155.32675391433068 349966.02817005384713 47.88724687787130 359.07175825491839
23280.0 -0.00076672684171 22.02581120288708 -155.31127939606176 350020.07427323423326 47.96096869149221 359.38288139510337
23310.0 -0.00062384820155 22.01931090090891 -155.29584854807754 350009.90447343792766 48.03462521610690 359.69453587859164
23340.0 -0.00096696211227 22.01274144562518 -155.28046962284171 349998.42912244144827 48.10821330375430 0.00672333822286
23370.0 -0.00010263208472 22.00654246623108 -155.26513395123291 350048.83632947318256 48.18175057082938 0.31957595420476
23400.0 -0.00027268214324 21.99939069204686 -155.24983984314383 349971.91232411563396 48.25526581198309 0.63330465446878
23430.0 -0.00105550855262 21.99305022670980 -155.23458768961032 350019.97391634341329 48.32870330130446 0.94758626821579
23460.0 0.00035820888050 21.98620397078324 -155.21940265868031 350003.41957700531930 48.40203184578741 1.26223959757783
23490.0 -0.00074157289229 21.97928593943418 -155.20425036401170 349985.77805265877396 48.47534084081760 1.57787527882936
23520.0 -0.00106456411623 21.97273871180155 -155.18914186901119 350030.04805960878730 48.54854338334277 1.89394972836465
23550.0 -0.00088847937907 21.96568614625666 -155.17409542811529 350009.70812488254160 48.62167032898860 2.21069384445271
23580.0 -0.00065302645194 21.95856392188536 -155.15908850209163 349988.16758195869625 48.69474713328461 2.52831531744830
23610.0 -0.00057655527829 21.95180932040511 -155.14411029797793 350028.75160069856793 48.76773195606470 2.84655873275679
23640.0 -0.00062485398133 21.94455375923187 -155.12920727048854 350004.49687031656504 48.84061646624274 3.16539321356393
23670.0 -0.00081200584166 21.93723273571087 -155.11435895128270 349978.83627547789365 48.91339673415162 3.48481804285621
23700.0 -0.00104745995066 21.93027686157527 -155.09952811814472 350015.46311411075294 48.98608715451122 3.80496865500463
23730.0 -0.00126278664537 21.92281990730999 -155.08476519871593 349987.26274335756898 49.05871160627107 4.12606138716062
23760.0 -0.00077477780743 21.91529843739332 -155.07005756070956 349957.62637894321233 49.13122074040754 4.44776449725667
23790.0 -0.00115713485756 21.90814395651584 -155.05537524159925 349990.21844205632806 49.20358686495079 4.76989234930049
23820.0 -0.00127687347162 21.90091899840677 -155.04072346343449 350021.66977478750050 49.27588596730555 5.09307184221812
23850.0 -0.00131007838675 21.89320310333630 -155.02617278001148 349987.82208895590156 49.34804228985519 5.41674491313078
23880.0 -0.00110380607377 21.88542299001884 -155.01167367431793 349952.55176050961018 49.42008123770099 5.74114776837436
23910.0 -0.00150528239468 21.87800178731439 -154.99716757034912 349979.89838479459286 49.49202346923099 6.06649462710363
23940.0 -0.00104444142946 21.87051580059036 -154.98271133636234 350005.85863680858165 49.56383175804340 6.39251951843616
23970.0 -0.00116417767975 21.86296574020816 -154.96830665554771 350030.40838925354183 49.63549856937446 6.71919533199668
24000.0 -0.00185342874991 21.85492979410968 -154.95401097883430 349989.44632994290441 49.70701927456220 7.04651873375428
24030.0 -0.00179305714393 21.84725221549235 -154.93970727548614 350011.15381534304470 49.77840483397901 7.37462823420356
24060.0 -0.00126077508582 21.83908721148155 -154.92550233903287 349967.38714348059148 49.84967387053624 7.70374539870599
24090.0 -0.00117927028577 21.83128072785955 -154.91129066770648 349986.29802588559687 49.92078388723269 8.03352974919484
24120.0 -0.00181519375402 21.82341426929253 -154.89714054964961 350003.66580615378916 49.99171094213409 8.36379109032580
24150.0 -0.00122354586971 21.81548031749784 -154.88302374483979 350019.73675257246941 50.06251663524950 8.69517235303500
24180.0 -0.00248129888868 21.80748631920695 -154.86896621311894 350034.26878317072988 50.13313718803812 9.02710087240404
24210.0 -0.00190474597415 21.79942968287100 -154.85495765267456 350047.34471551049501 50.20359220812273 9.35981791179744
24240.0 -0.00081804406595 21.79089419722964 -154.84106578464048 349994.58646226208657 50.27389715620725 9.69354403623877
24270.0 -0.00112795660717 21.78271243514530 -154.82715183206673 350004.72145726997405 50.34401997686320 10.02800239014697
24300.0 -0.00132517099277 21.77447019977276 -154.81329168028236 350013.32947960868478 50.41395375359190 10.36316967310300
24330.0 -0.00078685307412 21.76575755959453 -154.79957039431557 349955.82277776952833 50.48369326012627 10.69903962038654
24360.0 -0.00177293091152 21.75739508986591 -154.78581588804212 349961.34285771287978 50.55324580554894 11.03575354471428
24390.0 -0.00027066940181 21.74896863845466 -154.77210077228952 349965.41548016946763 50.62262440304244 11.37353793010686
24420.0 -0.00120644052225 21.74048314116196 -154.75844057710725 349967.91300511825830 50.69179392739995 11.71204345974897
24450.0 -0.00005634730499 21.73194160312861 -154.74484399483177 349968.76680064946413 50.76073446198315 12.05107527547776
24480.0 -0.00063189680351 21.72333569258392 -154.73128323451866 349968.16142742056400 50.82949218450247 12.39129182586657
24510.0 -0.00041656774504 21.71467361099276 -154.71778378668910 349965.90987054351717 50.89801619701399 12.73210587368737
24540.0 -0.00068321166399 21.70595248424449 -154.70433553170602 349962.07163241226226 50.96631995274820 13.07376334669464
24570.0 -0.00025457219789 21.69716962246751 -154.69092931346671 349956.69235303718597 51.03441329886532 13.41649082893121
24600.0 -0.00049203313892 21.68872893171393 -154.67747125873962 350014.63633213844150 51.10226996367349 13.76000030581401
24630.0 -0.00088546085786 21.67983058772829 -154.66417300238467 350006.01613970752805 51.16988346299951 14.10427227874636
24660.0 -0.00085728484161 21.67087601229088 -154.65093124731789 349995.73341116774827 51.23724809813623 14.44929718962191
24690.0 -0.00104242868803 21.66225942270206 -154.63762665714066 350048.89015590306371 51.30436731168119 14.79521876364236
24720.0 -0.00098004315874 21.65318508113033 -154.62447502434730 350035.40260265208781 51.37124814737324 15.14226793734358
24750.0 -0.00173771561872 21.64405545214607 -154.61138030028010 350020.21554199513048 51.43786341682384 15.49008654111907
24780.0 -0.00194599949124 21.63487378437913 -154.59835097610917 350003.27890934329480 51.50419753199931 15.83847498124391
24810.0 -0.00198725537209 21.62563096060263 -154.58535972292796 349984.71521832607687 51.57028017111769 16.18810635410316
24840.0 -0.00178500736009 21.61633590809023 -154.57243155044461 349964.39298688527197 51.63607428344285 16.53837908572195
24870.0 -0.00165721659844 21.60737331725296 -154.55942852446245 350007.66995744686574 51.70158680942954 16.88954320509231
24900.0 -0.00294113643788 21.59834965007177 -154.54646485094977 350049.32843566685915 51.76682155975296 17.24183081474125
24930.0 -0.00166124444506 21.58888449588288 -154.53368575017845 350023.90166403353214 51.83175871698608 17.59494255112870
24960.0 -0.00307294913675 21.57936632671967 -154.52096413062498 349996.69796857889742 51.89639203862372 17.94886264779443
24990.0 -0.00246922716762 21.56979575454209 -154.50830078150628 349967.70486601162702 51.96071550828410 18.30357784244523
25020.0 -0.00307999077706 21.56055192122253 -154.49555038919050 350002.44743634760380 52.02472849673052 18.65923375004585
25050.0 -0.00291195700561 21.55124800500266 -154.48283902010840 350035.50009472388774 52.08843172245574 19.01606510916400
25080.0 -0.00260606994725 21.54151178479455 -154.47032601816809 350001.20809276867658 52.15180654338020 19.37370500710112
25110.0 -0.00241891572316 21.53172760319735 -154.45787991626878 349965.05700558330864 52.21484203270474 19.73194909017209
25140.0 -0.00232534038393 21.52226067889137 -154.44532482895386 349992.77510501164943 52.27755026900508 20.09148380578422
25170.0 -0.00302464925184 21.51274259624835 -154.43282969861389 350018.69333893060684 52.33990907402535 20.45169374531038
25200.0 -0.00189065914790 21.50279779321446 -154.42053844120304 349977.08105881046504 52.40191852695404 20.81283228043008
25230.0 -0.00289082499342 21.49316875940630 -154.40813709030766 349999.39032106846571 52.46357587626325 21.17513695589323
25260.0 -0.00232433342228 21.48348695213886 -154.39578943790977 350019.87593728583306 52.52486870009137 21.53829576430332
25290.0 -0.00242495394744 21.47338533544564 -154.38365663105068 349972.67341072112322 52.58579070090077 21.90229713658579
25320.0 -0.00165520622077 21.46360128185276 -154.37142082971150 349989.43967971298844 52.64633573545268 22.26712365614173
25350.0 -0.00234345032928 21.45376376583341 -154.35923480267999 350004.35291699413210 52.70649891721881 22.63292215915526
25380.0 -0.00197920440637 21.44350644907925 -154.34725697907308 349951.44537259172648 52.76627430040477 22.99993033013714
25410.0 -0.00197316736396 21.43392443104908 -154.33500013994092 350028.56882673874497 52.82565244016524 23.36777278953582
25440.0 -0.00196813728320 21.42357263154599 -154.32314599017047 349971.80074628628790 52.88462743331583 23.73624047447948
25470.0 -0.00250846794328 21.41388288029080 -154.31098561209066 350045.18700042087585 52.94319266144786 24.10603138855337
25500.0 -0.00143182856035 21.40342930260506 -154.29923456720852 349984.51897527743131 53.00134189198957 24.47651713172900
25530.0 -0.00191883280040 21.39328293589800 -154.28736132195303 349987.97985232435167 53.05906801830754 24.84795344539143
25560.0 -0.00200234561435 21.38308202359920 -154.27553103111026 349989.48583874758333 53.11636153935576 25.22058114071925
25590.0 -0.00151534610182 21.37283204005901 -154.26375597094787 349989.02709576208144 53.17321778918472 25.59407813910805
25620.0 -0.00216535166880 21.36253348274023 -154.25203659171530 349986.59228008519858 53.22963044053626 25.96843565222399
25650.0 -0.00104846454856 21.35253554973335 -154.24018656678339 350048.43764082714915 53.28559345658700 26.34363163869242
25680.0 -0.00155257531794 21.34179074358125 -154.22876231339185 349975.74408568255603 53.34109753979074 26.71981333853959
25710.0 -0.00142579269982 21.33168607508500 -154.21700176051775 350033.61355789005756 53.39612977318049 27.09722030855869
25740.0 -0.00186952713571 21.32084418684279 -154.20568130569691 349956.79156917892396 53.45069059537435 27.47546919989607
25770.0 -0.00062887828231 21.31064616390175 -154.19403804612460 350010.67391043156385 53.50477951757503 27.85434640092547
25800.0 -0.00098104775664 21.30005029396441 -154.18262750490379 349996.10213364940137 53.55837016267784 28.23455912262039
25830.0 -0.00093375956090 21.28941092892019 -154.17127941280393 349979.47784853912890 53.61147334813514 28.61546724015749
25860.0 -0.00112392994243 21.27906076564397 -154.15978205941190 350027.25527211558074 53.66407449736088 28.99732767116501
25890.0 -0.00164112057641 21.26832107095910 -154.14852933619278 350006.44650556333363 53.71615688681040 29.38038396558959
25920.0 -0.00157571652592 21.25753605417847 -154.13733315079941 349983.52943829726428 53.76772465429822 29.76430309785210
25950.0 -0.00127888621305 21.24703750638604 -154.12598497646289 350025.07177498657256 53.81877116221769 30.14907939434988
25980.0 -0.00096796789204 21.23616170864387 -154.11490118825219 349997.93696766346693 53.86929076134592 30.53468573065949
26010.0 -0.00100721103146 21.22523961457029 -154.10386990048715 349968.64175521209836 53.91926963398917 30.92126879666269
26040.0 -0.00172262183081 21.21459344373711 -154.09266753570793 350003.80077716056257 53.96868763461374 31.30906873502704
26070.0 -0.00198826115186 21.20390050650801 -154.08151894506949 350036.84660739451647 54.01755579625982 31.69769500947755
26100.0 -0.00107160693842 21.19284242922579 -154.07065104214115 350001.08040636125952 54.06587945963005 32.08692977609133
26130.0 -0.00203052163061 21.18173325010117 -154.05982345729149 349963.03617466613650 54.11361150198233 32.47748651743861
26160.0 -0.00187757810142 21.17090323166444 -154.04883584883100 349989.58823452517390 54.16078090218909 32.86871516154203
26190.0 -0.00188461974173 21.16002578409504 -154.03789832135843 350013.95506720617414 54.20736538790903 33.26087240207269
26220.0 -0.00163709509355 21.14909686840245 -154.02700227046651 350036.07177420146763 54.25334069979210 33.65420315587700
26250.0 -0.00223377542238 21.13780949876719 -154.01638920261547 349989.13006625231355 54.29872065363274 34.04836412319832
26280.0 -0.00134227752210 21.12679227391524 -154.00560223814080 350006.80765530839562 54.34349814320679 34.44335243513725
26310.0 -0.00213818379608 21.11542149111646 -153.99510338511004 349955.35638622101396 54.38766823908310 34.83913548711318
26340.0 -0.00167130697033 21.10431564003085 -153.98442248926787 349968.52367708832026 54.43121255150355 35.23585835890496
26370.0 -0.00233036928281 21.09315932837868 -153.97378270861577 349979.35060551948845 54.47410351632842 35.63376030767009
26400.0 -0.00182022383478 21.08195982238452 -153.96319771020637 349987.91339001245797 54.51636348032554 36.03244474647563
26430.0 -0.00137950673821 21.07072134605015 -153.95267499093725 349994.25578970462084 54.55800404498490 36.43169012692960
26460.0 -0.00141573017455 21.05943125224261 -153.94218976716698 349998.17863136902452 54.59895647380878 36.83221268322203
26490.0 -0.00130404134434 21.04810158243481 -153.93176454061657 349999.83644783496857 54.63926899264513 37.23335477196589
26520.0 -0.00109374236663 21.03672795644936 -153.92139040506086 349999.14687536284328 54.67891148363235 37.63537129280552
26550.0 -0.00073050576913 21.02530610125002 -153.91105887363557 349996.02181908302009 54.71785190938940 38.03850697561677
26580.0 -0.00207982611342 21.01384261733430 -153.90078184061014 349990.54370729718357 54.75611465798889 38.44240932066362
26610.0 -0.00124065003528 21.00233771779831 -153.89055912995562 349982.69791974127293 54.79369201707892 38.84707794923813
26640.0 -0.00082709962956 20.99079231085460 -153.88039184241467 349972.48154659755528 54.83058015917507 39.25247450520734
26670.0 -0.00092973289616 20.97920395636317 -153.87027495165708 349959.83396992459893 54.86675613823606 39.65874134579185
26700.0 -0.00089250368005 20.96785254303895 -153.85994124169605 350011.86688206996769 54.90218486528327 40.06611523921281
26730.0 -0.00056045571061 20.95617538900453 -153.84992022389844 349994.29501653462648 54.93690070487008 40.47419511049567
26760.0 -0.00058460506213 20.94474312875571 -153.83969922770504 350041.61934347264469 54.97092195316107 40.88275650593960
26790.0 -0.00074056711252 20.93298028724009 -153.82977776770451 350019.09519758634269 55.00415755654687 41.29251435964463
26820.0 -0.00154552895011 20.92118157397017 -153.81991688916031 349994.16670171264559 55.03667600524736 41.70280650028451
26850.0 -0.00047694289666 20.90934240969822 -153.81010788432715 349966.72772660851479 55.06843927734823 42.11388435810866
26880.0 -0.00115210359493 20.89773021278980 -153.80007204673265 350003.99056033790112 55.09940740216881 42.52599080309523
26910.0 -0.00118027842931 20.88607589767649 -153.79008775286582 350038.78272024169564 55.12961622710041 42.93876569161665
26940.0 -0.00105852825570 20.87411177982926 -153.78042868924911 350003.72624469269067 55.15905731783167 43.35221086378275
26970.0 -0.00078383100728 20.86211075963845 -153.77082566271216 349966.14669536706060 55.18772837390845 43.76628214140972
27000.0 -0.00119738495864 20.85033388206682 -153.76099604359678 349993.36228441447020 55.21560198262672 44.18111806758881
27030.0 -0.00185644727111 20.83850891042070 -153.75120587957082 350017.89257789682597 55.24263552010937 44.59695126645889
27060.0 -0.00084018067603 20.82638436445309 -153.74174954699828 349972.46098981052637 55.26887602601498 45.01337822118931
27090.0 -0.00144993968758 20.81448565617760 -153.73207329192269 349991.98337365686893 55.29434890754310 45.43017269959369
27120.0 -0.00152540744521 20.80253744397549 -153.72243290794361 350008.71608719881624 55.31894029940331 45.84804385693967
27150.0 -0.00108167064557 20.79029982187439 -153.71313660060062 349955.46566143352538 55.34273985375611 46.26632874384793
27180.0 -0.00074257985395 20.77852698005219 -153.70331574719481 350034.50560190621763 55.36570168742169 46.68527362846013
27210.0 -0.00154552895011 20.76620649809333 -153.69411251992074 349975.79778719227761 55.38777783908555 47.10511781555587
27240.0 -0.00030085461385 20.75434475419998 -153.68438105772941 350049.44707303773612 55.40901645875606 47.52549561683821
27270.0 -0.00093476415879 20.74195128076086 -153.67528535355220 349985.42389081045985 55.42940829228436 47.94641091664108
27300.0 -0.00171256048742 20.72976671514407 -153.66595057159850 349986.25801719911397 55.44895301972259 48.36781392045867
27330.0 -0.00065000911262 20.71754184774080 -153.65666392650442 349984.35150549560785 55.46761892493463 48.78983837184336
27360.0 -0.00034110235117 20.70550983807292 -153.64711862800169 350047.11526986304671 55.48535594088528 49.21271114368005
27390.0 -0.00124769403934 20.69296548335788 -153.63822428397094 349972.06853224430233 55.50222435382427 49.63602883589581
27420.0 -0.00086835432853 20.68086026763253 -153.62878853395432 350029.55606483109295 55.51825705405653 50.05956492949034
27450.0 -0.00049002157937 20.66847299436544 -153.61969018812090 350016.47612162679434 55.53331711609565 50.48401805275228
27480.0 -0.00024148878765 20.65605284817063 -153.61064955254997 350000.73203870002180 55.54751607279664 50.90872891876126
27510.0 -0.00053329020165 20.64382157159690 -153.60135089349529 350049.77132027316839 55.56080032666254 51.33393702410449
27540.0 -0.00069830545189 20.63109407853432 -153.59270844861248 349960.62139467708766 55.57311396993601 51.75987647184577
27570.0 -0.00086533580733 20.61878037629929 -153.58350055941602 350003.89748567994684 55.58451821009398 52.18617869398028
27600.0 -0.00084118645581 20.60642686975988 -153.57434143092959 350044.36514337919652 55.59500288426801 52.61284958762991
27630.0 0.00000301852120 20.59381697607729 -153.56554640564400 350014.39965903759003 55.60457011241174 53.03983428305411
27660.0 -0.00040952492286 20.58117013334554 -153.55680000491634 349981.51660220511258 55.61318410352158 53.46726093018520
27690.0 -0.00045178658349 20.56869467560544 -153.54777722112291 350013.19250774756074 55.62078753832337 53.89534919408788
27720.0 0.00003723039799 20.55618137116254 -153.53880456512709 350042.01658018492162 55.62745439066673 54.32369884285093
27750.0 -0.00083414481550 20.54342647598277 -153.53020933363143 350000.45671020913869 55.63322532948367 54.75208492932389
27780.0 -0.00027167399970 20.53062821023833 -153.52165147538199 349955.68270248733461 55.63794039253869 55.18119073482340
27810.0 -0.00092168311232 20.51800458565369 -153.51282771161075 349975.75795762892812 55.64173347175438 55.61036567313084
27840.0 -0.00045178658349 20.50534188469097 -153.50405054028855 349992.84632811788470 55.64454350021630 56.03984104321269
27870.0 -0.00069025684993 20.49263492278671 -153.49531200810691 350006.75758952274919 55.64630676458325 56.46984427594758
27900.0 -0.00039141379563 20.47989168196523 -153.48662344515134 350017.71494438219815 55.64709814649986 56.90000711690730
27930.0 0.00039845779970 20.46711186494399 -153.47798398681232 350025.68453611247241 55.64690648065535 57.33033761329831
27960.0 -0.00047291623192 20.45429667011328 -153.46939493459416 350030.68050631228834 55.64573676321068 57.76077672005938
27990.0 -0.00033607345229 20.44144320765697 -153.46085171206229 350032.58349509350955 55.64354940638080 58.19144645464599
28020.0 -0.00049807018133 20.42854648162571 -153.45234683225658 350031.19983992353082 55.64028011686733 58.62255805885801
28050.0 -0.00008250939794 20.41561523447624 -153.44389241924276 350026.79063908755779 55.63601682085588 59.05371792729596
28080.0 -0.00094180698098 20.40265441875473 -153.43549501398155 350019.49953440483660 55.63080815067393 59.48470485967059
28110.0 -0.00020828387252 20.38964859774690 -153.42713242039432 350008.77758949808776 55.62447141382255 59.91618211422217
28140.0 -0.00122253890805 20.37661225641953 -153.41882464922776 349995.09038203302771 55.61716304149824 60.34751326124898
28170.0 -0.00084420615889 20.36354008706215 -153.41056382050240 349978.23088360484689 55.60881482587837 60.77892023599591
28200.0 -0.00132919647563 20.35042670851495 -153.40234210229409 349957.98211701493710 55.59935547239117 61.21062256880927
28230.0 -0.00137246273415 20.33745133455153 -153.39382559517307 350002.26380157377571 55.58887396614693 61.64225592855894
28260.0 -0.00155961814012 20.32443781748875 -153.38535543265297 350043.36984564643353 55.57735802453140 62.07383080843143
28290.0 -0.00158980335217 20.31122136693936 -153.37728093534750 350013.67187185306102 55.56481590095959 62.50528521912355
28320.0 -0.00093275023548 20.29796989702959 -153.36925255827958 349980.69291460700333 55.55120451667786 62.93673479016926
28350.0 -0.00164514487739 20.28483947018731 -153.36091213643519 350011.85005942452699 55.53645295089982 63.36838142136118
28380.0 -0.00092168429420 20.27167300509092 -153.35261948324469 350039.79566224198788 55.52066312985287 63.79984184060530
28410.0 -0.00106053981525 20.25831923687945 -153.34473463273622 349997.07193815335631 55.50389169192053 64.23090097642628
28440.0 -0.00142881122102 20.24492346494973 -153.33688504682738 349950.69137460831553 55.48593379867950 64.66219773876904
28470.0 -0.00160288321676 20.23180345885021 -153.32837734654581 350036.39661849383265 55.46696825750996 65.09311546064691
28500.0 -0.00166526874604 20.21834313297331 -153.32062687263263 349983.51708451844752 55.44692011119650 65.52386584712535
28530.0 -0.00119134555247 20.20499118074770 -153.31255658989974 349994.62142922170460 55.42571077297801 65.95465957922126
28560.0 -0.00095589498911 20.19160480769279 -153.30453398645491 350002.40771823842078 55.40344353173070 66.38514008804854
28590.0 -0.00082508807001 20.17818342749245 -153.29655790360636 350006.82575684040785 55.38010483626519 66.81532071644583
28620.0 -0.00053831910053 20.16472840243052 -153.28862972483398 350007.90182271599770 55.35570649269232 67.24513800889127
28650.0 -0.00073452888823 20.15123666040003 -153.28074508990028 350005.48555702902377 55.33020224157160 67.67470121469299
28680.0 -0.00052926471879 20.13770288982253 -153.27289684115789 349999.33159182406962 55.30351492581801 68.10420228256258
28710.0 -0.00071339805792 20.12413632326971 -153.26509652753296 349989.78070259280503 55.27576027432658 68.53327200561540
28740.0 -0.00086131150635 20.11054214525462 -153.25735034054182 349977.01883612480015 55.24700280936452 68.96170386838003
28770.0 -0.00054838162580 20.09703055277727 -153.24926720924771 350027.83267085440457 55.21701638881223 69.39010863014148
28800.0 -0.00014690530489 20.08336119520498 -153.24160464044527 350007.83166119549423 55.18600166545662 69.81789481451263
28830.0 -0.00116216730208 20.06965754511700 -153.23398658519079 349984.25778522435576 55.15387736430451 70.24526332452888
28860.0 -0.00064296392667 20.05603283145091 -153.22603176655554 350024.27683908678591 55.12055793942952 70.67241531627788
28890.0 -0.00102632912035 20.04225547740213 -153.21849721019959 349993.33675928227603 55.08616092820872 71.09900580685179
28920.0 -0.00014791108467 20.02844628106538 -153.21100917856310 349958.83559250086546 55.05067131321012 71.52505141446269
28950.0 -0.00099010686589 20.01471808992425 -153.20319160595307 349988.19598301593214 55.01410464031352 71.95048881028494
28980.0 -0.00052725079548 20.00095127276613 -153.19541522168691 350013.82668330799788 54.97641176305257 72.37542107254150
29010.0 -0.00046285488853 19.98714036515574 -153.18767303714495 350035.45437806658447 54.93750970169928 72.80002986369530
29040.0 -0.00060674049034 19.97319108943171 -153.18035748752789 349986.12986411433667 54.89752753496000 73.22396354347470
29070.0 -0.00055341288843 19.95931875746037 -153.17271352354152 350000.74175120797008 54.85653737349809 73.64702643199010
29100.0 -0.00002414816964 19.94540026909019 -153.16510034693792 350011.15790397860110 54.81429283987529 74.06979798011697
29130.0 0.00029079208858 19.93135526167639 -153.15792135933143 349950.78117141686380 54.77101553619242 74.49171680494858
29160.0 -0.00052121257119 19.91737263510811 -153.15040094698421 349953.87858472764492 54.72661832094046 74.91297268530221
29190.0 0.00091061362540 19.90334781923582 -153.14291523711225 349952.85471787117422 54.68100904730482 75.33375680730894
29220.0 -0.00056146030851 19.88937836828639 -153.13508671243065 350015.29742509685457 54.63431918428812 75.75373931682958
29250.0 -0.00062686672276 19.87528421635763 -153.12768933383424 350006.71631965786219 54.58653200279091 76.17294045321488
29280.0 0.00033707923207 19.86115777878374 -153.12033744968463 349994.37360064312816 54.53766685637443 76.59129856655885
29310.0 -0.00086835551041 19.84707633804949 -153.11263519933945 350045.20857439190149 54.48767197447000 77.00891088460297
29340.0 -0.00006640983026 19.83287067687582 -153.10535801045737 350024.65045689977705 54.43645897227266 77.42594865793814
29370.0 0.00021532905847 19.81863358456898 -153.09812632701096 350000.27234957646579 54.38416958218601 77.84208083185710
29400.0 -0.00015395049084 19.80437045421523 -153.09094601313848 349972.30465292744339 54.33088304270349 78.25712450553961
29430.0 0.00047291741380 19.79013414939005 -153.08340061329363 350006.89700786024332 54.27633399604144 78.67162537599037
29460.0 -0.00022539040186 19.77586539591205 -153.07590231819697 350037.72203814331442 54.22076376383267 79.08505621942500
29490.0 0.00060271618936 19.76149348595735 -153.06884235925136 349997.50759121775627 54.16407979341313 79.49759555263348
29520.0 0.00051316396923 19.74708235897636 -153.06181725092520 349952.92842574603856 54.10618370712495 79.90942431493249
29550.0 -0.00036525170269 19.73276074717159 -153.05403663758651 350038.20778561756015 54.04722034402393 80.32023079952047
29580.0 0.00026563813917 19.71828402786480 -153.04709875345196 349985.62976774107665 53.98717097808807 80.73003904089346
29610.0 0.00107563242128 19.70383255724551 -153.03980366877096 349995.92022054921836 53.92605872247233 81.13879043197642
29640.0 0.00075062963779 19.68934345516123 -153.03254781172345 350001.98612177185714 53.86382940924214 81.54657668925171
29670.0 0.00056649157114 19.67481099367067 -153.02532448895499 350003.49761798139662 53.80038965888634 81.95355865902553
29700.0 0.00057554949852 19.66024505720464 -153.01814446589887 350000.92311476822942 53.73589295080964 82.35942820838214
29730.0 -0.00029481638956 19.64565113153680 -153.01101346570314 349994.51522405259311 53.67042505020660 82.76401667386025
29760.0 -0.00011068305044 19.63101160593684 -153.00391164391181 349983.32525557465851 53.60370301785835 83.16783428324861
29790.0 0.00076873958314 19.61638126672690 -152.99644813651324 350034.79012672323734 53.53598638813989 83.57039097476934
29820.0 -0.00049706558344 19.60167466329914 -152.98943236066654 350015.28663816396147 53.46717764797771 83.97185398324616
29850.0 0.00050410840562 19.58692654508760 -152.98244943570987 349991.09876356646419 53.39717256400257 84.37239383042983
29880.0 0.00068120128632 19.57217719217859 -152.97509824260547 350029.22007241938263 53.32612857506874 84.77171927441630
29910.0 0.00056951245611 19.55736191039020 -152.96819935888212 349996.50040984246880 53.25402464995952 85.16985808596604
29940.0 0.00032902944823 19.54251549831531 -152.96134366654110 349959.54386927373707 53.18088751301626 85.56675576624401
29970.0 0.00001810994535 19.52765697918146 -152.95411273779132 349984.51990900095552 53.10666079244842 85.96249880499592
30000.0 0.00084118763769 19.51275276360986 -152.94691259430141 350004.60094339214265 53.03124651293850 86.35723772009804
30030.0 -0.00065503919337 19.49781293389740 -152.93975376840922 350020.30014258995652 52.95480883270270 86.75068883528691
30060.0 0.00038638135112 19.48284306640161 -152.93264184819139 350031.89304511807859 52.87743933831488 87.14269861452189
30090.0 0.00026060805842 19.46782517260046 -152.92555741145088 350038.34175991173834 52.79883900947231 87.53374081063109
30120.0 0.00008854525847 19.45277596728110 -152.91851789049363 350040.54019894916564 52.71928388365074 87.92336435530000
30150.0 -0.00009558926253 19.43768935745488 -152.91151651189074 350038.11090350151062 52.63867193075086 88.31172524921941
30180.0 0.00059164906620 19.42255886219101 -152.90454619330404 350030.64551188517362 52.55689344013967 88.69898348859856
30210.0 -0.00052423227428 19.40739465106938 -152.89761730602208 350018.68241219688207 52.47411752203789 89.08486982359274
30240.0 -0.00001811230911 19.39219534826395 -152.89072807859114 350002.10669709462672 52.39032053017507 89.46941545376494
30270.0 0.00009055918178 19.37696277125010 -152.88388006623430 349980.98674658406526 52.30553257544441 89.85257070005703
30300.0 0.00056548697325 19.36169349693537 -152.87706939645540 349955.08670312352479 52.21969525170209 90.23441701496479
30330.0 0.00024048300788 19.34637160473818 -152.86986457279713 349989.86032647732645 52.13270637567781 90.61509469196920
30360.0 0.00070031701144 19.33101191214179 -152.86269929261090 350019.92569770012051 52.04473961282457 90.99434522043850
30390.0 0.00055240829053 19.31563546563986 -152.85600572279913 349979.83801334630698 51.95589160415958 91.37203050417261
30420.0 0.00075465157501 19.30019587063714 -152.84891223279644 350000.00606020446867 51.86584880894335 91.74858747877279
30450.0 -0.00035720073697 19.28472282922036 -152.84186178489961 350015.60898598376662 51.77490193710909 92.12360474203490
30480.0 -0.00022438462208 19.26923368040395 -152.83527688734486 349960.64924951922148 51.68294487834926 92.49722715056852
30510.0 0.00066912601962 19.25365118716226 -152.82786321436208 350031.44490867946297 51.58986282796259 92.86960411041895
30540.0 0.00038336401179 19.23808538486208 -152.82134906399151 349966.34380185790360 51.49583553736163 93.24048910342634
30570.0 0.00064698940953 19.22242427150919 -152.81401140394345 350027.24188797455281 51.40083645519186 93.60991623063052
30600.0 0.00037128992697 19.20679111608521 -152.80757608008841 349952.40668899752200 51.30489880645887 93.97784098977777
30630.0 -0.00015596205039 19.19105018855625 -152.80031199742061 350003.17267926037312 51.20796230669693 94.34433988725377
30660.0 0.00071742472266 19.17525880810122 -152.79307578748413 350048.26328902039677 51.10992094570400 94.70954310882297
30690.0 0.00071641776100 19.15951266586285 -152.78674642475227 349957.88925715070218 51.01095667881926 95.07321725539128
30720.0 0.00106154441315 19.14365252357008 -152.77959294013704 349993.28608602657914 50.91117041510851 95.43523946109954
30750.0 0.00068421980753 19.12773946030230 -152.77246410060283 350022.71421874407679 50.81023567678069 95.79601010007698
30780.0 0.00080295145992 19.11179081999870 -152.76537663548638 350047.23042218945920 50.70845597355778 96.15515706597368
30810.0 0.00089954650223 19.09585386494754 -152.75876137657659 350001.43166857957840 50.60572154695787 96.51281420026942
30840.0 0.00061378449440 19.07981744198984 -152.75173756411377 350014.81443913839757 50.50191288818695 96.86912029928568
30870.0 0.00093275141736 19.06380214425791 -152.74519062753390 349958.17093748506159 50.39721931222821 97.22385160810430
30900.0 0.00125272530198 19.04769095477753 -152.73824192114503 349961.08324968721718 50.29161111132728 97.57704444101780
30930.0 0.00058057957927 19.03154217682012 -152.73133106346805 349958.74262155219913 50.18512433043681 97.92865952056454
30960.0 0.00159986587744 19.01535228429989 -152.72445435745706 349950.87345142569393 50.07769696008295 98.27876842160813
30990.0 0.00156665978042 18.99904511367867 -152.71716428674358 350001.59731770865619 49.96921954006355 98.62749135872373
31020.0 0.00125574382318 18.98269581617745 -152.70991078350067 350046.86385677289218 49.85988110494126 98.97461934959021
31050.0 0.00157471192802 18.96638570086527 -152.70314167119653 350022.57511911075562 49.74978606212041 99.32004412770563
31080.0 0.00127787806951 18.95002576980320 -152.69639729516612 349991.98579591047019 49.63859656915346 99.66413028123419
31110.0 0.00154553131387 18.93363367369820 -152.68969404553954 349956.24202976841480 49.52662708935154 100.00654377107233
31140.0 0.00149018860677 18.91703563355440 -152.68213662746726 350043.35406746808439 49.41376464442267 100.34740760137338
31170.0 0.00101626777696 18.90055403934848 -152.67549492607580 349995.68721251562238 49.29988541849165 100.68684999863613
31200.0 0.00126479820492 18.88394882693909 -152.66844559425630 350006.67957597691566 49.18518721239994 101.02466942234318
31230.0 0.00032299240582 18.86730182524534 -152.66143103542086 350011.91315703000873 49.06963696157388 101.36090362547158
31260.0 0.00162099434399 18.85061515960257 -152.65445290885674 350011.48990304395556 48.95327323718937 101.69551836454477
31290.0 0.00150628935633 18.83388526078869 -152.64750759294373 350005.11323519516736 48.83603246257478 102.02858025745043
31320.0 0.00227905324045 18.81710585262774 -152.64058901561415 349992.28885154705495 48.71780210235267 102.36019971972785
31350.0 0.00106557107789 18.80028776927213 -152.63370687485531 349973.73120146244764 48.59877710704945 102.69019100574656
31380.0 0.00161395270368 18.78333124923365 -152.62641716547748 350013.48305816296488 48.47906465725543 103.01845951531315
31410.0 0.00213818497796 18.76631715317686 -152.61914988489724 350046.29835429787636 48.35831707843402 103.34533525832792
31440.0 0.00166929304702 18.74937460449977 -152.61237130327339 350009.89982309285551 48.23685802101019 103.67052039148595
31470.0 0.00242294120602 18.73239147466703 -152.60562612734944 349967.44115343876183 48.11457171044829 103.99412732225434
31500.0 0.00173570169541 18.71524400677566 -152.59845642777719 349981.71105022914708 47.99133042627071 104.31627382260280
31530.0 0.00249840659989 18.69805472613022 -152.59132235381315 349989.97169390972704 47.86733941383045 104.63677958551429
31560.0 0.00237061820200 18.68082158851301 -152.58422173749790 349992.02395826019347 47.74256210824493 104.95568301365959
31590.0 0.00260204564627 18.66354683027568 -152.57715626809434 349987.98328816890717 47.61703932934668 105.27295454609855
31620.0 0.00263525056140 18.64622684507771 -152.57012239155119 349977.53139518480748 47.49070609917354 105.58865581574575
31650.0 0.00290692456110 18.62885526530516 -152.56311413099664 349960.13623969350010 47.36344717863156 105.90288766392595
31680.0 0.00235351167267 18.61130995309805 -152.55568686136431 349999.44132636766881 47.23546234828632 106.21548607404019
31710.0 0.00321583132255 18.59372457626362 -152.54829878715884 350032.81421391852200 47.10686089909152 106.52636899532901
31740.0 0.00307294795487 18.57621814026368 -152.54138726508035 349996.00479934364557 46.97728679265308 106.83583340772431
31770.0 0.00328123300928 18.55867573554650 -152.53451398027244 349953.22012743540108 46.84707121782511 107.14361536216101
31800.0 0.00336877366985 18.54080259609952 -152.52676090257580 350028.98375933989882 46.71609601956017 107.44981698263575
31830.0 0.00342109549199 18.52316250573793 -152.51994435087209 349972.36549161002040 46.58422997658643 107.75454578825961
31860.0 0.00338386627588 18.50518513727648 -152.51224954050383 350034.17883884534240 46.45168479915956 108.05764143731778
31890.0 0.00287070348852 18.48746121682930 -152.50550062758089 349964.57435022946447 46.31842033549265 108.35914223759194
31920.0 0.00314136934469 18.46938919581968 -152.49787120727058 350012.95702879969031 46.18447940210472 108.65902287038288
31950.0 0.00411437086313 18.45142247076811 -152.49072951133735 349992.16107485815883 46.04979579404587 108.95733998304077
31980.0 0.00366359124129 18.43340224147829 -152.48361240096889 349963.88979100901634 45.91425193395921 109.25418513018964
32010.0 0.00331745762749 18.41517640647061 -152.47607039521287 349990.88891639001667 45.77805144094979 109.54941433247558
32040.0 0.00374911679668 18.39690888113515 -152.46856646188246 350011.49605340510607 45.64130512556845 109.84295688924249
32070.0 0.00399060912997 18.37857973889186 -152.46108313830541 350024.05109216365963 45.50364997128959 110.13507854669113
32100.0 0.00392721545716 18.36020751273398 -152.45363602995610 350029.98647222854197 45.36542319620860 110.42554670837831
32130.0 0.00441824518006 18.34178561990954 -152.44621915312393 350028.71280689816922 45.22650466857668 110.71445360209891
32160.0 0.00435686661243 18.32330670220031 -152.43882592180037 350019.56530075240880 45.08676006611273 111.00189678388477
32190.0 0.00445346165474 18.30478270872897 -152.43146619792267 350003.46016881428659 44.94640666123886 111.28773444801841
32220.0 0.00415864290142 18.28621125670631 -152.42413760720339 349980.14387738890946 44.80540068138565 111.57200414735347
32250.0 0.00396142851582 18.26740969336408 -152.41638017444097 350010.92669529188424 44.66378671749612 111.85468433392985
32280.0 0.00452288882433 18.24855403213075 -152.40865151583480 350034.08571843989193 44.52149751779359 112.13582671524837
32310.0 0.00346235019096 18.22982830139198 -152.40140817750958 349988.03692241851240 44.37841352222944 112.41551391085945
32340.0 0.00411738938433 18.21086546879022 -152.39373500354225 349995.70530914608389 44.23474129963036 112.69362021899316
32370.0 0.00449169665063 18.19185955909989 -152.38609884894021 349996.49088497832417 44.09059266369002 112.97008508619815
32400.0 0.00432466747708 18.17259164370533 -152.37801917820150 350049.27975259162486 43.94559890932210 113.24514498195823
32430.0 0.00465269114553 18.15367666362108 -152.37090120131398 349973.60381184425205 43.80010162471810 113.51859623840079
32460.0 0.00523930894909 18.13430774336983 -152.36288535500719 350011.30716349929571 43.65397969304422 113.79052122753615
32490.0 0.00409324003281 18.11487480413985 -152.35489165180584 350040.33288343809545 43.50709577670820 114.06100812293100
32520.0 0.00499580505625 18.09559965303641 -152.34739433506604 350001.41330301109701 43.35967189128453 114.32993216494101
32550.0 0.00414858273991 18.07627560319653 -152.33992706763459 349954.73028511833400 43.21166065500936 114.59732959789812
32580.0 0.00502196596732 18.05669029297962 -152.33202667181052 349960.49898972455412 43.06310824112566 114.86318218276253
32610.0 0.00479959645043 18.03704958682017 -152.32415417057297 349958.06854641065001 42.91394653358431 115.12753678639031
32640.0 0.00463558461620 18.01712652203499 -152.31583836051726 350006.61811357364058 42.76405433087117 115.39046750260044
32670.0 0.00489518571296 17.99714762009894 -152.30755333367733 350047.05117072444409 42.61364036579911 115.65186516690228
32700.0 0.00518396624199 17.97734488921646 -152.29976973744220 350020.24081824254245 42.46281701080632 115.91167822129998
32730.0 0.00568002604565 17.95747747751334 -152.29200504839369 349984.11309450305998 42.31121105836108 116.17011589717536
32760.0 0.00628475261268 17.93733339516103 -152.28380812001978 349999.72840176988393 42.15916785836585 116.42700044756758
32790.0 0.00596880775657 17.91713168063675 -152.27563903901984 350006.78711440414190 42.00656446494480 116.68240572676194
32820.0 0.00560757799110 17.89686471942704 -152.26749128522468 350004.51612676866353 41.85326150905447 116.93641054289141
32850.0 0.00557940552049 17.87654508316159 -152.25937466894263 349993.99240886420012 41.69948501499787 117.18890570561288
32880.0 0.00571322859703 17.85592822947253 -152.25081943752181 350033.85835626162589 41.54518404071370 117.43992570979529
32910.0 0.00684923616992 17.83549786254575 -152.24276154729023 350006.25815902836621 41.39040617780148 117.68945519869520
32940.0 0.00622538560460 17.81501112736473 -152.23473065707174 349969.84968288056552 41.23508262677830 117.93753634954791
32970.0 0.00681502547501 17.79421150152006 -152.22625330985039 349982.54859401565045 41.07909086750288 118.18423518535144
33000.0 0.00665000786101 17.77335523410354 -152.21780590712473 349986.53015942033380 40.92264111022754 118.42945741722092
33030.0 0.00705550493725 17.75244869328587 -152.20939312117997 349982.32807811442763 40.76584590838184 118.67315941586449
33060.0 0.00628374919667 17.73147109693758 -152.20099799226523 349967.88862621411681 40.60832863046793 118.91552522829326
33090.0 0.00670434124269 17.71018140712459 -152.19216723566277 350003.14333405159414 40.45043702422625 119.15640074304152
33120.0 0.00673352067496 17.68882803681943 -152.18336314518919 350028.97802051901817 40.29204726053264 119.39585142895058
33150.0 0.00693375594553 17.66766900328094 -152.17504784929474 349986.63651908189058 40.13301798957499 119.63394742507802
33180.0 0.00725473560992 17.64618834053087 -152.16629401764834 349993.24874326772988 39.97357859162396 119.87059369665282
33210.0 0.00711889861007 17.62464627273848 -152.15756745908777 349990.41477375198156 39.81367464210680 120.10582265602244
33240.0 0.00746000096123 17.60277200222334 -152.14840099697005 350035.90016901399940 39.65335501190573 120.33962145058099
33270.0 0.00728290808053 17.58138282564212 -152.14019836122367 349956.56911834422499 39.49255039334909 120.57202776315049
33300.0 0.00759885884605 17.55937203540197 -152.13107750965676 349981.67304697167128 39.33113724934708 120.80310003118369
33330.0 0.00760992478733 17.53729893085270 -152.12198546852588 349997.18491265550256 39.16932667267981 121.03275729510560
33360.0 0.00876605504700 17.51516998540862 -152.11292685847516 350003.67487366311252 39.00723107989188 121.26096288983267
33390.0 0.00760087040560 17.49296413590132 -152.10388479807020 349998.93935549817979 38.84447138701621 121.48787769276878
33420.0 0.00831929972615 17.47070112155451 -152.09487426763243 349984.87992141768336 38.68139681117701 121.71336889832922
33450.0 0.00822672898482 17.44837414807820 -152.08588952699753 349960.72583542205393 38.51788295376321 121.93749415675531
33480.0 0.00751836100766 17.42538610933176 -152.07598444772941 350038.73175685945898 38.35378681644895 122.16031545430451
33510.0 0.00756062030452 17.40292350647108 -152.06704788665670 349993.60776347946376 38.18934055868360 122.38175059187905
33540.0 0.00754351613895 17.38009943272226 -152.05766765388648 349994.67878515180200 38.02448637257726 122.60182966239269
33570.0 0.00647794742482 17.35721153030957 -152.04831542297143 349985.59416259918362 37.85927429042999 122.82054199209227
33600.0 0.00633003279451 17.33395107895613 -152.03851781758868 350021.94250097125769 37.69363466311056 123.03792099798285
33630.0 0.00747308200771 17.31061107938575 -152.02873907151920 350046.58732825517654 37.52744321461877 123.25401803235889
33660.0 0.00730001460987 17.28751385469979 -152.01945822946715 350004.90014446899295 37.36091140881815 123.46876405275401
33690.0 0.00671037828510 17.26436098237714 -152.01020982229983 349953.55875330232084 37.19415125989404 123.68212850157931
33720.0 0.00717625169484 17.24050048461749 -152.00003655554906 350001.29187587462366 37.02678209892909 123.89425102176686
33750.0 0.00738151822803 17.21657276595707 -151.98989364214270 350038.52420832682401 36.85915380769460 124.10501797184436
33780.0 0.00648901218423 17.19289143222550 -151.98024561167290 350009.14765678625554 36.69114170358099 124.31447975393968
33810.0 0.00619017149368 17.16913319076959 -151.97061568532334 349967.74359207134694 36.52260144672490 124.52269073030334
33840.0 0.00614489131185 17.14466052709927 -151.96007317402567 350025.71175036672503 36.35376746870769 124.72958032744744
33870.0 0.00626764962899 17.12076728860200 -151.95049622256809 349962.27698920760304 36.18457869211618 124.93517616321950
33900.0 0.00534998963577 17.09614938762816 -151.94000560609066 349997.48225307371467 36.01508621051102 125.13946946906407
33930.0 0.00568706768596 17.07145420114345 -151.92953856471655 350020.78591583296657 35.84522018924367 125.34248964671465
33960.0 0.00537917024992 17.04667484441146 -151.91908937187841 350031.31456911470741 35.67485586691038 125.54428146455854
33990.0 0.00576655974457 17.02182369990386 -151.90866691408453 350030.33313841558993 35.50420464123179 125.74478652563700
34020.0 0.00483783144631 16.99690746784779 -151.89827573038161 350018.49427683278918 35.33337790405341 125.94397962853833
34050.0 0.00485896227662 16.97190450530232 -151.88789891725787 349993.26258455961943 35.16199417018115 126.14198100854667
34080.0 0.00613181144726 16.94683522020862 -151.87755137940329 349956.82693121861666 34.99040329287745 126.33869424540929
34110.0 0.00457420604857 16.92099613635074 -151.86628703900374 350015.88258756231517 34.81848056211320 126.53416305346974
34140.0 0.00464262862026 16.89576731664374 -151.85597997259663 349953.96085664164275 34.64608057776279 126.72843469687342
34170.0 0.00485996805640 16.86976452650032 -151.84475956951653 349987.41532532591373 34.47343959888054 126.92144913361528
34200.0 0.00427234329118 16.84368098402653 -151.83356306127391 350008.17202224023640 34.30049340177368 127.11323141628492
34230.0 0.00525037725414 16.81752004577248 -151.82239240528699 350016.50706444215029 34.12729405561330 127.30377445513273
34260.0 0.00457521182834 16.79127799407607 -151.81124423850244 350011.87534684967250 33.95377168395297 127.49310389840626
34290.0 0.00560959191441 16.76494787586245 -151.80011277952872 349993.34124386217445 33.77980126882690 127.68125842082053
34320.0 0.00606036917248 16.73854230243816 -151.78900690931644 349962.26350895594805 33.60559377008397 127.86818913794733
34350.0 0.00438604722659 16.71133175433050 -151.77699166836661 350024.65772017836571 33.43125977611524 128.05387555178703
34380.0 0.00499480045835 16.68476203608181 -151.76592911313682 349966.88298758585006 33.25641766196387 128.23842019010905
34410.0 0.00465168300200 16.65737633826522 -151.75395541241133 350001.63349277246743 33.08141665828927 128.42174210961915
34440.0 0.00342109549199 16.62990410444774 -151.74200426688483 350022.64937846083194 32.90613225651975 128.60387887586711
34470.0 0.00404796103286 16.60233711347166 -151.73006893119026 350028.80839050654322 32.73041825129835 128.78487116589963
34500.0 0.00396746555823 16.57468971505437 -151.71815949038810 350021.71572340000421 32.55451234049634 128.96466849004244
34530.0 0.00222270711733 16.54695835233897 -151.70627266010408 350000.81815414410084 32.37834728238735 129.14329329602663
34560.0 0.00167231156823 16.51914655240147 -151.69441042947733 349966.42375160008669 32.20197604795165 129.32073998797557
34590.0 0.00303773148019 16.49047522328396 -151.68163135131988 350020.94221120979637 32.02532884972373 129.49703072453201
34620.0 0.00093576993857 16.46248324303957 -151.66980582432063 349957.09320699702948 31.84828061807158 129.67219855669694
34650.0 0.00037933852893 16.43362792030085 -151.65706691987211 349982.02224059123546 31.67104156042434 129.84620311119053
34680.0 0.00190575175392 16.40469160850381 -151.64435718016964 349993.48613541107625 31.49372131386006 130.01902802998049
34710.0 0.00270166039166 16.37565205819301 -151.63165940951015 349988.56074863672256 31.31593870493423 130.19075969696652
34740.0 0.00182726665696 16.34653044319563 -151.61898863975995 349969.76940904930234 31.13804183567947 130.36133109234444
34770.0 0.00088847937907 16.31651567670252 -151.60540242513403 350037.31184675544500 30.95990660092000 130.53077414269313
34800.0 0.00248230703221 16.28720291820894 -151.59276732198788 349987.26329941861331 30.78138621988946 130.69912342484153
34830.0 0.00739057260977 16.25699391434734 -151.57922065062408 350023.48047345317900 30.60271949013563 130.86633713234784
34860.0 0.00687640286076 16.22668909272118 -151.56569553182831 350044.13945521134883 30.42383628195025 131.03243510582141
34890.0 0.00785443327807 16.19629218811618 -151.55219399700201 350049.58069801237434 30.24479040397429 131.19741309369687
34920.0 0.00745798821980 16.16579950243255 -151.53871256890127 350039.18142781127244 30.06551227558463 131.36129002368756
34950.0 0.00944021232926 16.13520395435116 -151.52524526514537 350011.86307034175843 29.88587695724394 131.52409376621881
34980.0 0.00194599949124 16.10451868397134 -151.51180105313190 349969.19540758710355 29.70609363947386 131.68579157944930
35010.0 0.00145497331397 16.07290900726992 -151.49745017237845 350010.76451233774424 29.52627088804243 131.84637076130358
35040.0 0.00184336622464 16.04118481778895 -151.48311004321820 350034.03262989316136 29.34602849531246 132.00590297545182
35070.0 0.00387589941480 16.00936772766228 -151.46879584934044 350041.71298013534397 29.16571300543311 132.16433375107411
35100.0 -0.00457118634549 15.97745076310321 -151.45450163611392 350032.72528501693159 28.98520089373389 132.32168985106665
35130.0 0.00326714500115 15.94542544227873 -151.44022033046534 350005.76437957771122 28.80434500965598 132.47800020853529
35160.0 0.00148012726338 15.91330697140327 -151.42596235301500 349962.72231932543218 28.62338495506333 132.63323093393694
35190.0 -0.00346838723337 15.88022194695738 -151.41079179770540 349999.84988140314817 28.44224784175471 132.78739928463096
35220.0 -0.00695388099606 15.84703463797893 -151.39564364523241 350019.97321694716811 28.26098825984353 132.94050223341679
35250.0 -0.00173368895398 15.81374136778371 -151.38051432229412 350022.42565017566085 28.07953694067488 133.09255572518188
35280.0 0.00334462313645 15.78033499295739 -151.36539768610118 350006.04701906908303 27.89776923501199 133.24358286174666
35310.0 0.01547744029376 15.74682895915774 -151.35030279643124 349972.52725729253143 27.71589309534869 133.39355776366315
35370.0 -0.00180613819041 15.67772348349472 -151.31831418332325 350043.39796087797731 27.35175891154304 133.69038071040126
35400.0 -0.00049505284201 15.64390749718355 -151.30327851746833 349956.57509573362768 27.16946669451807 133.83724385222030
35430.0 0.00901257627917 15.60817995430195 -151.28640243713633 350040.73108398541808 26.98701647860726 133.98308243285828
35460.0 -0.01110044981267 15.57323569645298 -151.27046698226502 350010.20414024777710 26.80426092673549 134.12792016381442
35490.0 0.01398624472533 15.53818925981936 -151.25455335966248 349961.80245026666671 26.62144018833618 134.27173040056263
35520.0 0.00212812245269 15.50211760611260 -151.23772982035260 349988.25834954530001 26.43847874369073 134.41452785809992
35550.0 0.00790273079923 15.46593499505995 -151.22092709807868 349995.87242533266544 26.25543191483417 134.55631063817748
35580.0 -0.00121951920497 15.42963776518625 -151.20414148879479 349983.93152266554534 26.07223083830658 134.69709193662285
35610.0 0.00176287075001 15.39321869879475 -151.18736663950855 349951.18753968738019 25.88875129532202 134.83689046508627
35640.0 0.01946502853877 15.35575507274716 -151.16968576191272 349991.68913131859154 25.70519981680235 134.97568653691371
35700.0 0.01328089290561 15.28047664461095 -151.13438183738302 350012.99112360924482 25.33782251234376 135.25029753618531
35760.0 -0.01312392862109 15.20377469087308 -151.09822275255414 350044.14344253670424 24.96997934706296 135.52097534968919
35790.0 -0.00211604718599 15.16571190836422 -151.08062272490173 349981.76629390940070 24.78572694268343 135.65486579201047
35820.0 -0.00048297993907 15.12657712701639 -151.06211934073426 349990.00733525585383 24.60144534425230 135.78777689779355
35910.0 -0.00071742472266 15.00747249265730 -151.00578867112762 349977.64700736571103 24.04805687206030 136.18071566570282
35970.0 -0.00095690195076 14.92613010290290 -150.96707462785150 349977.71640267781913 23.67841282673920 136.43791118715677
36000.0 -0.00108670072632 14.88429404210077 -150.94682978737455 350034.93657149560750 23.49363821293234 136.56506990528706
36030.0 0.00252758721404 14.84330209513756 -150.92750948752430 349979.00078903045505 23.30855526694899 136.69130261889239
36060.0 -0.00305282526810 14.80119798167565 -150.90729026645027 349989.83075138740242 23.12350391891640 136.81658582977755
36090.0 -0.00929028732128 14.75896225520751 -150.88708558109562 349977.67815546412021 22.93836322641585 136.94093328250096
36120.0 0.00854670168756 14.71558179351237 -150.86596954528375 350028.03174089267850 22.75298594709969 137.06435936571518
36210.0 0.00477444013725 14.58565651547494 -150.80363940219260 349953.66765868384391 22.19669363446843 137.42905589898209
36240.0 -0.01402951098385 14.54072425363302 -150.78166908141185 349996.33427055366337 22.01113668247685 137.54877915636300
36270.0 -0.00284252865414 14.49564117639755 -150.75970525251998 350012.86111465282738 21.82536916643623 137.66759640660848
36300.0 0.01447425474515 14.45042185820724 -150.73775748326307 350005.38273223582655 21.63959434841455 137.78549868460522
36390.0 -0.00872983161067 14.31186430029610 -150.67016963348456 350004.93817381374538 21.08206688689309 138.13376378342682
36420.0 0.00008653488080 14.26504709790137 -150.64736015472994 349982.30928858835250 20.89611403808463 138.24805274392202
36510.0 0.00581083178287 14.12055673343085 -150.57624931295285 350006.46513660624623 20.33765910318810 138.58558108676215
36540.0 0.00688042716174 14.07104370437371 -150.55166163354710 350045.51128352247179 20.15149625091600 138.69631387183421
36570.0 0.01224148628443 14.02244009796239 -150.52799316581203 349974.89660658035427 19.96527545219902 138.80616628975670
36780.0 0.01955659231844 13.66075257821777 -150.34801174916404 350012.75584984943271 18.66025183343149 139.55074056301925
36960.0 0.01359785063278 13.32994772002103 -150.18200476990660 349980.18348004389554 17.54057745698806 140.15549836158473
36990.0 0.01403252950506 13.27257430765468 -150.15301049202134 349988.78401147760451 17.35404481531977 140.25333572466161
37080.0 0.00948045888469 13.09714827384262 -150.06422903550666 349977.39615064766258 16.79401141655731 140.54184239838818
37110.0 0.00819251947179 13.03681158510792 -150.03343684218967 350011.55046065803617 16.60721705470131 140.63635050800914
37140.0 0.00664396845484 12.97630120769824 -150.00265237671368 350014.48869211319834 16.42051182861411 140.73003239836103
37170.0 0.01726848469626 12.91561199788794 -149.97186933934537 349984.92681693937629 16.23380882282609 140.82289085443759
37200.0 -0.00320275027607 12.85360883546780 -149.94019408097438 349999.69440290890634 16.04716644247173 140.91492879006418
37230.0 0.00196008749937 12.79142187707791 -149.90851862375658 349981.12013924960047 15.86051888681378 141.00614855218979
37260.0 -0.00400368899457 12.72789568105364 -149.87593980543062 350002.87023924477398 15.67374561859785 141.09655139444257
37290.0 0.01108435024499 12.66418712418369 -149.84336404162983 349991.63031550217420 15.48704429878276 141.18614132448292
37380.0 0.00718430029679 12.46848437738270 -149.74295596065244 349979.98024655133486 14.92720404919241 141.45005839339123
37440.0 0.01241958494491 12.33356100723367 -149.67331807251145 350018.71057666838169 14.55394175259818 141.62197902914897
37470.0 0.01665973028261 12.26522202501557 -149.63804827532431 350021.78202220052481 14.36736081689752 141.70674001409006
37500.0 -0.00245312641806 12.19668640074901 -149.60277260115086 349988.95978621859103 14.18080437426623 141.79070430754206
37530.0 -0.00257688933309 12.12678241538552 -149.56660478134017 349994.11029533762485 13.99433135614285 141.87387570340888
37560.0 0.00381150114408 12.05549663922811 -149.52954111896244 350035.34280176367611 13.80787672283033 141.95625483372623
37590.0 0.00690860199611 11.98517966050240 -149.49334845502014 349964.88949995301664 13.62132088741826 142.03784013874773
37620.0 0.01139728012554 11.91229579237274 -149.45537640325088 350003.24609434418380 13.43485953183102 142.11863934774232
37650.0 0.00453999417178 11.83921622893673 -149.41740544464599 350006.46637745201588 13.24859054864245 142.19865824476761
37710.0 0.01148683116378 11.69002193596259 -149.33964107560854 350037.79859969858080 12.87587202240714 142.35633806420742
37740.0 0.01585879392788 11.61511426223498 -149.30074445901201 349996.98768010549247 12.68963278243538 142.43401029705359
37770.0 0.01539191001085 11.53878364019998 -149.26094032746482 349986.30173951666802 12.50329022937200 142.51089939779965
37800.0 0.01243669147424 11.46104153731586 -149.22024503992864 350008.94066020753235 12.31708354780933 142.58701687984700
37830.0 0.01209055313292 11.38308213868424 -149.17953425955358 349992.11992242094129 12.13092199511520 142.66236105877039
37860.0 0.01416132486460 11.30369955215837 -149.13792917736802 350007.02274488564581 11.94486500514600 142.73693660164241
37890.0 0.01451550944412 11.22409624280031 -149.09630572557307 349981.78484689723700 11.75884833322606 142.81074253862658
37920.0 0.01935736400953 11.14304558141229 -149.05377380801289 349983.97513209283352 11.57275339054446 142.88377465748945
37950.0 0.01254535823761 11.06055609310324 -149.01034700353478 350016.22608368191868 11.38677384732004 142.95604418414965
37980.0 0.01894784026855 10.97785280746506 -148.96691055486383 350010.28013413213193 11.20100617578939 143.02755843186779
38010.0 0.01031661525975 10.89490737616061 -148.92343658587725 349959.64009593799710 11.01509265403713 143.09830001010201
38040.0 0.00948750525252 10.80928810372492 -148.87819226319539 350007.70887241233140 10.82935521550930 143.16828808971820
38070.0 0.01191547299365 10.72343560308398 -148.83292371116192 350013.84414295665920 10.64368036927755 143.23751824220452
38100.0 0.01205030775936 10.63733914043054 -148.78761786960874 349975.29054622910917 10.45792374908571 143.30598331638066
38130.0 0.01791446832602 10.54854313668350 -148.74054026579552 350032.76971398293972 10.27232396293287 143.37369917668173
38160.0 0.01225758348835 10.45950738265920 -148.69343414011189 350047.32167911902070 10.08678849208239 143.44066193736410
38190.0 0.01236424341969 10.37023870461156 -148.64630161144839 350020.05631950031966 9.90137725095259 143.50687713866662
38220.0 0.00514371850468 10.27948610110344 -148.59826254135515 350017.26953689288348 9.71602681891495 143.57234230737103
38250.0 0.01056313531004 10.18848245247284 -148.55017943366104 349968.64926937036216 9.53061964557251 143.63705071556348
38280.0 0.00623645627341 10.09474070162615 -148.50032137408840 350012.16672342643142 9.34534736732651 143.70101689937363
38310.0 0.00396545281680 10.00076540690954 -148.45043912881417 350014.64519926533103 9.16030504076245 143.76424961131070
38340.0 -0.00353680980506 9.90526875754360 -148.39963177058038 350035.73598393052816 8.97513825669566 143.82672452681749
38370.0 -0.01273050090215 9.80953340111049 -148.34879334839493 350014.65346771851182 8.79016567469587 143.88846646152513
38400.0 -0.00041556196527 9.71228761612540 -148.29704327632126 350015.51508680265397 8.60527520435089 143.94946861539225
38430.0 -0.00404796103286 9.61477821440001 -148.24523711181666 349968.55060294363648 8.42032321122791 144.00972085654109
38460.0 -0.00201241050338 9.51449085659107 -148.19165610860171 350010.70804489124566 8.23554765996063 144.06924326058424
38490.0 -0.00535200119532 9.41394576335898 -148.13802743831511 350007.25734407454729 8.05085434160547 144.12802974912432
38520.0 -0.00703638921213 9.31187631415230 -148.08348682529353 350025.16677484940737 7.86630363097491 144.18608674199194
38550.0 -0.01454468887640 9.20954728127342 -148.02889357036179 349997.07319237943739 7.68183295621316 144.24341034762784
38580.0 -0.01517457057472 9.10567052166626 -147.97336940388243 349985.78800150100142 7.49732583919010 144.29999143697901
38640.0 0.00131510846750 8.89331219110323 -147.85957988111903 350026.12403622083366 7.12886469602407 144.41098926925409
38670.0 -0.01061042705142 8.78608153839315 -147.80215245395067 350006.24781145621091 6.94465329306244 144.46538517669467
38880.0 -0.00247526302815 7.99954924817205 -147.37932960984989 349983.10221639182419 5.65849846758266 144.82594379215624
38910.0 0.00007747931719 7.88107696304608 -147.31530864133038 350038.19977473281324 5.47521601516776 144.87457593029055
38940.0 -0.01042025666988 7.76231059449653 -147.25119144838450 350042.31814809236676 5.29191803676619 144.92247803479634
38970.0 -0.00231527667678 7.64327071113290 -147.18699202216274 350000.04067545011640 5.10879187847767 144.96967110895616
39000.0 -0.00287673816717 7.52134453774595 -147.12100213989154 350040.95368400122970 4.92592969735281 145.01616669966282
39030.0 -0.00817239560314 7.39911396994219 -147.05489891047876 350028.86365219205618 4.74298424281854 145.06192690032071
39060.0 -0.00579271947376 7.27661264418832 -146.98870909064345 349971.61398106627166 4.56026723703644 145.10698759445896
39090.0 -0.00743987709258 7.15119420472718 -146.92070728160530 349993.21068532299250 4.37766956135182 145.15133738832719
39120.0 -0.01092536967340 7.02547429836819 -146.85258675129165 349963.01802323665470 4.19504932397118 145.19496023119726
39150.0 -0.01346201245105 6.89683383344705 -146.78265911967679 350013.56793895084411 4.01264279791491 145.23788468711089
39180.0 -0.00906489810130 6.76790184938874 -146.71262006492321 350015.75662341900170 3.83035272808530 145.28010009999139
