# sod		dsTEC/dt [TECU/s]		lat		lon		h_ipp		ele		azi
11010.0 -0.01665570479975 24.68244639638453 -161.89415111434050 349955.65912351571023 17.11198687830357 312.86390605722323
11880.0 -0.01859566724858 24.36675558587955 -160.53346907350465 349950.43855617381632 20.80230479762535 317.73951595502638
11910.0 -0.01940767545400 24.35461560272567 -160.49116163134252 349969.46391466166824 20.93480476306794 317.90487496160210
11940.0 -0.01999932215643 24.34229238453295 -160.44902053403078 349980.14693019259721 21.06768936828662 318.07007049763098
12330.0 -0.01969243050017 24.17407395802048 -159.92455539422363 350022.49505747109652 22.82927600964922 320.20172000294485
12420.0 -0.01909273283202 24.13342414983449 -159.80966300843292 350012.89486358873546 23.24476282913169 320.68936219394834
12510.0 -0.01975884033044 24.09238008327467 -159.69721855736259 350014.16478911787271 23.66359933371393 321.17536685418099
12630.0 -0.01908367726840 24.03689642803594 -159.55083847218071 350015.83671873062849 24.22734964299812 321.82088895765366
12720.0 -0.01800502514404 23.99477095765917 -159.44366607635354 350019.61208297125995 24.65428436169904 322.30328356039473
12750.0 -0.01875464782017 23.98010871142531 -159.40797918362017 349973.35260149929672 24.79728433263348 322.46366591860760
12810.0 -0.01818413076617 23.95239981695320 -159.33886233953319 350037.30874446406960 25.08452996323062 322.78398738218982
12840.0 -0.01803521153797 23.93732445816066 -159.30366434929945 349965.97407518513501 25.22870679383281 322.94386772675239
12870.0 -0.01765084292828 23.92313065060459 -159.26949314623957 349978.30683854408562 25.37339308506249 323.10368081107708
12960.0 -0.01382726533562 23.87975913092485 -159.16796037749467 349963.95044067315757 25.80955625463706 323.58190298252623
12990.0 -0.01797081563102 23.86606330223626 -159.13529778509829 350034.18113606795669 25.95565234455395 323.74091039290488
13020.0 -0.01795773340266 23.85121988090477 -159.10193351538771 350004.41485777497292 26.10216114002705 323.89976806088129
13050.0 -0.01680563098961 23.83624902372847 -159.06871728900967 349967.26974520739168 26.24916378897500 324.05854598614746
13080.0 -0.01764782204332 23.82217478252964 -159.03650166403068 350014.66425385791808 26.39655476428436 324.21715368358190
13110.0 -0.01587086564894 23.80695675617091 -159.00361663830145 349959.98244643863291 26.54422619776192 324.37549825284270
13140.0 -0.01578232039047 23.79263768479149 -158.97171147754798 349991.16914411261678 26.69238283153832 324.53375634387311
13170.0 -0.01539895519680 23.77819930356940 -158.93996987612493 350013.56965616066009 26.84083715689491 324.69176631593882
13200.0 -0.01813885176622 23.76364147013369 -158.90837812649514 350028.21384559571743 26.98970696472691 324.84963006429933
13230.0 -0.01983732306364 23.74896404252898 -158.87692435965928 350035.98506338335574 27.13909624993133 325.00743804404169
13260.0 -0.01678248741787 23.73417176151463 -158.84564114484871 350034.44691621977836 27.28873358920858 325.16495538413039
13290.0 -0.01473284888026 23.71926165083820 -158.81449132957161 350026.36743128392845 27.43893695156650 325.32245820064492
13320.0 -0.01423276477562 23.70423900200811 -158.78351051973701 350009.09117386676371 27.58940716666951 325.47968709514345
13350.0 -0.01624819261832 23.68910391516201 -158.75268856165556 349983.37291479390115 27.74023300736887 325.63671932615216
13380.0 -0.01551164980678 23.67488113057524 -158.72280816678318 350045.25909875053912 27.89147882284782 325.79361126556324
13410.0 -0.01617574574565 23.65952194037862 -158.69227564858818 350004.63026146218181 28.04322596801770 325.95043445844419
13440.0 -0.01523896884543 23.64405339894871 -158.66189849771297 349955.79935816023499 28.19536831168780 326.10709687536212
13470.0 -0.01524198854851 23.62950314829179 -158.63246462191134 349994.12832887284458 28.34779744826941 326.26350402474327
13500.0 -0.01329196357442 23.61484460762359 -158.60316583137799 350025.54018367733806 28.50071829758534 326.41983571854405
13530.0 -0.01257957011439 23.59905734630464 -158.57325860065794 349951.59325144067407 28.65394293094572 326.57592775962843
13560.0 -0.01769108948372 23.58418849590070 -158.54425560125205 349967.36378614511341 28.80767535270078 326.73195976356794
13590.0 -0.01228978380559 23.56921821309887 -158.51541143001944 349974.45970759633929 28.96169939400483 326.88774231423622
13620.0 -0.01482843814279 23.55414279253865 -158.48669451159870 349975.17475447617471 29.11629723154018 327.04352449352928
13650.0 -0.01428408081798 23.53896870322165 -158.45813929701086 349966.99312100280076 29.27116585513242 327.19903994230361
13680.0 -0.01577225786520 23.52471972551891 -158.43047677403504 350048.79614257998765 29.42639563271440 327.35436875998801
13710.0 -0.01146067025272 23.50934743328351 -158.40221320025552 350025.02408255077899 29.58205107574646 327.50956863226139
13740.0 -0.01490792901953 23.49387571882121 -158.37408567304374 349994.19095323141664 29.73821369719709 327.66471270197860
13770.0 -0.01760958822931 23.47830772794141 -158.34610634014678 349955.40795662067831 29.89477682887942 327.81970735560799
13800.0 -0.01488780278711 23.46366998791271 -158.31900894288316 350007.01884948369116 30.05163161840805 327.97445648620675
13830.0 -0.01660338179574 23.44791300452994 -158.29132321133869 349952.42752069514245 30.20898300472454 328.12914314137447
13860.0 -0.01493308415082 23.43308771584757 -158.26450826808568 349988.85559112392366 30.36664279178417 328.28360052507225
13890.0 -0.01726546499318 23.41816789389803 -158.23782043855462 350018.64741523750126 30.52481584910304 328.43801232884942
13920.0 -0.01624718565667 23.40315911194873 -158.21128367284206 350040.08314489107579 30.68328397026078 328.59218447342113
13950.0 -0.01526311701507 23.38703517624035 -158.18416988595405 349954.76019136421382 30.84233268341514 328.74637361869094
13980.0 -0.01669494912105 23.37184678007404 -158.15791206090103 349961.17714028526098 31.00165513073004 328.90030573711857
14010.0 -0.01752909157280 23.35657137321856 -158.13179817161807 349959.71659391000867 31.16134327861744 329.05406404720412
14040.0 -0.01592218169130 23.34120866881180 -158.10582147869223 349950.84442322235554 31.32146178837722 329.20770772676923
14070.0 -0.01464430243991 23.32677725915905 -158.08065177793051 350036.79916258901358 31.48209232123871 329.36131174397286
14100.0 -0.01634378069898 23.31124135782301 -158.05493944057446 350013.70278009213507 31.64312766772449 329.51478069706189
14130.0 -0.01557202377652 23.29562447268161 -158.02937913942964 349982.11274696793407 31.80445854724806 329.66801666557245
14160.0 -0.01520978941316 23.28094055552407 -158.00461335123370 350045.99422017764300 31.96628987046696 329.82120640721666
14190.0 -0.01554988598455 23.26515939521415 -157.97932940481596 349999.26385612972081 32.12843320784065 329.97418016463223
14220.0 -0.01422874047464 23.25031158113827 -157.95482904025366 350048.61965225636959 32.29109425727777 330.12712623267493
14250.0 -0.01466241356714 23.23437042103262 -157.92982175653381 349986.67478080559522 32.45405278642180 330.27984534881409
14280.0 -0.01581451716207 23.21936160559211 -157.90558185871814 350021.79583367705345 32.61759765770265 330.43260258976295
14310.0 -0.01522387742129 23.20427753520904 -157.88148719230773 350048.71202453132719 32.78141817358854 330.58511544998350
14340.0 -0.01679959158344 23.18810390908180 -157.85689267266847 349963.96674221847206 32.94560789608249 330.73747059252651
14370.0 -0.01519570376879 23.17286720699731 -157.83306746168893 349975.94748061336577 33.11023161903295 330.88972889659772
14400.0 -0.01424685041999 23.15755243452944 -157.80936320064038 349981.36121577490121 33.27537113647847 331.04196742126055
14430.0 -0.01758543887779 23.14216332092441 -157.78579101479437 349979.42618903238326 33.44091869788831 331.19408874865798
14460.0 -0.01732483200126 23.12670376128359 -157.76236204363303 349969.36629169713706 33.60676461820598 331.34599292248618
14490.0 -0.01706925638735 23.11116948527071 -157.73905571268372 349952.57576444093138 33.77311371947934 331.49787095950785
14520.0 -0.01534663101090 23.09657413671492 -157.71649840240738 350033.49732996709645 33.93977738208525 331.64954973148201
14550.0 -0.01539191237461 23.08089694760105 -157.69345018505899 350002.27627146895975 34.10696208199730 331.80122274833656
14580.0 -0.01597349891554 23.06515352935764 -157.67054529702531 349962.86965487524867 34.27444558495301 331.95268497138977
14640.0 -0.01727955181943 23.03446045220883 -157.62569874970481 349970.05857846513391 34.61087096764816 332.25550852572326
14670.0 -0.01466241474902 23.01951661597382 -157.60376959846789 350015.70170382596552 34.77959348387449 332.40666843558699
14700.0 -0.01773033262314 23.00400407657360 -157.58167132279812 350000.85434377100319 34.94875250301088 332.55775342568012
14730.0 -0.01527015983725 22.98842321683400 -157.55969042002741 349979.45663560368121 35.11842992923803 332.70884295762653
14760.0 -0.01670501164632 22.97327744826486 -157.53812268698488 350004.75755947455764 35.28851747655502 332.85983734338572
14790.0 -0.01721716629014 22.95807030326531 -157.51668902288259 350022.32650118414313 35.45890508504692 333.01063434178928
14820.0 -0.01588696639850 22.94279687020146 -157.49536969139245 350033.46489348448813 35.62979741293626 333.16142986710980
14850.0 -0.01537782554836 22.92746356536787 -157.47418288687118 350036.94591894187033 35.80100570490492 333.31204695706896
14880.0 -0.01814186792367 22.91206529351047 -157.45310878904687 350034.06900226697326 35.97273714868758 333.46268505003945
14910.0 -0.01570584921682 22.89660960040066 -157.43216882118577 350023.39889592770487 36.14476754638559 333.61313265356569
14940.0 -0.01655609005436 22.88108866188715 -157.41133494708987 350006.76979740988463 36.31739229365368 333.76367476148880
14970.0 -0.01661143157958 22.86551291871841 -157.39063734587299 349982.17482857592404 36.49029311575863 333.91400898835570
15000.0 -0.01414421951715 22.84988047206913 -157.37006679558846 349950.20737984403968 36.66356672481792 334.06423010481166
15030.0 -0.01458493661371 22.83517697975470 -157.35014652985461 350021.70047971140593 36.83727810578804 334.21440318316456
15060.0 -0.01583967229336 22.81942602839874 -157.32980573062656 349976.51023942604661 37.01150924300805 334.36461045742527
15090.0 -0.01689618780763 22.80460366333213 -157.31010880152604 350035.12685032468289 37.18615132612873 334.51474968582204
15120.0 -0.01369947811961 22.78874543815718 -157.29002071798686 349975.14513951726258 37.36109395659738 334.66471606378508
15150.0 -0.01433439108056 22.77381165042213 -157.27055877632273 350020.05905484315008 37.53654153658994 334.81471115068399
15180.0 -0.01425590598360 22.75833597099995 -157.25096654314635 350001.80813472531736 37.71230524164910 334.96455362541997
15210.0 -0.01515042476884 22.74280379046843 -157.23148285609642 349977.24772286135703 37.88859288670290 335.11444969247128
15240.0 -0.01273553216478 22.72771105231877 -157.21237738443608 350001.22222350630909 38.06517836485085 335.26418062886177
15270.0 -0.01463725843585 22.71255956340845 -157.19336947031545 350019.54468960966915 38.24236021989002 335.41404328957941
15300.0 -0.01486063609627 22.69736056062936 -157.17448832408618 350030.32499721087515 38.41981648678832 335.56372358286416
15330.0 -0.01433841538154 22.68211177882353 -157.15572493470643 350034.12608573865145 38.59764541230447 335.71332110033569
15360.0 -0.01404460477175 22.66681196597069 -157.13707339534938 350031.30758775491267 38.77591202569658 335.86290351319309
15390.0 -0.01370752672157 22.65145925351986 -157.11852636741762 350022.31568865943700 38.95469835186711 336.01255626977354
15420.0 -0.01451751982179 22.63605808995412 -157.10009361913799 350006.51104999613017 39.13389507394260 336.16217425906984
15450.0 -0.01335535370160 22.62061305515433 -157.08178488329503 349983.26314615551382 39.31339149847157 336.31164980232467
15480.0 -0.01371155220443 22.60511819437019 -157.06358199010637 349953.70070430357009 39.49339165947657 336.46119098596552
15510.0 -0.01223343531871 22.59054029604117 -157.04596013351119 350031.62629017047584 39.67370674389219 336.61061153471326
15540.0 -0.01346100548940 22.57495211415723 -157.02797939886810 349988.72123260144144 39.85454508766230 336.76012541010329
15570.0 -0.01136809951139 22.55980157521147 -157.01034758291556 349996.02034543547779 40.03567874882612 336.90950576579274
15600.0 -0.01145362743053 22.54459938169108 -156.99280901749088 349997.71721212379634 40.21740929802157 337.05906289558806
15630.0 -0.01051785749197 22.52935754415341 -156.97539196640179 349992.03512210585177 40.39941118439805 337.20846957323317
15660.0 -0.01023813252655 22.51407348329608 -156.95808761243512 349979.50748631544411 40.58178414540357 337.35783086162189
15690.0 -0.01195874161593 22.49921957236371 -156.94110663901037 350018.72613456752151 40.76459320872274 337.50721746227157
15720.0 -0.00973201137950 22.48384506611439 -156.92400704309608 349993.73201711382717 40.94792038930200 337.65671857216887
15750.0 -0.00999966107822 22.46842944982451 -156.90701671229411 349962.04849107097834 41.13165588922163 337.80622586114515
15780.0 -0.01001878034898 22.45344813988813 -156.89035497449225 349981.75565475597978 41.31568877196755 337.95562843035361
15810.0 -0.01092738123295 22.43842192315553 -156.87379015385483 349995.50854880176485 41.50022256825714 338.10514194336696
15840.0 -0.00723863604224 22.42335831163457 -156.85733813364186 350002.32155910972506 41.68506857275229 338.25457449425073
15870.0 -0.01313499574425 22.40825059416698 -156.84098119920890 350003.25362838897854 41.87043551058230 338.40414898423529
15900.0 -0.00847928607752 22.39310782294002 -156.82473854937186 349997.12382380384952 42.05609370139197 338.55362941415211
15930.0 -0.01338252275620 22.37791973299767 -156.80858459844015 349985.45889927912503 42.24234758155725 338.70334139702646
15960.0 -0.00942310698180 22.36269905235943 -156.79254670246294 349966.59225342608988 42.42886815485235 338.85294290975548
15990.0 -0.01165688122230 22.34790570579257 -156.77681160340069 350000.64696905389428 42.61575658913237 339.00254527663054
16020.0 -0.01029145894658 22.33307293392364 -156.76117427791908 350028.58829671051353 42.80307785381279 339.15222276076275
16050.0 -0.00942109660413 22.31773797437714 -156.74543667378455 349990.91319063398987 42.99091388959041 339.30206896099241
16080.0 -0.00941002475345 22.30282769682322 -156.72999230088362 350006.71151841431856 43.17915445160231 339.45197194198886
16110.0 -0.01067482414025 22.28788536692052 -156.71465678609798 350015.68497147690505 43.36768842164954 339.60181720260408
16140.0 -0.00980848255315 22.27244732614705 -156.69922834740862 349958.50989620387554 43.55671866448296 339.75182924654831
16170.0 -0.00792184888811 22.25789181277093 -156.68427741027693 350015.15724071394652 43.74605669665942 339.90180976770944
16200.0 -0.01118295802873 22.24284123896092 -156.66923166691097 350005.72886470239609 43.93591147042401 340.05199203337997
16230.0 -0.00609659379070 22.22776189849442 -156.65429471685619 349989.41736358497292 44.12605168959594 340.20212969992701
16260.0 -0.00937782798185 22.21309461350378 -156.63961870256574 350028.48422380257398 44.31678444783506 340.35256596264776
16290.0 -0.00834546181910 22.19794791757407 -156.62487416778168 349999.84050784446299 44.50777748611787 340.50294205673401
16320.0 -0.00837665281092 22.18277170406881 -156.61023166569419 349964.65962929837406 44.69913332245535 340.65337653920386
16350.0 -0.01021398317503 22.16801209708313 -156.59585681368438 349984.46435330063105 44.89091679759586 340.80394789768610
16380.0 -0.00837464243325 22.15321608271302 -156.58156807582048 349998.64871196448803 45.08320969738022 340.95475494305020
16410.0 -0.01015059186597 22.13838860928781 -156.56737407686882 350006.69808993209153 45.27590137360536 341.10568171287889
16440.0 -0.00855072717042 22.12353471344747 -156.55328335828335 350008.10944304522127 45.46888059801497 341.25660968521811
16470.0 -0.01001978494687 22.10864718209384 -156.53927989910636 350003.77974507585168 45.66234937386893 341.40777374130613
16500.0 -0.00786952706597 22.09373407462424 -156.52537822310828 349992.86694640014321 45.85611957433375 341.55896829985761
16530.0 -0.01043232957282 22.07878783172322 -156.51156188499368 349976.28487510699779 46.05040017929164 341.71043873396150
16560.0 -0.00742076018557 22.06381832876861 -156.49784875647373 349953.00841008126736 46.24495843077459 341.86192697312612
16590.0 -0.01022806881940 22.04968784568062 -156.48452513807240 350048.95160953048617 46.44010381229136 342.01379654649332
16620.0 -0.00935166707079 22.03465975178961 -156.47099203540554 350013.76388406474143 46.63550103534952 342.16566966116295
16650.0 -0.00840180912409 22.01960732302372 -156.45755548597722 349972.20890874881297 46.83125386286677 342.31767331687433
16680.0 -0.00845111124314 22.00539393068695 -156.44450913026756 350049.91944304108620 47.02742691928249 342.46989106604610
16710.0 -0.00650813145499 21.99028343542786 -156.43124517717351 349996.76276379171759 47.22410173394145 342.62242795131124
16740.0 -0.01001173634492 21.97557885656777 -156.41822009642738 350000.30725434515625 47.42116730980976 342.77516353002227
16770.0 -0.00691966911928 21.96085271108942 -156.40529267380802 349997.40758240967989 47.61851239152639 342.92797480906552
16800.0 -0.00865034191581 21.94609745713093 -156.39244754067553 349988.88989832531661 47.81633788487068 343.08110894386709
16830.0 -0.00803152615877 21.93132137564498 -156.37969859421742 349973.97942594531924 48.01445617758694 343.23435208492913
16860.0 -0.00681603007290 21.91694025026408 -156.36716797145939 350016.97890680190176 48.21307603204369 343.38796386233440
16890.0 -0.00833338655240 21.90211536143473 -156.35459508387609 349990.15011844504625 48.41196341877114 343.54167287021772
16920.0 -0.00637732453589 21.88725970008369 -156.34209642187838 349958.06570091936737 48.61142987148300 343.69586635946092
16950.0 -0.00846419347149 21.87280694273098 -156.32982922201734 349983.21373387333006 48.81113736580703 343.85014480655144
16980.0 -0.00509340824209 21.85833116885135 -156.31764934858637 350002.42633110098541 49.01119077224560 344.00464518408984
17010.0 -0.00581586304550 21.84383028253784 -156.30555184702547 350015.95191939640790 49.21165438908042 344.15945719343040
17040.0 -0.00570417421529 21.82930144399735 -156.29353059024592 350024.09665621258318 49.41260936086289 344.31469341540947
17070.0 -0.00580882022332 21.81474986806615 -156.28159353926117 350026.42114241886884 49.61394440739736 344.47022845398362
17100.0 -0.00427636877404 21.80018082206832 -156.26974853725756 350022.49925113469362 49.81554834153560 344.62593437508843
17130.0 -0.00441321273555 21.78558646881606 -156.25798083770405 350013.08910194132477 50.01762068496959 344.78207298482914
17160.0 -0.00435082957002 21.77097528152801 -156.24630374722204 349997.48032430466264 50.21997452439557 344.93842104465375
17190.0 -0.00409424581259 21.75633898960058 -156.23470198947504 349976.45129962731153 50.42281810163474 345.09525514238283
17220.0 -0.00508032837750 21.74209274120275 -156.22330815721125 350014.09805215615779 50.62591634915850 345.25228866347254
17250.0 -0.00397350141876 21.72781579910808 -156.21198004927953 350046.84693454764783 50.82958241926077 345.40993680983058
17280.0 -0.00472714839587 21.71312202562388 -156.20062946305993 350008.21976302564144 51.03347591852582 345.56777511764926
17310.0 -0.00353882254649 21.69841204341724 -156.18936444620599 349963.58292403351516 51.23770264568908 345.72595250118275
17340.0 -0.00533489702975 21.68447934106153 -156.17839777489721 350044.10303445626050 51.44232643361742 345.88456623785743
17370.0 -0.00574240921118 21.66972618762554 -156.16728482942631 349988.43247727863491 51.64742787772551 346.04373815253717
17400.0 -0.00419184899843 21.65535141867540 -156.15635963720118 349992.57346687652171 51.85289549252299 346.20333742953540
17430.0 -0.00495455153916 21.64096255572775 -156.14552093188172 349990.66744270268828 52.05861826657242 346.36323073082093
17460.0 -0.00459734962031 21.62694241389161 -156.13485633940797 350049.36300130374730 52.26479398567939 346.52369754401496
17490.0 -0.00536105794081 21.61212688642213 -156.12407327774426 349970.14327157940716 52.47123664960987 346.68450399096884
17520.0 -0.00469797014548 21.59806752932001 -156.11356066341037 350017.78741432540119 52.67815360188646 346.84594706831172
17550.0 -0.00479758252712 21.58360773435002 -156.10303449305152 349993.25637294631451 52.88530902094787 347.00772277325143
17580.0 -0.00352574150001 21.56912330293946 -156.09257276544400 349963.69103458989412 53.09301712817032 347.17027962525412
17610.0 -0.00404896681264 21.55501187442443 -156.08229205165793 349994.49018861167133 53.30093561581311 347.33316439015050
17640.0 -0.00360825089796 21.54088361522486 -156.07208809430887 350019.69868316035718 53.50917097557575 347.49654050882066
17670.0 -0.00451081473951 21.52673333608035 -156.06195191235147 350039.73434874601662 53.71785017816214 347.66060471054197
17700.0 -0.00371390032200 21.51218717562982 -156.05179862955359 349987.51418847963214 53.92692266563294 347.82530703698069
17730.0 -0.00397752926538 21.49800742402881 -156.04181634203735 349996.24029313493520 54.13623456609903 347.99044847789230
17760.0 -0.00266241725224 21.48380738678399 -156.03190163874478 349999.75455353874713 54.34598157228473 348.15632779089202
17790.0 -0.00409424581259 21.46959582155545 -156.02206678201824 349997.46280525717884 54.55597884734443 348.32270041568052
17820.0 -0.00365453567768 21.45536388952229 -156.01229752433360 349990.02117852121592 54.76643245270233 348.48988569331317
17850.0 -0.00298339691663 21.44148993840541 -156.00268931932993 350044.17432095855474 54.97710614259293 348.65756158218574
17880.0 -0.00503303427236 21.42722378908260 -155.99305944543534 350026.03923408873379 55.18831463631903 348.82621305354684
17910.0 -0.00333758149615 21.41295059746314 -155.98351213903706 350001.92141520138830 55.39971422376947 348.99535654707677
17940.0 -0.00421700294784 21.39866596051285 -155.97403986880138 349972.15890811942518 55.61141185437336 349.16517183553350
17970.0 -0.00414757459638 21.38472413403787 -155.96470720625229 350005.08357237931341 55.82353348900696 349.33587293594962
18000.0 -0.00388697008360 21.37076436898802 -155.95544083230371 350032.81620833650231 56.03602837791210 349.50740783544848
18030.0 -0.00443132622654 21.35643847831633 -155.94618036699478 349986.72387109883130 56.24874264456541 349.67957248954059
18060.0 -0.00315042609018 21.34245128571163 -155.93705452315584 350003.61851347517222 56.46186974983209 349.85268686718740
18090.0 -0.00451886334147 21.32845400479605 -155.92800342265753 350014.89818118140101 56.67522625067788 350.02649457813430
18120.0 -0.00385980221088 21.31408776117294 -155.91894795651271 349952.65685590170324 56.88901643016700 350.20134211555671
18150.0 -0.00283951013294 21.30041330488773 -155.91009929855608 350021.72625163663179 57.10300395497494 350.37688703832333
18180.0 -0.00356095679282 21.28636696498573 -155.90124053891469 350017.49486310780048 57.31750330013998 350.55365816116955
18210.0 -0.00369076029590 21.27231498529549 -155.89245921283444 350007.48308113776147 57.53216991764589 350.73113710632339
18240.0 -0.00315143186996 21.25825275872848 -155.88374794129467 349992.00349579751492 57.74711087303088 350.90952383061938
18270.0 -0.00318061366599 21.24417479503276 -155.87509827538548 349971.40683231409639 57.96245072529726 351.08905383049296
18300.0 -0.00232433342228 21.23042158815846 -155.86656924959979 350014.70555709209293 58.17813783934132 351.26967862781044
18330.0 -0.00285762126017 21.21632319631219 -155.85805681690391 349983.27386716939509 58.39401979533138 351.45117943024343
18360.0 -0.00274492428642 21.20254437560301 -155.84965882337733 350016.05907174106687 58.61028663139243 351.63390746619103
18390.0 -0.00264128760381 21.18842478095858 -155.84127917527164 349973.93421659618616 58.82675655211767 351.81759341355234
18420.0 -0.00255173420180 21.17462031901098 -155.83300893776340 349996.29332231637090 59.04363142705974 352.00261729837916
18450.0 -0.00230018407076 21.16080893119373 -155.82480993090721 350013.13829004205763 59.26067522969016 352.18861366891059
18480.0 -0.00316149675898 21.14697592284506 -155.81666172659735 350025.29747205320746 59.47820123377670 352.37616488524822
18510.0 -0.00341505608582 21.13313811761671 -155.80858599127293 350031.86915619950742 59.69586473514270 352.56471247407927
18540.0 -0.00252154898975 21.11929071299400 -155.80057549337641 350033.14029148593545 59.91377245608780 352.75448185482526
18570.0 -0.00466476641223 21.10542807098528 -155.79262204225566 350029.42826946824789 60.13204703357299 352.94573574137115
18600.0 -0.00366057035633 21.09155297670723 -155.78472858419101 350020.59923911280930 60.35063618247248 353.13842878359753
18630.0 -0.00463558697996 21.07767306425902 -155.77690429812017 350006.27738094050437 60.56938850530675 353.33233150395449
18660.0 -0.00356196493635 21.06377955203143 -155.76913698182426 349986.93423230387270 60.78849019055748 353.52783168652928
18690.0 -0.00492033966237 21.04988148102495 -155.76143757110663 349962.12907175999135 61.00776136074239 353.72464620500364
18720.0 -0.00413751443487 21.03627762457713 -155.75382845674434 350002.95426481869072 61.22740063885644 353.92319729979721
18750.0 -0.00378735297445 21.02266719260575 -155.74628582390176 350038.44031343143433 61.44717275999525 354.12309374174515
18780.0 -0.00484990789489 21.00873122312635 -155.73875722767065 349998.54236326087266 61.66738853804799 354.32498446900462
18810.0 -0.00497869970880 20.99479515228273 -155.73129913342194 349953.04331593867391 61.88770393286539 354.52826476931415
18840.0 -0.00348549258082 20.98145297508746 -155.72396384278903 350044.18459400348365 62.10822468913318 354.73319295840298
18870.0 -0.00473419239994 20.96749661156087 -155.71662178329925 349988.48722025472671 62.32907081109786 354.94006704355155
18900.0 -0.00418078069339 20.95382729713185 -155.70936494968780 349998.79683746490628 62.55018919765365 355.14884791493114
18930.0 -0.00400972485510 20.94015325197018 -155.70217251360810 350003.78705800790340 62.77142966287827 355.35929561557668
18960.0 -0.00267952378157 20.92646556752326 -155.69503270983299 350003.87756668031216 62.99297355719547 355.57184502570107
18990.0 -0.00416266720240 20.91277334070159 -155.68795608786289 349998.67482688464224 63.21464318930092 355.78619894102093
19020.0 -0.00347744516074 20.89906692810296 -155.68093009795177 349988.61864756979048 63.43663280930357 356.00283396350915
19050.0 -0.00388596194007 20.88535831256071 -155.67396872744095 349973.19982595276088 63.65870842420899 356.22133041761305
19080.0 -0.00351668475452 20.87191360460794 -155.66707129353432 350024.83091113157570 63.88117668958428 356.44242179346429
19110.0 -0.00298037721354 20.85818496496589 -155.66021948781500 349999.39443808514625 64.10369520867275 356.66545014640269
19140.0 -0.00280127513705 20.84445106958096 -155.65342647784172 349968.77295821812004 64.32636784307901 356.89071748046752
19170.0 -0.00351769053430 20.83098073928696 -155.64669938168990 350005.22595764230937 64.54931095837084 357.11856881725942
19200.0 -0.00284152169249 20.81749751971295 -155.64002352268488 350036.81594620365649 64.77247032814118 357.34897658490939
19230.0 -0.00351769289806 20.80373908934462 -155.63339525551544 349991.06198929809034 64.99569711460603 357.58169188485476
19260.0 -0.00199027034765 20.79023889934884 -155.62682900685977 350012.60892507527024 65.21916645523018 357.81721188577620
19290.0 -0.00295321170458 20.77646827227995 -155.62031174918519 349956.66102860309184 65.44270306755588 358.05522636168297
19320.0 -0.00239677911307 20.76295059857619 -155.61385193030429 349968.22886425629258 65.66649524860469 358.29628381026055
19350.0 -0.00353479824551 20.74943027533347 -155.60745222954807 349974.59167135320604 65.89031081737917 358.53993412207848
19380.0 -0.00226194671111 20.73589150452371 -155.60109359834638 349976.34885309822857 66.11444990507395 358.78702087434760
19410.0 -0.00258896459979 20.72235214831015 -155.59479621368573 349972.84708387590945 66.33857290714003 359.03682530197358
19440.0 -0.00246017042213 20.70880688937371 -155.58855322988896 349964.29703802149743 66.56278045826066 359.28970929330421
19470.0 -0.00239879185450 20.69524973921791 -155.58235714086663 349950.92082544136792 66.78718380002194 359.54608247024635
19500.0 -0.00163407657234 20.68193248140520 -155.57621157084435 350005.55733952391893 67.01172700321332 359.80593793967427
19530.0 -0.00210296850328 20.66836270656291 -155.57012179972529 349982.15324818715453 67.23626257057813 0.06902206591287
19560.0 -0.00189870774986 20.65502675940077 -155.56407744787990 350026.98192590102553 67.46095742709619 0.33591695731078
19590.0 -0.00190575175392 20.64144316750101 -155.55809019488774 349993.62862611003220 67.68563877842016 0.60630319274927
19620.0 -0.00141170469169 20.62784852504589 -155.55214788871763 349955.44861618429422 67.91048665322263 0.88082734799823
19650.0 -0.00204360149520 20.61449207348170 -155.54625867676612 349985.37674096506089 68.13527117715208 1.15900883331078
19680.0 -0.00138151947964 20.60111594616285 -155.54040666734303 350010.76123418007046 68.36028253015343 1.44183878993595
19710.0 -0.00200134101646 20.58750627339631 -155.53461910358507 349957.54797255154699 68.58518519381120 1.72853025994536
19740.0 -0.00092067615066 20.57435368501271 -155.52886677754566 350046.36594377644360 68.81007448820733 2.01953018099886
19770.0 -0.00173972717826 20.56072882672773 -155.52317470601758 349983.32999964803457 69.03505423072889 2.31534009347163
19800.0 -0.00071642012476 20.54732336663197 -155.51751955910728 349989.02304011862725 69.26006569445698 2.61598980320350
19830.0 -0.00183129095794 20.53391556655200 -155.51191806362311 349989.66338290181011 69.48496237415416 2.92123039074228
19860.0 -0.00075364815899 20.52049625844318 -155.50635961138590 349985.52473874017596 69.70989992169115 3.23176387900530
19890.0 -0.00100217976883 20.50707465931180 -155.50085370091247 349976.34874276723713 69.93470774939368 3.54727106195251
19920.0 -0.00111889986168 20.49385550605120 -155.49537330933188 350036.41204814519733 70.15955405002551 3.86853706884391
19950.0 -0.00094884980316 20.48041919468181 -155.48996134782874 350017.46688745822757 70.38421151417245 4.19505532892326
19980.0 -0.00111688830213 20.46696657480136 -155.48458514889211 349993.88057105056942 70.60895517174315 4.52802143109824
20010.0 -0.00058460506213 20.45372343985917 -155.47924517577488 350039.35748515091836 70.83345490853216 4.86657505101565
20040.0 -0.00165419925912 20.44026703093007 -155.47397142781145 350005.73603809624910 71.05779731544854 5.21128859791549
20070.0 -0.00084018067603 20.42680099243663 -155.46873902781405 349967.30388635303825 71.28207502799172 5.56279937625676
20100.0 -0.00076974654479 20.41352801222563 -155.46352843920027 349998.37904567085207 71.50622440196501 5.92120234953740
20130.0 -0.00025758953721 20.40025117131814 -155.45836744961102 350024.51059741154313 71.73009880120490 6.28627290459362
20160.0 0.00014388678369 20.38696123712178 -155.45324580124773 350045.92496422957629 71.95383764815622 6.65888873965478
20190.0 -0.00125876234439 20.37347528058975 -155.44819802054221 349987.82371839322150 72.17727143425985 7.03875118619882
20220.0 -0.00134730642098 20.36016998370947 -155.44316332769654 349999.54668243043125 72.40055070471499 7.42684844375850
20250.0 -0.00077578358720 20.34686327886714 -155.43817867457977 350006.28951901476830 72.62345027384643 7.82266206033248
20280.0 -0.00073956015086 20.33353842648789 -155.43322616366297 350008.42415006551892 72.84622170666631 8.22768099290488
20310.0 -0.00138755652205 20.32021418044890 -155.42832474694899 350005.54170665983111 73.06854126584800 8.64097269544604
20340.0 -0.00158276052998 20.30688476868101 -155.42346790565492 349997.77399635594338 73.29048091332312 9.06330154666816
20370.0 -0.00063692806615 20.29354393074858 -155.41864870827516 349985.25117129087448 73.51211561181766 9.49551256255532
20400.0 -0.00110581763332 20.28036879906569 -155.41383715538424 350042.90610845759511 73.73337258770025 9.93781638006509
20430.0 -0.00114405499297 20.26701632103961 -155.40910492490605 350020.64896382484585 73.95410222171961 10.39005098163158
20460.0 -0.00025859531699 20.25365401188633 -155.40441053272508 349993.60166923142970 74.17441919727163 10.85336023360096
20490.0 -0.00103538350208 20.24029112640032 -155.39976287288826 349961.59087099228054 74.39415202969521 11.32750630478382
20520.0 -0.00035720310073 20.22708119206414 -155.39511453939832 350000.02082781959325 74.61342359049347 11.81378465636870
20550.0 -0.00087942263357 20.21386796479732 -155.39051248891607 350033.55429723672569 74.83200859487324 12.31169694647865
20580.0 0.00067013179940 20.20047584600657 -155.38597761269500 349987.16931849624962 75.05012108795563 12.82316598564417
20610.0 -0.00090055346389 20.18724362194595 -155.38145257855322 350011.12070403620601 75.26744337411014 13.34720076995268
20640.0 -0.00052523805405 20.17400418575547 -155.37696845281582 350030.24679678678513 75.48402205099046 13.88486625496266
20670.0 -0.00016501761400 20.16060051265752 -155.37255978529564 349969.18143673799932 75.69990260478090 14.43733175094565
20700.0 -0.00021130357561 20.14733956302332 -155.36814740286223 349978.75467307772487 75.91499458667990 15.00500909416230
20730.0 -0.00005735426665 20.13407597049131 -155.36377905679191 349983.42944701854140 76.12913874683022 15.58786656767467
20760.0 0.00009860778374 20.12080043038202 -155.35944510887771 349983.34285335429013 76.34240965461623 16.18745684197542
20790.0 0.00024551545239 20.10752219583559 -155.35515418946170 349978.36123454757035 76.55462653953447 16.80367254980484
20820.0 0.00032701552492 20.09436832158285 -155.35084975063398 350044.32085174694657 76.76586646104630 17.43827728087329
20850.0 0.00013080691910 20.08093943354768 -155.34668173457962 349953.96406308747828 76.97589768326783 18.09084783682269
20880.0 0.00082005798926 20.06776262933946 -155.34244734915941 350010.37390780914575 77.18487186502264 18.76395109128592
20910.0 0.00048398453696 20.05445290402841 -155.33830537145215 349986.09293706715107 77.39247357581628 19.45656193616918
20940.0 0.00107060115864 20.04113898164366 -155.33420262057842 349956.93681776244193 77.59870390957281 20.17020452186168
20970.0 0.00102431637892 20.02793851541330 -155.33008209827648 349998.87696601077914 77.80355681621589 20.90653797616686
21000.0 0.00131812817059 20.01472505785529 -155.32599489226757 350036.04997758753598 78.00690699381491 21.66629119169906
21030.0 0.00106355833646 20.00138791683957 -155.32200032199438 349992.39143580570817 78.20857118665329 22.44964779044825
21060.0 0.00130001704336 19.98815778591087 -155.31798566116211 350019.91040035896003 78.40855559801106 23.25875247459109
21090.0 0.00170249796215 19.97480929387784 -155.31406437225121 349966.52394863590598 78.60665443380283 24.09370015833781
21120.0 0.00162300708542 19.96156120971619 -155.31011929493295 349984.38801381830126 78.80286596068868 24.95691052600891
21150.0 0.00120643934037 19.94831060443117 -155.30621532481567 349997.36896635405719 78.99693768656105 25.84806317313839
21180.0 0.00209894302042 19.93503993288011 -155.30233548245877 350005.60858407802880 79.18891496671301 26.77059471047777
21210.0 0.00157169222494 19.92176872694297 -155.29849775168253 350008.94327783118933 79.37847459536069 27.72339780108703
21240.0 0.00146201495428 19.90849081447995 -155.29469587183127 350007.42217449843884 79.56553605209901 28.70856968517388
21270.0 0.00215025906278 19.89519973019789 -155.29092337741915 350001.08504277002066 79.75000285173883 29.72835254238374
21300.0 0.00162200248752 19.88189847979820 -155.28718268011019 349989.90242915600538 79.93168424450168 30.78378769556316
21330.0 0.00178299461867 19.86859505793017 -155.28348078849373 349973.82170627731830 80.11034749270721 31.87519646832223
21360.0 0.00204662001641 19.85528012904446 -155.27980860451765 349952.89390534721315 80.28588365133987 33.00531626927280
21390.0 0.00160087165721 19.84204891758231 -155.27611230618029 350003.41734308749437 80.45803625928095 34.17426020727077
21420.0 0.00214824632135 19.82879942238906 -155.27244216147633 350049.13682434335351 80.62667310410831 35.38499766343660
21450.0 0.00166929422890 19.81546432697111 -155.26887339450693 350013.58429680671543 80.79150108781087 36.63695479044523
21480.0 0.00229112732526 19.80211182479664 -155.26532730576753 349973.17793852649629 80.95239444986464 37.93422171824395
21510.0 0.00226798611728 19.78883664619914 -155.26175656955320 350004.28551282640547 81.10901453591318 39.27501426347739
21540.0 0.00245212063829 19.77555202200487 -155.25821850896139 350030.52507938258350 81.26115347189896 40.66148473593480
21570.0 0.00199429701239 19.76218201280192 -155.25477332452354 349975.41756656859070 81.40857894197876 42.09579544508599
21600.0 0.00309810426805 19.74887130591718 -155.25129102925206 349991.89983225613832 81.55100641202718 43.57842167195412
21630.0 0.00196712913967 19.73555560624757 -155.24784435485529 350003.48409381881356 81.68814334858520 45.10876527135381
21660.0 0.00240483007879 19.72222562841178 -155.24442440399946 350010.17749510053545 81.81972603316579 46.68898969673078
21690.0 0.00341203992837 19.70889060353455 -155.24103910392745 350011.96320298034698 81.94544946249573 48.31779357201550
21720.0 0.00252758603216 19.69553994437827 -155.23767853807342 350008.83985913358629 82.06502423377370 49.99710374266158
21750.0 0.00304678822569 19.68218692625794 -155.23435421970765 350000.79791593924165 82.17814784484946 51.72423716819494
21780.0 0.00256682798970 19.66881353079105 -155.23104963754213 349987.82329453434795 82.28450230770844 53.50187127993824
21810.0 0.00297434017113 19.65543976561831 -155.22778226960054 349969.91978402156383 82.38380763905985 55.32527688617449
21840.0 0.00321381739924 19.64210355705875 -155.22447301052571 350023.70347722154111 82.47576331659531 57.19417644687455
21870.0 0.00262015795537 19.62870686426624 -155.22126088470117 349995.91758067067713 82.56005444781661 59.10792102782550
21900.0 0.00296427882775 19.61529988243705 -155.21807595596255 349963.16868406999856 82.63640079794018 61.06357429963243
21930.0 0.00311420265384 19.60192654944151 -155.21484990516055 350002.12140396144241 82.70457285211046 63.05675711456819
21960.0 0.00315344461139 19.58853599340958 -155.21164776701082 350036.10643673595041 82.76427177498135 65.08593896119410
21990.0 0.00303571992064 19.57510713212448 -155.20855360280368 349988.47962759993970 82.81532393112819 67.14557772115015
22020.0 0.00273184560371 19.56169272714973 -155.20540569269886 350012.51404705084860 82.85744856144915 69.23349308491935
22050.0 0.00225490507081 19.54824839505907 -155.20236868713533 349954.92372207064182 82.89057278054926 71.34253882838244
22080.0 0.00266442881179 19.53480803130197 -155.19927165180664 349968.95639775786549 82.91438828653429 73.47119892491831
22110.0 0.00267952378157 19.52136438690398 -155.19620884896077 349978.03059067111462 82.92896895312430 75.61046932759113
22140.0 0.00240482889691 19.50791093739752 -155.19317419459557 349982.10776858683676 82.93418377648381 77.75618024580460
22170.0 0.00255475272301 19.49444106847753 -155.19016157813300 349981.13742324430496 82.92991586930272 79.90398889737436
22200.0 0.00256179790895 19.48095786426412 -155.18717331592720 349975.12374772690237 82.91619100158329 82.04775437313793
22230.0 0.00204963853761 19.46746934705852 -155.18421595806757 349964.11168381851166 82.89314981149569 84.18061621989895
22260.0 0.00322689962759 19.45397105075012 -155.18119906468701 350024.69787739962339 82.86074178241304 86.29882481232389
22290.0 0.00222169779192 19.44045962677649 -155.17829360405824 350003.59387579467148 82.81920513253277 88.39577151690243
22320.0 0.00245413456160 19.42693208181441 -155.17540861442328 349977.37932496890426 82.76852102151939 90.46834822541959
22350.0 0.00216233314760 19.41339824077429 -155.17247147107878 350022.81237256806344 82.70907065136163 92.51005279767807
22380.0 0.00259500282408 19.39984414386711 -155.16963305309889 349986.40060696471483 82.64074991984565 94.51955841713585
22410.0 0.00376924184722 19.38628005883806 -155.16674225372770 350021.62072995025665 82.56412130924181 96.49035006181469
22440.0 0.00223477883839 19.37271522795998 -155.16396240118169 349975.11729179974645 82.47932047810332 98.42031706030566
22470.0 0.00352674846167 19.35912142845489 -155.16111693896389 350000.07880570366979 82.38648340961272 100.30766212895051
22500.0 0.00243401069294 19.34551113121276 -155.15829314599242 350019.88042828161269 82.28593280927241 102.14976857988322
22530.0 0.00293308429028 19.33189236210004 -155.15549745200201 350034.59816891327500 82.17810330351081 103.94401348748490
22560.0 0.00346335715261 19.31827944185777 -155.15280943606794 349967.53388104774058 82.06310137266406 105.69018452240883
22590.0 0.00335569144150 19.30461067916265 -155.14997304430725 350048.52565103583038 81.94139832509414 107.38645439551026
22620.0 0.00352674727979 19.29097554824001 -155.14733121361164 349971.13586636446416 81.81306544928069 109.03340117072165
22650.0 0.00338789175873 19.27727601814325 -155.14454048962506 350041.75513850897551 81.67867051700856 110.62959878177311
22680.0 0.00414656881660 19.26361649160345 -155.14194154132898 349953.95895638875663 81.53810297655049 112.17682496108026
22710.0 0.00336575514865 19.24988312897035 -155.13919248813880 350014.10600304510444 81.39207819266629 113.67374156241341
22740.0 0.00400871907532 19.23617436508415 -155.13655723875982 349992.55046663433313 81.24072479553988 115.12159783876554
22770.0 0.00401677004104 19.22244845529305 -155.13393987158287 349965.69755724258721 81.08415647926191 116.52169070732315
22800.0 0.00388797349962 19.20866202898873 -155.13125059011381 350010.00856839120388 80.92269202124582 117.87474126546888
22830.0 0.00406708030363 19.19486389704585 -155.12858674637826 350049.11417013593018 80.75675371613194 119.18137324649383
22860.0 0.00353077276265 19.18109703842780 -155.12603335955313 350006.47036745492369 80.58636530923795 120.44336956702811
22890.0 0.00360522883111 19.16732408371906 -155.12350557795537 349958.64331220835447 80.41195585490674 121.66151964433899
22920.0 0.00382961581695 19.15347629249299 -155.12090006020173 349981.77693265769631 80.23349022680497 122.83772300876761
22950.0 0.00395639607131 19.13961960965644 -155.11832084561087 349999.70038034114987 80.05148410169741 123.97271256635915
22980.0 0.00354385262724 19.12573517746020 -155.11575202331593 350012.07073210459203 79.86569040979978 125.06871252184386
23010.0 0.00379741668159 19.11184387185819 -155.11321044249630 350019.23781694751233 79.67677421365426 126.12626092924387
23040.0 0.00424719052365 19.09793885453502 -155.11069009842510 350021.06911376491189 79.48474748353384 127.14707479357897
23070.0 0.00348851110202 19.08401340605440 -155.10818511814475 350017.42249814234674 79.28961270290017 128.13276760144311
23100.0 0.00422304117213 19.07007070139285 -155.10569775882638 350008.33726584259421 79.09159526691106 129.08457770485990
23130.0 0.00403991124902 19.05611877114666 -155.10323423024229 349993.95462254434824 78.89102800692443 130.00362280596858
23160.0 0.00403488116827 19.04214838229703 -155.10078661589105 349974.07752888463438 78.68782683045941 130.89146926862239
23190.0 0.00350259792827 19.02808479467269 -155.09826368356607 350024.92090918682516 78.48233468360856 131.74916631808438
23220.0 0.00428945100240 19.01408206378559 -155.09585245429574 349994.11617743782699 78.27441411509452 132.57818670278752
23250.0 0.00502900997138 18.99998340097136 -155.09336673693099 350033.99173499457538 78.06450578590353 133.37944186301436
23280.0 0.00383464589771 18.98594609307792 -155.09098864310732 349992.13945401273668 77.85226008115765 134.15442208544226
23310.0 0.00416166142263 18.97180913564517 -155.08853610214334 350020.90291154105216 77.63827946572282 134.90387171006910
23340.0 0.00436592335793 18.95765520011015 -155.08610231819941 350044.14452917873859 77.42249123492417 135.62898337594430
23370.0 0.00394230924506 18.94357865177327 -155.08378240624714 349985.88294085301459 77.20482105323129 136.33085693561569
23400.0 0.00433674156190 18.92938335170063 -155.08137717401587 349997.82644551340491 76.98542754773821 137.01041307119047
23430.0 0.00467885205660 18.91517556543283 -155.07899325278100 350004.29773485474288 76.76458006946805 137.66850825281185
23460.0 0.00472815535753 18.90094610177883 -155.07662286135829 350005.05851959809661 76.54213071373013 138.30612166128338
23490.0 0.00428643129931 18.88670404361407 -155.07427295953661 350000.31229312811047 76.31836499388159 138.92403617756824
23520.0 0.00455207062036 18.87243859620579 -155.07193449383294 349989.77131313364953 76.09308813007948 139.52313520149593
23550.0 0.00427838151547 18.85816365069433 -155.06961827189193 349973.76861644908786 75.86669275248528 140.10412054993333
23580.0 0.00380244794423 18.84373873035046 -155.06720468254537 350027.26710531301796 75.63877486528715 140.66781225237264
23610.0 0.00434378674784 18.82942473838687 -155.06491765526741 349999.79358751885593 75.40989689243429 141.21483836388393
23640.0 0.00385476858448 18.81509627559104 -155.06264777057498 349966.67849138844758 75.17994029339980 141.74590469299048
23670.0 0.00457621760812 18.80061670506232 -155.06028427341906 350003.04006672836840 74.94879020138184 142.26165948298865
23700.0 0.00403488235015 18.78611339125477 -155.05793360276093 350033.51291652396321 74.71656830705783 142.76270239921533
23730.0 0.00395941341063 18.77172997754705 -155.05570754106941 349983.08888603001833 74.48350751840889 143.24961910314360
23760.0 0.00441019539622 18.75718896640160 -155.05338733862882 350001.96895343996584 74.24942875035526 143.72296050918379
23790.0 0.00428140003668 18.74263215040567 -155.05108520250408 350015.12429461255670 74.01458417040406 144.18326832250202
23820.0 0.00332450163156 18.72804872194437 -155.04879215395286 350022.21729587577283 73.77875116050704 144.63102389190391
23850.0 0.00398155238448 18.71345266994603 -155.04651896430519 350023.64066362567246 73.54229456502586 145.06674444940410
23880.0 0.00423813259628 18.69882458375495 -155.04424982499560 350018.78721473366022 73.30478432782691 145.49082278258973
23910.0 0.00406003629956 18.68418595484788 -155.04200145423269 350008.28733555227518 73.06675890797212 145.90377182481780
23940.0 0.00352875883934 18.66952966393519 -155.03976781469495 349991.90653577633202 72.82807630390695 146.30598541981499
23970.0 0.00392922938047 18.65469036474786 -155.03743452736154 350044.13732733391225 72.58860160725102 146.69782561228249
24000.0 0.00444038179015 18.63998558943676 -155.03522072198561 350015.53370084986091 72.34843665303224 147.07968214340906
24030.0 0.00440818147291 18.62526767313971 -155.03302411044868 349981.12758742645383 72.10779327524578 147.45196183518951
24060.0 0.00452892823050 18.61036037764717 -155.03072746326700 350015.13212563097477 71.86647850321523 147.81495564747746
24090.0 0.00471205697173 18.59543414646880 -155.02844651460637 350043.15722342673689 71.62472445184324 148.16904888466033
24120.0 0.00440415599005 18.58065102573056 -155.02628265401566 349990.42229990754277 71.38229593642075 148.51448212824062
24150.0 0.00463055453544 18.56568223501603 -155.02402633460628 350006.23681994248182 71.13954101312237 148.85165309423900
24180.0 0.00505517206433 18.55067819646590 -155.02177169814510 350015.43781135138124 70.89601789023956 149.18070257150197
24210.0 0.00480663927261 18.53566060340463 -155.01953549362617 350018.75347364693880 70.65224979543449 149.50206622056834
24240.0 0.00518497320365 18.52062225094052 -155.01731164816019 350015.91215075086802 70.40808263924264 149.81595230627806
24270.0 0.00507831445419 18.50555633562504 -155.01509441609767 350006.64372638799250 70.16337185064646 150.12255314263314
24300.0 0.00544658585996 18.49046617768881 -155.01288603450047 349991.03822769410908 69.91820819019804 150.42213169139305
24330.0 0.00536206490247 18.47516698282016 -155.01057988315739 350043.24299016594887 69.67279036283134 150.71498538022456
24360.0 0.00585510500304 18.46003251526692 -155.00839326391372 350015.06890964042395 69.42692015888302 151.00125294067362
24390.0 0.00566493107587 18.44488178414650 -155.00622061313874 349980.78184441290796 69.18081652501705 151.28122356800640
24420.0 0.00473821788280 18.42950261957869 -155.00393955385846 350013.58522533625364 68.93423934606545 151.55499678609581
24450.0 0.00536407646202 18.41410487242050 -155.00167371755435 350040.19748532027006 68.68752560536879 151.82289628488158
24480.0 0.00572731660515 18.39887581269686 -154.99952125227202 349986.34484733454883 68.44022892468601 152.08491546267604
24510.0 0.00505819176741 18.38342612952233 -154.99727113750274 349999.89205687306821 68.19286189789196 152.34144040836105
24540.0 0.00454804395562 18.36795272107743 -154.99503101868899 350006.97082804888487 67.94526410757506 152.59256936814819
24570.0 0.00535703482171 18.35244877237334 -154.99279514625590 350007.27695530559868 67.69728657507240 152.83839419740610
24600.0 0.00515579022574 18.33691764618206 -154.99056576418789 350000.91370178014040 67.44901351405872 153.07910127674285
24630.0 0.00373805085540 18.32136737011428 -154.98834877396263 349988.18471411988139 67.20063464387381 153.31492068399822
24660.0 0.00404796221474 18.30556498753723 -154.98602093990337 350041.65162695571780 66.95195088867690 153.54590162327960
24690.0 0.00449974761635 18.28996460406742 -154.98382018554011 350015.65148273576051 66.70317166016538 153.77227331831747
24720.0 0.00401274337630 18.27433423507730 -154.98162210288328 349982.74576907139271 66.45405580475719 153.99405196052274
24750.0 0.00349656088586 18.25845571812604 -154.97932086600190 350016.20866543892771 66.20493227292216 154.21151433932127
24780.0 0.00385476976636 18.24253594889854 -154.97701651046231 350042.27150066755712 65.95535376513173 154.42456676188553
24810.0 0.00344927032636 18.22683508436606 -154.97484312510727 349989.36564983613789 65.70582472550942 154.63356238196505
24840.0 0.00301559605199 18.21087244970151 -154.97256046182920 350002.24166193883866 65.45618142104725 154.83853308104105
24870.0 0.00372999870780 18.19487647064738 -154.97027964164806 350007.96414352860302 65.20627320769125 155.03951026392167
24900.0 0.00334160579713 18.17885055549657 -154.96800291962407 350006.65032790694386 64.95618016893889 155.23663287372608
24930.0 0.00361026245751 18.16280273345630 -154.96573617528304 349998.63737422134727 64.70608528340124 155.43008811577886
24960.0 0.00337078641128 18.14672410459464 -154.96347200125032 349983.48492783121765 64.45579088884715 155.61987179322378
24990.0 0.00410833263884 18.13062358669940 -154.96121697126972 349961.57758211530745 64.20549886320353 155.80617424918722
25020.0 0.00375213768164 18.11423273109867 -154.95884318477107 350004.19273374136537 63.95496906754624 155.98896170902455
25050.0 0.00427335143472 18.09781798082644 -154.95647997837025 350039.96094518247992 63.70452410281374 156.16847987878549
25080.0 0.00382257063101 18.08162245902179 -154.95423064103198 349996.26823556516320 63.45371770444556 156.34458299175907
25110.0 0.00457521301022 18.06514485547375 -154.95187353129026 350017.48835761006922 63.20304756066093 156.51760099130431
25140.0 0.00441120117600 18.04890689418983 -154.94964158499027 349960.10981594584882 62.95234826724069 156.68752483659256
25170.0 0.00520006462779 18.03236701523637 -154.94728927298522 349966.67297510709614 62.70146900186090 156.85434881970517
25200.0 0.00392218655828 18.01579456911106 -154.94493862836094 349965.79672824777663 62.45048576392363 157.01818358037605
25230.0 0.00482374580194 17.99919775392298 -154.94259546871243 349957.86015328206122 62.19957864644647 157.17918369031204
25260.0 0.00513264901775 17.98228784587297 -154.94013147562305 350013.35235525388271 61.94855134521701 157.33731479172252
25290.0 0.00525540615301 17.96563060188286 -154.93779486099950 349990.63580857217312 61.69759936123522 157.49274085247131
25320.0 0.00527251386422 17.94865284297734 -154.93533452240837 350030.95317095145583 61.44648469364516 157.64539776544788
25350.0 0.00545362750026 17.93193693804241 -154.93300402819807 349993.40735600236803 61.19552456536334 157.79550956097981
25380.0 0.00478349688275 17.91488926383396 -154.93054387903800 350018.28738816455007 60.94427484005803 157.94289913614799
25410.0 0.00478047836154 17.89781765566978 -154.92809278511993 350035.99618693254888 60.69322725842702 158.08787906298778
25440.0 0.00487606644220 17.88101088801933 -154.92576671780179 349975.80021715909243 60.44221568562152 158.23041453614442
25470.0 0.00492436632711 17.86357324860424 -154.92319272436592 350048.18887391313910 60.19108995853583 158.37047665055823
25500.0 0.00524937029248 17.84669888186489 -154.92086300533052 349972.34242956060916 59.93992536812951 158.50815386697781
25530.0 0.00457823153143 17.82919426028920 -154.91829260799946 350029.16982211172581 59.68889471233706 158.64358517809043
25560.0 0.00487606762408 17.81195590384200 -154.91584260227660 350007.94577662367374 59.43780629232879 158.77671450395624
25590.0 0.00527351846212 17.79469091196080 -154.91339669236459 349979.19703857880086 59.18684993461386 158.90768708695560
25620.0 0.00470702570910 17.77707585824006 -154.91082212291900 350011.86395616456866 58.93579041288235 159.03642030438976
25650.0 0.00481066357359 17.75943253980686 -154.90825323978453 350036.90825022570789 58.68494015341963 159.16312231442194
25680.0 0.00516686089454 17.74205861407306 -154.90579754799148 349983.76524480804801 58.43385779033309 159.28759722051569
25710.0 0.00475834175145 17.72434341622870 -154.90322445808354 349992.52559972275048 58.18302959697294 159.41014391306240
25740.0 0.00544457430041 17.70659469581148 -154.90065139836028 349993.24302412290126 57.93228927224796 159.53071107890116
25770.0 0.00486197961595 17.68880561926323 -154.89807242845737 349985.46940474305302 57.68148780126426 159.64925511751184
25800.0 0.00408116712987 17.67065093146824 -154.89536481574416 350038.21504905540496 57.43069893733529 159.76585071970800
25830.0 0.00565285699105 17.65279362318756 -154.89278433523717 350014.10458756610751 57.18009123316450 159.88062260082708
25860.0 0.00487103636144 17.63489889491336 -154.89019873436686 349981.54481548350304 56.92947669590374 159.99350280068509
25890.0 0.00558342982146 17.61663872316771 -154.88748883692463 350009.49468844477087 56.67903992473733 160.10462269134879
25920.0 0.00512661197534 17.59833384426738 -154.88477078552964 350028.52675866056234 56.42854883989770 160.21388840267062
25950.0 0.00565084543150 17.58034113295663 -154.88218192987958 349971.31001298222691 56.17831142990235 160.32149596132035
25980.0 0.00588830991818 17.56161351835422 -154.87932690058315 350041.10846717841923 55.92788949834738 160.42723840218028
26010.0 0.00558443560124 17.54354795594329 -154.87672848021597 349966.78856782242656 55.67776413846428 160.53140341509229
26040.0 0.00576052033841 17.52475214158443 -154.87387418768523 350019.82957073301077 55.42776923975538 160.63392896639161
26070.0 0.00584705640109 17.50626170490106 -154.87113766508710 349995.94115693587810 55.17775723001988 160.73476207378619
26100.0 0.00574744047381 17.48773277720024 -154.86839470264931 349963.24050980899483 54.92780061736391 160.83396771032332
26130.0 0.00549387760134 17.46881535174876 -154.86552381608820 349989.60274873487651 54.67806401123093 160.93165987052291
26160.0 0.00584906796064 17.44985363692354 -154.86264452276717 350006.75127474311739 54.42836334307673 161.02776354420050
26190.0 0.00633003279451 17.43085644339971 -154.85976336372639 350015.22151841036975 54.17887828404607 161.12239943575707
26220.0 0.00591145230804 17.41181302476100 -154.85687108475128 350014.24620593525469 53.92938012399066 161.21546698079385
26250.0 0.00586315478688 17.39273818915498 -154.85397908989680 350004.77387591917068 53.68017264079365 161.30715260043451
26280.0 0.00608854518874 17.37361124025162 -154.85107003120078 349985.34867954999208 53.43082107069035 161.39724308089015
26310.0 0.00609458104927 17.35445533236676 -154.84816209817080 349957.50105339195579 53.18180149793910 161.48601669199971
26340.0 0.00625557436229 17.33488639783549 -154.84511955275721 349987.07172411121428 52.93294823961699 161.57340437177845
26370.0 0.00665101127702 17.31526875581992 -154.84206471092287 350006.83421181142330 52.68411534994974 161.65934714404662
26400.0 0.00614690523516 17.29598760052873 -154.83912926990811 349950.86232183501124 52.43537427922548 161.74390293168702
26430.0 0.00629783365916 17.27590648857925 -154.83593127396281 350018.05016009602696 52.18688589740784 161.82717740831225
26460.0 0.00655944867923 17.25616144407347 -154.83285111349224 350009.36812391504645 51.93847018297257 161.90909157730687
26490.0 0.00674660172144 17.23637974732672 -154.82976605029134 349991.51831724774092 51.69030208893927 161.98975766958674
26520.0 0.00650913723476 17.21615888957462 -154.82653651667763 350029.21279510296881 51.44215641171358 162.06907131871958
26550.0 0.00725372983014 17.19629479607162 -154.82343423492554 349992.25691302586347 51.19433286528981 162.14721112701307
26580.0 0.00669729842051 17.17598050662972 -154.82018090285172 350009.99603929091245 50.94640030360817 162.22396065755535
26610.0 0.00719536978372 17.15603062671781 -154.81705607535250 349953.46574239619076 50.69882990056576 162.29959011747096
26640.0 0.00682307407697 17.13564103816910 -154.81379133155008 349952.37318818643689 50.45145656806740 162.37402581149939
26670.0 0.00640147270553 17.11479731262027 -154.81037974095821 350005.69538822956383 50.20413610340014 162.44720496344453
26700.0 0.00681200577193 17.09390265602048 -154.80695452484551 350048.55903101153672 49.95693902348455 162.51918025480214
26730.0 0.00665704950131 17.07337470300311 -154.80365336595068 350017.03928192332387 49.71002260279488 162.59005071641678
26760.0 0.00650410833589 17.05280055716133 -154.80033741041996 349975.22658196650445 49.46321093151238 162.65973532961880
26790.0 0.00695086129298 17.03177440554382 -154.79688120766309 349987.91301087662578 49.21667440070674 162.72833941147272
26820.0 0.00617708926533 17.01069510495188 -154.79340679357227 349989.72511860169470 48.97019139768269 162.79575664537435
26850.0 0.00710783030502 16.98915814684818 -154.78979355155474 350045.64190597180277 48.72405767020859 162.86215913633788
26880.0 0.00706959412726 16.96840121486759 -154.78642070295413 349962.36381981335580 48.47784582731783 162.92732911665885
26910.0 0.00685728359000 16.94676470977988 -154.78277689980081 349996.82726426515728 48.23202218667561 162.99152982102061
26940.0 0.00654636763275 16.92507991638024 -154.77911986461734 350020.63121255394071 47.98642237877701 163.05468449256460
26970.0 0.00748918157539 16.90334003583964 -154.77544313431005 350033.16068078670651 47.74090402020855 163.11672799217246
27000.0 0.00651819398026 16.88154890106842 -154.77174919004776 350034.65552211366594 47.49553677965420 163.17770902111761
27030.0 0.00695086011110 16.85971461928980 -154.76804415840758 350025.71655297838151 47.25047444278200 163.23772118115406
27060.0 0.00679087612349 16.83782889472109 -154.76432027332351 350005.59874778054655 47.00554524092507 163.29668269825092
27090.0 0.00627871675215 16.81590047806187 -154.76058422396497 349974.96427146531641 46.76091512517633 163.35469312236563
27120.0 0.00803655623953 16.79347697088989 -154.75669168933405 349995.27368598710746 46.51636612580785 163.41164537404015
27150.0 0.00767331609639 16.77101041010665 -154.75278889571572 350004.99490642733872 46.27219009101177 163.46770607885549
27180.0 0.00725171708871 16.74847965312890 -154.74885697630404 350002.26582026295364 46.02796349255701 163.52265730166786
27210.0 0.00807982367993 16.72590856907300 -154.74491559015721 349989.05023460555822 45.78414781822339 163.57675621774010
27240.0 0.00744893265619 16.70283784233465 -154.74082179785421 350026.36778546031564 45.54057951365566 163.62992404669615
27270.0 0.00814019646778 16.68016107248055 -154.73683949304424 349989.87897471524775 45.29711806526455 163.68209423347457
27300.0 0.00756766430859 16.65697697127806 -154.73270020932310 350003.19308349117637 45.05383235343977 163.73331240208347
27330.0 0.00771658235491 16.63374507630320 -154.72854556136662 350005.19776627514511 44.81087275908510 163.78366763150319
27360.0 0.00828509021312 16.61045719968592 -154.72436762918520 349995.09996401425451 44.56807166080681 163.83307820746336
27390.0 0.00855475265327 16.58665874746352 -154.72003663811972 350034.52253555413336 44.32559067090673 163.88163878314302
27420.0 0.00875900986106 16.56326339327788 -154.71581533988831 350000.43761244602501 44.08321549332047 163.92924227104243
27450.0 0.00856783251787 16.53982548919024 -154.71157996427502 349955.24124729167670 43.84123412435639 163.97605063031617
27480.0 0.00926211485066 16.51538288129287 -154.70703646250169 350017.72960696369410 43.59922698600087 164.02184644485735
27510.0 0.00863927124701 16.49136389836173 -154.70261620009745 350008.30348186753690 43.35765074586809 164.06688162016241
27540.0 0.00880429122477 16.46729250366682 -154.69817430146574 349986.73979738261551 43.11634274358451 164.11107603778589
27570.0 0.00855374569162 16.44268448848368 -154.69356590119719 350012.21669219993055 42.87516436878958 164.15436235025962
27600.0 0.00944524359189 16.41801662199433 -154.68893110429312 350024.78857712261379 42.63418375792421 164.19678376778666
27630.0 0.00943719380805 16.39329707522623 -154.68427625607504 350025.14612501487136 42.39354795646280 164.23842554311119
27660.0 0.00906791425875 16.36851776848132 -154.67959325136701 350012.44710611645132 42.15309348116043 164.27920654047952
27690.0 0.00972094307445 16.34368744395619 -154.67488896872732 349987.44553886167705 41.91297769369665 164.31921719576192
27720.0 0.00928626302030 16.31830653325648 -154.67001375945699 350008.05485918559134 41.67298998764199 164.35835088251068
27750.0 0.00971792455325 16.29287489469948 -154.66511928674586 350016.32504241447896 41.43341454396059 164.39676556368804
27780.0 0.00956296946451 16.26786461823862 -154.66032499916503 349951.42592943366617 41.19383580768030 164.43424471245524
27810.0 0.00940700741413 16.24181949167806 -154.65523271817116 349991.62825809977949 40.95470562691462 164.47103566447743
27840.0 0.00981955085819 16.21571403136852 -154.65011320531596 350018.39939869288355 40.71586230156191 164.50705741131728
27870.0 0.01003990999741 16.18954149589509 -154.64495931420092 350030.97882809489965 40.47716914673383 164.54224222004009
27900.0 0.00950159089689 16.16330597982756 -154.63977372494736 350029.67946713790298 40.23869358864815 164.57663138634780
27930.0 0.00973804724003 16.13701569048330 -154.63456292471858 350015.24150128196925 40.00057939796675 164.61030688666401
27960.0 0.00964447190080 16.11066265746339 -154.62931859166332 349986.77229975257069 39.76266720984558 164.64318848545403
27990.0 0.00965553902396 16.08374636020994 -154.62390615435635 350002.47725471481681 39.52511021532219 164.67536294516051
28020.0 0.01157839730722 16.05676106334620 -154.61845586364325 350003.41889365855604 39.28770150332469 164.70672437859488
28050.0 0.01029246709011 16.02920872396300 -154.61283899711896 350048.16046435758471 39.05072146957531 164.73742731997663
28080.0 0.01046553448795 16.00260876640357 -154.60746076640646 349963.24304304085672 38.81375864363594 164.76725628995572
28110.0 0.00948649829086 15.97492675438851 -154.60177400162337 349978.94115968979895 38.57726005038683 164.79645468624628
28140.0 0.01046955760705 15.94718198658575 -154.59605435268958 349980.24551801383495 38.34106500763654 164.82494089656029
28170.0 0.01084487301688 15.91936773995427 -154.59029437917727 349966.34275548066944 38.10503876987828 164.85264706192868
28200.0 0.01048968502135 15.89043901376733 -154.58420981050278 350049.81969822384417 37.86924808020741 164.87961294842532
28230.0 0.01146771425678 15.86249810131662 -154.57838080058474 350006.61071451939642 37.63383348988870 164.90591770085075
28260.0 0.01224349784398 15.83396338938455 -154.57236821357333 350004.13704866077751 37.39863972477971 164.93148217322067
28290.0 0.01188629474326 15.80536822935147 -154.56632271697808 349987.13192888163030 37.16381588055106 164.95638989974091
28320.0 0.01164178743440 15.77616893523594 -154.56008842758149 350009.72328287176788 36.92915873950288 164.98053588182987
28350.0 0.01187221028077 15.74691022451875 -154.55382335259819 350017.80197966843843 36.69494493863728 165.00407171619392
28380.0 0.01286029967771 15.71757034066162 -154.54750536782296 350008.84163065068424 36.46076714459770 165.02678298602100
28410.0 0.01231192041567 15.68817426161896 -154.54115727188650 349985.52726684790105 36.22706755412275 165.04890972971100
28440.0 0.01311990195635 15.65817223387195 -154.53462415603403 350001.48865669872612 35.99368655362808 165.07036990492119
28470.0 0.01291262504548 15.62809498776139 -154.52804351207641 350000.84597225207835 35.76049134533782 165.09109568486784
28500.0 0.01392587193748 15.59740102923538 -154.52127170689516 350038.23282588087022 35.52754801181573 165.11112560941487
28530.0 0.01322354100272 15.56773605268870 -154.51475506204429 349951.71694214642048 35.29499393701273 165.13053635894781
28560.0 0.01276974285969 15.53690498641975 -154.50789810006211 349956.96199019066989 35.06267790416430 165.14924997718984
28590.0 0.01327385126531 15.50545621716086 -154.50085369177975 350000.05389564204961 34.83074498592803 165.16734714148564
28620.0 0.01283212838897 15.47392718982146 -154.49375695701110 350025.58160733338445 34.59899564997582 165.18472380365881
28650.0 0.01366727780237 15.44288998185847 -154.48677047160891 349982.00047711655498 34.36770279999504 165.20152905651042
28680.0 0.01333221131173 15.41065444052212 -154.47942676969188 350026.53875620570034 34.13646328411387 165.21754946317549
28710.0 0.01463927117727 15.37891409796871 -154.47219394604724 350002.14622545056045 33.90571446693531 165.23302223868333
28740.0 0.01372664362857 15.34710470462255 -154.46491439447951 349961.05545772146434 33.67529784904880 165.24786500585907
28770.0 0.01348716640047 15.31465542357380 -154.45743055444555 349954.89317308366299 33.44508258400990 165.26201005771210
28800.0 0.01510715614656 15.28099851784437 -154.44959466024713 350035.86309281829745 33.21513411363517 165.27549495253103
28830.0 0.01484956897311 15.24840295379515 -154.44201201619450 349995.02579502016306 32.98558670497310 165.28839421541909
28860.0 0.01441790625828 15.21459261109698 -154.43407379135502 350040.40855225175619 32.75629316068166 165.30063111951543
28890.0 0.01562736530174 15.18185275185959 -154.42638847598127 349964.66004443448037 32.52739460134738 165.31228380042762
28920.0 0.01411000645848 15.14788861129102 -154.41834149702223 349973.91051638033241 32.29869516697049 165.32324916239523
28950.0 0.01389266820423 15.11385659736626 -154.41024884825035 349966.10154340788722 32.07046405316472 165.33367418313324
28980.0 0.01487371596086 15.07857877254076 -154.40178242697723 350040.74159185122699 31.84230232748049 165.34334625677940
29010.0 0.01572496612382 15.04438858583817 -154.39357382778053 349995.69913771096617 31.61464251997140 165.35250027576382
29040.0 0.01377695389115 15.00896229566951 -154.38500498422911 350034.30295637063682 31.38732728676393 165.36105356763082
29070.0 0.01491899614269 14.97461651723174 -154.37667668837352 349951.82732976973057 31.16022773286177 165.36893858343208
29100.0 0.01436558325426 14.93902485603510 -154.36798118106123 349951.68203440681100 30.93340867707317 165.37619210130615
29130.0 0.01512627541732 14.90218433730329 -154.35892354860309 350033.68815183453262 30.70700131901215 165.38288675567165
29160.0 0.01411805860608 14.86643367903458 -154.35010796179481 349995.29976344201714 30.48086243939373 165.38894704816380
29190.0 0.01536977458265 14.82942802182892 -154.34092688879556 350038.21297093760222 30.25512927656795 165.39444884371588
29220.0 0.01646452627469 14.79351824651738 -154.33198424826676 349961.01113275997341 30.02960962599114 165.39928996041274
29250.0 0.01586684016608 14.75635201566644 -154.32267768539060 349964.88113610818982 29.80456900096463 165.40361561435208
29280.0 0.01699882107423 14.71789593125325 -154.31297901087771 350045.51204155106097 29.57961272039343 165.40721383622878
29310.0 0.01629850406279 14.68055959073051 -154.30353595897361 350008.70127577241510 29.35516847983106 165.41031766764951
29340.0 0.01649873696959 14.64314478753047 -154.29402751892565 349952.17577797640115 29.13108012843478 165.41284414041462
29370.0 0.01646855057566 14.60444026259223 -154.28413117544738 349972.32000872679055 28.90722072036511 165.41472586728213
29400.0 0.01733891882750 14.56564805047049 -154.27416197659903 349971.40608068555593 28.68365446756319 165.41599901547374
29430.0 0.01781183505942 14.52677668766374 -154.26412748107182 349950.47693127486855 28.46050955113480 165.41673455854939
29460.0 0.01843568207909 14.48660340203325 -154.25370181100519 350004.64847327582538 28.23764668566500 165.41685819855951
29490.0 0.01796578318650 14.44634538169113 -154.24320715690047 350037.96240932121873 28.01519929655542 165.41644376590136
29520.0 0.01810262714801 14.40599234032884 -154.23262995567197 350048.79285857826471 27.79297881476857 165.41538992650104
29550.0 0.01964010631428 14.36556092308271 -154.22198697080799 350039.36726238951087 27.57124709752977 165.41384045981084
29580.0 0.01817608216421 14.32502868255956 -154.21125070184996 350006.28189539909363 27.34961374202420 165.41158380768715
29610.0 0.01959583545786 14.28442199411128 -154.20044909372106 349953.19789233803749 27.12850161174447 165.40885160837297
29640.0 0.01764882900497 14.24249601210052 -154.18924985031066 349972.75572874490172 26.90775578338685 165.40556056871750
29670.0 0.01991077807984 14.20047376710869 -154.17796241766047 349969.05659757182002 26.68725125558780 165.40164344216231
29700.0 0.01937547631864 14.15711670945151 -154.16626760038724 350035.87223546858877 26.46705164864920 165.39713593022051
29730.0 0.01930202366620 14.11491681526011 -154.15481751605142 349987.46784354187548 26.24728217363218 165.39210754777690
29760.0 0.01938654462369 14.07137673958190 -154.14295559758634 350008.69070037733763 26.02780743258120 165.38648515147074
29790.0 0.01923561383593 14.02774883807171 -154.13101267747192 350007.48462812695652 25.80875710691126 165.38034074513314
29820.0 0.01912795048858 13.98402286679961 -154.11897440199812 349982.11600733082741 25.58994624021037 165.37357375797052
29850.0 0.01671809032904 13.93895548058779 -154.10653149765866 350026.32885452359915 25.37163306077778 165.36632683487139
29880.0 0.01955759809822 13.89504114936874 -154.09430775040681 349953.40093037299812 25.15343146666726 165.35838858238887
29910.0 0.01750192370008 13.84851609028899 -154.08134907437221 350040.17000833619386 24.93575949375948 165.34998966236310
29940.0 0.01891664809485 13.80316256518737 -154.06862691687178 350012.29786549042910 24.71846347829973 165.34104640659424
29970.0 0.01858258738399 13.75771052153002 -154.05580303127545 349959.52966411225498 24.50142035691437 165.33149167075152
30000.0 0.01695756755714 13.71088835349400 -154.04254933319945 349971.90459617413580 24.28469317249194 165.32136081752583
30030.0 0.01893173951900 13.66397490757641 -154.02920378472055 349960.42330884188414 24.06840421425133 165.31072208314293
30060.0 0.01697064742173 13.61568017183806 -154.01542170666099 350012.47508125752211 23.85242192360707 165.29950342188104
30090.0 0.01778164866550 13.56728978696134 -154.00154331386329 350039.87236468773335 23.63687230618747 165.28777519565170
30120.0 0.01445110999153 13.52008835294828 -153.98789567658511 349953.70717639662325 23.42166165962284 165.27548613979027
30150.0 0.01941974953882 13.47020241750872 -153.97346266287107 350016.72593375202268 23.20668191924644 165.26257675647284
30180.0 0.01619586961431 13.42152073927875 -153.95927429127323 349968.29463379271328 22.99224694696939 165.24922186608669
30210.0 0.01883212595548 13.37143015992354 -153.94462211411152 349978.84046978875995 22.77793741826613 165.23518888532647
30240.0 0.01706221238329 13.32125037778413 -153.92987437441894 349965.10209131054580 22.56416594469542 165.22070780737150
30270.0 0.01777863014429 13.26966830373471 -153.91467733179718 350011.60536900628358 22.35078036869398 165.20569452346203
30330.0 0.01726647077295 13.16617897410567 -153.88392076043004 350021.53617056831717 21.92486641196410 165.17390513043196
30360.0 0.01820123611363 13.11428580002705 -153.86837360498654 349986.92601587437093 21.71251965374795 165.15723119608103
30390.0 0.01948012114479 13.06097298886108 -153.85236033664552 350009.62856562342495 21.50049186898794 165.13998910848744
30420.0 0.01960287828005 13.00756042567219 -153.83623241323812 350005.62647962570190 21.28890527358874 165.12224771216185
30450.0 0.01784302723312 12.95404353704543 -153.81998081983340 349973.91049735154957 21.07766849465719 165.10395610559161
30510.0 0.01986550026177 12.84404455155539 -153.78640274049627 349993.65590053237975 20.65623408756498 165.06571740525877
30540.0 0.01819217936813 12.78887790510045 -153.76940976179279 349959.60421905014664 20.44593177203799 165.04571162509237
30630.0 0.01853831416381 12.61743459319227 -153.71627792321240 350021.24518563225865 19.81772929927672 164.98274056892788
30690.0 0.01957168728823 12.50080224567004 -153.67969361217067 350023.98245254624635 19.40069025347246 164.93802282530555
30780.0 0.01825657645696 12.32235121287253 -153.62305137747290 349968.78714482579380 18.77806382285445 164.86700643025068
30810.0 0.01976689011427 12.26083661489237 -153.60338930423680 349995.62490228097886 18.57116677170839 164.84220592897913
30870.0 0.01666878702811 12.13611915509791 -153.56326074890978 350037.94661252945662 18.15864333678240 164.79108541966283
30900.0 0.01844876194369 12.07427745756443 -153.54315169647057 349974.03064243309200 17.95301053416897 164.76476194682252
30930.0 0.01962903919111 12.00959653031538 -153.52216026574484 350036.61786411516368 17.74778188524104 164.73792106783074
30960.0 0.01761159978886 11.94616151345519 -153.50136331265074 349988.01308195479214 17.54284060502168 164.71049554127205
30990.0 0.01565855747544 11.88124259908627 -153.48003479186315 349985.49238334037364 17.33824780532834 164.68252029302829
31020.0 0.01849504672341 11.81621544234267 -153.45854894661497 349952.21551022678614 17.13411678527638 164.65406059410805
31050.0 0.01418547303424 11.74969685551721 -153.43652267640965 349963.69214930199087 16.93032773426417 164.62504723028306
31080.0 0.01736206003549 11.68168875252254 -153.41396235288317 350020.55672098975629 16.72699551767363 164.59554653184850
31110.0 0.01535267159895 11.61356090252229 -153.39122547952604 350044.26768401451409 16.52403336211341 164.56550819015868
31140.0 0.01620492517792 11.54669170660026 -153.36867236683193 349957.28715073037893 16.32133801505856 164.53487196814311
31170.0 0.01226161015309 11.47695158841674 -153.34521361967342 349992.23406505584717 16.11920913837659 164.50381187478774
31200.0 0.01693844946826 11.40707740655972 -153.32154831937078 349990.58443458005786 15.91724406502820 164.47209332689357
31230.0 0.01169209769698 11.33709817731411 -153.29771684044044 349958.02287368290126 15.71583921912908 164.43994711982535
31260.0 0.01225456496715 11.26421843170993 -153.27294560584130 350042.27441936824471 15.51484713214180 164.40728721355700
31290.0 0.01669494793917 11.19260513332982 -153.24835046707989 350016.15309651475400 15.31415309093198 164.37404617249814
31320.0 0.01094146924107 11.12087301604790 -153.22355916603323 349955.76162597164512 15.11381758990001 164.34025899561087
31350.0 0.01227569579746 11.04623069275268 -153.19781823660432 350010.73632347490638 14.91395103769386 164.30599027936859
31380.0 0.01282910986777 10.97146334517028 -153.17187141483072 350030.27306861430407 14.71443742564736 164.27117158977310
31410.0 0.01276571855871 10.89658052775060 -153.14572929851855 350016.12017301097512 14.51538805470129 164.23586822775044
31440.0 0.01431225447048 10.82157800591470 -153.11938030412841 349967.06929497700185 14.31671841988381 164.20003010732813
31470.0 0.00772161479943 10.74504094449499 -153.09242327823051 349954.39398325886577 14.11832687623249 164.16359660719937
31500.0 0.01552674359469 10.66698545264900 -153.06488654547482 349981.88534453883767 13.92050842373800 164.12674216399211
31530.0 0.01050276370406 10.58879211147971 -153.03710711093601 349970.30592411570251 13.72286595987555 164.08923077145735
31560.0 0.00882038842869 10.50907486345020 -153.00873789169515 349997.85234316717833 13.52579053645553 164.05129438350559
31590.0 0.01133489814190 10.42923659493448 -152.98014807678072 349989.80940608680248 13.32913630058401 164.01284608708011
31620.0 0.00983766198542 10.34785104256401 -152.95092777021523 350015.83136924449354 13.13279059979990 163.97381816475337
31650.0 0.01049873940308 10.26634006462665 -152.92147301453542 350004.99895159061998 12.93681332168069 163.93424578649530
31680.0 0.00687640167888 10.18328924484972 -152.89139818216339 350030.04280098248273 12.74131203466592 163.89419301093275
31710.0 0.01130772672353 10.10011224648830 -152.86108097445151 350017.80086337588727 12.54617447469163 163.85359210557829
31740.0 0.00783632333272 10.01681878899220 -152.83053268659953 349970.17939603794366 12.35150844919835 163.81250747602974
31770.0 0.00465570848486 9.93054463426322 -152.79893877761387 350026.06203962024301 12.15723170013192 163.77088920839338
31800.0 0.00880730974597 9.84413648578803 -152.76707993537525 350042.61553841829300 11.96324419132175 163.72867622149514
31830.0 0.00371893158463 9.75761762217685 -152.73499149396943 350024.96214016992599 11.76983629132967 163.68604371008715
31860.0 0.00217541537595 9.67096107772151 -152.70261961490513 349966.38865348882973 11.57661647035356 163.64275386573775
31890.0 0.00329733139507 9.58132179019993 -152.66919943836044 350011.93797473143786 11.38397041387873 163.59904022983631
31920.0 0.00328425153048 9.49155898649181 -152.63551706966800 350020.06306087225676 11.19175391005386 163.55481489370021
31950.0 0.00227905442233 9.40166638197035 -152.60155485770707 349988.88573873043060 10.99985635640272 163.51000976901912
31980.0 0.00241086593932 9.31020706635404 -152.56690699421833 349987.94715972710401 10.80833704233321 163.46466029052942
32010.0 0.00196713150343 9.21863050898926 -152.53199350049783 349950.44550198875368 10.61730074386601 163.41883010622823
32040.0 -0.00227000004059 9.12403685611021 -152.49596858851098 350010.36999811045825 10.42663888463518 163.37245211050063
32070.0 -0.00016400947047 9.02932263028947 -152.45966642221757 350033.05173937976360 10.23645584704441 163.32558993658878
32100.0 -0.00122354468783 8.93448385748916 -152.42307298034245 350017.14079481177032 10.04667159816958 163.27819379266077
32130.0 -0.00015495627061 8.83951508744788 -152.38617106452091 349960.87656292133033 9.85718771200654 163.23020206017290
32160.0 -0.00081200702354 8.74153269027039 -152.34815931456532 350004.01925315987319 9.66828995149095 163.18179101405676
32190.0 -0.00184236044486 8.64340996248854 -152.30981222057048 350004.27093621995300 9.47959237110149 163.13272066579751
32220.0 -0.00493442767050 8.54372114821000 -152.27076000017129 350035.85797560121864 9.29147529042936 163.08322656577661
32250.0 -0.00160590291984 8.44391124196777 -152.23139888679859 350029.11640654690564 9.10379616436717 163.03321968440790
32280.0 -0.00021029779583 8.34397400007700 -152.19170931362373 349982.02839272189885 8.91644643022907 162.98263147296413
32310.0 -0.00601307743110 8.24099241119594 -152.15084121256817 350028.06599616631866 8.72948478577646 162.93149772183722
32340.0 -0.00681703585268 8.13789397424675 -152.10965690858697 350036.55756469443440 8.54301325990856 162.87988178764280
32370.0 -0.00707965783441 8.03467274698276 -152.06813698889673 350005.54004597850144 8.35692690754652 162.82771712190879
32400.0 -0.00749421047426 7.92987245942030 -152.02586167863464 350002.82715588808060 8.17132661856945 162.77506649638730
32430.0 -0.01372161354781 7.82495264636195 -151.98324508010839 349961.10037655103952 7.98613483095787 162.72188059777616
32460.0 -0.00381955329168 7.71696912761461 -151.93939615349740 350008.86395181249827 7.80125459621897 162.66809698925184
32490.0 -0.01579238173386 7.60887937012660 -151.89522307904952 350021.23989561665803 7.61696709197687 162.61389334089895
32520.0 -0.01116585268127 7.50065552346419 -151.85065966886484 349990.24040653556585 7.43289197280816 162.55902710804017
32550.0 -0.01909776409465 7.39085610824701 -151.80532418565238 349988.91138231754303 7.24940418632238 162.50373626555478
32580.0 -0.01393492750109 7.27946813632887 -151.75918504190147 350013.96961485035717 7.06636288049539 162.44793053585960
32610.0 -0.01362602192152 7.16795769972263 -151.71265967916443 349998.37319649755955 6.88366152297492 162.39154082059935
32640.0 -0.01392989860222 7.05485415321628 -151.66530845599686 350007.88989925477654 6.70135822413874 162.33460335490935
32670.0 -0.01713767659529 6.94016400803351 -151.61714024347640 350044.57550767529756 6.51955230811062 162.27718131623573
32700.0 -0.01608518892763 6.82683818815079 -151.56902723238187 349977.90859596338123 6.33814240555093 162.21920864927418
32760.0 -0.01556799829366 6.59394287718067 -151.46984300323822 349988.40567972883582 5.97672817071563 162.10174899751237
32820.0 -0.01899211348873 6.35764001098433 -151.36812693955309 349972.31715710274875 5.61697730901010 161.98212833559933
32850.0 -0.01986147241515 6.23783282845105 -151.31617012071712 349967.91541623696685 5.43762640145803 161.92144034928936
