# sod		dsTEC/dt [TECU/s]		lat		lon		h_ipp		ele		azi
33330.0 0.01926781178941 6.74594418693840 -157.81586408560077 349964.81584190111607 6.57740730976623 188.85511420294026
33360.0 0.01320140557452 6.85517040315289 -157.77508306388799 350000.65808999631554 6.74782884129399 188.74655866971139
33390.0 0.01215897688649 6.96433201183200 -157.73480501667521 350006.13768305256963 6.91878218517340 188.63839089791458
33420.0 0.00448163530724 7.07191382944723 -157.69527718970252 350041.24526639655232 7.09011501595796 188.53076477098656
33450.0 0.00609156370994 7.17943809382720 -157.65621239048841 350048.31567262206227 7.26209461678508 188.42340319662148
33480.0 -0.00025456865225 7.28689184814431 -157.61763479006439 350024.56905835028738 7.43461001756712 188.31641780211419
33510.0 -0.00264933856953 7.39427129844760 -157.57954388808957 349969.50479812733829 7.60765082243097 188.20981674955286
33540.0 -0.00576756552435 7.49857907269067 -157.54236144239525 350009.51200319267809 7.78113052937847 188.10368575477605
33570.0 -0.00713097151301 7.60281982033922 -157.50562872854985 350020.13787716068327 7.95522089624791 187.99784696795186
33600.0 -0.01023410822557 7.70697602588698 -157.46938065823423 349997.60923997312784 8.12975819483198 187.89246475302423
33630.0 -0.01296997694837 7.80955879652598 -157.43380015115437 350007.18970398046076 8.30477696277941 187.78750114834625
33660.0 -0.01541002468372 7.91206279566800 -157.39867131632263 349985.46894492954016 8.48033635112199 187.68289343527152
33690.0 -0.01740029739513 8.01300198550341 -157.36417244846891 349998.00013543851674 8.65647129918985 187.57860374604076
33720.0 -0.01959985857696 8.11385711997233 -157.33012137538833 349978.42347371391952 8.83311584489822 187.47469643089502
33750.0 -0.01878282147267 8.21314272719149 -157.29669678897113 349992.11749415285885 9.01027812447114 187.37116063093052
35850.0 -0.01992687528376 13.34825945505824 -155.92573858989891 350016.66481459606439 22.61108139249419 180.95989566624388
36600.0 -0.01897802666248 14.50510808921610 -155.72344392342296 349996.93070102296770 27.99819659968055 178.98310872080242
36630.0 -0.01978600702128 14.54607147931221 -155.71712214523910 350006.10260098334402 28.21882347847770 178.90641400840914
36690.0 -0.01775146227157 14.62775939162984 -155.70481191004328 349965.29859804920852 28.66156072871974 178.75313290095542
36720.0 -0.01836725832552 14.66724135182997 -155.69880584776863 350010.60140031483024 28.88352921697151 178.67667814281972
36780.0 -0.01594331133973 14.74594993989342 -155.68714386068106 350040.97585307341069 29.32855260577194 178.52422721084847
36810.0 -0.01790038149977 14.78517556259762 -155.68148471873261 350026.16086312849075 29.55161872228654 178.44820860065479
36840.0 -0.01818815388527 14.82431219751098 -155.67594103850450 349991.13613376207650 29.77502723177957 178.37234809863446
36870.0 -0.01805332502896 14.86215465336225 -155.67046660149362 350035.19622111227363 29.99888220284131 178.29653392540601
36900.0 -0.01739124064964 14.90112740234059 -155.66513360107808 349961.61863374337554 30.22315567826445 178.22078841708867
36930.0 -0.01782189640281 14.93880667669640 -155.65987057636835 349967.36390107125044 30.44780911772646 178.14514487078802
36960.0 -0.01780277831393 14.97639108228774 -155.65472702673532 349952.65837175212801 30.67267159570767 178.06977267230963
36990.0 -0.01688612646424 15.01270552735477 -155.64963337168442 350019.97033032495528 30.89805623785250 177.99434472960766
37020.0 -0.01728659582349 15.05013744242833 -155.64468230267516 349968.69798222556710 31.12383348215263 177.91898746883473
37050.0 -0.01676739362997 15.08629478329137 -155.63978841542547 349999.09525983687490 31.34998912811099 177.84370917167706
37080.0 -0.01770316593229 15.12236694265692 -155.63500050190575 350010.47582704667002 31.57642937452156 177.76860052381326
37110.0 -0.01509508087986 15.15836614997731 -155.63030272901321 350004.23072221595794 31.80333496419404 177.69346823027848
37140.0 -0.01599664130540 15.19427937761727 -155.62570797059868 349979.08910937700421 32.03053653599959 177.61848116332212
37170.0 -0.01686801415514 15.22893382692733 -155.62116219578925 350037.59202434960753 32.25806248301597 177.54360365052696
37200.0 -0.01514036224357 15.26468815741815 -155.61675595746814 349976.30857024993747 32.48601730715417 177.46872019986722
37230.0 -0.01690524337125 15.29919546726859 -155.61238780464771 350000.04128955584019 32.71437448810300 177.39385133406986
37260.0 -0.01551265795032 15.33362610201155 -155.60811074562099 350006.19907929655164 32.94309309977643 177.31903283122674
37290.0 -0.01609625368704 15.36796703079613 -155.60393729578092 349993.56580948736519 33.17200120884059 177.24443854907170
37320.0 -0.01493006562962 15.40224006994809 -155.59984169903126 349964.43453152105212 33.40141496729424 177.16972944527822
37350.0 -0.01550058150174 15.43528463461189 -155.59577452621605 350022.49092674721032 33.63120343505791 177.09503560901010
37380.0 -0.01496427632452 15.46940382709506 -155.59185234854598 349958.79606039542705 33.86135198247145 177.02036514056167
37410.0 -0.01498439901130 15.50229333104362 -155.58796244425238 349982.33634251076728 34.09176656813464 176.94581055536688
37440.0 -0.01456179304197 15.53511569369825 -155.58414897678315 349989.76550474856049 34.32262753145199 176.87117300772428
37470.0 -0.01475096000749 15.56785823798893 -155.58042390477692 349979.93541015684605 34.55376602196792 176.79662448681100
37500.0 -0.01403655498792 15.60052221257267 -155.57678419426864 349953.06243190821260 34.78520941132957 176.72212862888230
37530.0 -0.01463122139344 15.63198808745227 -155.57315450189603 350016.79847960080951 35.01706248792608 176.64756547343941
37560.0 -0.01334831087941 15.66450991368970 -155.56966785500123 349957.52245872840285 35.24930020551423 176.57295352482814
37590.0 -0.01561830855624 15.69583562654149 -155.56619214838477 349989.19251288194209 35.48187922603142 176.49833120843360
37620.0 -0.01416836768679 15.72707866666186 -155.56280575756486 350003.77732953242958 35.71462677908484 176.42387761619491
37650.0 -0.01394398424659 15.75826077767853 -155.55948448711862 350003.39011294674128 35.94786168783512 176.34923962451501
37680.0 -0.01337950305311 15.78937200901672 -155.55623722562223 349987.17877377383411 36.18145173379474 176.27455153972707
37710.0 -0.01280495933437 15.82041065252702 -155.55306423880387 349955.06635174155235 36.41538184285022 176.19982114287157
37740.0 -0.01377292959017 15.85027234330649 -155.54989621006186 350016.07490627188236 36.64955782420422 176.12514307008087
37770.0 -0.01312795292207 15.88116747767762 -155.54686867743968 349952.55531548894942 36.88415934636467 176.05031169472210
37800.0 -0.01306254768970 15.91089366050574 -155.54384121090516 349983.04134141560644 37.11901826740769 175.97550276674684
37830.0 -0.01270433999108 15.94054928111462 -155.54088627872466 349998.13337650895119 37.35416085932894 175.90067889834043
37860.0 -0.01353244658230 15.97014103848409 -155.53799572899820 349998.50143236108124 37.58969203035354 175.82571474751973
37890.0 -0.01237128387811 15.99966668888178 -155.53517047079546 349984.01676197722554 37.82558823833663 175.75062651164862
37920.0 -0.01301626409186 16.02912246033385 -155.53241290792852 349954.42250717990100 38.06180371483586 175.67545543397836
37950.0 -0.01264296260533 16.05742855165204 -155.52965084832164 350020.95097712334245 38.29816504436116 175.60038669180773
37980.0 -0.01106020207535 16.08674536776497 -155.52702686362497 349961.44458442181349 38.53499330773572 175.52505054531144
38010.0 -0.01130672094376 16.11493302486291 -155.52438175394931 349999.97887789551169 38.77215512303283 175.44958612653798
38040.0 -0.01193861774727 16.14305712792991 -155.52179908399381 350024.24595543462783 39.00963495448671 175.37400069489348
38070.0 -0.01123125673176 16.17111064975696 -155.51928440818804 350033.72732237726450 39.24733856083166 175.29839130259080
38100.0 -0.01152003607892 16.19910536097181 -155.51682498365633 350029.48072320967913 39.48544464070151 175.22254406671462
38130.0 -0.01163776195154 16.22702922360077 -155.51443122660442 350010.57225192524493 39.72378597511296 175.14663919479997
38160.0 -0.01047861553442 16.25488344682259 -155.51210065634569 349977.17953984346241 39.96238765132610 175.07063784702294
38190.0 -0.01091530833001 16.28164267283290 -155.50973375186331 350045.13809354044497 40.20135450642414 174.99440817941357
38220.0 -0.01040717325965 16.30937335656680 -155.50751395279261 349984.27535258978605 40.44066452253173 174.91796367864808
38250.0 -0.01058124880102 16.33601213971584 -155.50525894845751 350025.15523337107152 40.68026949097448 174.84134857013990
38280.0 -0.01017272965794 16.36308797035760 -155.50311854561775 349993.48054432962090 40.91999556769088 174.76475506818858
38310.0 -0.01080261253814 16.38960161644603 -155.50097672896362 350007.17795514408499 41.16016560603883 174.68779376224938
38340.0 -0.01060841549187 16.41605494412086 -155.49888846447232 350007.55915329791605 41.40064519411037 174.61060927318508
38370.0 -0.01042126126778 16.44244638785828 -155.49685407370669 349994.56446416769177 41.64141831181589 174.53320804428304
38400.0 -0.00952875758773 16.46826888354002 -155.49482936119443 350026.61797487270087 41.88239077551761 174.45568983090902
38430.0 -0.01022505266195 16.49453670250129 -155.49290077586846 349987.08228697720915 42.12373997625884 174.37783069427840
38460.0 -0.00980747559149 16.52024001791710 -155.49097873522101 349993.07917524315417 42.36529985024100 174.29981604990269
38490.0 -0.01026530039927 16.54588021071276 -155.48911043370191 349985.87739052996039 42.60709420571413 174.22160504198249
38520.0 -0.00940398771104 16.57097294611260 -155.48723732979983 350025.65275407489389 42.84922758624698 174.14305792633448
38550.0 -0.00909106019425 16.59650067901957 -155.48546225594970 349993.27920741401613 43.09167950497395 174.06418491284177
38580.0 -0.00927016345262 16.62147991544458 -155.48368454364831 350007.92951016686857 43.33439931168172 173.98503334847487
38610.0 -0.00985979741363 16.64638948210116 -155.48196547115401 350009.16141659021378 43.57721297871085 173.90580354640574
38640.0 -0.00911420376599 16.67125086446941 -155.48028452307159 349998.61344643961638 43.82044455700289 173.82608269329512
38670.0 -0.01004091459531 16.69557521232186 -155.47859573141054 350036.14006912428886 44.06395875825461 173.74602161262894
38700.0 -0.00896830305899 16.72032196939103 -155.47700620283985 350000.86360034253448 44.30773904870427 173.66562549761753
38730.0 -0.00929733014346 16.74500276526669 -155.47546774303956 349952.68982787709683 44.55169141856160 173.58499706407565
38760.0 -0.00954787567661 16.76868460812998 -155.47385929739022 350014.54695049300790 44.79599156359275 173.50390008304547
38790.0 -0.00962736655335 16.79277979775548 -155.47235351079414 350003.12330518569797 45.04047482737057 173.42252597429453
38820.0 -0.00911721874156 16.81681490209676 -155.47089386188986 349979.41465366166085 45.28516363069880 173.34083110582728
38850.0 -0.00899345700841 16.84033148994613 -155.46941735310955 350005.48573410604149 45.53016196071252 173.25866605497748
38880.0 -0.00934261032529 16.86379776837297 -155.46797984375803 350020.06995418295264 45.77545084855712 173.17603695583088
38910.0 -0.00984168746828 16.88720983686915 -155.46658382484756 350022.95112109743059 46.02097720935223 173.09299435769015
38940.0 -0.00878014305513 16.91055572193944 -155.46523876248767 350013.37834505829960 46.26656710868806 173.00974785013460
38970.0 -0.00790172383757 16.93385682053728 -155.46392509898590 349992.84940523467958 46.51254510688195 172.92585658460857
39000.0 -0.00903672444881 16.95710369643579 -155.46265014486630 349960.77731265965849 46.75877521455594 172.84147833649533
39030.0 -0.00842595729373 16.97939381677692 -155.46129703066447 350042.26584716793150 47.00524034220988 172.75661640577940
39060.0 -0.00999161247626 17.00252761195043 -155.46010414558225 349986.97911066934466 47.25184677722496 172.67137665545283
39090.0 -0.00787858144771 17.02471914699840 -155.45882569612644 350046.33957646414638 47.49876806727529 172.58550773678124
39120.0 -0.00838269103521 17.04774468647165 -155.45770713956719 349968.36485072039068 47.74584123596099 172.49920789542091
39150.0 -0.00721247394929 17.06982771491143 -155.45650830899305 350005.16111623216420 47.99308718719735 172.41242967261147
39180.0 -0.00842696425538 17.09186611018919 -155.45534153310462 350031.37377083394676 48.24060903399025 172.32501165897111
39210.0 -0.00879422869950 17.11385843584804 -155.45420721780056 350046.95390868000686 48.48838928362329 172.23695477137545
39240.0 -0.00790876902352 17.13623401674888 -155.45316914117063 349987.95831185858697 48.73637242901114 172.14831272542378
39270.0 -0.00859198186939 17.15768120441258 -155.45205256669706 350044.93146343901753 48.98438494115842 172.05930567365507
39300.0 -0.00804359906171 17.17952116436736 -155.45102256648582 350028.01584106963128 49.23275105486415 171.96945888180193
39330.0 -0.00794801098106 17.20131128176975 -155.45002490426782 350000.42020615097135 49.48133427692429 171.87893782606858
39360.0 -0.00884554355998 17.22305013484136 -155.44905995318274 349962.10508885141462 49.73011689908140 171.78774294778052
39390.0 -0.00808988738708 17.24388973798116 -155.44800614371235 350041.83815017715096 49.97900563222652 171.69598330197402
39420.0 -0.00844004411998 17.26552933709440 -155.44710493253956 349982.44440108258277 50.22817133568871 171.60338875771617
39450.0 -0.00791581184570 17.28627998861693 -155.44611170328227 350041.84769917745143 50.47745300521832 171.51016518668752
39480.0 -0.00794398549820 17.30781070550460 -155.44527898335045 349960.99831598158926 50.72686986553608 171.41625981493465
39510.0 -0.00810196029001 17.32847021180627 -155.44434505614501 350000.11939466372132 50.97652376213948 171.32149618107459
39540.0 -0.00834948493820 17.34908870809491 -155.44343767846837 350029.43428125511855 51.22639859241269 171.22586832929466
39570.0 -0.00795103068414 17.36966217429800 -155.44255939675378 350048.75309916026890 51.47643643990161 171.12943288566734
39600.0 -0.00775783587200 17.39058185656118 -155.44178429073710 349991.80962512735277 51.72646280622912 171.03242304129665
39630.0 -0.00812007141724 17.41106067690162 -155.44096391145905 349991.00187575817108 51.97680397937491 170.93432047988060
39660.0 -0.00751836100766 17.43109698031596 -155.44010409555332 350046.30965889431536 52.22732149535390 170.83530010383157
39690.0 -0.00820358777684 17.45148767656498 -155.43933695265298 350025.92472908366472 52.47799692815887 170.73535802559664
39720.0 -0.00814120106568 17.47182604308939 -155.43860110557827 349995.35847200080752 52.72873753371904 170.63460626749989
39750.0 -0.00774073288831 17.49212302871189 -155.43788705609273 349955.24632551800460 52.97971082059262 170.53275106223055
39780.0 -0.00720643690688 17.51159293508513 -155.43706809983709 350038.19632109068334 53.23075806443823 170.43000658888363
39810.0 -0.00854368316635 17.53179204892604 -155.43641111506250 349978.33167325146496 53.48189659578173 170.32631259425719
39840.0 -0.00773167614281 17.55118201358106 -155.43564061286853 350042.61034637596458 53.73322649059642 170.22147339136293
39870.0 -0.00703135794949 17.57129619938890 -155.43502762283040 349963.83712811488658 53.98473288213056 170.11547370394769
39900.0 -0.00809089316685 17.59060647314062 -155.43430270114439 350009.60260379500687 54.23635544546693 170.00837241306104
39930.0 -0.00669629145885 17.60986736511928 -155.43360884491781 350045.69737509731203 54.48794294696302 169.90038110574599
39960.0 -0.00674458898001 17.62947044960605 -155.43299888836401 350005.70654703117907 54.73979433810732 169.79096693551045
39990.0 -0.00670434124269 17.64902859345800 -155.43241163705633 349956.31943712756038 54.99175922158469 169.68033545295128
40020.0 -0.00656548572164 17.66816903714292 -155.43178165993334 349965.01276484783739 55.24374550640195 169.56860065327618
40050.0 -0.00710782912314 17.68727441711700 -155.43116890882561 349964.90207141730934 55.49591675582312 169.45544191258497
40080.0 -0.00736139317750 17.70633432697646 -155.43058085400261 349955.51414356473833 55.74811678896457 169.34108095844346
40110.0 -0.00628374919667 17.72499110528302 -155.42994566873404 350005.10429260320961 56.00036085072009 169.22544815226334
40140.0 -0.00644977022669 17.74361516540798 -155.42932758687294 350046.13195284362882 56.25274679054771 169.10832540508866
40170.0 -0.00691765874161 17.76255888648651 -155.42879768190372 350010.13599636405706 56.50526081442182 168.98968549653588
40200.0 -0.00726781429263 17.78145946440175 -155.42828814591772 349965.12164360377938 56.75784020003017 168.86958850916676
40230.0 -0.00619822127752 17.79961098014338 -155.42766304641387 350048.10991452168673 57.01033490913635 168.74825614681703
40260.0 -0.00620928840069 17.81843030108277 -155.42719207920322 349985.43308160547167 57.26304048483542 168.62509996987740
40290.0 -0.00618010896841 17.83686356326358 -155.42666786574935 349982.82525449804962 57.51580649553003 168.50033617002839
40320.0 -0.00650108863280 17.85525266831333 -155.42616591128115 349971.32930189277977 57.76854154806620 168.37407944103293
40350.0 -0.00669830420028 17.87327102210452 -155.42560500604790 350020.71415930893272 58.02140437752604 168.24597496979419
40380.0 -0.00647090105700 17.89158557991012 -155.42513708468269 349992.17456797230989 58.27424158658253 168.11625179306245
40410.0 -0.00611671884124 17.90985734099032 -155.42468859169810 349954.91631118673831 58.52706598224817 167.98482698959376
40440.0 -0.00640248084907 17.92776360532531 -155.42418082196937 349978.90571273118258 58.77997245730671 167.85145337998583
40470.0 -0.00582994868987 17.94563813086879 -155.42368657297087 349994.74314372893423 59.03294793732945 167.71608721076723
40500.0 -0.00614992257449 17.96347666472943 -155.42320849653890 350002.27728743758053 59.28592721929400 167.57878775287858
40530.0 -0.00569008620716 17.98126935027350 -155.42275342773547 350001.13299891445786 59.53876172474526 167.43978673989602
40560.0 -0.00556431291446 17.99903580780670 -155.42230607015475 349992.15541058406234 59.79174186844028 167.29842590305833
40590.0 -0.00497769511090 18.01676610701376 -155.42187333774606 349974.96129727829248 60.04471741512782 167.15493180069802
40620.0 -0.00663591867100 18.03414152053111 -155.42138442092894 350019.76217946782708 60.29759763519820 167.00941740501563
40650.0 -0.00572832474869 18.05180079041363 -155.42098013148359 349986.29578883945942 60.55053526640987 166.86148350643620
40680.0 -0.00580479355858 18.06911116197937 -155.42051771456025 350015.15647133812308 60.80337988217768 166.71136525557739
40710.0 -0.00636424348942 18.08669081358042 -155.42014608301133 349965.20527955703437 61.05614132560534 166.55896055592552
40740.0 -0.00583196261318 18.10363248946274 -155.41963379041709 350049.07830298971385 61.30891052228505 166.40398357651438
40770.0 -0.00590541408375 18.12114824475889 -155.41928281864602 349983.38634405564517 61.56167454608475 166.24636707735093
40800.0 -0.00578970213444 18.13832836185536 -155.41886899376513 349980.71522771008313 61.81436551430419 166.08616590644178
40830.0 -0.00591648238879 18.15546489681727 -155.41847458785213 349969.82792896218598 62.06683651842540 165.92362064125905
40860.0 -0.00556431409634 18.17228666079236 -155.41800814859192 350022.85795443505049 62.31937054315871 165.75798355521056
40890.0 -0.00554921676280 18.18936804136272 -155.41762926976881 349996.81898932810873 62.57181771120718 165.58949002138442
40920.0 -0.00545765416500 18.20640967132033 -155.41726543235259 349962.79617536626756 62.82408776832148 165.41824688787960
40950.0 -0.00647693928129 18.22313941567599 -155.41683140623007 349992.91092842537910 63.07632584048510 165.24379595745509
40980.0 -0.00510950780977 18.23983552750399 -155.41641055983325 350015.34791837260127 63.32838453555902 165.06637552655650
41010.0 -0.00583095446965 18.25649880483813 -155.41600180527141 350030.16491433605552 63.58026991163361 164.88585520707696
41040.0 -0.00488814289078 18.27313557442479 -155.41560003803701 350037.60417579766363 63.83206746871392 164.70189648356765
41070.0 -0.00529464929243 18.28974536833323 -155.41520512405864 350037.67065979912877 64.08376349219803 164.51439786732229
41100.0 -0.00522220241976 18.30632375799081 -155.41481980425169 350030.23990014009178 64.33528699481150 164.32340341400274
41130.0 -0.00493442767050 18.32286112127696 -155.41445056652506 350015.02673277445138 64.58649280512080 164.12915926642845
41160.0 -0.00428844285886 18.33937696468828 -155.41408278621566 349992.69273075833917 64.83765328604093 163.93080048596599
41190.0 -0.00539325825805 18.35586144863473 -155.41372312646885 349962.94071667734534 65.08861890572247 163.72856729756816
41220.0 -0.00518195350056 18.37205156323440 -155.41329618979842 349998.32073598168790 65.33929939832097 163.52255259665853
41250.0 -0.00466275130704 18.38822032092904 -155.41287285327695 350026.67894378770143 65.58982994898729 163.31221777850888
41280.0 -0.00438604604471 18.40460982989303 -155.41253899992134 349974.83429763745517 65.84006599714095 163.09779810453935
41310.0 -0.00508636423803 18.42071475542207 -155.41213486971080 349988.55345831345767 66.09000847895800 162.87912050465226
41340.0 -0.00511252514910 18.43679581313110 -155.41173477374608 349995.24002258107066 66.33973526923133 162.65577266625826
41370.0 -0.00473419358182 18.45285267988946 -155.41133849868771 349994.90263745561242 66.58923029589478 162.42760188381408
41400.0 -0.00486600628069 18.46888083749122 -155.41094883550758 349987.43075846321881 66.83841860261673 162.19463031378618
41430.0 -0.00419889182062 18.48463328072156 -155.41049163778970 350045.98617165163159 67.08715649820127 161.95710253596968
41460.0 -0.00463659039597 18.50084194471364 -155.41019402207667 349950.92712637316436 67.33570111652118 161.71399620688788
41490.0 -0.00416669386714 18.51655271658090 -155.40974018409426 349995.80755082145333 67.58390286918144 161.46554805562116
41520.0 -0.00468086361615 18.53223494550678 -155.40929469774625 350033.68589198309928 67.83167041669151 161.21182332142243
41550.0 -0.00367667228777 18.54812473858357 -155.40893130996631 349991.06880127452314 68.07912547578573 160.95217085376589
41580.0 -0.00385074546538 18.56375766275870 -155.40849383437561 350015.20065794140100 68.32612556545438 160.68681102729516
41610.0 -0.00416971238834 18.57958381897821 -155.40814413236052 349958.46988499257714 68.57266423644387 160.41550509114347
41640.0 -0.00356699501711 18.59516568032376 -155.40771417995148 349968.89465356152505 68.81880826597066 160.13773459754751
41670.0 -0.00472714839587 18.61072636082713 -155.40728517499241 349972.61232788302004 69.06453652882755 159.85326860427935
41700.0 -0.00365051019482 18.62626125057318 -155.40685996295352 349969.52666885498911 69.30976838089340 159.56208831760580
41730.0 -0.00313734740747 18.64176094983984 -155.40644476764351 349959.43504685070366 69.55436066088703 159.26442289200699
41760.0 -0.00371893276651 18.65703867623185 -155.40594277409286 350017.22317690216005 69.79854832779947 158.95903337556578
41790.0 -0.00424718815989 18.67249986919241 -155.40552561819175 349993.95864784251899 70.04218051007707 158.64613712916193
41820.0 -0.00354385380912 18.68772950024831 -155.40503126746799 350038.41800871677697 70.28516261529283 158.32574836159159
41850.0 -0.00361931802112 18.70314110710878 -155.40461832170232 350001.79243353940547 70.52759729438060 157.99705470096217
41880.0 -0.00364246041098 18.71852227641712 -155.40420992639542 349958.38248166721314 70.76934227911825 157.66024040353525
41910.0 -0.00298641425595 18.73368177558164 -155.40372158483501 349983.03468531090766 71.01037977060628 157.31496455787692
41940.0 -0.00418380039647 18.74882333755186 -155.40323181347816 350001.24973188806325 71.25075972788164 156.96055308904570
41970.0 -0.00348348102127 18.76394691893385 -155.40274024196788 350013.03950782027096 71.49045122378229 156.59665435124467
42000.0 -0.00338688361520 18.77904781539147 -155.40224977532316 350018.32251964882016 71.72936455133083 156.22317729633002
42030.0 -0.00371792580486 18.79411673114486 -155.40176653437578 350016.93502572271973 71.96735469902201 155.84031131202531
42060.0 -0.00321381858112 18.80917299355587 -155.40127654679540 350009.27703230734915 72.20462352656718 155.44651397275354
42090.0 -0.00328827583146 18.82420687742891 -155.40078624389196 349995.17142901662737 72.44101597037780 155.04195626940390
42120.0 -0.00366761672415 18.83921291074770 -155.40029906212931 349974.53507788386196 72.67642985398362 154.62656405625941
42150.0 -0.00363340484737 18.85403193202776 -155.39972262215088 350022.96810257714242 72.91093951748447 154.19929193743013
42180.0 -0.00321784170022 18.86899549539350 -155.39923304199422 349989.58746357262135 73.14439883971197 153.76025401042787
42210.0 -0.00287875090860 18.88376944719053 -155.39865888225899 350025.29970687907189 73.37677158240116 153.30895279808215
42240.0 -0.00372496980892 18.89868879929582 -155.39816655149752 349979.21171391569078 73.60808116168367 152.84448674733378
42270.0 -0.00353177972430 18.91343050725246 -155.39758413385812 350002.48647480364889 73.83827836904148 152.36632174269658
42300.0 -0.00343618691613 18.92815278398106 -155.39700023222193 350019.51620556041598 74.06725793753562 151.87424934080985
42330.0 -0.00255877938775 18.94284643545803 -155.39642088041376 350030.17476339545101 74.29486784084348 151.36838417597417
42360.0 -0.00328223997093 18.95753072609746 -155.39583223665625 350034.77765970304608 74.52125911772406 150.84676100835745
42390.0 -0.00263122389666 18.97219596269746 -155.39524068961396 350033.18608226533979 74.74626639961693 150.30946886626987
42420.0 -0.00331846458915 18.98683675910691 -155.39464961526002 350025.33808266557753 74.96977165086713 149.75629703441538
42450.0 -0.00267952259969 19.00146257583438 -155.39405203115700 350011.38448338303715 75.19180537172225 149.18587473190635
42480.0 -0.00278215468441 19.01606469657993 -155.39345363911121 349991.21786961145699 75.41220951772739 148.59820677378818
42510.0 -0.00300251500551 19.03064358680051 -155.39285373514110 349964.86363864876330 75.63091689637368 147.99257601196555
42540.0 -0.00269461638760 19.04507413706412 -155.39215984998700 350008.63303085509688 75.84790788570173 147.36777075910419
42570.0 -0.00234143758785 19.05949352024152 -155.39145892026224 350046.43147736322135 76.06310022136289 146.72300947076050
42600.0 -0.00327117166589 19.07402217303660 -155.39084228900757 350001.88339764717966 76.27636134643973 146.05792941705846
42630.0 -0.00326915892446 19.08851985742845 -155.39022803928304 349951.11982537806034 76.48752243805976 145.37255165056465
42660.0 -0.00240986015954 19.10276671070894 -155.38942496156460 350047.23339478112757 76.69665520411343 144.66436661950388
42690.0 -0.00341103414860 19.11723699095149 -155.38879391552780 349984.51192017551512 76.90357290323661 143.93337786442447
42720.0 -0.00258594489671 19.13156681434912 -155.38807203106884 349992.19965373724699 77.10812744351597 143.17922638989097
42750.0 -0.00275498917545 19.14588499746938 -155.38734119741429 349993.97500975616276 77.31028067864393 142.40016068104893
42780.0 -0.00299647678122 19.16018301592719 -155.38660698464065 349989.76570173632354 77.50984913341065 141.59609899970869
42810.0 -0.00311822931858 19.17446126440941 -155.38586875055930 349979.59160332009196 77.70671492405536 140.76611247749560
42840.0 -0.00189669500843 19.18862363387592 -155.38503192344547 350040.22965093795210 77.90079009285466 139.90868103223423
42870.0 -0.00301257753078 19.20287754720782 -155.38427575699799 350018.31120210886002 78.09193704436728 139.02281775223528
42900.0 -0.00266946007442 19.21711301328223 -155.38351355061383 349990.47300003096461 78.27997906975385 138.10810354096776
42930.0 -0.00275297525214 19.23122767814512 -155.38266049346458 350033.50131855439395 78.46471727520509 137.16460424419031
42960.0 -0.00250041934132 19.24543029063630 -155.38188410233536 349993.91438912972808 78.64610381228869 136.18932192999745
42990.0 -0.00282944760767 19.25952741128303 -155.38100906108804 350025.36323884502053 78.82391768563294 135.18239156681278
43020.0 -0.00252758603216 19.27369180126735 -155.38022078000179 349974.03623591922224 78.99796451590487 134.14354430576972
43050.0 -0.00205869528310 19.28776041398172 -155.37932994474059 349993.86685838643461 79.16810748672717 133.07088708318440
43080.0 -0.00306489817104 19.30181244953410 -155.37843318887184 350007.90109267085791 79.33412613369632 131.96460423448150
43110.0 -0.00208687011748 19.31584822971569 -155.37752992782944 350016.15384775958955 79.49583366662895 130.82394320400380
43140.0 -0.00283447768843 19.32987366334168 -155.37661567594012 350018.66294515505433 79.65305030347217 129.64751572254718
43170.0 -0.00272580856130 19.34388922324251 -155.37568974033454 350015.43543026596308 79.80556713608499 128.43466066888536
43200.0 -0.00239174785043 19.35788994473240 -155.37475530439104 350006.45639606099576 79.95316023092376 127.18552570504718
43230.0 -0.00212208659216 19.37186665303692 -155.37381827426287 349991.71347420569509 80.09560245515272 125.90096031298030
43260.0 -0.00243199440587 19.38583854015468 -155.37286495160652 349971.27535655628890 80.23269911622224 124.57823026869444
43290.0 -0.00258192177761 19.39973754288236 -155.37180810292381 350022.35489555727690 80.36421004408312 123.21851627472019
43320.0 -0.00228811116782 19.41367832713775 -155.37083791027155 349990.50544608011842 80.48991014281431 121.82262895425818
43350.0 -0.00215729952120 19.42755584154290 -155.36976030969848 350030.25031071342528 80.60956783364901 120.38963682894041
43380.0 -0.00282039440782 19.44147011622355 -155.36876860565965 349987.03606104198843 80.72296034578234 118.92116859568203
43410.0 -0.00245413219784 19.45531902740184 -155.36767380574906 350015.47110093198717 80.82986539956430 117.41792831427351
43440.0 -0.00217642115573 19.46916105346034 -155.36656555779280 350038.27925860509276 80.93004633652340 115.88005084031875
43470.0 -0.00217340145264 19.48303781112143 -155.36553822842504 349978.08918575663120 81.02327546438158 114.30865379402827
43500.0 -0.00201844518203 19.49685914978935 -155.36440508057223 349989.63428313098848 81.10935450625149 112.70595871511104
43530.0 -0.00237263212531 19.51066018358559 -155.36326683758173 349995.57869305275381 81.18812471472768 111.07499427449059
43560.0 -0.00166929304702 19.52445989303598 -155.36210979743362 349995.91125630401075 81.25930655648065 109.41500741382542
43590.0 -0.00225792359201 19.53824868987566 -155.36094034148212 349990.64537046384066 81.32276122948466 107.72966334132749
43620.0 -0.00189166492767 19.55202150607468 -155.35976168508154 349979.79932735208422 81.37835895887659 106.02222661652638
43650.0 -0.00281435381977 19.56578711228369 -155.35856729295324 349963.36084337811917 81.42589587842158 104.29418370603335
43680.0 -0.00167533245319 19.57951680730125 -155.35726535208275 350018.83793006464839 81.46530133453717 102.54967434323530
43710.0 -0.00169444817831 19.59325512012582 -155.35604925992254 349991.28904121089727 81.49647412408518 100.79183704850402
43740.0 -0.00227502893947 19.60698419666990 -155.35481779268753 349958.17049938905984 81.51928119262023 99.02317673286363
43770.0 -0.00181921687312 19.62069269889824 -155.35347213977215 349996.99222836364061 81.53364921775237 97.24706596148441
43800.0 -0.00245815768070 19.63439315716692 -155.35211305376919 350030.28641101997346 81.53959270773727 95.46780157524297
43830.0 -0.00167432430966 19.64808312100985 -155.35084489838349 349980.58022488281131 81.53720393213622 93.69014226098915
43860.0 -0.00250142512110 19.66176605756543 -155.34945713556979 350002.82347176223993 81.52628726375453 91.91510233952326
43890.0 -0.00194096822860 19.67544156156892 -155.34805442213323 350019.54876840393990 81.50698709531839 90.14754180417539
43920.0 -0.00215026024466 19.68910225411913 -155.34673940176560 349953.25654215272516 81.47943470011755 88.39155549775130
43950.0 -0.00231024423227 19.70275861207378 -155.34530700840713 349958.96553044486791 81.44360738582581 86.64938047614068
43980.0 -0.00236256960004 19.71640334261691 -155.34386157245763 349959.19879032392055 81.39972158177018 84.92516851161029
44010.0 -0.00131913513224 19.73003654294632 -155.34240267132162 349953.96330712363124 81.34791319840753 83.22185997755039
44040.0 -0.00241489024030 19.74367780842665 -155.34082516694394 350020.75483415834606 81.28824942651097 81.54155226271013
44070.0 -0.00193191266499 19.75730304541785 -155.33932920381739 350004.49272996559739 81.22088042567738 79.88672041846095
44100.0 -0.00160791447939 19.77091786851761 -155.33781789145712 349982.76172828488052 81.14607266020984 78.26025419807536
44130.0 -0.00212007385073 19.78453616468421 -155.33619536541678 350033.17207370791584 81.06417011660966 76.66502217652551
44160.0 -0.00190977723678 19.79813459082465 -155.33465083707580 350000.50051556900144 80.97506520673649 75.10084902408788
44190.0 -0.00218547553746 19.81172324971413 -155.33308941841571 349962.36581246647984 80.87913077641296 73.57021447977833
44220.0 -0.00288881343387 19.82532833711234 -155.33141158185285 349996.32530678994954 80.77667805349950 72.07478082764348
44250.0 -0.00182626205907 19.83893288098687 -155.32971293482527 350024.77430004160851 80.66778255714944 70.61476007334522
44280.0 -0.00160690869962 19.85249242509492 -155.32810199487642 349970.31617669388652 80.55281285660004 69.19155040272057
44310.0 -0.00256079094730 19.86607780106338 -155.32637193374734 349987.92785084992647 80.43200206653269 67.80562593934846
44340.0 -0.00160489595819 19.87966065140743 -155.32462137619672 350000.05261695291847 80.30547285835182 66.45685008802191
44370.0 -0.00236659271914 19.89324191620229 -155.32284926036166 350006.67530007567257 80.17343175317023 65.14530685053930
44400.0 -0.00180412663086 19.90681608174492 -155.32105920367127 350007.86470372322947 80.03621096933908 63.87134647219087
44430.0 -0.00194398674981 19.92037460429931 -155.31925704847660 350003.74035193771124 79.89420614023638 62.63527792548791
44460.0 -0.00192185013972 19.93393621503762 -155.31742881941668 349994.04995821882039 79.74725480443243 61.43556026822402
44490.0 -0.00197417432561 19.94749139038982 -155.31558105783736 349978.92104674782604 79.59575872238928 60.27235554604422
44520.0 -0.00118128302720 19.96103527918616 -155.31371693466335 349958.42699746787548 79.44002399198222 59.14535655651830
44550.0 -0.00183833614388 19.97463857112320 -155.31172336254312 350009.77957860939205 79.28007641055123 58.05346716369710
44580.0 -0.00166325718649 19.98817175296761 -155.30981843675082 349978.40562940668315 79.11626352040173 56.99635019279173
44610.0 -0.00265034198554 20.00176249886808 -155.30778803002866 350018.95173057913780 78.94877184163470 55.97320390603712
44640.0 -0.00210598702448 20.01528295539712 -155.30584228187516 349976.73086127638817 78.77765888899253 54.98295369015269
44670.0 -0.00188663366504 20.02887322365182 -155.30376466422223 350006.27058919146657 78.60306945933763 54.02472328340849
44700.0 -0.00142277299673 20.04245956977412 -155.30166640250366 350030.37460392061621 78.42528697307952 53.09786221234543
44730.0 -0.00146000221285 20.05603353325032 -155.29955336192606 350049.19459790177643 78.24465316421158 52.20174619646155
44760.0 -0.00195505623673 20.06953153752668 -155.29752090162251 349985.24098102282733 78.06090519053339 51.33481125466915
44790.0 -0.00186349127518 20.08310569103784 -155.29535705864788 349993.01921470090747 77.87439221380708 50.49648646647876
44820.0 -0.00204158875377 20.09667180892080 -155.29317408617882 349995.43522174376994 77.68535499829619 49.68599286843979
44850.0 -0.00215126602443 20.11023794391062 -155.29096562305008 349992.33316665794700 77.49374083660845 48.90219408030342
44880.0 -0.00119436525555 20.12379682230889 -155.28873668577836 349983.85253202356398 77.29983349135210 48.14439251199077
44910.0 -0.00180814856808 20.13744453666202 -155.28637537742270 350046.99395847972482 77.10375141037265 47.41169608953482
44940.0 -0.00144491078870 20.15099688117974 -155.28410004699805 350027.61669739149511 76.90547992878406 46.70311705170673
44970.0 -0.00173369013586 20.16454844815529 -155.28179823581476 350002.72005012258887 76.70509518860224 46.01780497141394
45000.0 -0.00119134673435 20.17809351807292 -155.27947383280210 349972.42190287914127 76.50282462590430 45.35505689195502
45030.0 -0.00181116827116 20.19173110805224 -155.27701934396001 350013.75821241643280 76.29895232083854 44.71420145854771
45060.0 -0.00162300826730 20.20537793323392 -155.27453293755926 350049.38781153503805 76.09314243848729 44.09415219488650
45090.0 -0.00195102957199 20.21891157347193 -155.27213564931594 350002.74440751504153 75.88569421403784 43.49432135067021
45120.0 -0.00131611542916 20.23243469599709 -155.26971725439196 349950.78656891826540 75.67679452587615 42.91403865700127
45150.0 -0.00165722132596 20.24619211794970 -155.26704089256964 350046.69735328294337 75.46633678428459 42.35249827517121
45180.0 -0.00121951802309 20.25970838832006 -155.26457163474959 349983.81711365934461 75.25455457655356 41.80910466174233
45210.0 -0.00209693146087 20.27333869298941 -155.26196347946848 349992.20473658759147 75.04151956857454 41.28319512071717
45240.0 -0.00134831338263 20.28696993637363 -155.25932718529100 349995.03658574540168 74.82717038010237 40.77408727711953
45270.0 -0.00145195361089 20.30060337601168 -155.25666136533096 349992.27088117413223 74.61153691976814 40.28117288291649
45300.0 -0.00188160240240 20.31423318551531 -155.25397005359991 349984.05034229718149 74.39480986167457 39.80391457377094
45330.0 -0.00130001704336 20.32798606220652 -155.25114102709614 350047.00078975874931 74.17723421857723 39.34179042290106
45360.0 -0.00160791447939 20.34147549919891 -155.24851427133444 349951.40494094602764 73.95843297638302 38.89415512527288
45390.0 -0.00174878392376 20.35523742444406 -155.24562288713540 350003.03426145017147 73.73867256492942 38.46054755124987
45420.0 -0.00128593021711 20.36899721455315 -155.24270640647504 350049.19725102651864 73.51810566535477 38.04048385244879
45450.0 -0.00173067161465 20.38261664336695 -155.23987869272827 350013.46992146130651 73.29659615249470 37.63345939018460
45480.0 -0.00075465275689 20.39622922552999 -155.23702550626257 349972.34970929287374 73.07434497866981 37.23903462116709
45510.0 -0.00132517217465 20.40998600001740 -155.23402539449128 350001.93532068748027 72.85139686081160 36.85676427690229
45540.0 -0.00132114669179 20.42374634668314 -155.23099404074080 350025.86247687973082 72.62766439521944 36.48621883931462
45570.0 -0.00193694392762 20.43751161839239 -155.22792993131728 350044.07739199418575 72.40314949062653 36.12699847347533
45600.0 -0.00145698487352 20.45111643403598 -155.22496016279896 349980.82941271178424 72.17802169054364 35.77871814455359
45630.0 -0.00093677571834 20.46486879205618 -155.22184549228379 349988.26804271526635 71.95250157068510 35.44099386361604
45660.0 -0.00164313213596 20.47863025688333 -155.21869345333187 349989.83517113793641 71.72619125226666 35.11348506552712
45690.0 -0.00121046364135 20.49239138670758 -155.21551101313457 349985.81458449829370 71.49933693450973 34.79584311644784
45720.0 -0.00129800548381 20.50614759302162 -155.21230136455856 349976.34785395581275 71.27207043436303 34.48772831252024
45750.0 -0.00211001014358 20.52007923738283 -155.20893242728334 350036.79572714585811 71.04424113140763 34.18884273272344
45780.0 -0.00083716215483 20.53383647677488 -155.20565997458155 350016.08204392343760 70.81602883256521 33.89886639491119
45810.0 -0.00169545513997 20.54758912427829 -155.20235874677525 349989.89162686839700 70.58746346052598 33.61750512044244
45840.0 -0.00060774863387 20.56134237987376 -155.19902415482002 349958.03923730924726 70.35844387970816 33.34449940518000
45870.0 -0.00131410268773 20.57528122123518 -155.19552651327734 349995.81115494761616 70.12895491451903 33.07959221109904
45900.0 -0.00169042269546 20.58922139924909 -155.19199705667637 350027.92068574763834 69.89915432485887 32.82250370019464
45930.0 -0.00139761904732 20.60296598509909 -155.18857113048168 349979.43828979320824 69.66924699206731 32.57294626025136
45960.0 -0.00122756898881 20.61690814589188 -155.18497569681330 350000.19425952713937 69.43882546827298 32.33077381527664
45990.0 -0.00076169676095 20.63085228990726 -155.18134652015277 350015.23068183846772 69.20812314003376 32.09571568126461
46020.0 -0.00078483915081 20.64479388663727 -155.17768680919758 350024.70514808129519 68.97725864420099 31.86752848869597
46050.0 -0.00188864640647 20.65874022758694 -155.17399016427308 350028.33355886396021 68.74607519334404 31.64604594633713
46080.0 -0.00050511654915 20.67248275708814 -155.17039386240717 349951.50151160266250 68.51473807735569 31.43102863542790
46110.0 -0.00133221499683 20.68662683738892 -155.16650072224795 350018.77389410603791 68.28326920920686 31.22227961382107
46140.0 -0.00127485954831 20.70057173475898 -155.16270319668865 350005.38599750213325 68.05156051258956 31.01964770048462
46170.0 -0.00028375044828 20.71452093750738 -155.15886714478299 349986.11155857332051 67.81958584459011 30.82296849537813
46200.0 -0.00176488230956 20.72868066085784 -155.15486216983123 350035.72563142050058 67.58749641102574 30.63202996597557
46230.0 -0.00066610868030 20.74262077799980 -155.15096371574111 350005.37637415155768 67.35548634460544 30.44660781954834
46260.0 -0.00099614154454 20.75656910555016 -155.14702202649713 349968.93905883934349 67.12314473419106 30.26667797809012
46290.0 -0.00176085800858 20.77073634455956 -155.14290742522684 350001.08770111855119 66.89069635521565 30.09202091848902
46320.0 -0.00080898850233 20.78490308699883 -155.13875876434219 350027.52919465396553 66.65825097894854 29.92245575150873
46350.0 -0.00071239346002 20.79907642115016 -155.13456960262073 350047.94866422563791 66.42565017781034 29.75789868583754
46380.0 -0.00076572106193 20.81302212292346 -155.13048385588345 349988.54695987422019 66.19304850023295 29.59816344497538
46410.0 -0.00143685982298 20.82719262339682 -155.12622415412147 349997.53775902092457 65.96046359977950 29.44311485883430
46440.0 -0.00100620525169 20.84136770160834 -155.12192409642910 350000.54506116267294 65.72778419668390 29.29267029568719
46470.0 -0.00153949427146 20.85554898342603 -155.11758176079988 349997.47571488935500 65.49497661844160 29.14672528976449
46500.0 -0.00102330941726 20.86973023207697 -155.11320191129775 349988.59046504739672 65.26218844391876 29.00511113882873
46530.0 0.00003823617777 20.88414396518082 -155.10864825571630 350047.86726507730782 65.02960588032450 28.86764513923168
46560.0 -0.00096092625174 20.89832970817642 -155.10418938305028 350027.12733203917742 64.79681787962973 28.73437999710598
46590.0 -0.00092872593450 20.91251602380074 -155.09969091049288 350000.49573458824307 64.56404301720983 28.60512984913123
46620.0 -0.00119738377676 20.92669851315396 -155.09515611243228 349968.16495567839593 64.33138466501222 28.47975466889142
46650.0 -0.00104444024758 20.94113456133785 -155.09043298924249 350003.05815372709185 64.09868524110803 28.35822256893598
46680.0 -0.00057454253686 20.95557238695853 -155.08567046427203 350032.00810978841037 63.86609076043643 28.24038286484685
46710.0 -0.00077477898931 20.96975588013591 -155.08101560376707 349981.95134838018566 63.63361672768728 28.12613999675105
46740.0 -0.00103739624351 20.98419836303522 -155.07617028207588 349998.88268917612731 63.40115075545400 28.01545512124474
46770.0 -0.00079389589631 20.99864856444739 -155.07127869547108 350009.51978394668549 63.16865362791238 27.90826318565776
46800.0 -0.00101928393440 21.01309993561156 -155.06634595158198 350014.17037136480212 62.93627559544757 27.80442328984703
46830.0 -0.00088445507809 21.02754504247433 -155.06137818655333 350013.19143127463758 62.70418738228938 27.70378113913540
46860.0 -0.00082307532858 21.04200142994740 -155.05635928509597 350005.67130052763969 62.47198424728298 27.60643798877030
46890.0 -0.00083112393054 21.05645975687291 -155.05129691105813 349992.06344110891223 62.23987999498564 27.51223065775463
46920.0 -0.00097702463754 21.07118832694486 -155.04604184053318 350044.97750535607338 62.00797305632955 27.42104646947670
46950.0 -0.00128089895447 21.08565096502915 -155.04089178990063 350019.13948405440897 61.77610808393612 27.33288648368279
46980.0 -0.00069025684993 21.10011175955038 -155.03569993659698 349987.35409349482507 61.54442390470592 27.24762456773628
47010.0 -0.00058057957927 21.11484989320530 -155.03031140233895 350021.74160836264491 61.31293509402126 27.16519099741030
47040.0 -0.00173570405917 21.12959506120746 -155.02487461870894 350049.71900123357773 61.08152936249853 27.08557529639665
47070.0 -0.00011873047052 21.14406433054310 -155.01954397993683 349999.26810160372406 60.85016314168858 27.00873894620334
47100.0 -0.00115512447989 21.15881828736958 -155.01401225061358 350014.60492006968707 60.61898109563458 26.93455985356136
47130.0 -0.00130202860291 21.17327736941195 -155.00860009099137 349952.47165844682604 60.38815793153860 26.86290264034508
47160.0 -0.00094080120120 21.18803574968401 -155.00297498542056 349955.32041391171515 60.15728706143680 26.79389998134537
47190.0 -0.00051718945209 21.20279701275616 -154.99730230443726 349951.86299867182970 59.92657839982252 26.72740448273609
47220.0 -0.00026664391895 21.21785346065820 -154.99142446423372 350013.68487435579300 59.69612633420482 26.66332230741718
47250.0 0.00003622343634 21.23262074091404 -154.98565584339966 349997.55622943025082 59.46577853838333 26.60167558962107
47280.0 -0.00123662455242 21.24768839905743 -154.97967860392677 350046.41255974303931 59.23566751176868 26.54235573105409
47310.0 -0.00064497784998 21.26245538819844 -154.97381739261183 350017.88627575524151 59.00580762419946 26.48531017794840
47340.0 -0.00071440501957 21.27722531994876 -154.96790541295366 349982.92534475214779 58.77608739506005 26.43054708741108
47370.0 -0.00076572224381 21.29230832846000 -154.96177487918897 350012.19644803926349 58.54645964765993 26.37804627359523
47400.0 -0.00090558472652 21.30739425527169 -154.95559483568795 350035.03391791507602 58.31706868112267 26.32769819830527
47430.0 -0.00071541079935 21.32216253440288 -154.94953912438936 349981.30575433280319 58.08808461991860 26.27938140019454
47460.0 -0.00001207408482 21.33725403454354 -154.94325708933962 349991.18531807884574 57.85910422492834 26.23324860637813
47490.0 -0.00107060115864 21.35234889048404 -154.93692312959416 349994.51960801798850 57.63033408592756 26.18916379737296
47520.0 -0.00070937612070 21.36744286896401 -154.93054063537812 349991.55031007435173 57.40186512349701 26.14704651309563
47550.0 -0.00118228880698 21.38254222271049 -154.92410292552722 349981.84885965660214 57.17354847990934 26.10693240477878
47580.0 -0.00048096601576 21.39796543106768 -154.91744303633237 350035.76724149286747 56.94551090573678 26.06872585024088
47610.0 -0.00048700424005 21.41306525643230 -154.91090400174903 350013.20720148365945 56.71776700528123 26.03238591231520
47640.0 -0.00074459023162 21.42816827569055 -154.90430978713147 349983.96478466968983 56.49020653494882 25.99793312765134
47670.0 -0.00059869307026 21.44360744668394 -154.89748301731305 350017.52849947754294 56.26277919511303 25.96536031606514
47700.0 -0.00061479027418 21.45904959148397 -154.89060227368950 350044.41559735406190 56.03562929240746 25.93456662559635
47730.0 -0.00039242075729 21.47415163855352 -154.88385108016953 349995.70203658286482 55.80892280956390 25.90544093548852
47760.0 -0.00068019314279 21.48959952752799 -154.87685925081541 350009.12734031397849 55.58226019914603 25.87814881962288
47790.0 -0.00039342653706 21.50505075014542 -154.86981090858518 350015.75201661046594 55.35584510417768 25.85256273243969
47820.0 -0.00116015456065 21.52050112752283 -154.86270949488892 350015.83470341470093 55.12976536502810 25.82861200091697
47850.0 -0.00037128874509 21.53595668730316 -154.85554824266364 350008.91921216342598 54.90387584281257 25.80634089969459
47880.0 -0.00061982153681 21.55141177019814 -154.84833208534758 349995.36987599171698 54.67829794927256 25.78566374243146
47910.0 -0.00085426868416 21.56721400661082 -154.84087853675518 350043.90200707688928 54.45304679575975 25.76654757418179
47940.0 -0.00009055799990 21.58267271080709 -154.83354690973235 350016.68979998212308 54.22801363728907 25.74902121877514
47970.0 -0.00042059322790 21.59813632385934 -154.82615263999125 349982.34660312440246 54.00314538214597 25.73308696820803
48000.0 -0.00018011140191 21.61395324916376 -154.81851588392081 350009.61949786636978 53.77858658129865 25.71865009792237
48030.0 -0.00033707805019 21.62976519322559 -154.81082741365029 350030.48417178355157 53.55449938596414 25.70560742061280
48060.0 -0.00057051705400 21.64522976845355 -154.80325696487006 349975.59628019761294 53.33048813372453 25.69413263987111
48090.0 -0.00017206161807 21.66141582342127 -154.79524913513671 350049.71957121789455 53.10675378433039 25.68410471858594
48120.0 -0.00016904309686 21.67687760920359 -154.78756164356875 349981.22706315014511 52.88338136882145 25.67546035141341
48150.0 -0.00063591992261 21.69307099268089 -154.77942912379527 350041.02230873890221 52.66022960057782 25.66824921640216
48180.0 -0.00094382208617 21.70853198677687 -154.77161935225513 349958.62095163017511 52.43741485762589 25.66239347776800
48210.0 -0.00038034430871 21.72472635186835 -154.76336553605341 350004.41936823446304 52.21495292925131 25.65786573430621
48240.0 -0.00054335036316 21.74092699667861 -154.75504479759678 350042.73475461266935 51.99273673044983 25.65470037202365
48270.0 0.00001207290294 21.75676195735477 -154.74684973304332 350006.23032762762159 51.77071061266009 25.65290676311819
48300.0 0.00022539158374 21.77259429595541 -154.73859329918230 349962.79339925292879 51.54901952428568 25.65239457266474
48330.0 -0.00034210931282 21.78879471283764 -154.73008475801706 349979.84584164433181 51.32782201351289 25.65306687815202
48360.0 -0.00063189680351 21.80500595353054 -154.72150085942670 349988.85634689871222 51.10672640635676 25.65510239247706
48390.0 -0.00063592110449 21.82121886518654 -154.71285056228893 349990.52001254260540 50.88593117032045 25.65838521169088
48420.0 0.00031795996131 21.83742937974271 -154.70413743017860 349985.13040133565664 50.66551872541444 25.66285772583320
48450.0 -0.00061177293485 21.85364305736568 -154.69535450457380 349972.17766329646111 50.44535169905642 25.66857286783028
48480.0 0.00018715422409 21.86985454612359 -154.68650676502867 349952.06457028165460 50.22554167389447 25.67545918145689
48510.0 -0.00030286735528 21.88645277015181 -154.67738988142642 349990.89475776534528 50.00610522491556 25.68349316333449
48540.0 -0.00030789861792 21.90305570655286 -154.66820080863016 350021.94689652416855 49.78693702549263 25.69271291903828
48570.0 -0.00099614272642 21.91927135007123 -154.65914341151816 349979.21693164575845 49.56797904509089 25.70313325057780
48600.0 -0.00122555624738 21.93587896905724 -154.64981130504623 349994.92416940443218 49.34937672981788 25.71466700001044
48630.0 -0.00051920101164 21.95247918550199 -154.64041777523630 350003.76106343232095 49.13128520074942 25.72722231836869
48660.0 0.00000201037767 21.96908845656970 -154.63094326404595 350004.21704145055264 48.91331681957804 25.74098085087826
48690.0 0.00100117517094 21.98569768584007 -154.62139706214933 349997.04167388938367 48.69566770623156 25.75583083244190
48720.0 0.00023847026645 22.00270657895561 -154.61156964472238 350047.61574543640018 48.47841782078062 25.77171916388616
48750.0 0.00005936582620 22.01890930321512 -154.60209342989546 349960.19582109525800 48.26143372186937 25.78870058276784
48780.0 0.00021935217757 22.03591933342918 -154.59211832485468 349995.19609381817281 48.04482239102629 25.80670894634209
48810.0 -0.00131309690795 22.05292791623102 -154.58207118117963 350022.54686278197914 47.82860125632995 25.82572349808163
48840.0 -0.00001609838580 22.06993902088411 -154.57194634947177 350041.82031591143459 47.61266680793442 25.84578480037294
48870.0 -0.00048901579960 22.08654158610194 -154.56195966605426 349988.39814618695527 47.39695876855632 25.86691192674729
48900.0 0.00027368792301 22.10355309064990 -154.55168076205425 349991.73183848802000 47.18162314819220 25.88902002650542
48930.0 0.00050310262584 22.12055507792169 -154.54133527860677 349987.96020443737507 46.96681178194807 25.91202144917145
48960.0 -0.00007345383433 22.13798238144905 -154.53067978416669 350039.38686755672097 46.75214107882085 25.93609938832515
48990.0 -0.00116015337877 22.15499046991346 -154.52016897563388 350018.82676436286420 46.53780492473442 25.96114547579564
49020.0 -0.00089049212050 22.17199221922709 -154.50958468013286 349990.67815749719739 46.32388093994176 25.98711026382705
49050.0 -0.00002515631317 22.18899270007610 -154.49891972240405 349954.37912597600371 46.11023960285438 26.01404930723631
49080.0 -0.00066811905797 22.20683865089805 -154.48772245885888 350037.04593233764172 45.89698345830256 26.04190098415905
49110.0 0.00071038190047 22.22382870707911 -154.47690429068663 349985.11264802049845 45.68413082852221 26.07064647023307
49140.0 -0.00120643934037 22.24124434212345 -154.46577438686009 349988.14140840806067 45.47158005278720 26.10032790964553
49170.0 -0.00019419822815 22.25866176562383 -154.45455730686672 349982.50372876971960 45.25926871521665 26.13096782242358
49200.0 0.00010363904637 22.27650692603813 -154.44302690956999 350031.59526589326560 45.04734343370398 26.16248302383086
49230.0 -0.00016803613521 22.29390861305542 -154.43165689276046 350010.45345372240990 44.83595287515777 26.19478940129076
49260.0 -0.00064095236712 22.31131387750852 -154.42019392965847 349980.24107909295708 44.62471748353932 26.22807078014235
49290.0 0.00015998635137 22.32915188578449 -154.40841037399784 350004.12228122167289 44.41382900376009 26.26222161826346
49320.0 0.00007747813531 22.34698403725498 -154.39654498669844 350019.84751669503748 44.20336281502045 26.29719548185004
49350.0 -0.00029783727453 22.36481511912868 -154.38459045350189 350026.82792239263654 43.99319328565396 26.33304806684719
49380.0 0.00000603822429 22.38264021397420 -154.37255184017596 350025.52063472755253 43.78341866717508 26.36972166904109
49410.0 -0.00007345383433 22.40045782992702 -154.36042988441434 350016.01901976577938 43.57405819969178 26.40719880945211
49440.0 0.00016602339378 22.41827161869245 -154.34821862722589 349997.84496988169849 43.36501208613048 26.44552260268754
49470.0 -0.00016803613521 22.43608369053135 -154.33591400597857 349970.67773500643671 43.15621586158139 26.48471842001662
49500.0 -0.00001106712316 22.45433682386246 -154.32327657837698 349996.46332036517560 42.94781678106287 26.52470425671296
49530.0 0.00017809747860 22.47257751464411 -154.31055890953112 350014.37918307725340 42.73996044464657 26.56539902667008
49560.0 -0.00151836225927 22.49036820284843 -154.29798935766618 349961.64133922196925 42.53227130277678 26.60698658931046
49590.0 0.00103136038298 22.50905914277449 -154.28482771169848 350021.97491490095854 42.32493903805771 26.64936377673143
49620.0 0.00002414816964 22.52683108184397 -154.27208157707491 349952.32437442429364 42.11803687271546 26.69248668602203
49650.0 0.00036827140577 22.54551033078633 -154.25873406224792 349994.88388011138886 41.91144302265853 26.73641069038380
49680.0 -0.00025456983413 22.56418278520296 -154.24529354681795 350028.56982600223273 41.70525157453850 26.78108153412712
49710.0 -0.00045581088447 22.58238588926642 -154.23201829845246 349993.32705130614340 41.49948269804081 26.82648265407779
49740.0 -0.00005131604236 22.60104344228903 -154.21838877280319 350009.12944348622113 41.29403846250703 26.87265770533774
49770.0 -0.00064497784998 22.61923410479720 -154.20491692958853 349955.45442104805261 41.08885242970957 26.91963447677013
49800.0 0.00083213207407 22.63787732232772 -154.19109190441509 349952.92868090327829 40.88407251124935 26.96733176524915
49830.0 0.00055240474489 22.65697081927867 -154.17691751662016 350001.84930033143610 40.67984133013494 27.01567110581656
49860.0 0.00022438462208 22.67606563939451 -154.16263139569895 350040.39082237333059 40.47578730346871 27.06483601421296
49890.0 -0.00043971131679 22.69468291945108 -154.14851073338446 350010.31786208134145 40.27209812007455 27.11472532988290
49920.0 -0.00078685189224 22.71328592209974 -154.13429618376901 349971.55821046605706 40.06884491864019 27.16529730751951
49950.0 0.00039141261375 22.73282489010575 -154.11944147459289 350041.29776802752167 39.86590971215499 27.21660667981003
49980.0 0.00065805771458 22.75140617221457 -154.10502614350239 349984.06413135398179 39.66338253958899 27.26860226780494
50010.0 -0.00086131032447 22.77092291970185 -154.08997068861149 350035.31626423727721 39.46128450396220 27.32126810440053
50040.0 0.00049304010058 22.78947777341274 -154.07535536807197 349959.81674501486123 39.25951953490964 27.37464808219984
50070.0 0.00143283552200 22.80897918448180 -154.06008276476962 349991.25010758545250 39.05801928679704 27.42877208915446
50100.0 0.00086835432853 22.82846824300791 -154.04470658780286 350013.25579687487334 38.85693234047387 27.48355942131077
50130.0 0.00007647235553 22.84793821201015 -154.02923536578959 350026.64300449658185 38.65639842333827 27.53893390672937
50160.0 -0.00103236734464 22.86740376948086 -154.01364542920575 350029.30832907743752 38.45604987064205 27.59507849276881
50190.0 0.00015395049084 22.88685621400403 -153.99794813229656 350022.31272260192782 38.25607243911060 27.65189372117286
50220.0 -0.00087640411237 22.90629178666893 -153.98214755771966 350006.06420160364360 38.05653524930477 27.70933971056268
50250.0 0.00009357652110 22.92571443816301 -153.96623599531418 349979.89797082357109 37.85732405545097 27.76747033678259
50280.0 -0.00033406071086 22.94560800044405 -153.94993213548429 350001.49306670296937 37.65852495804762 27.82623719765983
50310.0 0.00131410386961 22.96548503518237 -153.93352040023183 350013.50142724346370 37.46015998915860 27.88562468164246
50340.0 0.00101324925575 22.98485766513497 -153.91728398051282 349958.51407895609736 37.26213492826327 27.94567670432263
50370.0 0.00054033066008 23.00520070340341 -153.90034866305737 350006.65092888381332 37.06437958003256 28.00642501807364
50400.0 0.00031393566033 23.02552772634296 -153.88330009630192 350044.79856086056679 36.86704320424020 28.06778916941539
50430.0 0.00019017274529 23.04484257353900 -153.86673627377206 349961.07390762399882 36.67026270563208 28.12969500991419
50460.0 -0.00096696211227 23.06513601994105 -153.84945744530367 349979.03697152249515 36.47367428362961 28.19232480027412
50490.0 -0.00040550180376 23.08541245745078 -153.83206138486210 349986.76166147645563 36.27746181922229 28.25558052587394
50520.0 -0.00048498913486 23.10566816668482 -153.81455228127237 349984.67694667819887 36.08169247437922 28.31942393423599
50550.0 -0.00037531540983 23.12590678184479 -153.79692227189869 349972.09266330022365 35.88625568489140 28.38390789907367
50580.0 0.00010162748682 23.14662489483189 -153.77887374380376 350005.10108189657331 35.69123371252729 28.44898655100257
50610.0 0.00237564946464 23.16732207346199 -153.76070746291182 350027.97374266572297 35.49664951714403 28.51464444595343
50640.0 0.00009558926253 23.18749783349078 -153.74272289198984 349984.87914330326021 35.30241070851722 28.58092537397260
50670.0 0.00054636888437 23.20866405086588 -153.72399598197356 350041.07775199506432 35.10844529315658 28.64786277872495
50700.0 -0.00012175135548 23.22879802727629 -153.70576496105758 349976.89858707226813 34.91490321280241 28.71537625013752
50730.0 0.00086936129018 23.24991351559949 -153.68680403425626 350013.25445977505296 34.72191862359771 28.78339343444073
50760.0 0.00005836004642 23.27101523028185 -153.66770323142453 350037.60040015727282 34.52913152784922 28.85209586350022
50790.0 -0.00009458348276 23.29158568019525 -153.64878966873650 349996.70868817809969 34.33672398356293 28.92138674294025
50820.0 -0.00015495627061 23.31263812453248 -153.62943996030214 350000.06596498098224 34.14476124870406 28.99122925839516
50850.0 0.00035820888050 23.33417918395055 -153.60964092069565 350046.47230892069638 33.95313637871649 29.06167518584840
50880.0 0.00135737131001 23.35518329147112 -153.59003241652439 350028.08166035730392 33.76192789316489 29.13268098568759
50910.0 0.00011873165240 23.37615858180476 -153.57029943978074 349999.34930805023760 33.57115966865622 29.20423123755036
50940.0 0.00023243204216 23.39710767004589 -153.55043505606611 349959.65903842356056 33.38074112685119 29.27636950070657
50970.0 0.00039543927849 23.41906337952933 -153.52978313192057 350015.42838788218796 33.19059852222906 29.34913078306076
51000.0 -0.00016401065235 23.43995884600374 -153.50965143955503 349953.52997883688658 33.00088248351623 29.42243453835305
51030.0 0.00014589834324 23.46185162880027 -153.48874534189773 349988.46378027182072 32.81172448222696 29.49621001573523
51060.0 0.00032500632913 23.48372390829714 -153.46768824953375 350010.76743738539517 32.62276826074321 29.57063802722025
51090.0 0.00038336282991 23.50556736089964 -153.44649316416366 350021.73119407054037 32.43419410369551 29.64562280303603
51120.0 -0.00022237188065 23.52737835694661 -153.42516452654328 350021.82898780796677 32.24606541601992 29.72112880975671
51150.0 0.00004527899995 23.54915987104768 -153.40369416340630 350010.32052774075419 32.05827880931894 29.79720666499692
51180.0 0.00019620978770 23.57090781923025 -153.38208740872301 349987.76592729147524 31.87090915155434 29.87381498971303
51210.0 0.00042260715121 23.59262011322175 -153.36034586454574 349954.36746175494045 31.68398122541063 29.95093827217137
51240.0 0.00078785767202 23.61534754476604 -153.33777981597345 350013.50224340800196 31.49740624221469 30.02861976912985
51270.0 -0.00048297757531 23.63699688441807 -153.31574444958198 349956.23544552084059 31.31110874580070 30.10689596061017
51300.0 0.00052725079548 23.65965968813811 -153.29288237330192 349991.44200457539409 31.12524005456807 30.18568600733401
51330.0 0.00104947151021 23.68228134226782 -153.26988599644918 350016.10936950519681 30.93992901823653 30.26492059542422
51360.0 0.00015797360994 23.70487432283410 -153.24672720625446 350027.55034204851836 30.75482305235041 30.34477986295975
51390.0 0.00100117517094 23.72743047836321 -153.22341965062432 350027.14120380580425 30.57010071578252 30.42516889099446
51420.0 0.00030387195318 23.74994623160278 -153.19996791755716 350015.37986156996340 30.38582360795953 30.50605329621096
51450.0 0.00004829870303 23.77242421262411 -153.17636367895233 349991.50121427141130 30.20189183238143 30.58748250158212
51480.0 0.00076773498524 23.79486047138483 -153.15261232647256 349956.08177368529141 30.01837669167743 30.66941714613242
51510.0 -0.00213717919819 23.81831658095627 -153.12799975035270 350010.47220399323851 29.83530386254537 30.75184153384134
51540.0 0.00011068186856 23.84066871565492 -153.10394660639327 349951.42514182813466 29.65258632149545 30.83479857111608
51570.0 0.00037732696938 23.86404756166450 -153.07901053974027 349980.25188822299242 29.47014693969076 30.91832614435054
51600.0 0.00117927146765 23.88738231378758 -153.05391957352904 349997.07247412018478 29.28813772706452 31.00234298143846
51630.0 0.00126781790800 23.91066696499052 -153.02868396613064 350002.95436027366668 29.10668497134518 31.08678106131850
51660.0 0.00009760318584 23.93391330399636 -153.00327430828642 349995.04410285595804 28.92543969216491 31.17181991888853
51690.0 0.00075163541756 23.95711338153134 -152.97770494704741 349974.80921342875808 28.74457876809505 31.25736533029638
51720.0 0.00059868952462 23.98133779553218 -152.95123802933804 350041.65636087674648 28.56416203790859 31.34338395214846
51750.0 -0.00029682913099 24.00444197452481 -152.92534641124766 349996.70779129862785 28.38409303245763 31.42992399337077
51780.0 0.00006339130906 24.02857164050258 -152.89854645215951 350038.00680922344327 28.20443957129907 31.51694799038084
51810.0 0.00136340598866 24.05157220725851 -152.87233698222505 349968.99387676641345 28.02522821209195 31.60443998653867
51840.0 0.00050209566419 24.07560040613960 -152.84520575453502 349985.13606863748282 27.84637367069020 31.69244250714061
51870.0 0.00116921130614 24.09958086232237 -152.81789585067881 349987.51386779081076 27.66779717984377 31.78099479995323
51900.0 0.00068421862565 24.12350663002351 -152.79042020768148 349977.47214042395353 27.48965144272315 31.87001503329436
51930.0 0.00040751336331 24.14737189934541 -152.76278952118849 349956.13783514965326 27.31206024236224 31.95943635256768
51960.0 -0.00003018639393 24.17227199359688 -152.73419910708276 350016.82679708953947 27.13467813135001 32.04943777705046
51990.0 -0.00046889311282 24.19603177938027 -152.70620788757674 349968.09617824945599 26.95768035199257 32.13992563698121
52020.0 -0.00036022044005 24.22081746161892 -152.67726900712685 350002.87165802251548 26.78112502473071 32.23086753534857
52050.0 0.00109777021324 24.24554658737391 -152.64814769039862 350023.99374976567924 26.60491904326199 32.32231045913168
52080.0 0.00037128992697 24.27021540947925 -152.61884942345171 350032.07101034559309 26.42912682268473 32.41421873952102
52110.0 0.00206976240627 24.29482151370215 -152.58937644909662 350027.38712187111378 26.25377578781620 32.50657609546737
52140.0 -0.00075465393877 24.31936635185158 -152.55972084855148 350009.19957344792783 26.07878236715733 32.59942465260142
52170.0 0.00006339130906 24.34385120126197 -152.52987482937203 349976.77445381041616 25.90406618587062 32.69280499135367
52200.0 -0.00051517789254 24.36936187802164 -152.49904621955821 350025.40504247788340 25.72978064210281 32.78663460402014
52230.0 -0.00030085461385 24.39370849060133 -152.46885413374810 349968.28876927401870 25.55604706921250 32.88084769097627
52260.0 0.00140265030996 24.41908732252521 -152.43765020103234 349989.58017288800329 25.38252348009087 32.97562285421581
52290.0 0.00095186950625 24.44439824626568 -152.40625631278937 349997.10707557387650 25.20938352345871 33.07086684952487
52320.0 -0.00002314357174 24.46963780970743 -152.37467756024517 349991.44583480153233 25.03668364152934 33.16654814624338
52350.0 0.00049203432080 24.49480747287596 -152.34290512662508 349971.75742571987212 24.86433402674359 33.26271250907766
52380.0 0.00158879757239 24.52100126220799 -152.31011396044107 350030.65304325241596 24.69239576485673 33.35932597658606
52410.0 0.00072748488417 24.54602218377576 -152.27796367477288 349984.16587991919369 24.52089713364259 33.45637188900051
52440.0 -0.00022035795734 24.57206731059976 -152.24478070148757 350015.18922657519579 24.34975624662272 33.55389196260126
52470.0 0.00000804978384 24.59804000771005 -152.21138726253878 350030.93597515765578 24.17889114939931 33.65192809449095
52500.0 -0.00065403459548 24.62393359380976 -152.17779813544115 350032.97703696321696 24.00845593697747 33.75039699277225
52530.0 0.00018011022003 24.64974264634632 -152.14402497156919 350022.56885996088386 23.83856954591801 33.84923381390834
52560.0 0.00093174563759 24.67547638242763 -152.11003390260547 349996.29700239654630 23.66889337564307 33.94861684733676
52590.0 0.00057253097731 24.70222973491935 -152.07498182519848 350045.79940246138722 23.49959952265328 34.04845315656540
52620.0 0.00080093990037 24.72779561817351 -152.04058958107407 349991.65741171501577 23.33074278907260 34.14871200837033
52650.0 -0.00084420615889 24.75437982335566 -152.00512420125918 350012.42883220314980 23.16223660257934 34.24943794963233
52680.0 0.00041757470670 24.78087668347678 -151.96945118239168 350018.89308235328645 22.99413879145217 34.35059865179915
52710.0 0.00168136949560 24.80728359341461 -151.93357333109515 350011.40159390214831 22.82647847192332 34.45217702936925
52740.0 0.00154552895011 24.83360129158903 -151.89748218736045 349989.14175266586244 22.65917541438637 34.55421438576517
52770.0 0.00042160018956 24.86093534869922 -151.86028333140979 350039.31124313734472 22.49214611021192 34.65675392896627
52800.0 -0.00083917489626 24.88707005736085 -151.82375916638298 349987.17057357169688 22.32554535340741 34.75971148145237
52830.0 0.00027268214324 24.91421017425214 -151.78614672113918 350009.89126323349774 22.15948973457786 34.86302306774786
52860.0 -0.00058359928236 24.94125901573605 -151.74829585769510 350015.77970862016082 21.99364396505062 34.96686677267711
52890.0 0.00036324132502 24.96820967544717 -151.71022428014587 350006.73131347540766 21.82817862946280 35.07114985885823
52920.0 0.00105953285360 24.99505880135477 -151.67193750944367 349983.38106554467231 21.66314692605566 35.17584233094221
52950.0 0.00013986130083 25.02291338806094 -151.63251502905794 350031.15406731143594 21.49846545500702 35.28098752516457
52980.0 0.00161294692391 25.04955742172849 -151.59378097294899 349977.78671633545309 21.33418885594493 35.38655468249237
53010.0 0.00040248091880 25.07720115185923 -151.55391132333386 349996.00714922137558 21.17034706893629 35.49252625029722
53040.0 0.00120241385751 25.10473849384041 -151.51380872490040 349998.65315108932555 21.00686149256468 35.59894311999100
53070.0 0.00038235823202 25.13216984715269 -151.47346351394310 349984.77570845000446 20.84364708713589 35.70584981264693
53100.0 0.00085326054063 25.16059586353568 -151.43195932304587 350041.08682074025273 20.68085934777970 35.81316116949112
53130.0 0.00077679173073 25.18779791597122 -151.39117119270267 349998.94314868468791 20.51861256819704 35.92081400447533
53160.0 0.00148415038248 25.21599667164145 -151.34919065948344 350023.97289571724832 20.35657469668030 36.02898630646327
53190.0 -0.00054133643985 25.24407870860183 -151.30696978068562 350033.31823412422091 20.19491484512358 36.13758543685640
53220.0 -0.00171356626720 25.27204070276549 -151.26451431425235 350027.64601680636406 20.03368464227485 36.24658208655804
53250.0 -0.00117122404757 25.29988275880791 -151.22181498859746 350006.04475581645966 19.87280379922787 36.35601838945951
53280.0 -0.00071239109626 25.32760155884583 -151.17887758983790 349969.18247531354427 19.71232383263005 36.46586510248233
53310.0 0.00076068979930 25.35630057095349 -151.13474111913396 350000.40793362073600 19.55227549187325 36.57610416878993
53340.0 0.00263826790072 25.38487311251838 -151.09035209812939 350015.36188096832484 19.39258177486275 36.68677607144628
53370.0 0.00098507442138 25.41331918176125 -151.04570015074697 350013.01136050093919 19.23315613139043 36.79792665361595
53400.0 0.00038235823202 25.44163286676003 -151.00080348896074 349995.33666384033859 19.07415476059886 36.90946968419726
53430.0 0.00277310030268 25.47091460599348 -150.95469295148371 350045.64367156103253 18.91568970647118 37.02134269630869
53460.0 0.00165118191979 25.49895957158726 -150.90928988231261 349995.91787953674793 18.75743207879054 37.13372369070863
53490.0 0.00052523923593 25.52797146842913 -150.86264444275386 350011.70127003081143 18.59954955504050 37.24652003447218
53520.0 -0.00032601210890 25.55684191159654 -150.81574522645624 350011.86624205205590 18.44209222728963 37.35970305987842
53550.0 0.00082609621354 25.58557050078468 -150.76858283168644 349995.47793433535844 18.28498285682819 37.47331370704632
53580.0 -0.00196210024080 25.61415399288961 -150.72116313056938 349963.21777895092964 18.12826990038803 37.58732420369101
53610.0 -0.00059164788432 25.64369210328490 -150.67248011364461 349995.78963587712497 17.97198490200873 37.70171595527160
53640.0 0.00026966362203 25.67308071133328 -150.62352523975122 350011.51166838314384 17.81605243013531 37.81652904183067
53670.0 0.00122656320903 25.70231936238687 -150.57428738216282 350009.25977419875562 17.66038444253222 37.93181064294808
53700.0 0.00047392201169 25.73140251812676 -150.52478610713527 349991.17272796016186 17.50513784550532 38.04747336834629
53730.0 0.00176488230956 25.76032581593843 -150.47503550493036 349958.81128977239132 17.35042247870442 38.16345540754531
53760.0 0.00178400158032 25.79019298634141 -150.42396127587014 349986.76896364614367 17.19591253820710 38.27993487862175
53790.0 -0.00205869646498 25.81989755589064 -150.37260820996568 349997.89727466646582 17.04177430413037 38.39681906805172
53820.0 -0.00192587444070 25.84943629444620 -150.32098263643022 349992.93066904786974 16.88805636324898 38.51407991043942
53850.0 -0.00135133308572 25.87880828230716 -150.26907504801940 349970.91111750435084 16.73468446765889 38.63175716001026
53880.0 -0.00036927718554 25.90910677050400 -150.21583976220970 350010.46079121809453 16.58170407432246 38.74982447778444
53910.0 0.00042763723197 25.93923080475830 -150.16232348357741 350033.68035269528627 16.42914750756489 38.86826270069084
53940.0 -0.00049807254509 25.96917929184920 -150.10851660929319 350039.59966350253671 16.27694087762498 38.98711151202429
53970.0 0.00104846691232 25.99895126661469 -150.05440722145855 350026.99539904668927 16.12499466643648 39.10641944663256
54000.0 0.00123159447167 26.02854160439350 -150.00001648181410 349998.19058843422681 15.97346747376443 39.22609757113897
54030.0 -0.00040449484211 26.05794638323892 -149.94535899998999 349954.80502801015973 15.82246497329567 39.34608529647350
54060.0 0.00194901801244 26.08934992965959 -149.88823175877863 350045.17463300470263 15.67166539469967 39.46656063999212
54090.0 -0.00014489256346 26.11838175384860 -149.83296709649227 349965.39782828371972 15.52123365730813 39.58743072717530
54120.0 0.00018816000386 26.14939993235956 -149.77524277517773 350021.64329581614584 15.37121687234117 39.70866806118193
54150.0 0.00001811112723 26.17913363052606 -149.71830298489979 349984.23874028492719 15.22154372461527 39.83031121704834
54180.0 0.00275297761590 26.20975602359754 -149.65997039501232 350005.64367129560560 15.07225672896952 39.95233525831139
54210.0 0.00176286956813 26.24017542195899 -149.60133925099711 350010.44701613672078 14.92338897582624 40.07472042481281
54240.0 0.00027368674113 26.27039021133335 -149.54239968706344 349997.63427141308784 14.77486808854046 40.19750600975690
54270.0 0.00042159900768 26.30148165981283 -149.48202581668983 350040.71365159843117 14.62660308782466 40.32074192551276
54300.0 -0.00036223199960 26.33127837536863 -149.42246179938962 349992.27056595496833 14.47875230634891 40.44433821691995
54330.0 -0.00004024773732 26.36194100020967 -149.36149220977720 350003.49962021224201 14.33142130486746 40.56823422427717
54360.0 0.00114807811207 26.39238755286195 -149.30018450247150 349994.66470317635685 14.18429022638746 40.69260860329253
54390.0 0.00046486762996 26.42369101319242 -149.23743011787136 350042.32652392145246 14.03752266488453 40.81736824390567
54420.0 -0.00059567336717 26.45369197475658 -149.17549593776448 349999.17516863998026 13.89116428446907 40.94248618860962
54450.0 0.00127284798876 26.48454188103770 -149.11210287492230 350011.88749067857862 13.74514664590086 41.06799983844370
54480.0 0.00138755770393 26.51516017656960 -149.04838945893016 350007.23086862824857 13.59950937690321 41.19388563482421
54510.0 -0.00023444596547 26.54554390341606 -148.98436120777041 349985.84472243301570 13.45428632017754 41.32012319375337
54540.0 0.00070736101551 26.57676091895311 -148.91885156284408 350019.54140079114586 13.30940658364696 41.44675142494899
54570.0 0.00081100242564 26.60666742434348 -148.85415495598698 349960.91284484323114 13.16477773966933 41.57382164342615
54600.0 0.00333053631021 26.63846476115906 -148.78681192169745 350030.64741876907647 13.02055884087389 41.70124249495654
54630.0 0.00157169104306 26.66894441689846 -148.72032286145344 350012.58476700633764 12.87685337040766 41.82895382600115
54660.0 -0.00091967037089 26.69917369284536 -148.65347843886477 349974.18707181327045 12.73334433268110 41.95713470402699
54690.0 0.00278517438750 26.73021055256250 -148.58512323089326 349990.08638008311391 12.59019403117186 42.08569171411018
54720.0 0.00070937375694 26.76098682165456 -148.51643570677385 349988.87665192224085 12.44744671002292 42.21459841298624
54750.0 0.00474324914543 26.79149986064671 -148.44740623584059 349969.53460430819541 12.30503675056822 42.34389103111720
54780.0 0.00223880668501 26.82280293831224 -148.37684582751677 350004.03828138299286 12.16300094616408 42.47354736858053
54810.0 0.00227804627879 26.85383312914373 -148.30594626725704 350021.44359525945038 12.02137387815736 42.60354639245403
54840.0 0.00258795645626 26.88458761043762 -148.23469724950223 350020.64740912057459 11.88008637107973 42.73392648584824
54870.0 0.00006842257169 26.91506337851140 -148.16309678874302 350001.45223985519260 11.73912228389914 42.86469576099142
54900.0 0.00656447875998 26.94630591021351 -148.08992309704345 350033.62269696127623 11.59843575954793 42.99587945616795
54930.0 -0.00027871800376 26.97725967468018 -148.01640258331503 350048.63483077846467 11.45815385864096 43.12740340068196
54960.0 0.00086030690845 27.00792191411153 -147.94255284251258 350048.43830225616693 11.31837793190940 43.25920789108368
54990.0 0.00247828036747 27.03828907327020 -147.86832310702968 350027.47256266605109 11.17879404287488 43.39147255180780
55020.0 0.00136642687362 27.06835830068013 -147.79374051732407 349988.72543796431273 11.03956309137816 43.52410357210353
55050.0 0.00284655177324 27.09916481310303 -147.71757360328752 350002.68130759615451 10.90072788498286 43.65707499463702
55080.0 0.00235049551522 27.12966290531513 -147.64104242582442 349998.34016701765358 10.76222562176909 43.79042189323612
55110.0 0.00439007034569 27.16088323261025 -147.56290425564254 350045.68523051124066 10.62409027622701 43.92412340696618
55140.0 0.00081301280331 27.19075339819131 -147.48565986104870 350006.81396050192416 10.48635711951849 44.05815782390048
55170.0 0.00091765762946 27.22133485414501 -147.40679499131949 350018.88934125378728 10.34895774986116 44.19256357910411
55200.0 0.00688646538603 27.25159060931446 -147.32755724171918 350012.46278390567750 10.21187666198837 44.32734851803884
55230.0 0.00353278432220 27.28151699468539 -147.24793925215880 349986.71305677108467 10.07506630099124 44.46253919781726
55260.0 0.00482776892104 27.31213373989055 -147.16669027854434 350012.62001939769834 9.93865468505685 44.59805989893656
55290.0 -0.00108971806565 27.34139247894555 -147.08637214990102 349955.23938623256981 9.80274107771214 44.73385132603664
55320.0 0.00680798028907 27.37234535539239 -147.00309449300443 350013.42570080328733 9.66701451071404 44.87009376215553
55350.0 0.00773670740545 27.40193215699889 -146.92072323092742 349985.58660175651312 9.53163452200157 45.00669292903549
55380.0 0.00319872361134 27.43218149509709 -146.83669433493489 350008.72396188508719 9.39664251129864 45.14362333311214
55410.0 0.00250645638373 27.46207235105498 -146.75228218778835 350013.65662744175643 9.26197843367099 45.28091889219931
55440.0 -0.00079188197300 27.49160177848723 -146.66749368650554 350001.12227179948241 9.12767349872692 45.41856007182340
55470.0 -0.00028073074519 27.52177098163929 -146.58102821990042 350039.33351004775614 8.99376365478518 45.55652445408207
55500.0 0.00195706779628 27.55056506738930 -146.49548702163025 349992.17301244009286 8.86018125301401 45.69485053669891
55530.0 0.00421599716807 27.57998558774422 -146.40824661733350 349994.02419036813080 8.72691140822369 45.83354589046414
55560.0 0.00589434577871 27.60902422875111 -146.32060770537151 349976.60941564664245 8.59390488751660 45.97263840909810
55590.0 0.00163105805114 27.63867266664742 -146.23126739637661 350009.51080939546227 8.46129066775100 46.11205075532990
55620.0 0.00391111707136 27.66793088539556 -146.14156418613223 350027.84518940187991 8.32916596897837 46.25172400580047
55650.0 0.00670434242457 27.69678961458981 -146.05144158458413 350025.26789143215865 8.19722270109176 46.39183919646148
55680.0 0.00618815757037 27.72524828045166 -145.96093089852599 350005.20930809248239 8.06561908119565 46.53230151603188
55710.0 0.01081267624529 27.75330429708192 -145.87004147254305 349968.65190898347646 7.93439512857725 46.67308591657965
55740.0 0.00379439697851 27.78290953990616 -145.77605814321419 350046.80571149848402 7.80349349752568 46.81422515802288
55770.0 0.00661579480234 27.81014211630796 -145.68439006845438 349975.53213117551059 7.67294268420262 46.95570102501695
55800.0 0.01057118627575 27.83890633320670 -145.58962464172370 350020.15240494068712 7.54277930194058 47.09749036837513
55830.0 0.00841388320891 27.86724047627153 -145.49445657297218 350047.03106717485934 7.41293643419226 47.23963175864449
55860.0 0.00460439126062 27.89417466473898 -145.40025744779521 349990.28957683872432 7.28339980063191 47.38213248457340
55890.0 0.00651215693785 27.92260137732777 -145.30290113774694 350045.95684797223657 7.15411850813381 47.52502179677963
55920.0 0.00881837805102 27.94962295837957 -145.20653321420232 350020.00384250842035 7.02522249456965 47.66822067423787
55950.0 0.00468086479803 27.97620467394063 -145.10980252189248 349980.42780671827495 6.89680697879555 47.81167053511744
55980.0 0.00864832917438 28.00328692446280 -145.01125742665772 349985.69547010492533 6.76856665978075 47.95555325487381
56010.0 0.00376219902503 28.02991111799981 -144.91231397028687 349974.01861460506916 6.64065847413038 48.09977342977130
56040.0 0.00767532765594 28.05702107242438 -144.81158034709350 350011.46549332980067 6.51312108691397 48.24430644304792
56070.0 0.01139828590531 28.08365844029335 -144.71043980548029 350031.67556072957814 6.38589979593644 48.38918389236847
56100.0 0.00347442545766 28.10982038050043 -144.60889996188234 350035.38556668534875 6.25902043284763 48.53438887894298
56130.0 0.00685728359000 28.13550458859168 -144.50697100836581 350023.61897149216384 6.13252026470758 48.67989749842123
56160.0 0.00505819176741 28.16070509077876 -144.40464157368305 349994.96306626219302 6.00633308651619 48.82574840373745
56190.0 0.01582256812779 28.18634639725432 -144.30048494646539 350013.79135676007718 5.88044520821600 48.97194859458243
56220.0 0.00544658585996 28.21148677505273 -144.19590884940973 350014.21404322702438 5.75480409235095 49.11852870077211
56250.0 0.00882642665298 28.23612753146840 -144.09094361997643 349999.50887926761061 5.62954064149106 49.26540795457642
56280.0 0.00425523912561 28.26026901425763 -143.98561218504278 349972.11863692384213 5.50474811416215 49.41252809059252
56310.0 0.01102297167736 28.28480920969837 -143.87840666739152 349989.05514508392662 5.38012391034121 49.56007190248734
56340.0 0.01343283301878 28.30882912763422 -143.77079904272463 349989.84035744331777 5.25582372593401 49.70794334054405
56370.0 0.01153110556584 28.33232669412827 -143.66280031159829 349975.54901127982885 5.13188489717439 49.85611820795854
56400.0 0.01602883807700 28.35619867703889 -143.55294219523466 350009.05206059757620 5.00825531146249 50.00462693358053
56430.0 0.01511520711228 28.37953190876348 -143.44268297928465 350026.91822106391191 4.88495818277038 50.15345393675327
56460.0 0.01162870638792 28.40142943544772 -143.33350344193073 349966.38691126648337 4.76203142122942 50.30257453566210
56490.0 0.01355659593381 28.42456949873839 -143.22098430171053 350017.58860347513109 4.63940951311245 50.45202747416852
56520.0 0.01801408070766 28.44626246980908 -143.10953345769275 349988.69518776703626 4.51707934424658 50.60181945643854
56550.0 0.00951970202411 28.46827984482635 -142.99618897893379 350006.00299606844783 4.39498674739484 50.75198251515864
56580.0 0.01075733353819 28.48973347619971 -142.88245793700798 350009.24928303062916 4.27326359467213 50.90243407625208
56610.0 0.01419050429687 28.51062479773528 -142.76836483190209 350001.00821267068386 4.15200122398565 51.05311617067082
56640.0 0.01880495926464 28.53180456106907 -142.65234685435090 350037.10653843916953 4.03089964922354 51.20421258098519
56670.0 0.01164380017583 28.55153133883376 -142.53743294097561 349994.62509054131806 3.91011336522745 51.35562656361638
56700.0 0.01202112596333 28.57154115539318 -142.42063552299089 350001.67525362409651 3.78967840355699 51.50733433380805
56730.0 0.01549052015835 28.59095641323784 -142.30344411564209 349993.57584774401039 3.66954518969008 51.65936514260463
56760.0 0.01817909950354 28.61062867865004 -142.18435129382965 350034.36592339351773 3.54973436437540 51.81170473304842
56790.0 0.01155223403239 28.62884411654628 -142.06639717338524 349998.55054363422096 3.43028447113112 51.96432762497742
56820.0 0.01695756755714 28.64729889433734 -141.94653388373592 350011.15570361912251 3.31113066750341 52.11727266073878
56850.0 0.01427301369481 28.66513417049508 -141.82627812061466 350008.65532018430531 3.19226040154726 52.27054624272880
56880.0 0.01736910403955 28.68234227382615 -141.70562024239595 349989.64453938696533 3.07361788904164 52.42418183149014
56910.0 0.01669394215940 28.69976058043639 -141.58305757475222 350021.09659569710493 2.95533597804938 52.57809499022341
56940.0 0.01451450248247 28.71572272665911 -141.46168887778245 349979.39297607820481 2.83750412456220 52.73222803093230
56970.0 0.01878080754936 28.73268777874764 -141.33681672391441 350045.69491467252374 2.71982487035154 52.88676578759900
57000.0 0.01210363536127 28.74736006007278 -141.21466367653514 349972.04518358968198 2.60245154832592 53.04161078074661
57030.0 0.01781787328371 28.76302280074462 -141.08904370636452 350011.89838488120586 2.48541890902837 53.19673963246247
57060.0 0.01443903590671 28.77802198144760 -140.96304466085192 350037.91158503759652 2.36867986647276 53.35218040500384
