# sod		dsTEC/dt [TECU/s]		lat		lon		h_ipp		ele		azi
30.0 -0.01550963839497 24.80178635564346 -160.27565946793251 350043.51304725464433 20.27749965281426 320.72977960971542
60.0 -0.01334126739242 24.77239961652236 -160.22901163011770 350011.42638631630689 20.45465847986881 320.83663442756625
90.0 -0.01153311756859 24.74288694319140 -160.18260091936833 349963.48495606984943 20.63248951613707 320.94318687405445
120.0 -0.00760086981466 24.71428015981914 -160.13743632854059 349976.18205738067627 20.81053048412578 321.04921105655364
150.0 -0.01316417525039 24.68555628645961 -160.09251839124215 349971.50397074874490 20.98907177120715 321.15484634338588
180.0 -0.01209055483187 24.65773910817409 -160.04881414283810 350030.09176886267960 21.16795296971112 321.26001347629045
210.0 -0.00950058423070 24.62878996673762 -160.00439542891812 349989.65547954849899 21.34739537713403 321.36481801678872
240.0 -0.01700687085807 24.60075469729090 -159.96119314435975 350011.72326841205359 21.52706333752063 321.46909606006960
270.0 -0.01163776269021 24.57260988648112 -159.91822579056836 350017.05900398269296 21.70725343385806 321.57298945766024
300.0 -0.01058124806235 24.54436401828250 -159.87551729449615 350003.05729050375521 21.88773470058919 321.67638508600186
330.0 -0.00949957785999 24.51601494596198 -159.83305158788474 349971.36063132528216 22.06865869548598 321.77935456321279
360.0 -0.01272949497464 24.48857840931759 -159.79174317318888 350007.20845096837729 22.25011271871615 321.88193831924895
390.0 -0.01421062831327 24.46104414624944 -159.75067571455713 350025.10979728773236 22.43193908598762 321.98405871604257
420.0 -0.00967666978041 24.43341898674460 -159.70986563477609 350023.27264193724841 22.61397212612242 322.08563448452003
450.0 -0.01662853796118 24.40569128447630 -159.66926513428319 350006.67860171012580 22.79668179550104 322.18689011273455
480.0 -0.00771557716608 24.37787667732707 -159.62892119435790 349970.31125900242478 22.97959943700781 322.28759856339951
510.0 -0.01107126942012 24.35098288187826 -159.58970591483057 350003.13435401115566 23.16301921566320 322.38789959012945
540.0 -0.01098976720543 24.32400143500038 -159.55072469703396 350018.14427717030048 23.34677833311076 322.48771333851869
570.0 -0.01107630060888 24.29692751353087 -159.51195518818750 350017.62583661172539 23.53110120092782 322.58714576596464
600.0 -0.01266711018403 24.26977324511012 -159.47343045822151 349998.05242261663079 23.71564790587595 322.68603219458316
630.0 -0.00793090519040 24.24253149691841 -159.43512097779040 349962.45579991117120 23.90071753058788 322.78451426254094
660.0 -0.00967465755605 24.21622298683751 -159.39792949990863 349995.90167600102723 24.08607711877950 322.88247868659596
690.0 -0.00959717956848 24.18983202791402 -159.36095201718581 350013.07368370797485 24.27187874565790 322.97999653631769
720.0 -0.01067784369560 24.16335756711344 -159.32417963626875 350014.83745690342039 24.45821381046308 323.07710968512004
750.0 -0.01223242968667 24.13680646169230 -159.28762765758680 349999.54001167882234 24.64491928336176 323.17373839766429
780.0 -0.00578668302229 24.11018581485504 -159.25131135191754 349965.54033133853227 24.83182824910988 323.26980126509488
810.0 -0.00994432029167 24.08449073991352 -159.21604498482353 350006.50085994321853 25.01941716064941 323.36552386225969
840.0 -0.01141740414193 24.05872822284261 -159.18100498241125 350029.37842712178826 25.20721086250398 323.46067766545070
870.0 -0.01233003169064 24.03289053849513 -159.14616328594127 350037.02307884115726 25.39550735472652 323.55540293515332
900.0 -0.00814824506974 24.00698470227405 -159.11153486153751 350027.83165592513978 25.58414139590788 323.64961906091065
930.0 -0.01280395414554 23.98100509130943 -159.07709859109130 350003.92435874510556 25.77334055497998 323.74343247319956
960.0 -0.00834646730340 23.95496458588984 -159.04288550914600 349962.04783923272043 25.96276059608120 323.83667745829536
990.0 -0.00865235377083 23.92985833272275 -159.00970217595298 349995.98098616115749 26.15270310865643 323.92949554976803
1020.0 -0.00964447130986 23.90469063217506 -158.97672686607092 350013.19317512959242 26.34293312747455 324.02177310885850
1050.0 -0.01258359515405 23.87945813397284 -158.94394553540798 350015.07248673588037 26.53360322083017 324.11358067356980
1080.0 -0.00754150384073 23.85415928215970 -158.91134948247210 350002.45209720637649 26.72480898015102 324.20496156926038
1110.0 -0.00883246428632 23.82880129584654 -158.87895335004856 349973.77897308953106 26.91638189811706 324.29583377708133
1140.0 -0.01169411043841 23.80438962592723 -158.84758512908968 350020.16440358757973 27.10815380260090 324.38611558337175
1170.0 -0.01048867702555 23.77891233257339 -158.81557074836340 349960.98024541884661 27.30060773890627 324.47603387678055
1200.0 -0.01138621182050 23.75438238092736 -158.78457519546416 349977.50152712687850 27.49326193804293 324.56535827869891
1230.0 -0.00883246443406 23.72979299991152 -158.75375824089190 349979.75424077361822 27.68641828677254 324.65422966948859
1260.0 -0.01028341123103 23.70515144382605 -158.72313396408734 349966.25862029474229 27.87990904800817 324.74256650273088
1290.0 -0.01006405875799 23.68144368888783 -158.69347589017320 350033.24158069118857 28.07396498632859 324.83047574823047
1320.0 -0.01079556971595 23.65669737466179 -158.66322221177592 349989.51167897693813 28.26823748093055 324.91779037034598
1350.0 -0.00856581992417 23.63288691728251 -158.63392986676095 350026.49775563552976 28.46303062771125 325.00465189328753
1380.0 -0.01207344941055 23.60902966954966 -158.60482489222696 350047.92471985612065 28.65810743648439 325.09094610703505
1410.0 -0.01091832640801 23.58413467897066 -158.57511661301811 349959.48534223251045 28.85362093851215 325.17674301719006
1440.0 -0.00809692887964 23.56116129907516 -158.54712906651085 350048.73059594444931 29.04967100893298 325.26208739838688
1470.0 -0.00940096992851 23.53715567775148 -158.51854376543730 350027.45100766886026 29.24608352924025 325.34689473418604
1500.0 -0.01016367291244 23.51311241370621 -158.49015155642218 349989.85249500069767 29.44268905881983 325.43108282123518
1530.0 -0.00947442302416 23.48999719231292 -158.46267396415465 350036.80976906698197 29.63997732095589 325.51488007700829
1560.0 -0.01282609046015 23.46586429222464 -158.43462284787469 349970.86939602624625 29.83745982352169 325.59805387173316
1590.0 -0.00858996883249 23.44266578645246 -158.40749268169961 349988.63779930956662 30.03544238422193 325.68074580200403
1620.0 -0.00944524314869 23.41942762762504 -158.38053503300014 349991.83573987893760 30.23375471802193 325.76287318157574
1650.0 -0.00953881996526 23.39614282071091 -158.35373098689067 349982.28964866604656 30.43263081667511 325.84454356673388
1680.0 -0.01078651370914 23.37282541324485 -158.32710808331817 349957.22881596628577 30.63171761641676 325.92558828818920
1710.0 -0.00811403407936 23.35043794526364 -158.30138018629265 350017.94677501544356 30.83132171010209 326.00614893325519
1740.0 -0.00972094322219 23.32704443005952 -158.27508495877143 349965.09493773709983 31.03120406931117 326.08611048131814
1770.0 -0.01009021981679 23.30458334163527 -158.24968300264962 349998.01279814913869 31.23151815149166 326.16554237879825
1800.0 -0.01036692670421 23.28207998921729 -158.22442761126328 350018.55336807854474 31.43236820473197 326.24449082830273
1830.0 -0.00957403703088 23.25954220869192 -158.19933231113384 350025.34530837275088 31.63357436384209 326.32286856852409
1860.0 -0.00917155507794 23.23697757524971 -158.17440961892106 350017.12613408081234 31.83496590898914 326.40059269660293
1890.0 -0.00837363517612 23.21436918049021 -158.14962146559060 349997.56743033789098 32.03703931621205 326.47789334947606
1920.0 -0.00902867407403 23.19173650489891 -158.12500495484778 349963.00839595682919 32.23929926578123 326.55453521988051
1950.0 -0.01002481694818 23.17002761435938 -158.10124434024658 350017.31330091971904 32.44205554274213 326.63066068935944
1980.0 -0.01109239988109 23.14733197571572 -158.07693243473889 349956.36111135687679 32.64513526123677 326.70618569778969
2010.0 -0.00911319532699 23.12555648434111 -158.05346353348057 349985.37660148460418 32.84877566525324 326.78121840531924
2040.0 -0.00974811050397 23.10375746174418 -158.03015568260849 350000.20560303144157 33.05261919322403 326.85558816738654
2070.0 -0.00926211381652 23.08192462062430 -158.00698574972316 350003.04071770980954 33.25697491617733 326.92943667152815
2100.0 -0.00896628943115 23.06006816771309 -157.98397097373527 349992.18169733881950 33.46160175602599 327.00264781783119
2130.0 -0.00851651618004 23.03818356334025 -157.96109973330769 349968.70637667924166 33.66665355286290 327.07529042960499
2160.0 -0.00935166588891 23.01721237683383 -157.93904593033730 350037.29759153816849 33.87223901314918 327.14741208600748
2190.0 -0.00826597109010 22.99527179445396 -157.91645483610000 349989.10893265623599 34.07817238795591 327.21892249343614
2220.0 -0.00830320060168 22.97425633401321 -157.89469864955578 350031.21341266576201 34.28428166818324 327.28973780782303
2250.0 -0.00850947276691 22.95226545443724 -157.87238810478183 349958.11201061401516 34.49107014455974 327.36009003254702
2280.0 -0.00739258520346 22.93119779625677 -157.85090423459164 349975.99112162645906 34.69803557115033 327.42974072464040
2310.0 -0.00719838800945 22.91010228113475 -157.82954978460162 349982.33342160936445 34.90549172715782 327.49883307469111
2340.0 -0.00915948099312 22.88898669675527 -157.80833666571246 349975.97327231988311 35.11326307281896 327.56728137661457
2370.0 -0.00702028979218 22.86784298678993 -157.78724781237639 349958.48282344173640 35.32159012037656 327.63519436469244
2400.0 -0.00765721711965 22.84761328418540 -157.76696102467270 350034.12968008872122 35.53011076033652 327.70239904352201
2430.0 -0.00687137159812 22.82643013831980 -157.74614456494655 349992.01459057256579 35.73913651126320 327.76903718289122
2460.0 -0.00587522887170 22.80615602318499 -157.72611744776040 350044.16598075348884 35.94842423628454 327.83499129823019
2490.0 -0.00778198655313 22.78493860447595 -157.70557307362546 349977.31531026586890 36.15812810640818 327.90032947162956
2520.0 -0.00688747072260 22.76461744253210 -157.68579207492243 350007.09246520604938 36.36836136703068 327.96510056050732
2550.0 -0.00548884648644 22.74427834005008 -157.66614098232276 350024.99183723051101 36.57893224643160 328.02921090159117
2580.0 -0.00509340779889 22.72392904654787 -157.64663088533149 350029.95384969748557 36.78966743617300 328.09257542586818
2610.0 -0.00696796708364 22.70355085085898 -157.62722743483212 350025.12778315134346 37.00107708879462 328.15542807770760
2640.0 -0.00643970976971 22.68316450156991 -157.60796404131207 350007.38657733518630 37.21265193945361 328.21752678619674
2670.0 -0.00636122555915 22.66275869935323 -157.58881929138155 349978.67480020318180 37.42470977727761 328.27901550542902
2700.0 -0.00661982043294 22.64324463025258 -157.57042269728817 350047.87576481606811 37.63707235423119 328.33980656131098
2730.0 -0.00396645859658 22.62280480969490 -157.55151816169132 349996.85976558364928 37.84998345741884 328.40000916100274
2760.0 -0.00602314099052 22.60325843663961 -157.53336207620336 350043.70092101488262 38.06307638185960 328.45944754136997
2790.0 -0.00572832297587 22.58279541877451 -157.51470757696558 349969.34768223296851 38.27666505083425 328.51826345345950
2820.0 -0.00666509958062 22.56321999986789 -157.49678936758454 349993.94244362227619 38.49050426042020 328.57633767458157
2850.0 -0.00505517221206 22.54362893679067 -157.47898577539132 350007.77088905591518 38.70474845112621 328.63373734833806
2880.0 -0.00612778611214 22.52401852873729 -157.46128900865136 350011.50459107384086 38.91951548148234 328.69051243978203
2910.0 -0.00523327028160 22.50439747865446 -157.44371124293286 350004.00841452181339 39.13460741521757 328.74656551491319
2940.0 -0.00686935900443 22.48477360969339 -157.42626293667908 349984.31329114735126 39.34984963299874 328.80180993895749
2970.0 -0.00517289823242 22.46512748011955 -157.40891136271239 349955.33278303220868 39.56575917971853 328.85648155602792
3000.0 -0.00519704699300 22.44635712635265 -157.39227288293125 350027.43501808214933 39.78181968363749 328.91033413830178
3030.0 -0.00685225336151 22.42669450222301 -157.37515466040330 349976.23569345287979 39.99835294677657 328.96351225043117
3060.0 -0.00450980925521 22.40789833764109 -157.35873333591238 350027.57889946363866 40.21517795588072 329.01592586101776
3090.0 -0.00551198917177 22.38821464314074 -157.34183411161067 349955.32349431142211 40.43254176723592 329.06768443914456
3120.0 -0.00540734360695 22.36939847138478 -157.32563198790018 349985.60731218289584 40.65007303514517 329.11860898675644
3150.0 -0.00479657748602 22.35056697395122 -157.30952933775194 350006.23371201381087 40.86808803022323 329.16884100894151
3180.0 -0.00475029211535 22.33173082212720 -157.29354070631325 350015.88962084613740 41.08633947213792 329.21825912650638
3210.0 -0.00552607585029 22.31288471506122 -157.27765636414193 350015.40638964530081 41.30498199813935 329.26692923073165
3240.0 -0.00677880056132 22.29402460238381 -157.26186866942649 350005.42355752456933 41.52413814530431 329.31490211209325
3270.0 -0.00489518556522 22.27515945806157 -157.24618942109362 349984.87745731230825 41.74360366638138 329.36207608086187
3300.0 -0.00450679058627 22.25629715413692 -157.23062850835947 349952.88270454388112 41.96320261620250 329.40836251616861
3330.0 -0.00613986078789 22.23826235920697 -157.21570381128706 350028.95213167835027 42.18345894311140 329.45399893794598
3360.0 -0.00468187028233 22.21938425886750 -157.20034426726770 349977.10249913390726 42.40384908342338 329.49873439269197
3390.0 -0.00478148428905 22.20133707235660 -157.18562552179628 350032.95663983281702 42.62469883934043 329.54271373711401
3420.0 -0.00532382872470 22.18244862514067 -157.17046903797024 349960.99736358691007 42.84582437025279 329.58584409970416
3450.0 -0.00454301387487 22.16438382796158 -157.15594257652992 349997.71317665651441 43.06747598178286 329.62823483323632
3480.0 -0.00485594345995 22.14631988743299 -157.14152450813637 350023.79742978792638 43.28927764118432 329.66970317263696
3510.0 -0.00550897065057 22.12824476575400 -157.12719619229298 350040.82227848283947 43.51154789136044 329.71038995746170
3540.0 -0.00424316504079 22.11016923949900 -157.11297142814837 350047.58565254043788 43.73403736271727 329.75017114332752
3570.0 -0.00476538486911 22.09208783389364 -157.09884101312997 350044.84795575588942 43.95690080172932 329.78911088100864
3600.0 -0.00477343509615 22.07399615905457 -157.08479744902851 350033.21649922244251 44.18026547712972 329.82726033144257
3630.0 -0.00379842246137 22.05590341398372 -157.07085210755605 350011.70559962652624 44.40392215784698 329.86451402794779
3660.0 -0.00432265532659 22.03781756346480 -157.05701454630412 349979.48770765773952 44.62769055027723 329.90077865797929
3690.0 -0.00397652067864 22.02012119437192 -157.04351094895807 349999.36517345160246 44.85210301292819 329.93629399892200
3720.0 -0.00328425167822 22.00242984178674 -157.03011115794732 350008.88923670910299 45.07662870402155 329.97080375828290
3750.0 -0.00356498316209 21.98473088155338 -157.01679658360678 350009.59116363618523 45.30159739386919 330.00445251045045
3780.0 -0.00346738115812 21.96703256184062 -157.00357706478655 350000.62895451858640 45.52682234320338 330.03714392688244
3810.0 -0.00468287620984 21.94972189669641 -156.99068864114170 350044.08293776866049 45.75255706793402 330.06898660748726
3840.0 -0.00284554702761 21.93162524351511 -156.97740088076392 349955.47176754102111 45.97842079690066 330.09979340117985
3870.0 -0.00408619676742 21.91431321689900 -156.96469400495840 349980.26044648047537 46.20473424817519 330.12970376692311
3900.0 -0.00394734095090 21.89700349082582 -156.95208068099694 349995.49313266202807 46.43124594096240 330.15859035529991
3930.0 -0.00264229338358 21.87969044222772 -156.93955219713655 350001.86339683365077 46.65811062459463 330.18651482417187
3960.0 -0.00331443792441 21.86236935289835 -156.92710119351617 349999.94583129696548 46.88546033386935 330.21352797971701
3990.0 -0.00285057784704 21.84504969323143 -156.91473882477572 349988.81064121518284 47.11307772548196 330.23951766202651
4020.0 -0.00377326733008 21.82773937559465 -156.90247400411366 349967.72172410879284 47.34078412302038 330.26438950326974
4050.0 -0.00200637183589 21.81079979434575 -156.89051682966260 350001.11200880073011 47.56911721710474 330.28838239249342
4080.0 -0.00304175681532 21.79386726963642 -156.87865351770486 350024.88215346354991 47.79753879403562 330.31123403268333
4110.0 -0.00281837930263 21.77654981316086 -156.86663037039764 349977.99420824274421 48.02638253414918 330.33308774187475
4140.0 -0.00258594607859 21.75999279432513 -156.85516452222944 350047.01377072371542 48.25545871203602 330.35384291838403
4170.0 -0.00342612675462 21.74267393681690 -156.84330156072275 349982.91713802050799 48.48502398896670 330.37360636984312
4200.0 -0.00210397354438 21.72611467808153 -156.83199610318763 350034.82917878869921 48.71469279068055 330.39218581657059
4230.0 -0.00368774000187 21.70880464879421 -156.82030151681442 349952.79725653585047 48.94478788377398 330.40971816184560
4260.0 -0.00300251485778 21.69224522106714 -156.80915447815084 349987.68339498899877 49.17505563702698 330.42607191412446
4290.0 -0.00262418181315 21.67568356772544 -156.79808325889789 350014.33446352556348 49.40565066808987 330.44130507661339
4320.0 -0.00313734607785 21.65911465149053 -156.78708062880776 350033.29190097283572 49.63670978588402 330.45546694853994
4350.0 -0.00295622904391 21.64254817396996 -156.77615747060673 350043.68885476514697 49.86800882707750 330.46843875618310
4380.0 -0.00294013021490 21.62599204648279 -156.76532228108564 350044.85585377924144 50.09936767364770 330.48012193959403
4410.0 -0.00275398191832 21.60942455824241 -156.75454759603804 350038.89187415968627 50.33133078727898 330.49075391326681
4440.0 -0.00304477489332 21.59286855597904 -156.74386005252109 350023.73082272708416 50.56335247030808 330.50006564315686
4470.0 -0.00268857904972 21.57631077595642 -156.73324255616131 350000.66630006302148 50.79577021810508 330.50819758424399
4500.0 -0.00291899953233 21.55975963680984 -156.72270416097746 349968.99047374073416 51.02839120370692 330.51504373896131
4530.0 -0.00216837107642 21.54355769171838 -156.71244877153751 349994.16078242007643 51.26147513061405 330.52070744426794
4560.0 -0.00318966863866 21.52736487785624 -156.70227536496441 350010.55672761332244 51.49463153100894 330.52499036338821
4590.0 -0.00288277639146 21.51081968211770 -156.69195338973898 349954.61460654903203 51.72818505076157 330.52802494029714
4620.0 -0.00371490728365 21.49497922910677 -156.68213793997285 350019.72139845415950 51.96187983761138 330.52967439533387
4650.0 -0.00297937202471 21.47878672364602 -156.67217238998461 350012.56811591330916 52.19598748337977 330.53004545770352
4680.0 -0.00305483741859 21.46259750155937 -156.66227791461463 349997.39704893995076 52.43035821471507 330.52904945706024
4710.0 -0.00258091511142 21.44676243985555 -156.65267451621295 350038.72688887640834 52.66475644395211 330.52655779575247
4740.0 -0.00300553308351 21.43057594897689 -156.64291586434757 350007.98665653634816 52.89973275051390 330.52280410050247
4770.0 -0.00273083938073 21.41440390124460 -156.63323819516236 349968.45883438270539 53.13473443390453 330.51751242953094
4800.0 -0.00279724876778 21.39856745887722 -156.62383053842183 349987.06879573035985 53.37010235731233 330.51081834177154
4830.0 -0.00320778065230 21.38273635763078 -156.61449362885313 349997.70430276077241 53.60564069084241 330.50260948564511
4860.0 -0.00311722206146 21.36690027112045 -156.60521484488930 350001.26169362291694 53.84161180728917 330.49298367969089
4890.0 -0.00271373388554 21.35107582762740 -156.59601209207588 349996.43676600884646 54.07762067715534 330.48173598840049
4920.0 -0.00194901830791 21.33525008077197 -156.58686984586464 349984.33053409028798 54.31399331804388 330.46899203438193
4950.0 -0.00321583014067 21.31943402730269 -156.57779954105121 349964.11284292116761 54.55047186190465 330.45460881859145
4980.0 -0.00192889414378 21.30393953798432 -156.56898686582585 350003.19425195455551 54.78731941369655 330.43868135881434
5010.0 -0.00273385775420 21.28844597031609 -156.56023684140484 350034.88816337101161 55.02440436605416 330.42112312387610
5040.0 -0.00242394728126 21.27264589808763 -156.55136451521568 349991.62401360459626 55.26147762409223 330.40179357885620
5070.0 -0.00104142172637 21.25715504301065 -156.54273704849984 350008.64766964223236 55.49909570169576 330.38091876533906
5100.0 -0.00275901318096 21.24167660825728 -156.53418229813309 350017.54415614809841 55.73669872229914 330.35821501626248
5130.0 -0.00241891572316 21.22588519669925 -156.52549208765586 349952.21961200889200 55.97463071996579 330.33380953314929
5160.0 -0.00210196124616 21.21072427904502 -156.51725164821707 350013.63867058232427 56.21269266268665 330.30758165137007
5190.0 -0.00226899189706 21.19524840386270 -156.50887200266357 350001.06197410449386 56.45114938063588 330.27962011459772
5220.0 -0.00222572445666 21.17978597689546 -156.50056268917803 349980.48454016912729 56.68960110792086 330.24971198638832
5250.0 -0.00286265222733 21.16462692780994 -156.49249639864431 350020.60682131443173 56.92837494648109 330.21797202224394
5280.0 -0.00278215586629 21.14917407944999 -156.48430772673584 349985.40786010771990 57.16721084018423 330.18424898512217
5310.0 -0.00268857875425 21.13402029537916 -156.47635827937953 350011.23286673147231 57.40638378196493 330.14863140745592
5340.0 -0.00267449192800 21.11857280161252 -156.46828256243464 349961.87584069371223 57.64573880247294 330.11101335476616
5370.0 -0.00258493970787 21.10343691590874 -156.46046016824258 349972.67920302692801 57.88503369232469 330.07124952668431
5400.0 -0.00192587562258 21.08829123218214 -156.45268094657055 349977.32453029323369 58.12483060424937 330.02955229432621
5430.0 -0.00215730277137 21.07315931852514 -156.44496894514492 349974.21554204542190 58.36456222937645 329.98562923493142
5460.0 -0.00212711637745 21.05802722562083 -156.43730874869593 349964.35263280663639 58.60457545930412 329.93959369423550
5490.0 -0.00240784800905 21.04318885626416 -156.42988725596410 350015.86625691689551 58.84466775740356 329.89131373940126
5520.0 -0.00224786106674 21.02806065313059 -156.42233415775505 349992.27542240917683 59.08510607261623 329.84086339578380
5550.0 -0.00146201524975 21.01322784894683 -156.41502247268895 350029.96534242853522 59.32548562232810 329.78801968878741
5580.0 -0.00236055656314 20.99811338026312 -156.40758369850886 349992.13736574910581 59.56613416462500 329.73288008392768
5610.0 -0.00194298067456 20.98328759816253 -156.40038038671710 350016.05366258416325 59.80678915957508 329.67528201830970
5640.0 -0.00142478603363 20.96845859249596 -156.39322393409574 350033.55276154167950 60.04772672986673 329.61529610352721
5670.0 -0.00160690869962 20.95336136699504 -156.38594824936999 349974.85285416059196 60.28878880129578 329.55280231637136
5700.0 -0.00166929334249 20.93882130168959 -156.37907981143792 350047.48326477222145 60.52972935306924 329.48764237440639
5730.0 -0.00095589439817 20.92373315731160 -156.37190762658429 349975.17703515943140 60.77111568518559 329.42000513120854
5760.0 -0.00086131121088 20.90919367939115 -156.36513777243263 350034.68738740123808 61.01237266026669 329.34958797997569
5790.0 -0.00129397941001 20.89438745709755 -156.35824480497155 350018.09966853447258 61.25384951164857 329.27648154103849
5820.0 -0.00116719708736 20.87959022355130 -156.35140686297433 349994.52589734364301 61.49533971667023 329.20053797337118
5850.0 -0.00159282216884 20.86504893681826 -156.34477849887836 350034.70591278653592 61.73711178398226 329.12180746412321
5880.0 -0.00058561113738 20.85026263636406 -156.33804279275233 349997.65602984279394 61.97875545160538 329.04005385094086
5910.0 -0.00143887285988 20.83547817052060 -156.33135292493205 349954.14481627102941 62.22059845609154 328.95534692133805
5940.0 -0.00013281877412 20.82095729958269 -156.32488214169155 349973.93902366142720 62.46237526474118 328.86750785508741
5970.0 -0.00159181550266 20.80643335318065 -156.31845369376498 349987.55499563738704 62.70436242401312 328.77657842778211
6000.0 -0.00036525229363 20.79191305659860 -156.31207357065455 349994.62892025429755 62.94639812131236 328.68241788147708
6030.0 -0.00082307562405 20.77740674995184 -156.30575120086471 349994.60886234696954 63.18823189419163 328.58484933887445
6060.0 -0.00084521193867 20.76289111134678 -156.29946319817171 349988.83610674552619 63.43043534302358 328.48402194996254
6090.0 -0.00042562449054 20.74839009390324 -156.29323223669783 349975.99801488500088 63.67242486327690 328.37962072458043
6120.0 -0.00098306197542 20.73388939891301 -156.28704378929640 349956.91756463516504 63.91455114617833 328.27169896344537
6150.0 -0.00060875382271 20.71963173909828 -156.28106184390106 350002.25908326078206 64.15660288505410 328.16008534663456
6180.0 -0.00064598303882 20.70536727571776 -156.27511708441446 350041.73079266492277 64.39884918426969 328.04479115778560
6210.0 0.00013080632816 20.69088386285775 -156.26907093269384 350003.13100138399750 64.64087351869671 327.92556189479876
6240.0 -0.00007747754437 20.67640216517803 -156.26306617871629 349958.31144225411117 64.88300246763782 327.80242249134392
6270.0 -0.00086634217804 20.66238181689207 -156.25741761544245 350049.74640597496182 65.12496661229839 327.67516967543423
6300.0 0.00065403282266 20.64790937469578 -156.25150216175132 349992.19783534947783 65.36704170944834 327.54379823184206
6330.0 -0.00078584552153 20.63366452855236 -156.24578304324694 349999.87323322147131 65.60906112231909 327.40813559691418
6360.0 0.00000905556361 20.61943334532762 -156.24011696993767 350000.76608611736447 65.85076886524260 327.26797693329269
6390.0 -0.00030186128004 20.60519226265072 -156.23448116637420 349996.08111021481454 66.09273931810212 327.12340454187273
6420.0 -0.00125071256055 20.59096539949478 -156.22889771678334 349984.64026579819620 66.33437933858782 326.97408735782051
6450.0 0.00001006222980 20.57694785250315 -156.22349948490498 350039.26516239903867 66.57603949599883 326.82001680330023
6480.0 -0.00003219854442 20.56272677563505 -156.21799914340355 350015.47894111834466 66.81750231618574 326.66098530178073
6510.0 -0.00101324807387 20.54850308237540 -156.21253368340413 349985.82606150489300 67.05903576797454 326.49693975638968
6540.0 -0.00004930418734 20.53449597414247 -156.20726277138382 350021.87367199826986 67.30021568824375 326.32759852892355
6570.0 -0.00031594810629 20.52028538224999 -156.20188381057770 349979.65369113162160 67.54136548674632 326.15291262837820
6600.0 -0.00048398453696 20.50628392648179 -156.19669420913655 350003.48128813877702 67.78221024644293 325.97264028316107
6630.0 0.00029179934571 20.49227812177587 -156.19153857001271 350021.54255328606814 68.02302274481490 325.78669837970739
6660.0 -0.00006942776053 20.47808271541015 -156.18628167959798 349960.83568478841335 68.26362957745808 325.59486358950835
6690.0 0.00024048271241 20.46409470118724 -156.18121514589183 349966.25358512997627 68.50376730221512 325.39688704742230
6720.0 -0.00046285429759 20.45009575088663 -156.17617498443499 349966.24532834067941 68.74401023172823 325.19273769827242
6750.0 0.00003320461966 20.43611013236242 -156.17118274794385 349959.76350345090032 68.98375381187891 324.98206196546386
6780.0 0.00070434338071 20.42230513736102 -156.16636219432903 350020.50947881210595 69.22334554310265 324.76474717962139
6810.0 0.00001207438029 20.40832322771751 -156.16144479935278 350002.11591980140656 69.46255927485548 324.54052746581988
6840.0 0.00007848421055 20.39433759769298 -156.15655829074583 349978.03675415739417 69.70165859344453 324.30924137516752
6870.0 0.00062887798684 20.38053964121731 -156.15185268974884 350020.86266047041863 69.94020919287642 324.07056488004042
6900.0 0.00063491502925 20.36656491711956 -156.14704437353674 349984.67253201920539 70.17852755967546 323.82432490897412
6930.0 0.00112594268386 20.35277021535490 -156.14241200401563 350015.69411187060177 70.41633026747144 323.57021681700087
6960.0 0.00132014032108 20.33896984321596 -156.13780973455030 350041.11594428494573 70.65388297401094 323.30802607289627
6990.0 0.00049404676676 20.32500669901041 -156.13311124165213 349987.08006082847714 70.89100187447340 323.03744578503586
7020.0 0.00158477238500 20.31122161232107 -156.12858984057306 350000.32304390985519 71.12741246634681 322.75815541859112
7050.0 0.00144591597754 20.29742411732491 -156.12409111295142 350008.26366038713604 71.36368344981136 322.46992963499360
7080.0 0.00166929363796 20.28363862313395 -156.11963614249689 350009.98135335836560 71.59919543161008 322.17238175054047
7110.0 0.00252356114024 20.26985041445186 -156.11521144457376 350006.05067591648549 71.83428711896504 321.86522169938024
7140.0 0.00185745393730 20.25606830222764 -156.11082427428448 349996.15797137934715 72.06871893491422 321.54808764619952
7170.0 0.00256984651091 20.24228094580157 -156.10646420434085 349980.73191265203059 72.30274374713841 321.22063351104305
7200.0 0.00247828214029 20.22865123558962 -156.10227233171341 350033.26766084786505 72.53591236717155 320.88246768082905
7230.0 0.00268857845878 20.21487175407542 -156.09798260879447 350006.12566815502942 72.76852704111673 320.53320641526972
7260.0 0.00252758662310 20.20110169879672 -156.09373131658927 349972.97137578111142 73.00029001886894 320.17244151326992
7290.0 0.00364749137815 20.18746728479945 -156.08963222539987 350008.52656855154783 73.23145169358185 319.79973500878486
7320.0 0.00293509939547 20.17383230273480 -156.08556503303819 350038.39272608514875 73.46181081653995 319.41464193162648
7350.0 0.00295019141056 20.16007476795647 -156.08141548099883 349987.80010368581861 73.69107487229394 319.01672567081920
7380.0 0.00360321904438 20.14643808518603 -156.07740863576083 350006.37024923134595 73.91979578801360 318.60542703344680
7410.0 0.00261411943561 20.13281168350527 -156.07344161687061 350018.93547807727009 74.14733286909077 318.18031446307356
7440.0 0.00406104207934 20.11905624111273 -156.06938054032460 349951.36939446907490 74.37400456847779 317.74079672200679
7470.0 0.00336374240722 20.10543225637214 -156.06547458568986 349952.58396840188652 74.59954863221071 317.28635816347406
7500.0 0.00243903988728 20.09192029028031 -156.06171140719479 350023.12726361118257 74.82419451060527 316.81634169596174
7530.0 0.00355592730300 20.07829664607128 -156.05786606305449 350013.05318108573556 75.04746900414690 316.33025667788240
7560.0 0.00298641514236 20.06466963525826 -156.05404654904319 349997.46941599622369 75.26964548979322 315.82736811321604
7590.0 0.00367164072966 20.05105015064134 -156.05026165817256 349976.06170068401843 75.49040054302534 315.30710972012309
7620.0 0.00233137624446 20.03753502665455 -156.04661762094821 350024.15040732640773 75.70995298936951 314.76867520486962
7650.0 0.00340700896121 20.02391155885225 -156.04288608591835 349991.66398527286947 75.92807037706980 314.21140904557785
7680.0 0.00320878643207 20.01030137618101 -156.03919263570404 349953.23369853943586 76.14442878170429 313.63470929816515
7710.0 0.00249639356299 19.99678049631972 -156.03563083740727 349984.67772153392434 76.35954073076883 313.03746353828791
7740.0 0.00307194276604 19.98326783661918 -156.03210515956476 350010.29955880064517 76.57273236091274 312.41921759393819
7770.0 0.00290591907679 19.96965353719414 -156.02848945013133 349955.28996328916401 76.78427903991248 311.77890181654521
7800.0 0.00308301136655 19.95623126455307 -156.02513026977840 350045.09894005302340 76.99387828946530 311.11579939303488
7830.0 0.00272681404560 19.94261520571631 -156.02156613357107 349979.03111089393497 77.20171116527500 310.42877765941398
7860.0 0.00305986838575 19.92909933523103 -156.01814865764339 349982.47486847359687 77.40726391705786 309.71726857645342
7890.0 0.00276102562692 19.91557791523070 -156.01475361737249 349980.50793070532382 77.61075272938496 308.98001925523852
7920.0 0.00305986838575 19.90214312618087 -156.01149957369714 350048.32936717476696 77.81180798867636 308.21631107781275
7950.0 0.00308904811349 19.88853934820219 -156.00804653410214 349959.85103057976812 78.01058603889780 307.42482591819731
7980.0 0.00272882678703 19.87509328082684 -156.00483839776589 350016.83861482236534 78.20679883955415 306.60470664643623
8010.0 0.00336273603650 19.86157967852478 -156.00155539439476 349992.55027863103896 78.40006844136093 305.75525859420276
8040.0 0.00293711154596 19.84805265171135 -155.99828625353300 349963.05858013220131 78.59082548511125 304.87460235155959
8070.0 0.00363541729333 19.83460461391611 -155.99515783802667 350003.47715544234961 78.77834624514368 303.96251718287363
8100.0 0.00373100655586 19.82114741652280 -155.99204928115626 350038.55934127606452 78.96282289249253 303.01737917721579
8130.0 0.00422505332262 19.80762784986763 -155.98886183611921 349992.37383909989148 79.14388643420497 302.03846619231552
8160.0 0.00363944218525 19.79416131456840 -155.98579752544941 350016.61703874822706 79.32162841373443 301.02419557992613
8190.0 0.00433472970688 19.78064367923375 -155.98265940155116 349959.41574499383569 79.49547492761867 299.97432393550764
8220.0 0.00451282777641 19.76717741728649 -155.97964555984322 349972.64457701984793 79.66554163406342 298.88719939601464
8250.0 0.00434881653312 19.75371396784359 -155.97665934059967 349980.31614650879055 79.83139003458291 297.76242578276151
8280.0 0.00452892704862 19.74024164786034 -155.97369083542898 349982.66163333132863 79.99307173932183 296.59845077381198
8310.0 0.00452490215670 19.72676734040870 -155.97074524650515 349979.55161728337407 80.15021980119110 295.39482150436265
8340.0 0.00517591675362 19.71330160314263 -155.96783071663563 349970.80308478418738 80.30238756540054 294.15152628059383
8370.0 0.00473218054492 19.69981980925381 -155.96492690293599 349956.86338750179857 80.44987042854183 292.86629948468476
8400.0 0.00430051842103 19.68638406614414 -155.96215399113714 350013.32460802793503 80.59190495131426 291.54037942386162
8430.0 0.00509340765115 19.67290204142862 -155.95929790725106 349988.42520222067833 80.72856541905215 290.17235746691097
8460.0 0.00470300081718 19.65945436018805 -155.95656583921129 350034.09949635807425 80.85941978573800 288.76278464762311
8490.0 0.00511755670720 19.64596323641946 -155.95374875343910 349998.40498255938292 80.98445003627307 287.31073175402582
8520.0 0.00419587329941 19.63248052327019 -155.95096014353931 349957.12565005198121 81.10305739108097 285.81800580127032
8550.0 0.00526748141971 19.61901600061421 -155.94828645793282 349986.62626167759299 81.21525217683161 284.28394727452127
8580.0 0.00486801813571 19.60555157483526 -155.94563716342566 350010.64415719825774 81.32057595013295 282.71041354126214
8610.0 0.00434881653312 19.59205783669040 -155.94290586918814 349953.16137995664030 81.41899594165072 281.09734020501179
8640.0 0.00449471576277 19.57859477100465 -155.94038760473603 350042.64736768975854 81.51013728668447 279.44683580471900
8670.0 0.00433875459880 19.56510778490375 -155.93770497170385 349974.17212634254247 81.59358337919572 277.76188390925893
8700.0 0.00463457854095 19.55161679873304 -155.93512612712289 349976.68736388534307 81.66953068628168 276.04171344454699
8730.0 0.00464765899649 19.53813190474723 -155.93257450597599 349973.66484505869448 81.73734536205612 274.29167232107056
8760.0 0.00451584659309 19.52464159340492 -155.93013164563425 350041.56975479889661 81.79707886820171 272.51266276148101
8790.0 0.00433875430333 19.51114384419902 -155.92752228755705 349951.47930277138948 81.84841039304993 270.70887049480484
8820.0 0.00530169211462 19.49763597530804 -155.92511174584686 350008.64186761621386 81.89135306597836 268.88205766511317
8850.0 0.00451685266833 19.48413283602934 -155.92263296930329 349984.01087888050824 81.92552176767101 267.03819358977438
8880.0 0.00444340001588 19.47062180109475 -155.92016838382071 349954.01971916854382 81.95099549623774 265.17924283353994
8910.0 0.00428240670286 19.45710321242312 -155.91781758936185 349994.88922739122063 81.96755224334740 263.31074842343861
8940.0 0.00446754848099 19.44357009378646 -155.91547845354452 350030.42355756275356 81.97528245872068 261.43512423573060
8970.0 0.00463055364903 19.43004540741132 -155.91306558171081 349984.21137531287968 81.97407421992517 259.55759279307523
9000.0 0.00418883018176 19.41651050376305 -155.91076844376670 350008.84264904726297 81.96382815468687 257.68404153893749
9030.0 0.00445547410070 19.40297539792080 -155.90838654382961 349951.83740426134318 81.94483089031486 255.81481483414700
9060.0 0.00470300052171 19.38942463138326 -155.90611880479474 349965.69093876332045 81.91690320328433 253.95793092003086
9090.0 0.00443333749062 19.37586180882441 -155.90386283888986 349974.17428496573120 81.88027815360063 252.11495559184243
9120.0 0.00450477799257 19.36229597006594 -155.90162537991810 349977.22082260344177 81.83500086917726 250.29109650606128
9150.0 0.00396645889205 19.34871529391082 -155.89939678323637 349974.90640477091074 81.78129763036752 248.48799470488530
9180.0 0.00409324062375 19.33513724948536 -155.89719037791667 349967.12020675837994 81.71922113373886 246.71172616762328
9210.0 0.00398557638999 19.32154837312268 -155.89499523892883 349953.94330195803195 81.64904280531648 244.96309825009050
9240.0 0.00365051049029 19.30791786403179 -155.89290560165523 350011.66880009323359 81.57091419258573 243.24648275859960
9270.0 0.00355190241108 19.29431412462809 -155.89073897464783 349987.64671183563769 81.48510751987391 241.56232498186702
9300.0 0.00351266045354 19.28065827900511 -155.88867244038553 350034.53737984504551 81.39182404266028 239.91373643534126
9330.0 0.00425725157157 19.26705245091738 -155.88654282784660 349999.61245372146368 81.29128629781789 238.30404380198578
9360.0 0.00290290055559 19.25342731275136 -155.88441603114785 349959.31031684018672 81.18379967309185 236.73067402583177
9390.0 0.00383665834367 19.23975236846858 -155.88239529655883 349989.86231938190758 81.06957331938185 235.19858545396318
9420.0 0.00329230160979 19.22606230020119 -155.88038344774640 350014.97747109923512 80.94888629296702 233.70615416966203
9450.0 0.00324199134721 19.21242754614984 -155.87830410703776 349958.33099808078259 80.82199245201761 232.25523526882117
9480.0 0.00336072329507 19.19865214898701 -155.87639693199230 350048.83316342718899 80.68914255296566 230.84429385219769
9510.0 0.00378433593059 19.18500472528758 -155.87434369165572 349981.28737214487046 80.55060638881332 229.47590825658267
9540.0 0.00367264680491 19.17127924201398 -155.87238152518188 349984.56479994580150 80.40661940053623 228.14791873794493
9570.0 0.00388898075674 19.15755055045108 -155.87043569407876 349982.36854236293584 80.25744868053728 226.86146523376087
9600.0 0.00372597558870 19.14380688581486 -155.86849669740729 349974.69896179903299 80.10330335140395 225.61437629446428
9630.0 0.00473318691563 19.13005522231258 -155.86656958652438 349961.54902584291995 79.94443230871009 224.40697523938633
9660.0 0.00435485357553 19.11622495145333 -155.86474233162525 350019.11607474647462 79.78110633439267 223.23988455697548
9690.0 0.00440616991336 19.10245064056840 -155.86283452219510 349994.97435363661498 79.61343824716407 222.10894340804685
9720.0 0.00416971238834 19.08867915239070 -155.86094588670753 349965.35864268802106 79.44174744947620 221.01650724546644
9750.0 0.00494549538460 19.07480531453104 -155.85914296889101 350006.36799036897719 79.26616140380769 219.95961496643636
9780.0 0.00498574430380 19.06092235120353 -155.85735281221892 350041.84563121944666 79.08691982532235 218.93837116634364
9810.0 0.00496260132300 19.04711380960044 -155.85548781278456 349995.67336311656982 78.90413364750813 217.95028080190150
9840.0 0.00506120940221 19.03320909602776 -155.85371759175544 350020.07882027886808 78.71808653763109 216.99634187551914
9870.0 0.00591044593732 19.01938862713809 -155.85187581305070 349962.88416053727269 78.52885890626852 216.07388764582316
9900.0 0.00517491067838 19.00546350949640 -155.85012510947737 349976.20361174829304 78.33668324031780 215.18302656122731
9930.0 0.00511252544457 18.99152030038936 -155.84837841648158 349983.92778713908046 78.14162335358955 214.32136172037210
9960.0 0.00556028684066 18.97756599874340 -155.84664078188365 349986.07925018388778 77.94387261078941 213.48859739292038
9990.0 0.00516283570715 18.96361127843472 -155.84492008753062 349982.71307601407170 77.74365699906845 212.68476637591760
10020.0 0.00506925918605 18.94963093442073 -155.84319649227899 349973.68179665133357 77.54089392346552 211.90621528900834
10050.0 0.00523226405862 18.93565033396038 -155.84148922877560 349959.12700791563839 77.33592128272188 211.15451942580023
10080.0 0.00505014109716 18.92153296018928 -155.83986042695787 350014.75680721830577 77.12871934021088 210.42712928301984
10110.0 0.00493845226695 18.90752729779292 -155.83816756803051 349988.97316363919526 76.91948046118840 209.72397355443209
10140.0 0.00522220241976 18.89337635808986 -155.83654948478164 350033.26106700208038 76.70819301453156 209.04298638716091
10170.0 0.00497266325733 18.87934838260025 -155.83487168659008 349996.23681534174830 76.49512473878373 208.38489130430608
10200.0 0.00543954215137 18.86530609834356 -155.83319752553359 349953.56343370117247 76.28023693320981 207.74757958654990
10230.0 0.00473117446967 18.85112477502447 -155.83160728509199 349980.94552263524383 76.06372456339284 207.13114173695837
10260.0 0.00524635088487 18.83692225229413 -155.83001824733742 350002.56990335043520 75.84554763270131 206.53373376512718
10290.0 0.00521113352378 18.82270555615944 -155.82843546939924 350018.48893098905683 75.62585687413828 205.95518371945209
10320.0 0.00500586817246 18.80848538678518 -155.82686684627978 350028.80443195067346 75.40484526042954 205.39559796316416
10350.0 0.00499479986741 18.79438308663901 -155.82522147634083 349957.79844552278519 75.18230290368753 204.85218552373314
10380.0 0.00480060223020 18.77998418437734 -155.82373162521574 350032.07959228754044 74.95857996210511 204.32629810202283
10410.0 0.00461747319350 18.76571312758128 -155.82217198853490 350025.12089205440134 74.73356409654987 203.81603380203168
10440.0 0.00455508855063 18.75143247864338 -155.82062029657033 350012.46801829896867 74.50742054827968 203.32145927813391
10470.0 0.00512862471677 18.73713021059928 -155.81906688048227 349993.96745629888028 74.28006305880081 202.84105937582621
10500.0 0.00447157366838 18.72282389701009 -155.81752494800696 349969.82538467366248 74.05175380733334 202.37553844578187
10530.0 0.00471809342320 18.70833659482474 -155.81605262160735 350015.03055267035961 73.82238368736219 201.92335522227035
10560.0 0.00481267720143 18.69400328211392 -155.81451974029736 349979.33503347542137 73.59212878931248 201.48471006995939
10590.0 0.00471909920297 18.67948207360393 -155.81305401529664 350012.84278161078691 73.36088861971820 201.05826251363888
10620.0 0.00507730896988 18.66511579676705 -155.81152405948404 349965.46939909178764 73.12879269321881 200.64400586091941
10650.0 0.00513868694657 18.65057374701726 -155.81007353915348 349987.42713526170701 72.89601897752679 200.24215811549229
10680.0 0.00450075310065 18.63599983864875 -155.80861436561889 350003.26990280486643 72.66228131659255 199.85059712725450
10710.0 0.00555525587350 18.62141962382332 -155.80716594759500 350013.37063126266003 72.42794417411142 199.47054024642702
10740.0 0.00543752970541 18.60681757207331 -155.80571587177872 350017.47938585560769 72.19284113544204 199.10057217750264
10770.0 0.00525540703942 18.59220293582856 -155.80427092677220 350015.73179901111871 71.95712585252710 198.74086738194615
10800.0 0.00541841191199 18.57756364763603 -155.80282136675339 350007.91547465324402 71.72066905311755 198.39030896689113
10830.0 0.00536709557416 18.56291734074055 -155.80138048386672 349994.31452577654272 71.48373506020128 198.04958387280709
10860.0 0.00556632388307 18.54825070569301 -155.79993757014418 349974.69381804019213 71.24617383306875 197.71754537571050
10890.0 0.00540331930597 18.53337676015015 -155.79856488364561 350023.69755124207586 71.00815404305918 197.39446049887621
10920.0 0.00606238280032 18.51867591219901 -155.79712356824280 349992.09544204827398 70.76954052680398 197.07933354003416
10950.0 0.00564480809362 18.50375745890236 -155.79574736104033 350028.87819192558527 70.53045347008674 196.77225651003184
10980.0 0.00654334911155 18.48903555658674 -155.79431632312887 349985.49826947785914 70.29106532198935 196.47350544456063
11010.0 0.00629280328293 18.47407571341988 -155.79293744534638 350010.06066439487040 70.05104348931050 196.18141715947030
11040.0 0.00596176257062 18.45910668278728 -155.79156652377904 350028.71571899577975 69.81076595622785 195.89708709515202
11070.0 0.00599295474432 18.44432720621690 -155.79012863426354 349967.07094965223223 69.57003409627906 195.61942618245988
11100.0 0.00595270671154 18.42910364367378 -155.78881780715088 350047.50457684416324 69.32899745531996 195.34866099718064
11130.0 0.00559952879820 18.41428673573439 -155.78737531700216 349973.61930639762431 69.08750131769992 195.08393744927577
11160.0 0.00625658043754 18.39902008277829 -155.78606201755596 350041.61970188561827 68.84581367583355 194.82590089556504
11190.0 0.00681301184717 18.38417570010803 -155.78462110364140 349955.65615034941584 68.60376192730240 194.57367137725814
11220.0 0.00506221547745 18.36886766023123 -155.78330505393015 350011.20403372123837 68.36151136420088 194.32753633707330
11250.0 0.00708871162520 18.35376067033208 -155.78192123963160 349986.65036258194596 68.11890636368808 194.08672661842314
11280.0 0.00609458104927 18.33863635997227 -155.78053583168605 349955.91971917171031 67.87606325881644 193.85138216445390
11310.0 0.00631896537588 18.32326888557206 -155.77921651777240 349992.73073908034712 67.63315298270501 193.62179753392431
11340.0 0.00680294961737 18.30786375716079 -155.77788249781551 350022.82422680687159 67.38981366146609 193.39662327627832
11370.0 0.00616400969621 18.29244671551383 -155.77655358507283 350046.81039072573185 67.14643441734574 193.17684297730688
11400.0 0.00675062661336 18.27724708556673 -155.77515848943173 349991.05752123985440 66.90279669500086 192.96158604531749
11430.0 0.00660573345895 18.26178711519223 -155.77382169224785 350002.32707114331424 66.65904904992740 192.75109665505099
11460.0 0.00656649209235 18.24629683383894 -155.77247425861714 350006.97583440970629 66.41502109875191 192.54469502099985
11490.0 0.00725071012706 18.23079389386810 -155.77112969786845 350005.44954467192292 66.17098485733884 192.34297763029693
11520.0 0.00628978535267 18.21526517763023 -155.76977722801755 349997.38559350930154 65.92675383774949 192.14524114814520
11550.0 0.00710682363884 18.19972107936879 -155.76842464578132 349983.04929932393134 65.68249209329086 191.95177166261499
11580.0 0.00675465150528 18.18388836299734 -155.76711876848066 350034.82275220938027 65.43803155532623 191.76195170141258
11610.0 0.00713197847466 18.16829442877794 -155.76575140940764 350007.35462107229978 65.19348705396649 191.57594065727073
11640.0 0.00671037858057 18.15269133835763 -155.76438761184076 349973.75087874289602 64.94902943463569 191.39403094363209
11670.0 0.00647492683533 18.13678371449399 -155.76306207711366 350005.70897731650621 64.70427784273554 191.21509343401922
11700.0 0.00715512115999 18.12086164688647 -155.76173871786406 350031.32827845402062 64.45962985710261 191.04001321992308
11730.0 0.00632600849353 18.10518470750549 -155.76034982095265 349977.85992323141545 64.21485420812090 190.86807033323836
11760.0 0.00687137159812 18.08921460018348 -155.75901242005042 349990.19929159432650 63.97009958523199 190.69950900102955
11790.0 0.00634613265766 18.07321164041833 -155.75766118402842 349995.59133370034397 63.72518564154853 190.53376871641723
11820.0 0.00634613236219 18.05719350835035 -155.75630980227626 349994.56403073295951 63.48038751313180 190.37139679835025
11850.0 0.00689048939154 18.04114715590409 -155.75494738414682 349986.69208268262446 63.23551043666038 190.21181238405282
11880.0 0.00534596563026 18.02479408897467 -155.75363487144281 350044.08030830323696 62.99071766103815 190.05528949076330
11910.0 0.00737648607899 18.00898913899508 -155.75220313368155 349950.95071134809405 62.74583343606767 189.90131576975168
11940.0 0.00606338917104 17.99257866488682 -155.75086914770856 349994.49286046903580 62.50097201819531 189.75005546981458
11970.0 0.00595874375395 17.97615122199667 -155.74953502434116 350031.46462147496641 62.25630448661498 189.60178955337574
12000.0 0.00603823433521 17.95998079805347 -155.74812786586980 349989.58390104770660 62.01143754299456 189.45554879262281
12030.0 0.00643970947424 17.94349665274588 -155.74677188509480 350012.60059275198728 61.76677477074546 189.31213381987757
12060.0 0.00637329993944 17.92728518272723 -155.74535089375516 349957.26994556747377 61.52207667036450 189.17093220840061
12090.0 0.00663692622359 17.91074836434454 -155.74397442519822 349966.38422023411840 61.27749233097644 189.03218022368333
12120.0 0.00583598691416 17.89417639811154 -155.74258075195354 349968.19484004564583 61.03283496791174 188.89540198924328
12150.0 0.00601408468823 17.87758699247816 -155.74118378618994 349963.31374981161207 60.78838173572987 188.76109939449867
12180.0 0.00648096446868 17.86096717333652 -155.73977249417413 349951.25279523525387 60.54393311110433 188.62877959212858
12210.0 0.00646184608432 17.84400874292447 -155.73840403991844 350003.03131865244359 60.29965144214214 188.49870052263978
12240.0 0.00601509135441 17.82701318006167 -155.73701844115757 350047.31504621449858 60.05535629531535 188.37042536484279
12270.0 0.00598691770192 17.81031156716303 -155.73557258534245 350013.90312870405614 59.81116164805273 188.24411612300173
12300.0 0.00584101788133 17.79359627287692 -155.73412415306603 349973.85744418576360 59.56723868593021 188.12003886307210
12330.0 0.00642159775607 17.77651234120743 -155.73269928687296 349996.38588925730437 59.32318604296772 187.99734405697686
12360.0 0.00606338917104 17.75940965940762 -155.73127036021182 350012.02979091554880 59.07941122326989 187.87676079991672
12390.0 0.00652020568754 17.74260700292482 -155.72977685208883 349950.15386985708028 58.83566944257525 187.75775603847259
12420.0 0.00691765711652 17.72511044604662 -155.72836735821716 350021.10323140118271 58.59211009981760 187.64055492915159
12450.0 0.00578668302229 17.70791121458532 -155.72688999723908 350014.36779616493732 58.34854227742434 187.52474372529326
12480.0 0.00731510765910 17.69069256897870 -155.72540603730135 350000.64282664656639 58.10524409448946 187.41078396228932
12510.0 0.00727687192453 17.67309657352881 -155.72394988990985 350048.91284185461700 57.86201358757818 187.29824816957805
12540.0 0.00630890299835 17.65616861651541 -155.72239270664366 349950.97452785819769 57.61901191812478 187.18737744776755
12570.0 0.00730202720356 17.63851162965479 -155.72090601295014 349984.22094542719424 57.37605595799339 187.07779105509218
12600.0 0.00772262043147 17.62082296997738 -155.71940407688760 350009.85888693481684 57.13325942171509 186.96964553180399
12630.0 0.00752339227029 17.60311356253490 -155.71789552694918 350028.33905978780240 56.89079331170679 186.86319143431348
12660.0 0.00776186238901 17.58535757038916 -155.71635814835281 350038.51022649183869 56.64825126278298 186.75767129159371
12690.0 0.00708166835981 17.56758113288587 -155.71481334246351 350041.48996398318559 56.40604297777723 186.65375384021047
12720.0 0.00800234554462 17.54976851495337 -155.71324732790723 350036.55783475283533 56.16392041831806 186.55096633940278
12750.0 0.00757169008692 17.53192929495303 -155.71166762960925 350024.11566936876625 55.92203306983616 186.44952207192520
12780.0 0.00816333782350 17.51405123318747 -155.71006333236230 350003.57981958519667 55.68018746523814 186.34905428619496
12810.0 0.00786751417681 17.49615210287983 -155.70844893782390 349975.73697068821639 55.43866176047896 186.24998932450487
12840.0 0.00790273124243 17.47784540306357 -155.70685451309367 350008.16749886795878 55.19725315272836 186.15194969562000
12870.0 0.00794297927522 17.45950990898992 -155.70524594640983 350032.87459711823612 54.95612128603091 186.05516036337949
12900.0 0.00861814292819 17.44151281487159 -155.70357201266413 349981.33936440851539 54.71508171861747 185.95928343151911
12930.0 0.00786550173085 17.42310636760917 -155.70192021293079 349989.88801701925695 54.47424780208166 185.86446873776245
12960.0 0.00829816963451 17.40467778229910 -155.70025827394636 349990.95788516663015 54.23379002724791 185.77095200701984
12990.0 0.00896729550640 17.38620115919142 -155.69856335217617 349983.26002847403288 53.99329926626533 185.67804819493480
13020.0 0.00866644074481 17.36770273850520 -155.69685742971220 349968.04861487913877 53.75318601113800 185.58637507746070
13050.0 0.00917256144866 17.34877517556128 -155.69516509420976 350011.80910144094378 53.51320042813163 185.49550688706861
13080.0 0.00939292029241 17.32981462352781 -155.69345451967229 350047.43804462812841 53.27349183024000 185.40564538770514
13110.0 0.00966258317576 17.31120548227764 -155.69167649279669 350007.25798126403242 53.03386533538941 185.31646028788023
13140.0 0.00994532651465 17.29257398006090 -155.68988464822553 349959.43756626825780 52.79459834830902 185.22834748108502
13170.0 0.00933154187251 17.27350567601614 -155.68810445160833 349970.05195163749158 52.55548837255409 185.14096863186828
13200.0 0.01002582302343 17.25440744524511 -155.68630624360509 349972.57635452784598 52.31669321886270 185.05453386319735
13230.0 0.01014757364024 17.23526769684515 -155.68447924087508 349966.37176848016679 52.07802812762418 184.96873881483873
13260.0 0.01046452826497 17.21609379828791 -155.68262925743812 349951.79177537281066 51.83960594662246 184.88372638152890
13290.0 0.01041321177941 17.19648502867485 -155.68080089137175 349995.60809917747974 51.60159633911581 184.79971866371264
13320.0 0.01066677539055 17.17682216693736 -155.67893423445861 350029.90432010125369 51.36358909664072 184.71608868661954
13350.0 0.01096763044761 17.15754826609713 -155.67701725672225 349990.14412416052073 51.12599434875089 184.63341107708044
13380.0 0.01032064118581 17.13781664970700 -155.67510509409539 350007.43351692985743 50.88856155004355 184.55129741168162
13410.0 0.01090625187998 17.11805124574732 -155.67317062201704 350016.20507906936109 50.65143958848780 184.46993877753584
13440.0 0.01180378667493 17.09866390944702 -155.67116881053826 349950.23030674830079 50.41443300910103 184.38903377564424
13470.0 0.01121918190827 17.07840014044287 -155.66921516069922 350007.00080608390272 50.17781780644773 184.30895202377161
13500.0 0.01068991792815 17.05851965676224 -155.66719746820729 349989.24763178918511 49.94139263530934 184.22938650268910
13530.0 0.01178869347797 17.03860852714122 -155.66515761924626 349963.02806991618127 49.70531319365717 184.15053396331211
13560.0 0.01097869904812 17.01822126495885 -155.66311617607994 349992.57353770826012 49.46939514503318 184.07211683295088
13590.0 0.01147777604338 16.99779433736126 -155.66104658041584 350013.05398024246097 49.23375068582350 183.99427131075674
13620.0 0.01125339275091 16.97733880550081 -155.65895819585037 350025.09128625690937 48.99854836779310 183.91720723966517
13650.0 0.01108938135989 16.95682865751542 -155.65682663061114 350027.10456325765699 48.76337819911875 183.84034493521989
13680.0 0.01173637076942 16.93629036395215 -155.65467529196621 350020.63555588666350 48.52864900448782 183.76422235141931
13710.0 0.01136306898743 16.91570813301464 -155.65248903008651 350004.70025860331953 48.29411035436416 183.68848126314941
13740.0 0.01263289948912 16.89509174904059 -155.65027608885148 349979.85569187067449 48.05991048194001 183.61330309598071
13770.0 0.01238939751684 16.87397807904882 -155.64805295787042 350009.21242570318282 47.82585400225266 183.53840975121258
13800.0 0.01120911953073 16.85283107801090 -155.64580595614507 350029.63660023268312 47.59221495350982 183.46414816929865
13830.0 0.01282407830966 16.83209384479441 -155.64349511913392 349976.70886192470789 47.35879377887512 183.39023681509690
13860.0 0.01214589598775 16.81040965796458 -155.64121198826118 350041.83799753244966 47.12574382658662 183.31686051584063
13890.0 0.01156129136883 16.78959428729699 -155.63883552797293 349970.14732484612614 46.89288174833440 183.24376346086251
13920.0 0.01233305021184 16.76781843035688 -155.63647960815200 350015.57293460983783 46.66031895007127 183.17107562405249
13950.0 0.01268924664638 16.74647434208661 -155.63407385157103 349988.90024732984602 46.42822262585341 183.09899594500951
13980.0 0.01234009392044 16.72507556954376 -155.63161963144279 349951.69528974406421 46.19618402059989 183.02698374627639
14010.0 0.01210866632844 16.70317887086845 -155.62916600122185 349968.34033916611224 45.96460988139644 182.95554569145835
14040.0 0.01311587750764 16.68123356862539 -155.62667148231449 349974.76219258550555 45.73325054024571 182.88434831866769
14070.0 0.01302733151049 16.65924952972776 -155.62414461944863 349971.57373170461506 45.50225337382417 182.81356442859820
14100.0 0.01284621462428 16.63721447986358 -155.62157287666795 349957.90702238585800 45.27142356932987 182.74293498511466
14130.0 0.01295991560498 16.61466722538496 -155.61899540726893 349996.99531874433160 45.04103275815641 182.67278732903318
14160.0 0.01288143198537 16.59206983528171 -155.61637564977377 350025.57613388914615 44.81088366061213 182.60286096709959
14190.0 0.01248096218292 16.56991620394375 -155.61370067864425 349982.55314863938838 44.58112707945932 182.53333014772119
14220.0 0.01364614741526 16.54722969652953 -155.61100275756692 349990.74610636569560 44.35158109358844 182.46395698959051
14250.0 0.01346905527324 16.52449929765207 -155.60826595837213 349988.72475003264844 44.12235619440774 182.39486579744604
14280.0 0.01383028282268 16.50124555535434 -155.60552064181780 350038.51111492421478 43.89361800878386 182.32624587305676
14310.0 0.01308267259250 16.47891420753414 -155.60267947734081 349954.39134832192212 43.66495983312924 182.25758904922426
14340.0 0.01414119996180 16.45556493876036 -155.59984795891705 349982.99244558159262 43.43678570188717 182.18937519496015
14370.0 0.01391581000315 16.43216319477478 -155.59696904376312 350000.59141459502280 43.20884722051900 182.12129138621310
14400.0 0.01365922801853 16.40871892914042 -155.59405161763453 350007.86065115127712 42.98129073619410 182.05350278754969
14430.0 0.01391581015088 16.38521987192147 -155.59108259847437 350003.85380419250578 42.75392240746908 181.98576614155147
14460.0 0.01435753406137 16.36168401536440 -155.58807891851197 349989.84652923699468 42.52701108840649 181.91839181624374
14490.0 0.01429112452657 16.33809903302485 -155.58502739253058 349964.88253470230848 42.30036215599380 181.85113690593394
14520.0 0.01559013475601 16.31345777902727 -155.58196945929112 350049.63060650601983 42.07412370921217 181.78416629276236
14550.0 0.01464732081338 16.28977941189296 -155.57882763808502 350002.97512612026185 41.84812298618396 181.71726570907086
14580.0 0.01435652769065 16.26554469162958 -155.57565598894232 350005.30446649715304 41.62245467890392 181.65053698337522
14610.0 0.01494113275278 16.24127395678759 -155.57244931138931 349997.49259334243834 41.39729006266322 181.58416963911080
14640.0 0.01525406219013 16.21642360065270 -155.56919401099833 350036.79739110171795 41.17222514354492 181.51768282994038
14670.0 0.01471775524009 16.19205318070282 -155.56588796438805 350006.43452934641391 40.94766072064765 181.45153341006116
14700.0 0.01523393817373 16.16763162362730 -155.56252853741555 349964.61213055066764 40.72335008444109 181.38542564464254
14730.0 0.01611336125051 16.14264494014157 -155.55913727437195 349970.89072852768004 40.49943840553411 181.31951797334685
14760.0 0.01609826790582 16.11760052348516 -155.55568710066555 349965.08664228487760 40.27573313583671 181.25358032203738
14790.0 0.01564446961504 16.09198808355777 -155.55220676152362 350007.07625308632851 40.05250004857002 181.18790833205179
14820.0 0.01701190182524 16.06631944284294 -155.54867029362057 350037.00528171844780 39.82954747393003 181.12227394901620
14850.0 0.01552875618838 16.04113734105057 -155.54507720340658 349997.48510662559420 39.60702068196253 181.05683376630049
14880.0 0.01637094945811 16.01536735077189 -155.54143508049773 350004.01244847849011 39.38474157386412 180.99137742235092
14910.0 0.01593425666253 15.98954763377416 -155.53774031963772 349998.83618840854615 39.16281850515616 180.92601957813156
14940.0 0.01685392762436 15.96315047557755 -155.53401202176931 350040.49340733420104 38.94141347110610 180.86093358928818
14970.0 0.01704108184845 15.93776670548239 -155.53019669869286 349953.80116234719753 38.72012572398977 180.79566171809199
15000.0 0.01624316150342 15.91126304182506 -155.52635353977027 349971.21278095059097 38.49935239674871 180.73064100411625
15030.0 0.01659633926903 15.88470171108909 -155.52244815658383 349976.04608599748462 38.27884879891506 180.66559020212202
15060.0 0.01577829490761 15.85809284332417 -155.51849025027516 349969.10455558262765 38.05875880090195 180.60066185284393
15090.0 0.01738319130900 15.83087470235998 -155.51447065687904 350006.07140154857188 37.83889141029159 180.53563697755226
15120.0 0.01672513359443 15.80361072617628 -155.51040133971352 350031.31332840397954 37.61950907163094 180.47079841800758
15150.0 0.01727854589192 15.77684246081696 -155.50626406225942 349987.26995134260505 37.40042330117460 180.40593076917705
15180.0 0.01741438377818 15.74891915863373 -155.50208055555456 350044.12856581807137 37.18177644271572 180.34118328538611
15210.0 0.01774039396653 15.72204813804568 -155.49782265001321 349975.36315590888262 36.96339266770834 180.27635626991324
15240.0 0.01786516310454 15.69401036685360 -155.49350974722435 350006.37988671660423 36.74537914099794 180.21156035417883
15270.0 0.01727955241037 15.66592856998487 -155.48914653069320 350025.58085214160383 36.52789584918288 180.14696235233666
15300.0 0.01791547351486 15.63777655724299 -155.48470267886347 350030.53816186264157 36.31054573066240 180.08212416521093
15330.0 0.01811772078817 15.60958143083066 -155.48020706523440 350023.64405537955463 36.09372189743674 180.01746574865140
15360.0 0.01738822227617 15.58132740757276 -155.47564080841650 350003.39770641084760 35.87718195098947 179.95271813620843
15390.0 0.01862484786273 15.55302470802670 -155.47101409667678 349970.67515267897397 35.66106835815223 179.88802871235393
15420.0 0.01766895346457 15.52351743853131 -155.46630824535038 350034.07055199425668 35.44519189794661 179.82318788756413
15450.0 0.01858761820342 15.49510708147818 -155.46154832423608 349975.27237146254629 35.22981148462321 179.75846736550656
15480.0 0.01862686030869 15.46549042955806 -155.45671098756091 350012.34122558031231 35.01474200294407 179.69366259238816
15510.0 0.01730168872498 15.43582124894269 -155.45180998843648 350036.36992060579360 34.80012279725260 179.62891631891506
15540.0 0.01765788515952 15.40608837262515 -155.44683111370964 350046.22404882684350 34.58578048735004 179.56403794870602
15570.0 0.01763876721838 15.37629964277553 -155.44178197592615 350042.58147141151130 34.37182098368871 179.49913455942598
15600.0 0.01913901849815 15.34646649110972 -155.43667452345832 350026.49008303415030 34.15840216604056 179.43436723750662
15630.0 0.01738419753198 15.31656270536277 -155.43147680448629 349995.32585514336824 33.94513102175868 179.36931462630199
15660.0 0.01791647988557 15.28661550898473 -155.42621921238276 349951.68273316044360 33.73239634937395 179.30438194569805
15690.0 0.01762367416915 15.25543040141953 -155.42086608245648 350000.59248685091734 33.51995826659662 179.23931067246312
15720.0 0.01698574061870 15.22418878949156 -155.41544111223993 350035.65497085824609 33.30795775089499 179.17424370079331
15750.0 0.01773536285163 15.19347164771153 -155.40993759989249 350002.59656760003418 33.09620753087990 179.10897941566751
15780.0 0.01630655222154 15.16270783566865 -155.40436788946778 349956.50610701832920 32.88496282757340 179.04377982318081
15810.0 0.01656816561653 15.13069166865082 -155.39869497395821 350001.36481706332415 32.67404203634409 178.97844973360074
15840.0 0.01516350389476 15.09861958515365 -155.39294803273529 350032.17925668228418 32.46358144914337 178.91312612868560
15870.0 0.01371960021545 15.06708116617200 -155.38712424862578 349995.45958513114601 32.25341027778577 178.84762621452293
15900.0 0.01551366313915 15.03428238273015 -155.38119518347588 350048.76146464981139 32.04363312572325 178.78205394931209
15930.0 0.01401844312201 15.00264105573081 -155.37522345605669 349984.48083649110049 31.83440568645972 178.71656541496890
15960.0 0.01424383278519 14.96971727085470 -155.36912232567164 350007.82048421725631 31.62533929644103 178.65075355100910
15990.0 0.01267817848907 14.93674342413887 -155.36294960536793 350017.39477518294007 31.41681819976517 178.58501087537175
16020.0 0.01502263518907 14.90370380028696 -155.35668422853894 350011.45717095397413 31.20860521541756 178.51908776465891
16050.0 0.01355659504740 14.87060883341579 -155.35033751546516 349991.04332396574318 31.00083976014751 178.45312321958457
16080.0 0.01306959213697 14.83744637125552 -155.34389254997893 349954.75667709857225 30.79333666043838 178.38692241193692
16110.0 0.01410195778266 14.80300420336795 -155.33733445047591 350006.22820795979351 30.58634731290164 178.32073890608643
16140.0 0.01280395421940 14.76849401035198 -155.33067996453036 350041.67460798844695 30.37969373345545 178.25438563270313
16170.0 0.01044037935666 14.73516346152142 -155.32397941173531 349961.09726510569453 30.17350912519481 178.18799445114848
16200.0 0.01131275865098 14.70052997524242 -155.31714005958662 349965.59650668036193 29.96762540788966 178.12138928058275
16230.0 0.01171322823182 14.66583559834005 -155.31020805827680 349954.59671081602573 29.76214583494733 178.05467135484176
16260.0 0.00972396152179 14.62983709483225 -155.30314404617675 350028.53532737214118 29.55712836969985 177.98789531302737
16290.0 0.01023310119004 14.59502535776242 -155.29603014372444 349986.83273598272353 29.35253532456073 177.92101841020335
16320.0 0.01061244030992 14.55889403401236 -155.28876635103612 350028.22471153177321 29.14826002932699 177.85392821754277
16350.0 0.00892704754748 14.52396024702802 -155.28145713792642 349954.93912525940686 28.94444044828152 177.78676068107711
16380.0 0.00945631123213 14.48769840266833 -155.27398891922365 349963.66977132204920 28.74089341825792 177.71932625799460
16410.0 0.00796310358708 14.45138187357532 -155.26643111500638 349957.18706035520881 28.53786670546230 177.65187173500914
16440.0 0.00869260172975 14.41373050843754 -155.25871306933246 350031.92714620288461 28.33518582781335 177.58421664774519
16470.0 0.00709877363340 14.37728834265100 -155.25095168099477 349992.90205975994468 28.13298103780657 177.51648857189065
16500.0 0.00647895165338 14.33950383595766 -155.24302171547157 350034.11143828555942 27.93108686236233 177.44851678816312
16530.0 0.00624450598338 14.30293247005288 -155.23504394093064 349961.73416867852211 27.72960529677933 177.38040036601592
16560.0 0.00675867676653 14.26502511890284 -155.22690795696425 349970.26136880740523 27.52859339519369 177.31219282089722
16590.0 0.00522421427478 14.22705538594404 -155.21866610321780 349962.22097459062934 27.32801350121813 177.24385242364326
16620.0 0.00527452475897 14.18772809054781 -155.21024375989415 350032.47800714708865 27.12776036142397 177.17526987059566
16650.0 0.00186449720269 14.14962773439639 -155.20177865469719 349990.34013867378235 26.92797044638491 177.10657845553339
16680.0 0.00502297366765 14.11016192671165 -155.19312335554622 350025.41596191376448 26.72846269084616 177.03759319628287
16710.0 0.00260606987338 14.07063763606743 -155.18436480906882 350044.11550961714238 26.52948116038611 176.96855491504931
16740.0 0.00268857882811 14.03104356614320 -155.17548497653004 350044.92599167395383 26.33085492580116 176.89928899710569
16770.0 0.00156666066683 13.99138979486133 -155.16649591593443 350029.01525083463639 26.13271128045757 176.82991916036673
16800.0 0.00187858402893 13.95166556978096 -155.15738008679139 349994.91221501212567 25.93488742114165 176.76027938250741
16830.0 0.00075163490049 13.91056814053987 -155.14807146600123 350036.90323069412261 25.73748406059143 176.69046684062667
16860.0 -0.00058259246844 13.87072122512218 -155.13872414113339 349968.48039044532925 25.54055733853423 176.62053404434209
16890.0 -0.00000100622298 13.82949813078629 -155.12918079863817 349975.68533575534821 25.34406966811773 176.55044009942802
16920.0 -0.00071239294295 13.78820327699381 -155.11950496630089 349964.19967992324382 25.14791725395295 176.48007840662044
16950.0 -0.00130907223763 13.74552411321522 -155.10962749791028 350027.30503883957863 24.95223503762629 176.40957997447802
16980.0 -0.00197115477026 13.70409220360372 -155.09969149516536 349978.99153746943921 24.75684412707623 176.33876374598699
17010.0 -0.00303571947744 13.66127637058564 -155.08955505040061 350005.22662897408009 24.56198483043811 176.26786530712653
17040.0 -0.00239275459049 13.61838880880354 -155.07928166505044 350012.42842696607113 24.36748980862130 176.19671523599058
17070.0 -0.00344021365474 13.57543959419101 -155.06888395213315 350001.84143106453121 24.17348339448573 176.12543377406593
17100.0 -0.00317759425837 13.53242343087221 -155.05835144992471 349972.63433548528701 23.97987842166164 176.05393129314962
17130.0 -0.00462652897872 13.48799370200085 -155.04757999570725 350013.89688470680267 23.78658740519586 175.98211805370136
17160.0 -0.00475532308252 13.44349751955738 -155.03667453390992 350036.49306422472000 23.59375674587737 175.91013612593892
17190.0 -0.00566996315105 13.39893769286118 -155.02563682783867 350040.70001169573516 23.40140986943000 175.83800561567722
17220.0 -0.00502096114782 13.35431258060763 -155.01446176045036 350026.17428690660745 23.20950933932406 175.76568640227640
17250.0 -0.00648398269441 13.30961577977789 -155.00313663215849 349991.88618139550090 23.01795298435745 175.69307441935399
17280.0 -0.00697601671974 13.26350244060558 -154.99157297230278 350027.52855712082237 22.82687401004283 175.62029852971020
17310.0 -0.00826999590815 13.21731071420564 -154.97984822615405 350042.32985681854188 22.63609599292494 175.54718135145788
17340.0 -0.00758175194738 13.17242043323056 -154.96809538436722 349951.18941127508879 22.44585512424305 175.47395353306382
17370.0 -0.00811906519426 13.12473668283452 -154.95597471725532 350015.27936086617410 22.25598789541567 175.40045055757196
17400.0 -0.00760489470658 13.07835355343297 -154.94381913218911 349973.06567732151598 22.06661552023708 175.32678936700529
17430.0 -0.00806875500555 13.03053488510825 -154.93139866061514 349997.93062927853316 21.87765268816679 175.25288284491378
17460.0 -0.00722857403404 12.98263960082837 -154.91881015477134 350001.66069892141968 21.68901309966697 175.17864298840976
17490.0 -0.00906489758423 12.93467954643828 -154.90606991103655 349985.87091029155999 21.50084110397070 175.10420960933845
17520.0 -0.00952070839483 12.88527982307174 -154.89306161741220 350036.53641055431217 21.31315962809624 175.02960258418543
17550.0 -0.01036793248399 12.83719174848077 -154.88001411593828 349981.63099816441536 21.12593142224050 174.95478240379305
17580.0 -0.00763004983787 12.78765082197585 -154.86667547409536 349991.07466871943325 20.93905597354684 174.87964714791673
17610.0 -0.01013449311083 12.73804582153578 -154.85317911386932 349980.72980729397386 20.75266472074232 174.80432390531146
17640.0 -0.00826798338832 12.68697666193681 -154.83937584072771 350033.03120102453977 20.56658377437843 174.72863836979627
17670.0 -0.01076940828782 12.63723596698869 -154.82554415570735 349981.59937174711376 20.38104516568045 174.65281696225935
17700.0 -0.00714606537478 12.58603378426271 -154.81140836471914 349993.09828233346343 20.19588923773628 174.57669946976648
17730.0 -0.01027938656071 12.53476856593695 -154.79710866930284 349984.57286861632019 20.01123409461326 174.50039990125859
17760.0 -0.01101391592908 12.48203673804001 -154.78249894673016 350038.22719478234649 19.82699630291921 174.42383332945769
17790.0 -0.00931846123231 12.43062788372837 -154.76783314618785 349986.49831931479275 19.64309078243284 174.34691319000567
17820.0 -0.01083682389785 12.37775422659664 -154.75285822885292 349997.09769771713763 19.45965980047708 174.26977742781841
17850.0 -0.01113264806161 12.32481738968444 -154.73771037520791 349987.23110936209559 19.27672579126468 174.19244571510322
17880.0 -0.01246285068636 12.27040737090407 -154.72224108747037 350038.41454683896154 19.09425172454245 174.11487901425733
17910.0 -0.01100284777177 12.21733269307068 -154.70671863710908 349985.36881581321359 18.91213877360026 174.03697721208454
17940.0 -0.01189635737933 12.16278493911773 -154.69087234872163 349993.25734593812376 18.73051658334020 173.95886596346503
17970.0 -0.01232600683565 12.10816110146218 -154.67481988362670 349978.08340111747384 18.54921385467449 173.88037350694177
18000.0 -0.01158845879834 12.05206155846322 -154.65844059375880 350023.47383146360517 18.36845842465731 173.80172267457013
18030.0 -0.01430923613394 11.99730989023038 -154.64201138483125 349965.83910273760557 18.18809508200803 173.72275763973485
18060.0 -0.01329699435691 11.93965463716542 -154.62508796114258 350047.89333534985781 18.00823769055842 173.64358860995006
18090.0 -0.01220626836933 11.88335258422517 -154.60811673255100 350027.47366995736957 17.82880527087448 173.56413315523815
18120.0 -0.01499949257760 11.82697826647900 -154.59093123725748 349983.93103478290141 17.64971399091178 173.48430588665249
18150.0 -0.01462820301997 11.76911397611038 -154.57338866021624 349998.38661924935877 17.47110400978262 173.40424324030604
18180.0 -0.01309374097142 11.71118800237112 -154.55564835970389 349991.41196196805686 17.29299727394790 173.32396471142388
18210.0 -0.01384638205795 11.65319901204527 -154.53770379872859 349962.60043381061405 17.11535700259215 173.24343161217089
18240.0 -0.01601173431770 11.59370463196373 -154.51937108682031 349989.06772813387215 16.93808607753773 173.16254533681763
18270.0 -0.01705718104679 11.53414807521254 -154.50083165044072 349993.68990985397249 16.76131232590542 173.08143041962066
18300.0 -0.01540096819676 11.47451798245899 -154.48205872163473 349974.22274434566498 16.58486708721300 172.99991716956424
18330.0 -0.01769410855893 11.41338996114811 -154.46290998133108 350011.34855890367180 16.40897397752892 172.91822540777756
18360.0 -0.01618077678668 11.35219258702446 -154.44353134656802 350024.96586090885103 16.23348106838320 172.83620201796515
18390.0 -0.01864698432509 11.29093595200531 -154.42393869359154 350016.73134751617908 16.05850028916923 172.75395609232791
18420.0 -0.01820526048847 11.22961551553191 -154.40411838266311 349985.60985864605755 15.88395200222172 172.67140627665827
18450.0 -0.01661243857817 11.16677515727892 -154.38387214304797 350006.91084117442369 15.70975364874954 172.58846812393861
18510.0 -0.01751399793263 11.04091590165191 -154.34270252898386 349982.48666519206017 15.36284228728883 172.42185192323984
20700.0 -0.01795572176924 4.98429096305422 -151.76617850778445 349996.03577424213290 3.97430729086382 165.45164263637295
20820.0 -0.01739627196767 4.57979001865651 -151.54848646358818 349952.68982502818108 3.42460017476066 165.01556724766493
20940.0 -0.01884520663262 4.16851655480970 -151.32090313185839 349976.53363215643913 2.88292990887371 164.57355639259617
21030.0 -0.01877980335774 3.85694856699659 -151.14387450883589 350000.63184180855751 2.48201181864560 164.23817154073467
83880.0 -0.00003853637525 27.27924379501404 -165.74897309488020 350032.15570818446577 7.82206124933576 311.30939736714009
83910.0 0.00348146591608 27.24560241184885 -165.64632814013154 349950.27773074153811 7.96900094926922 311.44584732455428
83940.0 0.00111990564145 27.21335638503427 -165.54682804399252 349972.97628900036216 8.11624364059195 311.58191439249748
83970.0 0.00248733947673 27.18069310276901 -165.44778488529525 349973.10517547372729 8.26383996861735 311.71762402131492
84060.0 0.00516857462036 27.08209406355079 -165.15596839916810 349973.56382849905640 8.70910003927439 312.12277843655573
84090.0 0.00028072956331 27.04966542237024 -165.06131759830510 350017.96933754812926 8.85839060829625 312.25719162608078
84120.0 -0.00340197858498 27.01684910402765 -164.96712781073302 350037.70003200229257 9.00793862427035 312.39119036776219
84150.0 0.00617306732811 26.98365043677152 -164.87336979909398 350036.09260455984622 9.15791555297348 312.52486307447174
84180.0 -0.00553010221956 26.95007245826103 -164.78006596810079 350010.58727582544088 9.30820001468759 312.65814507071224
84210.0 0.00629582328149 26.91611970942011 -164.68720120436689 349962.89744515158236 9.45888454720344 312.79108336314653
84240.0 0.00132617559067 26.88367673623407 -164.59731979722631 350026.53369990270585 9.61007631722639 312.92373232662612
84390.0 0.00211574698851 26.71616903796816 -164.15438360566176 350000.20404667872936 10.37129476123927 313.58136938429885
84420.0 -0.00423511407507 26.68258931388834 -164.06830951418451 349996.34042215906084 10.52482121680384 313.71188572705705
84450.0 -0.00484588241203 26.64867849105987 -163.98267546290558 349967.64282316807657 10.67861014485376 313.84197671603596
84480.0 -0.00067516306203 26.61539825956572 -163.89869546976010 349984.33909247908741 10.83283299506722 313.97172956261124
84510.0 -0.00098809412446 26.58179856586658 -163.81513869172537 349977.29152025189251 10.98736864769108 314.10108059890553
84540.0 -0.00136743028964 26.54884493112998 -163.73322241103185 350015.61334961745888 11.14230976707115 314.23007626592005
84570.0 -0.00962233647259 26.51558255769305 -163.65168881822834 350033.96491580735892 11.29776477506748 314.35877086265953
84600.0 0.00418882929535 26.48104936230034 -163.56934497536062 349961.13719827402383 11.45355708594160 314.48707238259834
84630.0 -0.00959315349468 26.44814682574484 -163.48986055545507 350000.33645962737501 11.60966226697302 314.61496712471944
84660.0 -0.00887774505909 26.41495024608018 -163.41077440510017 350016.96803486347198 11.76613276101493 314.74248074739688
84690.0 0.00885560726713 26.38146243675405 -163.33206818335412 350013.05508053861558 11.92309093682644 314.86967448910644
84720.0 -0.00622236944716 26.34768758046762 -163.25376799117902 349985.61088323034346 12.08037177895700 314.99646272472148
84750.0 0.00526546867828 26.31460293159044 -163.17703853456388 350007.16421693470329 12.23819261860217 315.12295500334659
84780.0 -0.01648565592312 26.28124189152434 -163.10071483659686 350004.42856542672962 12.39628026642552 315.24901076190673
84810.0 -0.00213114097390 26.24858520991690 -163.02595898901311 350049.54588777106255 12.55480614256273 315.37471605908888
84840.0 -0.00072144902364 26.21468178275664 -162.95040933602880 350001.95763409044594 12.71364940495239 315.50000817602455
84870.0 -0.00870266373794 26.18149282920225 -162.87642287899615 350001.96883670426905 12.87290283807727 315.62493300648327
84900.0 -0.00193392540642 26.14804207664025 -162.80279630758037 349981.96076676901430 13.03267614532615 315.74954480065446
84930.0 -0.00660975894181 26.11531915413711 -162.73072472971788 350009.03933392465115 13.19279052414495 315.87375158381218
84960.0 -0.00448767234965 26.08234578453220 -162.65903391921853 350012.99839677475393 13.35322140896038 315.99753974048684
84990.0 -0.01527418650199 26.04912468017737 -162.58771632048038 349994.62868317309767 13.51402214135048 316.12093504028735
85020.0 0.00254368559984 26.01664691996708 -162.51790839410145 350026.64353413879871 13.67531626473189 316.24399853371114
85050.0 -0.00823880425152 25.98393100137250 -162.44847095470749 350035.88774461671710 13.83693648205535 316.36664449021453
85080.0 -0.00721649943215 25.95097744591255 -162.37937316131794 350025.74200871121138 13.99910258931286 316.48898232798552
85110.0 -0.00963541633719 25.91779257398765 -162.31065418637064 349991.77800035942346 14.16153913240355 316.61087205119912
85140.0 -0.00564078408811 25.88537201547267 -162.24342476134001 350008.34382565040141 14.32441748603259 316.73239861479215
85170.0 -0.00633707561670 25.85272832675463 -162.17655762311665 350002.20664476230741 14.48761710442587 316.85350018590793
85200.0 -0.00161093300060 25.82086035676294 -162.11116513406316 350046.93923406116664 14.65123088419359 316.97422212843674
85230.0 -0.01327083274410 25.78777657146998 -162.04497749516449 349999.92165268585086 14.81536983673715 317.09461867164435
85260.0 -0.00614287857042 25.75547768927718 -161.98026507546697 350002.99688934721053 14.97985289556711 317.21459778194696
85290.0 -0.00427838269735 25.72297002262394 -161.91590610152087 349983.51712941192091 15.14465536375684 317.33414590290079
85320.0 -0.00764614822367 25.69125727592311 -161.85299932806919 350015.41228630114347 15.30983149597046 317.45328891644562
85350.0 -0.00725674953323 25.65833833958402 -161.78931143906519 349954.30996908713132 15.47550603281479 317.57208771833882
85380.0 -0.00833238077262 25.62722644561963 -161.72816907416572 350017.93218866270036 15.64150934908101 317.69045638511852
85410.0 -0.00615998273600 25.59491301219289 -161.66623915446843 349989.13317804969847 15.80806374687181 317.80850427361111
85440.0 -0.00871373322487 25.56341354966688 -161.60574662329037 350011.43282027728856 15.97489147464732 317.92609182493129
85470.0 -0.01003286717523 25.53172433417314 -161.54557257733839 350013.54905675724149 16.14216384272109 318.04330293832658
85500.0 -0.00235753715553 25.49985024389351 -161.48573254907299 349993.70505129545927 16.30976062147633 318.16007659948446
85530.0 -0.00916048736384 25.46880041122740 -161.42728764121688 350028.10155630018562 16.47777480975464 318.27645765793483
85560.0 -0.00561864511427 25.43656018001180 -161.36807291577233 349968.57395028136671 16.64631874908935 318.39250034804581
85590.0 -0.00698809169097 25.40616204343544 -161.31131686503915 350038.12544796708971 16.81520906720652 318.50811248080601
85620.0 -0.00618312867150 25.37458278307799 -161.25381725474622 350010.73652315977961 16.98442093454513 318.62328052715071
85650.0 -0.00508737001780 25.34283284730456 -161.19663543395976 349962.32268370408565 17.15400953230974 318.73803048079213
85680.0 -0.00806976115466 25.31192398735602 -161.14080560890520 349970.77861615363508 17.32410082184005 318.85242311670834
85710.0 -0.00629783602292 25.28085195519868 -161.08528990136017 349957.98578920308501 17.49452279767613 318.96637221967205
85740.0 -0.00830219437870 25.25062747205368 -161.03110136064933 350003.67731710802764 17.66550031001503 319.07998715827267
85770.0 -0.01332013604503 25.22024725292403 -160.97722424143964 350027.81092535518110 17.83675327877368 319.19312867019244
85800.0 0.00046687800763 25.18869630990148 -160.92260645027139 349955.24350024294108 18.00845292758764 319.30587964517144
85830.0 -0.00566392411422 25.15902137372754 -160.87035606135350 350016.40409339591861 18.18047936410764 319.41817981503436
85860.0 -0.00915746884263 25.12818129348556 -160.81736801139610 349980.40029446594417 18.35292567716782 319.53007352761591
85890.0 -0.01088109645322 25.09820523670437 -160.76567868583936 350004.03352014254779 18.52589702138654 319.64161086591560
85920.0 -0.00797920315476 25.06808504201705 -160.71428122324230 350007.46117793582380 18.69922474415526 319.75270774224043
85950.0 -0.00899647434773 25.03782395084617 -160.66317927344491 349990.22296124137938 18.87287535204145 319.86334643740702
85980.0 -0.00833841899691 25.00843935464327 -160.61336988822808 350032.00807435344905 19.04690496507756 319.97355305383121
86010.0 -0.01057420479696 24.97789843101745 -160.56282619033067 349976.57336930930614 19.22144078662510 320.08338827793375
86040.0 -0.01002783709447 24.94824044769629 -160.51357111896189 349980.03529833536595 19.39630837998659 320.19276549505622
86070.0 -0.00941404905443 24.91844593751748 -160.46457494629280 349966.10090380627662 19.57173518249992 320.30179415955070
86100.0 -0.00625456740064 24.88954130393888 -160.41685514304581 350011.44247462507337 19.74743875567692 320.41033515440807
86130.0 -0.01135502082867 24.86050779587809 -160.36939753077544 350038.50212307088077 19.92359021078717 320.51847040296713
86160.0 -0.01067381954235 24.83135067420119 -160.32221524500750 350045.80265009868890 20.10007001489656 320.62614030510650
86190.0 -0.01273150550004 24.80206983777659 -160.27529772571825 350034.41462529823184 20.27697133246512 320.73338871581734
86220.0 -0.01041321148394 24.77266450740621 -160.22863227752342 350005.63108587171882 20.45440923396271 320.84026995646445
86250.0 -0.00761596419350 24.74314177678495 -160.18223935012679 349957.19046500045806 20.63219559609979 320.94669119240166
86280.0 -0.00463457765454 24.71452215059836 -160.13708012333626 349970.69959608651698 20.81030532387071 321.05263883753560
86310.0 -0.01167197264644 24.68578877019571 -160.09218039210523 349965.45343036111444 20.98879548730478 321.15813909643595
86340.0 -0.00833439469593 24.65795771859744 -160.04847618767187 350025.39477577432990 21.16779455079570 321.26325259635905
86370.0 -0.00779003500736 24.62900102406483 -160.00408187146314 349983.71665590163320 21.34712559536408 321.36789220504301
