# sod		dsTEC/dt [TECU/s]		lat		lon		h_ipp		ele		azi
38010.0 -0.01434747212704 25.03665681157459 -174.39509764130935 350030.01940999459475 0.27522380554500 291.31530703525635
38040.0 -0.01458292387228 25.07138744139116 -174.27665698504333 349962.44422157295048 0.37052552297595 291.50786350508844
38070.0 -0.01119302055400 25.10617381578313 -174.16153772579574 350011.99981556832790 0.46609230148005 291.70035172476895
38100.0 -0.01171725282827 25.13982157611100 -174.04478236291715 349990.69227590132505 0.56178645016756 291.89266058502596
38130.0 -0.00824786099701 25.17275777986492 -173.92801279417753 349965.66708093788475 0.65780221083131 292.08494061685559
38160.0 -0.01389065309904 25.20535858230078 -173.81294309354135 349991.71768631227314 0.75394065876058 292.27703249775436
38190.0 -0.01261478777096 25.23726079459847 -173.69786541201464 350013.81484390236437 0.85040277756330 292.46909203939390
38220.0 -0.00916853714768 25.26843146199538 -173.58283149066295 350026.25954641867429 0.94700751371100 292.66097406317795
38250.0 -0.01035686417894 25.29889363208901 -173.46781582409798 350032.67064182646573 1.04387629237792 292.85277168852878
38280.0 -0.01199697897557 25.32866794108731 -173.35279530790638 350036.33052045013756 1.14112190201529 293.04457117955286
38310.0 -0.01065470027159 25.35770250316335 -173.23784997017117 350028.21965707186610 1.23845106634086 293.23613909313059
38340.0 -0.00992017020148 25.38602487204714 -173.12294756427215 350012.73561240825802 1.33601213744548 293.42758974526828
38370.0 -0.00550695982969 25.41364972344568 -173.00807336895534 349992.14706509467214 1.43388513508472 293.61898360819191
38400.0 -0.01227368305603 25.44057265296972 -172.89324013115726 349965.45886254869401 1.53204169878936 293.81029584683290
38430.0 -0.00810699037077 25.46723646452540 -172.78012400778155 349989.44881867431104 1.63034306264998 294.00141480029612
38460.0 -0.01084588116042 25.49322124829548 -172.66704029210916 350008.76452098228037 1.72898487234237 294.19249191379913
38490.0 -0.01217507527229 25.51801723423728 -172.55241422157778 349956.38878936879337 1.82776707951959 294.38336736991516
38520.0 -0.01044842914050 25.54309012375320 -172.44109189872228 350021.13389857299626 1.92689093394858 294.57419698670282
38550.0 -0.01031259095877 25.56649139049175 -172.32660792579574 349953.53990022744983 2.02617496383185 294.76483562513891
38580.0 -0.00971188751084 25.59018439922360 -172.21544268004854 350001.06895107962191 2.12574029697473 294.95537608630906
38610.0 -0.01161663230311 25.61322279626433 -172.10431725584002 350044.87699676305056 2.22570267581129 295.14590688025987
38640.0 -0.01202313988664 25.63454962724478 -171.99007778054047 349954.25220595765859 2.32576485022396 295.33619198972485
38670.0 -0.00604829626954 25.65620024437759 -171.87916422386314 349977.48723158799112 2.42607592845397 295.52634619942398
38700.0 -0.00797517649002 25.67718882643995 -171.76832285032705 349994.71397785283625 2.52671764576289 295.71643130561876
38730.0 -0.00743987827446 25.69751179910621 -171.65756616148457 350004.96461054962128 2.62766088200249 295.90642202132148
38760.0 -0.00637329905303 25.71714928863617 -171.54693380164255 350004.20459805242717 2.72876574809122 296.09620612494552
38790.0 -0.00877108749152 25.73613222077627 -171.43638247209572 349997.81641449872404 2.83022934203008 296.28593599804833
38820.0 -0.00633103857429 25.75443205299782 -171.32596672533302 349980.09267405234277 2.93185044048774 296.47545132208182
38850.0 -0.00660472767918 25.77207978267505 -171.21564236946361 349956.48115406930447 3.03383058699147 296.66490793203070
38880.0 -0.00488210466649 25.79014971021591 -171.10864377856115 350044.16943381354213 3.13598785401763 296.85416072716617
38910.0 -0.00689552094964 25.80647306740437 -170.99857067887027 350001.77109124325216 3.23844307970653 297.04330219568840
39090.0 -0.00489719727251 25.89474659122511 -170.35191563787657 349998.27911314647645 3.85917451557890 298.17548191942154
39120.0 -0.00505517206433 25.90712418939527 -170.24436010163771 349957.25917186029255 3.96364893013926 298.36372734541339
39150.0 -0.00648599484490 25.91944819604564 -170.13854678597548 349965.63321753405035 4.06829729517925 298.55174599913869
39180.0 -0.00761998731260 25.93115900268932 -170.03286302538743 349967.18640235345811 4.17332147848546 298.73969375684464
39210.0 -0.00529163195311 25.94223517380271 -169.92735688560356 349957.07932321820408 4.27853905989545 298.92742554370858
39240.0 -0.00804863032435 25.95330703210668 -169.82355648654453 349999.84436284378171 4.38407059423635 299.11503354630656
39270.0 -0.00372597558870 25.96378793335210 -169.71987884617877 350036.98732509277761 4.49003792035018 299.30261089691908
39300.0 -0.00720744505042 25.97301876795306 -169.61485573536908 349998.98692446015775 4.59613549442371 299.48991627537083
39330.0 -0.00467784391306 25.98163324079168 -169.51000825060666 349951.11335036717355 4.70251402852321 299.67706546930117
39360.0 -0.00468589369690 25.99091080334126 -169.40839603944801 350018.82056669425219 4.80925879464087 299.86412300766546
39390.0 -0.00470300259000 25.99832444555913 -169.30387390387770 349954.39322446845472 4.91633910043440 300.05106269960083
39420.0 -0.00740969069865 26.00640492919738 -169.20262165063704 350001.18827294278890 5.02361267297627 300.23777114555071
39450.0 -0.00309206722564 26.01390936559016 -169.10152243266185 350040.59306196123362 5.13127965625944 300.42440270702218
39480.0 -0.00133925663714 26.02016289942743 -168.99910534585410 350005.54080245364457 5.23913632734377 300.61079599773501
39510.0 -0.00343820202132 26.02583385241202 -168.89685819573654 349962.68980732746422 5.34738490470676 300.79710696890675
39540.0 -0.00137145695438 26.03156785430147 -168.79634216101539 349969.52310685813427 5.45584244291997 300.98319055009620
39570.0 -0.00387086933404 26.03672620317809 -168.69601155840402 349966.90563357435167 5.56462921816882 301.16913864358861
39600.0 -0.00428140121856 26.04132383431978 -168.59584235684162 349957.68569607287645 5.67387021456865 301.35504677380908
39630.0 -0.00230521415151 26.04600833528316 -168.49741235367918 349996.58055920712650 5.78325539035653 301.54067026071721
39660.0 -0.00131209112818 26.05012946189424 -168.39918018720815 350025.00766911078244 5.89293669225761 301.72612665685955
39690.0 -0.00320878613660 26.05301005766202 -168.29963549976918 349982.50698217097670 6.00300100812142 301.91148129189025
39720.0 -0.00275498799357 26.05601962666266 -168.20178361165108 349992.89162517618388 6.11341683433889 302.09670751922374
39750.0 -0.00411437204501 26.05846306059328 -168.10416181551022 349990.39342652913183 6.22404064103370 302.28169130517409
39780.0 -0.00315143305184 26.06106421625929 -168.00821181428699 350042.17841901537031 6.33507416333870 302.46658807824269
39810.0 -0.00170450952170 26.06169952554668 -167.90953499765439 349955.60297072399408 6.44631236053502 302.65123586261984
39840.0 0.00050611996517 26.06320768443462 -167.81401326274494 349985.74587214458734 6.55795782564857 302.83579072984298
39870.0 -0.00375515502097 26.06416962648121 -167.71872558331799 350003.11376212537289 6.66982705879269 303.02010758154881
39900.0 -0.00682005555576 26.06459871698993 -167.62364927499809 350010.32648033089936 6.78204006036620 303.20427805957161
39930.0 -0.00234546307071 26.06450842471789 -167.52876019481135 350010.12391458265483 6.89472502624335 303.38840014737957
39960.0 -0.00434378438408 26.06387279803905 -167.43413108319800 349995.34824150893837 7.00756767106539 303.57222689194731
39990.0 -0.00316753143763 26.06270787034408 -167.33973223388466 349969.31512713246047 7.12072042551743 303.75587522676113
40020.0 -0.00459533806076 26.06176196757919 -167.24699734304991 349997.12001250497997 7.23427224440006 303.93941256406026
40050.0 -0.00279322298945 26.06030475600274 -167.15447948368461 350014.83757208939642 7.34819079679978 304.12281179591690
40080.0 -0.00047593593500 26.05757909154239 -167.06077297779476 349955.75883992761374 7.46233125552070 304.30595821196312
40110.0 -0.00453093979005 26.05584597037432 -166.97015933937629 350014.51071058865637 7.57689698989853 304.48900837650660
40140.0 -0.00348549139894 26.05284897395033 -166.87836474319153 349996.20418348163366 7.69168160074666 304.67179966974550
40170.0 -0.00417574943075 26.04935403387181 -166.78678989833708 349968.53198367916048 7.80688807646882 304.85448834132546
40200.0 -0.00142981818268 26.04611350431454 -166.69690056731483 349991.26951316371560 7.92233233744653 305.03692922129886
40230.0 -0.00288076365003 26.04238309681924 -166.60724286838524 350003.23679389525205 8.03813410917375 305.21921372184619
40260.0 -0.00534998963577 26.03817482482557 -166.51779263214758 350007.06583286449313 8.15442486613601 305.40144236332969
40290.0 -0.00032902944823 26.03346702559752 -166.42862039195472 349995.95431880746037 8.27088579139567 305.58336519799872
40320.0 -0.00308904870443 26.02827371825832 -166.33969711465488 349973.02467362489551 8.38767021528842 305.76509981048838
40350.0 -0.00239074088878 26.02338924464775 -166.25240779913963 350004.38796041999012 8.50486898785753 305.94671512678195
40380.0 -0.00475834175145 26.01803609617449 -166.16535311492416 350025.09668609034270 8.62244893686297 306.12818357041988
40410.0 -0.00433674156190 26.01141280848707 -166.07717505180244 349967.48411723598838 8.74026389958142 306.30938970112891
40440.0 -0.00404393791376 26.00591678249179 -165.99200881756482 350029.34418562706560 8.85851892025678 306.49049130247386
40470.0 -0.00033607108853 25.99915542174313 -165.90572591787844 350012.63925935328007 8.97700620444444 306.67132504183928
40500.0 0.00084521193867 25.99193834687681 -165.81967921592343 349985.93246840219945 9.09592915339753 306.85204741819956
40530.0 -0.00149622801294 25.98506540213007 -165.73528253168968 350010.46275132428855 9.21510308630594 307.03251313390768
40560.0 -0.00314338208612 25.97775280509051 -165.65110735371266 350026.13030869420618 9.33477039610305 307.21290899284696
40590.0 -0.00182525391553 25.96998530929003 -165.56721302204448 350027.33205684274435 9.45465300997769 307.39301714029523
40620.0 -0.00401576426127 25.96177297777160 -165.48357817922161 350016.33719378151000 9.57487050616848 307.57292891477709
40650.0 -0.00594365026152 25.95312375923893 -165.40018718776443 349994.83850995823741 9.69551560785172 307.75271476197952
40680.0 -0.00366057272009 25.94403784083820 -165.31704989260351 349962.04913988243788 9.81655431855162 307.93234663365456
40710.0 -0.00373100803321 25.93617401722145 -165.23688805615785 350046.62749088276178 9.93783922601494 308.11170836675296
40740.0 -0.00049605862178 25.92622432322562 -165.15427478556418 349989.49506858363748 10.05957693624856 308.29095894394260
40770.0 -0.00177896795393 25.91667666915777 -165.07328853774237 349983.96867267880589 10.18155839579339 308.46993434118184
40800.0 -0.00182324353786 25.90671235081649 -164.99254711566758 349968.00439513102174 10.30398728320756 308.64879127258723
40830.0 -0.00096495055272 25.89717082328185 -164.91341517878081 350004.35401997342706 10.42667845051672 308.82738433804343
40860.0 -0.00394029650363 25.88722750092576 -164.83451258103452 350031.40097835753113 10.54987550746773 309.00590127995156
40890.0 -0.00444440609113 25.87687014849622 -164.75589632734616 350043.84639406017959 10.67329879299815 309.18412331495915
40920.0 -0.00120744630203 25.86610749945212 -164.67754569365849 350043.81937655713409 10.79706763917771 309.36214165876953
40950.0 -0.00284252865414 25.85494660810474 -164.59944504494669 350032.94580168090761 10.92127667235333 309.54002833320283
40980.0 -0.00521515723382 25.84338800875891 -164.52160372879467 350010.46979522984475 11.04589106148663 309.71775480765314
41010.0 0.00121147060301 25.83142710671161 -164.44405257979923 349973.60745372902602 11.17076211763050 309.89520413372213
41040.0 -0.00455005787893 25.81994756787347 -164.36804600396709 349993.36016147118062 11.29609803644591 310.07253658786527
41070.0 -0.00227704286278 25.80807751368235 -164.29232484723801 349998.81543791200966 11.42168848393098 310.24958737384407
41100.0 -0.00492939522599 25.79582855817631 -164.21685293696893 349993.50793471559882 11.54773742085271 310.42651350096435
41130.0 -0.00054838162580 25.78319496133313 -164.14166748816754 349974.06012375466526 11.67405922434709 310.60316940123028
41160.0 -0.00094583128196 25.77107449053448 -164.06799552720622 350012.76513952482492 11.80090611869466 310.77974959492764
41190.0 -0.00231628363844 25.75857898570494 -163.99461271633601 350036.70344892516732 11.92798207662334 310.95602279644493
41220.0 -0.00410028403688 25.74571624670411 -163.92149761347108 350048.00062097702175 12.05541355164270 311.13208587027646
41250.0 0.00068220706610 25.73249244888904 -163.84863463688342 350048.21745634265244 12.18329710485348 311.30801248064586
41280.0 -0.00044474257942 25.71890842713225 -163.77603265203899 350036.62924504745752 12.31159705971474 311.48377360046271
41310.0 -0.00103739624351 25.70496095713417 -163.70372117548271 350010.59926245268434 12.44016342580844 311.65925142345407
41340.0 -0.00158376749164 25.69066030777150 -163.63166404142194 349973.58487347792834 12.56920601352412 311.83460762902126
41370.0 -0.00227100345661 25.67690757899303 -163.56113859131551 349991.05212499853224 12.69851319031750 312.00967655436227
41400.0 0.00003320491513 25.66281213188636 -163.49086298780935 349997.54553899914026 12.82828920068482 312.18461559658016
41430.0 -0.00116317308185 25.64836992365265 -163.42087269393875 349989.88618245813996 12.95834794257121 312.35927894317177
41460.0 -0.00007345265245 25.63359156221408 -163.35112565682817 349972.03485201299191 13.08893551559656 312.53385655779670
41490.0 -0.00346335597073 25.61938818899859 -163.28289092880496 350009.07135874964297 13.21976900203607 312.70812742783374
41520.0 -0.00091564725179 25.60485386981882 -163.21492233801871 350033.40851302165538 13.35096722640451 312.88218266794036
41550.0 0.00124065121716 25.58999392056425 -163.14720440379162 350046.54402222484350 13.48262871548005 313.05609766034911
41580.0 -0.00072245598529 25.57480943376492 -163.07974553021353 350047.78431846573949 13.61471693680697 313.22984286446803
41610.0 -0.00180714160642 25.55929676467425 -163.01258424458305 350033.69691412057728 13.74702136504901 313.40325351087859
41640.0 -0.00109978295467 25.54346775469216 -162.94566435284577 350009.47534918878227 13.87987446027223 313.57658685993113
41670.0 -0.00211302984667 25.52732002639798 -162.87901646594128 349972.40214867796749 14.01311103813143 313.74971341853455
41700.0 -0.00379238660084 25.51179040343526 -162.81384191603652 349991.78857870399952 14.14662237799318 313.92254755557167
41730.0 -0.00052926235503 25.49595466086054 -162.74891596064435 350000.02960039954633 14.28061316122138 314.09524731693352
41760.0 0.00167130578845 25.47981043859506 -162.68427221346110 349994.15185690019280 14.41489664861015 314.26766643340494
41790.0 -0.00279825425209 25.46336603346251 -162.61987018358340 349977.87155221030116 14.54972039470502 314.43999637543197
41820.0 -0.00315847705590 25.44756446166200 -162.55692020973379 350018.60186109598726 14.68479958702277 314.61201459352480
41850.0 -0.00324702349625 25.43146850760158 -162.49423294443059 350046.62188376393169 14.82025287094230 314.78381233435050
41880.0 -0.00275096251071 25.41413031558132 -162.43064299499321 349991.11451238207519 14.95618084127909 314.95546686970710
41910.0 -0.00025054435127 25.39745337234009 -162.36846364224118 349995.71261167991906 15.09254606180819 315.12694810896738
41940.0 -0.00082911237099 25.38048595148309 -162.30657626503987 349985.14906209148467 15.22913657159702 315.29809009912594
41970.0 -0.00235049433334 25.36419628493980 -162.24606162193504 350037.12581349536777 15.36628596985447 315.46915155790651
42000.0 -0.00214623594368 25.34666695915710 -162.18467419296385 350003.62866887170821 15.50382929455492 315.64000315780788
42030.0 -0.00139661090379 25.32885546127805 -162.12357306783656 349955.63209751155227 15.64165665591722 315.81055838493859
42060.0 -0.00076874076502 25.31270004586270 -162.06496417443310 350042.94785210862756 15.77997316860341 315.98097608597050
42090.0 -0.00139661208567 25.29433970999947 -162.00439280982579 349969.38186414446682 15.91859145641982 316.15110940738793
42120.0 -0.00403588576616 25.27764958597727 -161.94628582187187 350032.66313063260168 16.05776054089691 316.32115153034749
42150.0 0.00017809747860 25.25972252232626 -161.88734920088194 350007.63700888212770 16.19719369569759 316.49087814645259
42180.0 -0.00142981581892 25.24153101789014 -161.82867890285189 349969.58947700075805 16.33700937644603 316.66038072129493
42210.0 -0.00229615858790 25.22405549747807 -161.77135292094306 349994.38589742593467 16.47731027833765 316.82973853426421
42240.0 -0.00076370950238 25.20632487890177 -161.71427526600422 350007.31871577817947 16.61805805064543 316.99892091636548
42270.0 -0.00289384469650 25.18833884775763 -161.65748075902846 350005.37033402081579 16.75903927816687 317.16776055255536
42300.0 -0.00053630872286 25.17010354627828 -161.60091789064131 349993.08460136502981 16.90058870507276 317.33651790143364
42330.0 -0.00323695978910 25.15161920751807 -161.54461381427456 349968.11083737947047 17.04254159985393 317.50506368729799
42360.0 -0.00101324689199 25.13387358915832 -161.48965384188250 350004.47574632801116 17.18478689453293 317.67331042008533
42390.0 -0.00113801795056 25.11588808467109 -161.43492975537586 350029.73717887513340 17.32753012782389 317.84141792152224
42420.0 -0.00500083750076 25.09667291586072 -161.37941514314087 349965.25835262332112 17.47058329197793 318.00923860749674
42450.0 -0.00309106026398 25.07920297681866 -161.32624224699586 350042.43363853450865 17.61419688064976 318.17696760359155
42480.0 -0.00169746669952 25.05951371332612 -161.27124059424023 349952.74486445356160 17.75808224225409 318.34437858812669
42510.0 -0.00285762126017 25.04157982399849 -161.21858784605567 350003.22111815586686 17.90235762925511 318.51156334559198
42540.0 -0.00152339470378 25.02341995116516 -161.16616656759808 350042.63020697981119 18.04712786600693 318.67860329785140
42570.0 -0.00146000339473 25.00403702677770 -161.11295340267546 349993.19854144565761 18.19235367528296 318.84546716290561
42600.0 -0.00271272751482 24.98542813447747 -161.06104747643738 350006.22869996912777 18.33782017990404 319.01198606436515
42630.0 -0.00330940784365 24.96659976958388 -161.00936392423944 350009.01939296349883 18.48386326139666 319.17842252198733
42660.0 -0.00321582777691 24.94755322490724 -160.95792829915038 349999.38711935095489 18.63031843266279 319.34464718392087
42690.0 -0.00376924302910 24.92829032656626 -160.90675799145521 349975.85884029511362 18.77707344145530 319.51057147684605
42720.0 -0.00073654281154 24.90982035725044 -160.85682781277291 350019.31421496067196 18.92433423490479 319.67635639653247
42750.0 -0.00190273205084 24.89013334831837 -160.80615249772021 349970.86917105782777 19.07191218462678 319.84185346153754
42780.0 0.00018312874123 24.87124630163306 -160.75669952313049 349990.52185454778373 19.22005925409066 320.00726000920105
42810.0 -0.00322589148406 24.85215435912683 -160.70750763322508 349996.27284530177712 19.36848486318600 320.17234741429957
42840.0 -0.00148214000481 24.83285975942030 -160.65856043030720 349989.52756511233747 19.51730704131445 320.33720789210003
42870.0 -0.00196612454178 24.81336448898775 -160.60984339993593 349971.52089769393206 19.66663277240890 320.50192516588544
42900.0 -0.00248935103628 24.79468525152917 -160.56233611589005 350021.48463938757777 19.81642184610652 320.66646730452459
42930.0 -0.00350058518684 24.77479623922276 -160.51411895281160 349977.42462924402207 19.96645790662919 320.83066363156274
42960.0 -0.00165822356010 24.75572959189090 -160.46708550706322 350003.14691418875009 20.11707796611513 320.99477910166536
42990.0 -0.00109978295467 24.73647278109222 -160.42028690757425 350016.83004669751972 20.26811779758592 321.15868414042410
43020.0 -0.00005433456356 24.71702819148440 -160.37373965958358 350017.09168200567365 20.41946396187195 321.32228896928257
43050.0 -0.00137145695438 24.69739714082187 -160.32741562081975 350006.29499594680965 20.57132279194423 321.48575598488264
43080.0 -0.00145295820878 24.67758234310367 -160.28134174604588 349982.18089106772095 20.72350505548835 321.64893561930000
43110.0 -0.00304075236516 24.65860738080102 -160.23642010067803 350029.15473041869700 20.87626417517471 321.81202772693445
43140.0 -0.00044876569852 24.63843120237437 -160.19081358668171 349980.97397998254746 21.02930764797451 321.97480104894572
43170.0 -0.00259701556551 24.61910170785399 -160.14637412038539 350002.27637272793800 21.18275325863459 322.13734836103384
43200.0 -0.00320275027607 24.59959737671978 -160.10215110669697 350012.70093624480069 21.33671017292994 322.29975586695258
43230.0 -0.00221767349094 24.57992028504356 -160.05815084979440 350011.71576343290508 21.49113723723153 322.46199094149313
43260.0 -0.00105852707382 24.56007393566558 -160.01440319658937 349996.84363539051265 21.64581662212795 322.62388085038725
43290.0 -0.00176890779242 24.54005776812355 -159.97086329133802 349971.79183271806687 21.80108644046497 322.78569339818216
43320.0 -0.00277813156531 24.52090397551932 -159.92845375257059 350018.01351681910455 21.95678274948069 322.94729862671636
43350.0 -0.00106858841721 24.50055809237280 -159.88538504553298 349967.80068036168814 22.11279092357813 323.10860541330931
43380.0 -0.00240281851924 24.48107916801665 -159.84342513408714 349990.28998868912458 22.26931765137412 323.26977781388484
43410.0 -0.00064195814690 24.46144169430654 -159.80169951060861 350000.04193887673318 22.42617311968250 323.43066496031821
43440.0 -0.00092772015473 24.44164500197487 -159.76017531588809 349999.74285027757287 22.58361219027607 323.59146957242814
43470.0 -0.00283749739151 24.42169391665011 -159.71889143948616 349986.19496996235102 22.74134045265957 323.75195738328688
43500.0 -0.00245715190092 24.40158914678619 -159.67783293281107 349960.61407524161041 22.89947541981658 323.91222187602915
43530.0 -0.00106959537887 24.38236511157003 -159.63784971220164 350009.30228766333312 23.05812845872909 324.07235194257942
43560.0 -0.00221767467282 24.36299130279870 -159.59807363513093 350047.10886716376990 23.21725746516364 324.23231421441602
43590.0 -0.00233841906664 24.34243730972222 -159.55767958370473 349985.99463295564055 23.37664314279192 324.39193360300885
43620.0 -0.00153748034815 24.32276999393981 -159.51833689658449 350000.59700858034194 23.53662466685297 324.55148123843492
43650.0 -0.00233640750709 24.30295873646602 -159.47920821871813 350003.71951653715223 23.69703840686884 324.71082659759219
43680.0 -0.00095589380723 24.28300691262836 -159.44030842725832 349994.14631171710789 23.85776855535008 324.86987705649568
43710.0 -0.00118732361525 24.26291348537971 -159.40161190012910 349973.93341811560094 24.01902211784376 325.02879862479608
43740.0 -0.00022740077953 24.24371986850496 -159.36397055431416 350028.19942379929125 24.18060873011491 325.18743889315164
43770.0 -0.00231930097776 24.22335050671070 -159.32569221547124 349985.57135877106339 24.34278466252560 325.34600384472697
43800.0 0.00075666549832 24.20388573324077 -159.28846435484465 350017.49534832406789 24.50525362339015 325.50425578008185
43830.0 -0.00167734283086 24.18325078785878 -159.25063246588269 349950.11623348668218 24.66813282155321 325.66228905746232
43860.0 -0.00139359474634 24.16352093162117 -159.21381305029863 349960.03437350131571 24.83153583979738 325.82019549719598
43890.0 -0.00076974654479 24.14366091157063 -159.17719420352043 349959.14609661605209 24.99541961648569 325.97794093174883
43920.0 -0.00139560512401 24.12471448356176 -159.14160004176654 350034.02516373991966 25.15956340379836 326.13534758374522
43950.0 -0.00227804864255 24.10460103969578 -159.10539034917048 350010.70218461751938 25.32430738625057 326.29269044966060
43980.0 -0.00106255019292 24.08436319246815 -159.06938740649829 349976.02210962120444 25.48948827971519 326.44983823982494
44010.0 -0.00062787250253 24.06504338168135 -159.03438728648081 350018.42510082479566 25.65498910356824 326.60669665119048
44040.0 0.00025658257556 24.04456239826746 -158.99879660022782 349960.94784418586642 25.82101713231319 326.76343398333813
44070.0 -0.00193593696597 24.02500263863901 -158.96419699353660 349981.20706709008664 25.98738148777186 326.91989601418652
44100.0 -0.00162200366940 24.00532224871278 -158.92977645893782 349991.97611434292048 26.15433980662097 327.07629244548707
44130.0 -0.00083816793460 23.98552851782299 -158.89557016724839 349990.46105449274182 26.32159395428694 327.23238166431139
44160.0 -0.00127687347162 23.96562088005062 -158.86156455341339 349977.71230396721512 26.48926079746246 327.38825909595909
44190.0 -0.00161596426323 23.94663688467690 -158.82849809769397 350046.02455447521061 26.65745614314706 327.54401976732345
44220.0 -0.00238369924847 23.92650228665758 -158.79486781849684 350012.67093015555292 26.82613596715029 327.69962865020540
44250.0 0.00019620978770 23.90626170504855 -158.76145601210723 349966.62511756550521 26.99507809411604 327.85490489968237
44280.0 -0.00118530969194 23.88694732906698 -158.72896044061096 350003.04155581071973 27.16462364916803 328.01012799582037
44310.0 0.00021633483824 23.86752595216979 -158.69665329867721 350028.85773972515017 27.33460973464064 328.16516565794717
44340.0 -0.00151433914017 23.84800170227524 -158.66454803524510 350043.00741891283542 27.50491821024085 328.31992170316869
44370.0 -0.00137246155227 23.82837160003424 -158.63262137942610 350047.27662732079625 27.67575656117572 328.47456710590893
44400.0 -0.00096495055272 23.80864141893044 -158.60089492838958 350039.96730397827923 27.84693344044770 328.62894552561835
44430.0 -0.00204058297400 23.78880684895378 -158.56933993214301 350023.27981001697481 28.01870779568522 328.78327090493985
44460.0 -0.00131209231006 23.76887624752922 -158.53798984522683 349994.60438178293407 28.19077970094224 328.93729717182993
44490.0 -0.00073855318921 23.74884853641527 -158.50683174753601 349954.91653003357351 28.36326563667400 329.09112103935900
44520.0 -0.00020224683011 23.72975709706606 -158.47654967714593 349999.64035989437252 28.53628363544685 329.24484106438285
44550.0 -0.00061076715508 23.71056879152302 -158.44644199834079 350034.47654257901013 28.70978870668694 329.39842128987016
44580.0 -0.00085829298514 23.69025694821336 -158.41584604482321 349962.48624876607209 28.88355728162949 329.55167737486846
44610.0 -0.00221968623237 23.67088239158119 -158.38610376246444 349976.28544182889163 29.05793133956620 329.70489398918164
44640.0 -0.00086231728612 23.65141638542310 -158.35654093851966 349979.73433525767177 29.23274841612265 329.85793761163166
44670.0 -0.00128391747568 23.63186340071818 -158.32717036017684 349971.83552133478224 29.40788923013082 330.01070995286932
44700.0 -0.00251651890900 23.61221966327062 -158.29796985596772 349954.25151222199202 29.58356140767105 330.16338510438936
44730.0 -0.00067415491850 23.59352184927774 -158.26962241894020 350021.92707999702543 29.75957318695384 330.31580426286484
44760.0 -0.00078584729435 23.57370327666462 -158.24077058755847 349984.16757414024323 29.93618475646205 330.46818621326332
44790.0 -0.00160389017841 23.55483310464253 -158.21276644792047 350031.88172574713826 30.11309446637899 330.62027980552398
44820.0 0.00012678261812 23.53485136590940 -158.18428720249145 349972.03796605952084 30.29041835777314 330.77218329363330
44850.0 -0.00243199558775 23.51581305357982 -158.15662117426962 350000.08032921236008 30.46827668320409 330.92399914317508
44880.0 -0.00188260936406 23.49669188550278 -158.12912042926158 350018.49597283918411 30.64662348329169 331.07569039351642
44910.0 -0.00160992840270 23.47749538723968 -158.10180814075380 350025.52263777982444 30.82523384122344 331.22706872190230
44940.0 -0.00074559719327 23.45821552085406 -158.07464902059419 350023.77848770935088 31.00445048457050 331.37842479955168
44970.0 -0.00099211842544 23.43885806777014 -158.04765977355370 350011.98424387816340 31.18411143600566 331.52962358711761
45000.0 -0.00007647117365 23.41942779933513 -158.02085256992069 349989.20766046363860 31.36409629829963 331.68056443309939
45030.0 -0.00070132397310 23.39992022328797 -157.99420628538752 349956.99548996426165 31.54461275597355 331.83142505689443
45060.0 -0.00261412091296 23.38136268467520 -157.96834982872926 350013.68546566925943 31.72546869609091 331.98204380405298
45090.0 -0.00173972717826 23.36170692634202 -157.94203305702982 349961.89019363373518 31.90692546132889 332.13264499768962
45120.0 -0.00129397881907 23.34300296514704 -157.91650063612784 349999.24720675125718 32.08867975904891 332.28297170229206
45150.0 -0.00115814181922 23.32422824941550 -157.89113135064781 350026.79279259312898 32.27084713661521 332.43312401281105
45180.0 -0.00021331513516 23.30538041740073 -157.86591306698176 350045.39384504314512 32.45355004805737 332.58320874525339
45210.0 -0.00154754169154 23.28544727475252 -157.84026458642711 349953.36817618925124 32.63674156495631 332.73318785479159
45240.0 -0.00114003069199 23.26646776369259 -157.81538441231311 349951.38934647943825 32.82019548044750 332.88286848489417
45270.0 -0.00143484708155 23.24842910775372 -157.79122480939893 350042.79899040143937 33.00425514221899 333.03254824559946
45300.0 -0.00111185703949 23.22931149295363 -157.76664387164172 350022.89365870133042 33.18875912157230 333.18209027057748
45330.0 -0.00165420044100 23.21013353436617 -157.74223436394175 349992.41337707452476 33.37358593699653 333.33139125777859
45360.0 -0.00084219341746 23.19089009298561 -157.71797616385263 349952.79582985024899 33.55894323452907 333.48063314777107
45390.0 -0.00148213882293 23.17259543039389 -157.69444542835544 350005.80297311209142 33.74463862479787 333.62965099665871
45420.0 -0.00143887374629 23.15372996334239 -157.67077335309500 349998.99748843908310 33.93093449893930 333.77867547501791
45450.0 -0.00084219223558 23.13480872018881 -157.64727003829864 349981.67403424344957 34.11752602480335 333.92744305722721
45480.0 -0.00119436525555 23.11633066616441 -157.62419635580028 350006.62581386324018 34.30452818707859 334.07605602502628
45510.0 -0.00173972836014 23.09779017552469 -157.60126392355014 350022.96169951092452 34.49206561455600 334.22462606951626
45540.0 -0.00156263547944 23.07918992445874 -157.57847721057561 350030.33099610079080 34.68009041174612 334.37311397589917
45570.0 -0.00089149671839 23.06053850941481 -157.55585722309041 350027.20432306919247 34.86837515405541 334.52132172498756
45600.0 -0.00152037500070 23.04182588723129 -157.53337190739228 350015.84765174426138 35.05726365621124 334.66955495516351
45630.0 -0.00123260143332 23.02305846424523 -157.51103609638224 349995.17179367411882 35.24659510838899 334.81767462967122
45660.0 -0.00267449251894 23.00424149971585 -157.48886084271086 349964.36524829640985 35.43624698405792 334.96557447023855
45690.0 -0.00109877481114 22.98636086395778 -157.46733896604030 350030.91914036497474 35.62642677807022 335.11344133304453
45720.0 -0.00101526081530 22.96743930785112 -157.44545936640708 349981.56430846173316 35.81694191117565 335.26110648867069
45750.0 -0.00099211842544 22.94945052928275 -157.42421750031309 350030.58771421946585 36.00805569599836 335.40880790328004
45780.0 -0.00184738934374 22.93042800513326 -157.40263044700527 349962.79601583350450 36.19946188444184 335.55627453811513
45810.0 -0.00119436643743 22.91234355141425 -157.38168909029596 349992.74202373065054 36.39127482227733 335.70361127286168
45840.0 -0.00192185132160 22.89420573551831 -157.36087901880612 350014.43818334769458 36.58362127219638 335.85093529713413
45870.0 -0.00007244687267 22.87601728329759 -157.34020451412042 350027.55543813481927 36.77645237599876 335.99820613683801
45900.0 -0.00159584039458 22.85778723034989 -157.31968559816215 350030.67155590746552 36.96953958018987 336.14521989160403
45930.0 -0.00137648821701 22.83950468191635 -157.29929171665896 350025.89075408037752 37.16322698507536 336.29229150362460
45960.0 -0.00059164788432 22.82117627597619 -157.27903686091227 350012.21001556795090 37.35735447916485 336.43927938355279
45990.0 -0.00134932034429 22.80280746818872 -157.25893158143737 349988.87358801253140 37.55179853915953 336.58607390967836
46020.0 -0.00105651551427 22.78439201526831 -157.23895762542506 349957.11889239586890 37.74676637764425 336.73286767300510
46050.0 -0.00037330030464 22.76690711859577 -157.21959008545565 350025.58315028902143 37.94206532573531 336.87948759649112
46080.0 -0.00095992047196 22.74840382330536 -157.19988443797044 349976.51809411123395 38.13795946591518 337.02618006110418
46110.0 -0.00172463457224 22.73083067082867 -157.18077975328859 350028.00412257853895 38.33414128220979 337.17266545339606
46140.0 -0.00208988627493 22.71225228461125 -157.16136189243099 349960.19090707320720 38.53072439456736 337.31905174248175
46170.0 -0.00172765427533 22.69459319461083 -157.14251514955629 349994.93327107280493 38.72783764310658 337.46546236469578
46200.0 -0.00104242750615 22.67689101002084 -157.12379375217506 350021.51423184946179 38.92543121412768 337.61185549707352
46230.0 -0.00086433002755 22.65915515058708 -157.10521680019582 350038.61303406115621 39.12327553276683 337.75802053424013
46260.0 -0.00108368338700 22.64137395846703 -157.08675516331459 350048.18060686904937 39.32171477098414 337.90428322798510
46290.0 -0.00155458451373 22.62355425774128 -157.06842204965162 350049.29467028193176 39.52058960531703 338.05049901166120
46320.0 -0.00205265824070 22.60570167372296 -157.05022754286881 350041.25234126951545 39.71977557403525 338.19655450638265
46350.0 -0.00086432884567 22.58780949369092 -157.03215425747618 350025.19893972575665 39.91947945554208 338.34264901403435
46380.0 -0.00124467551814 22.56988590433849 -157.01421785540521 350000.05858870688826 40.11950860670916 338.48860447173092
46410.0 -0.00096998181535 22.55192192897752 -156.99639638142435 349967.27419700752944 40.32012769985808 338.63467700868529
46440.0 -0.00172161605104 22.53487069336189 -156.97911774237610 350038.88287779316306 40.52102812706233 338.78057721048640
46470.0 -0.00116115915854 22.51684551633981 -156.96156243025516 349988.33346936665475 40.72232268341365 338.92641673050554
46500.0 0.00097903619709 22.49972094133771 -156.94452123810470 350044.08352818805724 40.92414221142326 339.07232615872840
46530.0 -0.00409122847326 22.48162604068145 -156.92720486165814 349977.47792898770422 41.12643595221635 339.21826223904310
46560.0 -0.00094381854053 22.46443948220216 -156.91041641861329 350016.26002310030162 41.32897343844984 339.36400671323878
46590.0 -0.00110078873445 22.44721324606310 -156.89373360128462 350047.90179934445769 41.53209866231850 339.50989793775301
46620.0 -0.00061881693892 22.42902862473054 -156.87679092213858 349956.02456664852798 41.73565318850258 339.65578789713379
46650.0 -0.00147207629766 22.41174531270039 -156.86035806732693 349970.74100746400654 41.93951168829611 339.80155899200810
46680.0 -0.00158275934810 22.39442795658201 -156.84403639432165 349977.87602950260043 42.14388032893622 339.94741841027292
46710.0 -0.00048901698148 22.37708495852555 -156.82784078649431 349976.43781758937985 42.34856662555829 340.09318237782742
46740.0 -0.00125272412010 22.35970679847650 -156.81175024837287 349967.76377005223185 42.55383562711481 340.23911837764638
46770.0 -0.00011370038976 22.34230652446451 -156.79578866664770 349950.28465570788831 42.75937784158700 340.38492577132826
46800.0 -0.00012577683834 22.32579052977024 -156.78030054996881 350041.88265921082348 42.96530512589153 340.53072062642428
46830.0 -0.00131510728562 22.30833184755568 -156.76456407562392 350008.87962991651148 43.17175224203105 340.67664432109370
46860.0 -0.00059969885003 22.29084608697787 -156.74894096461568 349968.00667555164546 43.37866346555071 340.82264705667649
46890.0 -0.00098507442138 22.27424494781166 -156.73378996647182 350036.34871772862971 43.58580960885001 340.96850434442996
46920.0 -0.00142277299673 22.25670947400694 -156.71839747467874 349979.45728309266269 43.79353418910048 341.11456930936231
46950.0 -0.00066309015909 22.24004724423896 -156.70345439375151 350033.26399939786643 44.00167977427072 341.26068997035952
46980.0 -0.00065201949029 22.22246935570528 -156.68829875375704 349959.86909785028547 44.21012024743083 341.40674398388603
47010.0 -0.00100016820928 22.20575749517636 -156.67357804835069 349998.13161938544363 44.41906096199865 341.55294786102911
47040.0 -0.00100720984959 22.18902422739106 -156.65897282567869 350028.34402021486312 44.62830974305636 341.69911129200182
47070.0 -0.00119436525555 22.17181732178445 -156.64430403982803 349991.75879371445626 44.83813176366503 341.84551507035047
47100.0 -0.00049002276125 22.15503612740842 -156.62991438973057 350006.74818931613117 45.04821689232001 341.99184567461998
47130.0 -0.00162904412783 22.13779398302353 -156.61547929235863 349953.71660013496876 45.25867591754584 342.13822449689116
47160.0 -0.00074257985395 22.12096614391630 -156.60130064435370 349953.67969893570989 45.46964336732064 342.28480004033668
47190.0 -0.00054636888437 22.10455101383324 -156.58737630732367 350006.82289614621550 45.68106663686321 342.43152600540884
47220.0 -0.00059265484597 22.08768496185590 -156.57341852394998 349991.11487570591271 45.89271396210922 342.57816537391722
47250.0 -0.00066107505390 22.07122548314541 -156.55970254115647 350029.36798036564142 46.10492803733590 342.72508868100545
47280.0 -0.00081301516707 22.05431192914752 -156.54594275247223 349999.30871283169836 46.31755255975176 342.87213941398767
47310.0 -0.00084621653656 22.03738507139704 -156.53229730121623 349961.09053365234286 46.53046072299162 343.01918991137001
47340.0 -0.00007244687267 22.02129408442635 -156.51903462224297 350038.18295852001756 46.74385682689197 343.16646778444692
47370.0 -0.00126580516657 22.00433071227029 -156.50559740327947 349984.89014924317598 46.95754917970601 343.31377525294278
47400.0 -0.00111789408190 21.98819520814147 -156.49252966411345 350047.78565584681928 47.17180277843087 343.46140883934117
47430.0 -0.00012778839789 21.97119708604226 -156.47929744995892 349979.52944846171886 47.38630713942545 343.60904019685790
47460.0 -0.00064698822765 21.95503032160790 -156.46644092054856 350027.17103065270931 47.60117183157804 343.75679719817947
47490.0 -0.00005031144446 21.93841887123579 -156.45354170126464 350006.13605686742812 47.81653300450603 343.90483973738452
47520.0 -0.00066409475699 21.92178935582492 -156.44073945026139 349977.90714763198048 48.03233715870976 344.05311999395212
47550.0 -0.00076270372261 21.90556948045590 -156.42817886359708 350003.80511111952364 48.24835218689259 344.20138946980381
47580.0 -0.00061780879538 21.88932494138590 -156.41570330020795 350023.24147333856672 48.46491954891789 344.35003938291561
47610.0 -0.00069629389234 21.87306302079663 -156.40332330591636 350035.57148752175272 48.68188421245185 344.49890808583831
47640.0 0.00016099331302 21.85678987629782 -156.39104735228997 350040.28113065194339 48.89911879459662 344.64786197347144
47670.0 -0.00107865330624 21.84049744320073 -156.37886107835581 350038.19114557094872 49.11682626012960 344.79714199717267
47700.0 -0.00083917371438 21.82419463196812 -156.36677729615005 350028.53668553940952 49.33481559825282 344.94654185342034
47730.0 0.00004326625852 21.80787065242722 -156.35477756074553 350012.36694291979074 49.55335127069298 345.09637683102272
47760.0 0.00009055918178 21.79153962802544 -156.34288275042522 349988.45645052660257 49.77212277862988 345.24630147562993
47790.0 -0.00109575628994 21.77519754029419 -156.33108509000863 349957.23801011871547 49.99123829324438 345.39645163962888
47820.0 -0.00074358563372 21.75964220886354 -156.31960033025757 350046.31174155417830 50.21083538391196 345.54700084797508
47850.0 -0.00084420615889 21.74326673983600 -156.30797755511392 350001.60138886049390 50.43085967740360 345.69789988407632
47880.0 -0.00019922830891 21.72728668728632 -156.29657010526702 350012.82696306146681 50.65107897496074 345.84888707188929
47910.0 -0.00039543809661 21.71128616776764 -156.28524215880796 350017.74553454946727 50.87183301132048 346.00037843606430
47940.0 -0.00030789861792 21.69487812886538 -156.27389794765116 349951.69267923664302 51.09296818064814 346.15220657546956
47970.0 -0.00071440620145 21.67925202141733 -156.26286284528260 350006.43591360002756 51.31435665348140 346.30423128439048
48000.0 -0.00076169557907 21.66321636490438 -156.25180588919633 349990.48563702311367 51.53619972437416 346.45670973295120
48030.0 0.00016904191498 21.64717458476188 -156.24084503079814 349967.22524076141417 51.75830728764979 346.60942592420281
48060.0 -0.00047492897335 21.63150258983037 -156.23006151306041 350002.23381708934903 51.98094283599705 346.76271780076428
48090.0 -0.00075565971854 21.61582401477656 -156.21937302411413 350030.03987019695342 52.20379625027504 346.91622011392718
48120.0 -0.00086835314665 21.59975142332298 -156.20867662277578 349986.15047596022487 52.42697409040669 347.07007868682661
48150.0 -0.00004930566469 21.58404758807136 -156.19815574950275 350000.69582714419812 52.65061508647617 347.22448361309131
48180.0 0.00007043531312 21.56833036292548 -156.18771644359430 350008.72465643472970 52.87466401096395 347.37938459119300
48210.0 -0.00006037278785 21.55261074583208 -156.17737331412141 350009.43187852762640 53.09888886875276 347.53450481259591
48240.0 -0.00103639164562 21.53687408832202 -156.16710423674121 350003.99410118162632 53.32362707683090 347.69029040748990
48270.0 -0.00067616884181 21.52112777232563 -156.15691866836707 349991.88312615640461 53.54872662624989 347.84656763654198
48300.0 0.00018715422409 21.50574990327377 -156.14691008280175 350038.34117177780718 53.77405938843555 348.00318905052188
48330.0 -0.00088847819719 21.48998653377549 -156.13689240995160 350012.83342663571239 53.99982458117913 348.16043182291310
48360.0 -0.00051517789254 21.47422048429496 -156.12696458627238 349980.27149104047567 54.22583325723811 348.31806899954540
48390.0 -0.00025959991488 21.45880619069449 -156.11719047564543 350007.59085033647716 54.45234740809549 348.47646626135679
48420.0 -0.00056750089656 21.44338847262421 -156.10750520597821 350027.96832473296672 54.67905775700024 348.63523540650317
48450.0 -0.00092973289616 21.42760120725633 -156.09782410487369 349975.44350520614535 54.90606898972812 348.79453494651921
48480.0 -0.00022035795734 21.41252404171035 -156.08837102151486 350049.41590607352555 55.13352066069915 348.95457549201387
48510.0 -0.00006640864838 21.39671662804851 -156.07884166687640 349984.18997329380363 55.36135669972197 349.11530629671086
48540.0 0.00030991135935 21.38162545365612 -156.06955121827053 350045.05284839402884 55.58934565933588 349.27643320060480
48570.0 -0.00052624619759 21.36580834632769 -156.06018360010387 349966.54875756241381 55.81782191117171 349.43843940617114
48600.0 -0.00026261843609 21.35069178519692 -156.05103643552900 350015.22721571568400 56.04663522486889 349.60114438998301
48630.0 -0.00020224801199 21.33522095024034 -156.04190307064891 349990.24100424256176 56.27565733587111 349.76439292923362
48660.0 0.00023042048261 21.31974092955868 -156.03284236635966 349959.02419264428318 56.50508488081159 349.92848731085741
48690.0 -0.00035116487644 21.30460640938423 -156.02393066962341 349988.32157280389220 56.73473035353238 350.09318833684512
48720.0 -0.00079087737510 21.28945604510875 -156.01508340632179 350011.85826814733446 56.96485357811315 350.25889624868785
48750.0 -0.00026563813917 21.27430466249200 -156.00631898286750 350028.70965852495283 57.19514666216987 350.42519620593555
48780.0 -0.00024551308863 21.25914791041150 -155.99763071774407 350039.19418559316546 57.42571208238071 350.59226323584892
48810.0 -0.00033808501184 21.24397962397818 -155.98900973541214 350043.72943666018546 57.65668977157914 350.76033392520628
48840.0 -0.00014992382610 21.22880287460805 -155.98045911404142 350042.14780875761062 57.88802280841059 350.92935831025073
48870.0 -0.00074358681560 21.21362897038001 -155.97199231639786 350033.78859038744122 58.11948069151512 351.09902243791942
48900.0 -0.00003823381401 21.19844269473091 -155.96358904178871 350019.61301244795322 58.35139383261119 351.26985599145797
48930.0 -0.00013583936361 21.18325145099447 -155.95525780559632 349999.19691103324294 58.58361396510642 351.44167156908190
48960.0 -0.00022539040186 21.16806174307775 -155.94700582527821 349972.18735389504582 58.81601286060265 351.61430596403881
48990.0 -0.00034210694906 21.15318888297708 -155.93887158900597 350007.64555429946631 59.04878392898760 351.78809369393991
49020.0 0.00019017156341 21.13831362381226 -155.93081237423240 350036.78528171498328 59.28174141416953 351.96278218350750
49050.0 0.00000201155955 21.12310430259252 -155.92276492828796 349991.57890995405614 59.51514211487390 352.13881566634336
49080.0 -0.00131309690795 21.10821759393795 -155.91484356813626 350008.56119513511658 59.74868015624338 352.31574844977649
49110.0 -0.00006942835147 21.09332714845301 -155.90699289596282 350019.39106864575297 59.98245536036815 352.49377766436214
49140.0 -0.00067013179940 21.07811348892990 -155.89916087850139 349955.36575631424785 60.21660742989926 352.67317367632705
49170.0 0.00020124105034 21.06351895473698 -155.89148066113529 350023.58136255200952 60.45107854005799 352.85388959943452
49200.0 -0.00001609956768 21.04861573686534 -155.88383503262688 350016.19690922368318 60.68563958949031 353.03558918375091
49230.0 -0.00028777474926 21.03370147261551 -155.87624790977833 350003.15455223899335 60.92061584482040 353.21886170872767
49260.0 -0.00016501761400 21.01878355215688 -155.86872738602071 349984.07800800632685 61.15586117282336 353.40351358548895
49290.0 0.00023847144833 21.00386853885749 -155.86128041880266 349958.65098857041448 61.39124754524201 353.58937416349460
49320.0 -0.00012577683834 20.98924703036368 -155.85393069947051 349997.11434557754546 61.62696428581840 353.77682047164922
49350.0 -0.00012275595338 20.97462420668568 -155.84665053481984 350029.48342853412032 61.86282770970959 353.96558597726846
49380.0 -0.00001106830504 20.95969299303536 -155.83939239747312 349986.42807491496205 62.09909044564164 354.15617241603269
49410.0 -0.00003823617777 20.94506073473371 -155.83223958031428 350007.03119806014001 62.33544936810505 354.34809865100789
49440.0 0.00014992500798 20.93013540299113 -155.82512236750770 349951.50602527987212 62.57200102015329 354.54159241733851
49470.0 -0.00099614390830 20.91549333993137 -155.81809331178093 349960.44875638093799 62.80888401151180 354.73696945817250
49500.0 0.00079590745586 20.90084503640620 -155.81112416301715 349963.64857718162239 63.04603946882418 354.93419024993290
49530.0 -0.00095488684557 20.88620202830096 -155.80422738671862 349960.57890815660357 63.28324019071394 355.13289412373911
49560.0 -0.00020526535132 20.87154868157709 -155.79738429514765 349952.00051851943135 63.52080469992448 355.33374893745076
49590.0 0.00030689283814 20.85717096814582 -155.79062595631365 350008.28404765203595 63.75858910780554 355.53655729129599
49620.0 -0.00025456983413 20.84251592080945 -155.78391108345255 349987.84764458704740 63.99646570005889 355.74114328684027
49650.0 0.00006439708883 20.82812933457995 -155.77727417157860 350032.62809225730598 64.23461851134772 355.94794196055841
49680.0 -0.00014288100391 20.81347041291663 -155.77068201814345 350000.51730386354029 64.47286622356310 356.15667369363598
49710.0 -0.00030991135935 20.79880309972116 -155.76414220893386 349962.88232198823243 64.71145569531723 356.36791790145588
49740.0 0.00006137856763 20.78440940487329 -155.75768819678362 349990.27496585901827 64.95008737457705 356.58115358009047
49770.0 -0.00016904309686 20.77001332992664 -155.75129461712240 350011.90873818937689 65.18885359232750 356.79665262680004
49800.0 0.00025255709270 20.75534618189696 -155.74493858995308 349956.68798140808940 65.42789058084294 357.01479420073150
49830.0 0.00023545056336 20.74119671099032 -155.73866690147887 350038.69144525192678 65.66713807893606 357.23555426226329
49860.0 -0.00008552555539 20.72653393524519 -155.73243538322455 349971.66049369610846 65.90637128914928 357.45854708906649
49890.0 0.00007848391508 20.71237495318638 -155.72627742942078 350042.44200806505978 66.14589972223797 357.68454784507156
49920.0 0.00014288100391 20.69770393728615 -155.72015382587009 349964.18409472331405 66.38558168698529 357.91336128761958
49950.0 -0.00010162630494 20.68354093111814 -155.71411284919523 350023.58344497811049 66.62528974783578 358.14481207094047
49980.0 -0.00079590863774 20.66912044409836 -155.70811441669593 350005.66660511679947 66.86520085944585 358.37941778678999
50010.0 0.00014288100391 20.65470392328696 -155.70217770452683 349981.87047466076910 67.10513624148817 358.61689007470653
50040.0 0.00026362776150 20.64052117751471 -155.69629389875448 350024.83843167312443 67.34533461137002 358.85791768604912
50070.0 -0.00019117970695 20.62610063173566 -155.69046726987082 349989.78597733564675 67.58550085360076 359.10193704460801
50100.0 0.00068924870640 20.61191978075422 -155.68470149349889 350021.29911183565855 67.82572158714206 359.34928701695571
50130.0 0.00022639736351 20.59749455862598 -155.67898160559395 349975.07026477716863 68.06612863354525 359.60043975404085
50160.0 -0.00037933852893 20.58330021201488 -155.67331499829450 349995.74577436689287 68.30665958660232 359.85540250462606
50190.0 -0.00012577565646 20.56911116388132 -155.66771039648719 350010.59135633055121 68.54709243593496 0.11376804063619
50220.0 0.00026563695729 20.55491147906129 -155.66215051805440 350020.17994468286633 68.78772425007205 0.37646465048462
50250.0 -0.00021935217757 20.54070844032447 -155.65664236578803 350024.26433121319860 69.02841509527855 0.64331299266433
50280.0 -0.00026362539774 20.52650874816413 -155.65119223008824 350022.63118431251496 69.26903739112011 0.91415200313905
50310.0 0.00044574717732 20.51230321910141 -155.64578999577412 350015.60185841377825 69.50975813919169 1.18962299689225
50340.0 0.00001106948692 20.49810117566144 -155.64044462333405 350002.87996834609658 69.75040089127755 1.46944133409352
50370.0 -0.00002817365250 20.48389002931732 -155.63514261250666 349984.88463671226054 69.99119244832406 1.75445768245136
50400.0 0.00020929083418 20.46968530012352 -155.62989918988643 349961.12868970539421 70.23184284251775 2.04406897184874
50430.0 -0.00005031144446 20.45569184260656 -155.62469992412463 350005.03736644145101 70.47243036000371 2.33872174546847
50460.0 0.00011068305044 20.44168791485209 -155.61954398159131 350043.73804860934615 70.71307894390159 2.63903261091474
50490.0 -0.00017809866048 20.42747247902181 -155.61444528521767 350003.71322554070503 70.95372235130343 2.94507197982935
50520.0 0.00004729174138 20.41326672189017 -155.60940590283826 349957.88792859576643 71.19414126365592 3.25642539657914
50550.0 0.00053831910053 20.39925367163153 -155.60439588375570 349980.32381772063673 71.43461469774084 3.57425189786663
50580.0 -0.00028676778760 20.38523631855674 -155.59943314358637 349997.39081335905939 71.67500306488074 3.89841905399913
50610.0 0.00025054435127 20.37122139761817 -155.59452378365981 350008.90799348987639 71.91517722594739 4.22881164524521
50640.0 0.00051719181585 20.35719967789637 -155.58965808248075 350015.14330348372459 72.15528919832811 4.56626824872607
50670.0 -0.00005333114755 20.34318047167526 -155.58484466060636 350015.84844765905291 72.39516362077191 4.91053943574025
50700.0 0.00029280601189 20.32915107249792 -155.58007047148803 350011.37279714830220 72.63500882476336 5.26273084278243
50730.0 0.00048599609651 20.31512707821177 -155.57535024245050 350001.30857828818262 72.87453995441975 5.62221916324506
50760.0 0.00014388796557 20.30110393586657 -155.57067891538512 349985.78901528473943 73.11382194162800 5.98963592622484
50790.0 0.00006037278785 20.28725233284593 -155.56602758847052 350039.16677099186927 73.35296439304472 6.36583761126497
50820.0 -0.00011672009285 20.27321674161671 -155.56144029667848 350013.11330261267722 73.59189332255498 6.75102464635578
50850.0 -0.00036022162193 20.25918971357675 -155.55690767594103 349981.43768536485732 73.83039051909472 7.14481632494403
50880.0 -0.00023645752502 20.24532521767707 -155.55238961597092 350018.89993360824883 74.06870687450905 7.54874271168113
50910.0 0.00078685071036 20.23128760287265 -155.54793961533181 349976.67273771110922 74.30669924953014 7.96278853960307
50940.0 0.00004729292326 20.21742114090633 -155.54351461368492 350003.39815055578947 74.54423295034383 8.38695689494887
50970.0 0.00001408682625 20.20338442201877 -155.53915607688785 349950.37258559465408 74.78143527707142 8.82242348026753
51000.0 0.00013986248271 20.18951354825213 -155.53481962614509 349966.44563279394060 75.01812785912009 9.26905031236911
51030.0 -0.00031091713912 20.17563097271497 -155.53051851744328 349977.40493206959218 75.25448798722229 9.72837321708921
51060.0 0.00052121493495 20.16175235507222 -155.52626701582770 349982.92022504471242 75.49023333254983 10.19980972004370
51090.0 -0.00028878171091 20.14787314433134 -155.52206028197659 349983.09715879335999 75.72540485348873 10.68433127210575
51120.0 0.00039845661782 20.13398580088309 -155.51789074931349 349978.09112763311714 75.96008454546616 11.18322119452212
51150.0 -0.00028375044828 20.12009358491855 -155.51376098785539 349967.83557355962694 76.19418118138411 11.69695400980306
51180.0 0.00010464600803 20.10620839233479 -155.50968153500807 349952.10772001557052 76.42747165439688 12.22528768725115
51210.0 0.00058359810048 20.09245446320260 -155.50560298735056 350006.25580305512995 76.66015863193905 12.77039073761777
51240.0 -0.00001408682625 20.07855534325344 -155.50159833338756 349980.12939116545022 76.89208490071853 13.33252317923583
51270.0 0.00041355040572 20.06479594864048 -155.49760476148711 350023.73906337097287 77.12309921789384 13.91197039703162
51300.0 -0.00006942835147 20.05089435223623 -155.49368350739468 349987.01393411681056 77.35328326088970 14.51052154991603
51330.0 0.00009357770298 20.03712701125115 -155.48977063484131 350020.14418604876846 77.58244357204602 15.12832607869357
51360.0 0.00016702917355 20.02334607480708 -155.48588946051478 350048.19699678849429 77.81069961067116 15.76769037514405
51390.0 0.00008452095749 20.00944327976305 -155.48209268427016 349995.56283586099744 78.03776102721247 16.42822885628688
51420.0 0.00017407435950 19.99566479741903 -155.47829876501814 350012.98093493003398 78.26362014729159 17.11156460178860
51450.0 -0.00009659622419 19.98187619622802 -155.47453831286728 350025.26340966019779 78.48830131233962 17.81977486134942
51480.0 0.00029783727453 19.96796506632410 -155.47085510851423 349956.85557723417878 78.71167176233776 18.55390538273603
51510.0 0.00025054553315 19.95429042643160 -155.46713563205932 350034.09411318134516 78.93348463382470 19.31408521828335
51540.0 -0.00010867149089 19.94037881374336 -155.46353142564294 349955.11011982429773 79.15385007929403 20.10362073827089
51570.0 -0.00010464364427 19.92668341519088 -155.45987864475896 350022.08555835578591 79.37256828102383 20.92336401626919
51600.0 0.00046788378740 19.91288062279810 -155.45631135498394 350008.15462281089276 79.58944135263860 21.77420398530005
51630.0 -0.00002716669084 19.89907130789608 -155.45277800969208 349989.02974770776927 79.80445665743918 22.65904207656579
51660.0 -0.00032601092702 19.88536372375987 -155.44924047320760 350040.36677979957312 80.01737171142017 23.57863848952632
51690.0 0.00081703828617 19.87154412646830 -155.44577782935275 350010.82342790812254 80.22818663763940 24.53664790403771
51720.0 0.00003219795348 19.85773007740623 -155.44235840128337 349975.94737762678415 80.43657004436717 25.53313733790816
51750.0 0.00034210931282 19.84400766519673 -155.43892963971885 350011.68040026258677 80.64240606644911 26.57086499122503
51780.0 0.00048801001982 19.83027283221412 -155.43553084561148 350042.29208361916244 80.84559073595707 27.65323986444387
51810.0 -0.00008854525847 19.81644390956444 -155.43221402305352 349991.78169714007527 81.04588892292959 28.78225649059944
51840.0 -0.00027871800376 19.80270564216094 -155.42889082532122 350011.92215384729207 81.24297885415412 29.95863653759146
51870.0 0.00028173652497 19.78887463185455 -155.42564640098496 349950.90538404323161 81.43677914793223 31.18739257706702
51900.0 0.00000804860196 19.77511936403123 -155.42238522548286 349960.69059432391077 81.62697768246501 32.47016106171584
51930.0 0.00029984883408 19.76136453174010 -155.41916300344664 349965.22714182268828 81.81325801326693 33.80852838811234
51960.0 0.00018212414333 19.74760086546636 -155.41597129704331 349964.58548995386809 81.99540734849525 35.20672974839155
51990.0 0.00036726444411 19.73383758012102 -155.41281759322388 349958.69714736845344 82.17305814367438 36.66593820348077
52020.0 -0.00006339130906 19.72012641043894 -155.40963557604536 350023.83740612119436 82.34596857057190 38.19119428509553
52050.0 -0.00003018521205 19.70635084373162 -155.40654714252901 350007.54914723988622 82.51369440314521 39.78213680385668
52080.0 0.00017709169882 19.69257396845333 -155.40349393025545 349986.02476901002228 82.67590380828244 41.44204576340572
52110.0 -0.00001911808888 19.67884444762283 -155.40041239012049 350035.57415406871587 82.83224133969311 43.17468614880420
52140.0 0.00003119217370 19.66504947329913 -155.39741695721554 350003.65783106815070 82.98227635548643 44.98142821371201
52170.0 0.00017004887664 19.65126055895503 -155.39446168129351 349966.46547222509980 83.12555094661643 46.86142938854992
52200.0 0.00005030908070 19.63750951723738 -155.39147413154285 350000.40741715114564 83.26166030820818 48.81906501672488
52230.0 -0.00003219677160 19.62374945259175 -155.38851671457124 350029.15140792820603 83.39012487511106 50.85347797633052
52260.0 -0.00003924195754 19.60994488147907 -155.38565427496610 349976.28624232206494 83.51047691885844 52.96300912069516
52290.0 0.00054133762173 19.59617413905220 -155.38276027914154 349994.58678535092622 83.62224324804932 55.14865065119967
52320.0 0.00002112964843 19.58240117613310 -155.37990085901123 350007.66082990355790 83.72496143076900 57.40650277708654
52350.0 0.00019218548672 19.56861294759889 -155.37706472579609 350015.52808262221515 83.81813473399869 59.73656335776171
52380.0 0.00058359810048 19.55482527907599 -155.37426465298600 350018.15680942218751 83.90135623738756 62.13131984485911
52410.0 -0.00042864301174 19.54103371909282 -155.37149650472085 350015.55357094760984 83.97419496588920 64.58665393363542
52440.0 0.00032601092702 19.52723014114488 -155.36875314528604 350007.71745522879064 84.03621059341263 67.09817596587757
52470.0 0.00024953857149 19.51341791448563 -155.36603697638373 349994.63665375020355 84.08705539712916 69.65778349037168
52500.0 0.00022035913922 19.49960908109190 -155.36335750788766 349976.31104227527976 84.12651756390997 72.25441659093990
52530.0 -0.00041858285023 19.48580383089854 -155.36063614357951 350029.25604311563075 84.15422446604106 74.88249285889837
52560.0 0.00035317879975 19.47197317249504 -155.35800711471563 350000.42248530033976 84.17004305976478 77.53051962620957
52590.0 0.00058963632477 19.45814336722966 -155.35541144362767 349966.33401439059526 84.17393796114881 80.18659355372124
52620.0 0.00036022044005 19.44431298570030 -155.35277473482864 350003.52611570153385 84.16577361664494 82.84203760522935
52650.0 0.00005232300401 19.43047758394824 -155.35016939316685 350035.47344587836415 84.14569684316599 85.48433049921896
52680.0 0.00015294352918 19.41662208675508 -155.34765190238392 349985.56225737649947 84.11364532794525 88.10573548809856
52710.0 -0.00011269460999 19.40276923559037 -155.34510025766670 350006.96536709181964 84.07001421670732 90.69333371722820
52740.0 -0.00007043531312 19.38890972397095 -155.34257744808087 350023.10267063882202 84.01499478462588 93.23899693829168
52770.0 0.00039141497751 19.37504200147389 -155.34014549261295 349957.35084404889494 83.94875575923727 95.73601029145317
52800.0 -0.00004226166063 19.36115895509828 -155.33766911422504 349962.87098049651831 83.87169135563722 98.17655549395829
52830.0 -0.00034311509260 19.34727645398242 -155.33522619946868 349963.13848806731403 83.78440142746562 100.55273766848686
52860.0 0.00029884305430 19.33337822985283 -155.33280326850399 349958.06201363168657 83.68702140887572 102.86219316089122
52890.0 0.00013986130083 19.31945269498209 -155.33033427803343 350024.24745646025985 83.58010910637546 105.10006335979233
52920.0 0.00013483122008 19.30554054782150 -155.32796608155596 350008.56626342702657 83.46425519277746 107.26276664148205
52950.0 0.00017709169882 19.29161716848188 -155.32562033414436 349987.53529610205442 83.33974608820685 109.34977545496182
52980.0 0.00047694171478 19.27766456704416 -155.32323135351160 350037.78035352751613 83.20722538432859 111.35919594828043
53010.0 0.00046285488853 19.26372090203858 -155.32093294769510 350006.04941177554429 83.06688202069390 113.29237740367135
53040.0 -0.00021935335945 19.24977786990120 -155.31866527559498 349969.03164505306631 82.91948983198036 115.14830407488284
53070.0 -0.00029582335122 19.23579527052615 -155.31635050944533 350003.23949782922864 82.76539417167866 116.92867192633678
53100.0 0.00076370950238 19.22179472360009 -155.31405466404746 350032.02362279593945 82.60482931978271 118.63579974423459
53130.0 -0.00040550180376 19.20782133701345 -155.31185495557827 349978.86829063389450 82.43826251507902 120.27130945680543
53160.0 0.00051517789254 19.19380675862505 -155.30961126579373 349996.95164080522954 82.26633803056333 121.83662944790804
53190.0 -0.00009357770298 19.17977349993066 -155.30738481851171 350009.56373205315322 82.08905192845179 123.33532259278678
53220.0 0.00053932606218 19.16572823726334 -155.30518050902583 350016.75675979815423 81.90688628877352 124.76949347887600
53250.0 0.00022840892306 19.15167791680596 -155.30300340908258 350018.59693960286677 81.72031349917209 126.14145493984471
53280.0 0.00043870435513 19.13761339254043 -155.30084596526271 350014.97315685357898 81.52942023158454 127.45438597136994
53310.0 -0.00026060569466 19.12354371271655 -155.29871488295288 350005.97966124862432 81.33468808179727 128.71056959679063
53340.0 0.00027670644421 19.10945576980276 -155.29659954371044 349991.44712244905531 81.13607085012407 129.91319567693796
53370.0 0.00027167399970 19.09536543900587 -155.29451196201273 349971.56041320506483 80.93417287405404 131.06426481161446
53400.0 0.00042059322790 19.08120039116286 -155.29236968293137 350022.64820059388876 80.72911639806811 132.16651149082978
53430.0 -0.00005534152522 19.06708523853426 -155.29032271886467 349991.78807942289859 80.52090824480435 133.22262432067672
53460.0 0.00038034667247 19.05295834990163 -155.28829509977874 349955.41926422622055 80.30981845573021 134.23482270480477
53490.0 0.00003119217370 19.03875502324309 -155.28621593772741 349990.02611999399960 80.09630691431394 135.20509862664269
53520.0 -0.00057152519754 19.02452999378792 -155.28415140520633 350018.99441703315824 79.88015708043808 136.13595670554886
53550.0 0.00032601210890 19.01028985831648 -155.28210625214413 350042.40318713709712 79.66167460500007 137.02929225335635
53580.0 0.00026261843609 18.99612719209571 -155.28016652518750 349984.10448638908565 79.44116339202333 137.88695627219306
53610.0 0.00015797360994 18.98186461632941 -155.27816313050033 349996.45806874893606 79.21853947642033 138.71092796852540
53640.0 0.00013684396151 18.96759380737089 -155.27618329179921 350003.32590641267598 78.99413473603981 139.50285097574275
53670.0 0.00023746330479 18.95330165306023 -155.27421655706206 350004.47487595118582 78.76775207728737 140.26449797451616
53700.0 -0.00003219795348 18.93900403664616 -155.27227475942891 350000.16067839507014 78.53986841209148 140.99729622906065
53730.0 0.00011068305044 18.92469670836870 -155.27035425160079 349990.30206543020904 78.31047939225067 141.70276831721102
53760.0 0.00054636888437 18.91037105241360 -155.26844806349592 349974.72965844068676 78.07947118140726 142.38233612395663
53790.0 -0.00008854525847 18.89592442876832 -155.26647494654208 350029.51296645961702 77.84700838992271 143.03727643925851
53820.0 0.00010363786449 18.88157830238347 -155.26461057055334 350002.78366849664599 77.61345234545624 143.66880600236047
53850.0 0.00011973861405 18.86721329493958 -155.26275899244547 349970.27966483868659 77.37849422706920 144.27810414464358
53880.0 0.00057856801972 18.85272099942982 -155.26084024380776 350008.02396622300148 77.14235316193815 144.86625070601028
53910.0 0.00027066821993 18.83821746943726 -155.25894318140905 350040.15299042873085 76.90525406466278 145.43429027527156
53940.0 0.00020526653320 18.82381445212146 -155.25714578941722 349990.63171904254705 76.66704232931390 145.98317560338089
53970.0 0.00006439708883 18.80928225934250 -155.25528436582152 350011.34255639929324 76.42798022989126 146.51384870410922
54000.0 0.00055743718941 18.79472571755380 -155.25343360352448 350026.11556710023433 76.18781348812142 147.02711817247121
54030.0 0.00029481757144 18.78029013054041 -155.25169115916006 349959.56408142112195 75.94695405664481 147.52386125135277
54060.0 0.00038034549059 18.76558267437684 -155.24979503473028 350038.71313630696386 75.70534906303493 148.00483312244171
54090.0 -0.00058158535905 18.75111876249212 -155.24808360223426 349960.60470158047974 75.46283561574029 148.47069790279195
54120.0 0.00048297639343 18.73636607473641 -155.24621259094596 350027.86006746441126 75.21953328735241 148.92215065899691
54150.0 0.00040751336331 18.72174304079133 -155.24445119648021 350013.89627334754914 74.97575828823531 149.35992586528945
54180.0 -0.00039543809661 18.70709810310472 -155.24270006740093 349993.93249812070280 74.73116942585354 149.78450444872732
54210.0 0.00018816118574 18.69229057923128 -155.24087571171847 350043.52721161022782 74.48594626488729 150.19650515047491
54240.0 0.00025557443202 18.67761880212029 -155.23915870767084 350011.93963988870382 74.24027859280278 150.59653212139202
54270.0 -0.00019117734319 18.66292959693925 -155.23745422660076 349974.40431252587587 73.99398585342227 150.98501457073957
54300.0 0.00100217858695 18.64807598003307 -155.23567975394826 350006.40023719519377 73.74729738144319 151.36252058466221
54330.0 -0.00021935217757 18.63319489788529 -155.23391334324594 350032.19304991606623 73.49993551791439 151.72937474158525
54360.0 0.00072547332462 18.61846396490408 -155.23225594127666 349977.02380351629108 73.25228617243533 152.08617128735321
54390.0 0.00026060687654 18.60355854004251 -155.23052558521618 349991.14083133358508 73.00427455152273 152.43327995856015
54420.0 0.00089954886599 18.58862859386196 -155.22880438416473 349999.06930019613355 72.75571778642622 152.77099043941359
54450.0 0.00024350034720 18.57367768959115 -155.22709463890195 350000.88237228151411 72.50671520397748 153.09970572774117
54480.0 0.00071943628221 18.55871800242806 -155.22540508720729 349996.90623937360942 72.25755997152882 153.41991430603892
54510.0 -0.00012577565646 18.54373345491036 -155.22372331232989 349986.66461032535881 72.00790191426617 153.73176004910789
54540.0 0.00077075350645 18.52855121968208 -155.22196275742090 350045.11743597593158 71.75790015384845 154.03562855381307
54570.0 0.00008351281396 18.51353380220773 -155.22030993078519 350022.78984043188393 71.50772706393911 154.33190273094110
54600.0 0.00065906585811 18.49849601433624 -155.21866710189252 349994.26153681427240 71.25719366814957 154.62075677842608
54630.0 0.00021532787659 18.48344670954751 -155.21704049856720 349959.78174605779350 71.00651128075148 154.90256851324534
54660.0 0.00013784855940 18.46818199653949 -155.21532804659313 349993.46912085730582 70.75539624399809 155.17742849975247
54690.0 0.00073754977319 18.45290277638435 -155.21363266655416 350021.12148888129741 70.50421609916242 155.44577994027304
54720.0 0.00000704164030 18.43780160200067 -155.21204334137204 349968.19071643706411 70.25288882500638 155.70780363623405
54750.0 0.00071641894288 18.42247923867878 -155.21036847958919 349983.24613597895950 70.00122320343684 155.96360332178082
54780.0 0.00028978630881 18.40713299031972 -155.20870253821002 349991.90247576776892 69.74930844814894 156.21343344449031
54810.0 0.00100821681124 18.39177505479280 -155.20705421485192 349994.54171501472592 69.49742391542021 156.45765365134423
54840.0 0.00022941470283 18.37638941514889 -155.20541118900260 349990.60989794135094 69.24521971134226 156.69624287015162
54870.0 0.00033104218966 18.36098235643779 -155.20377775179625 349980.29089851770550 68.99284257620302 156.92946440423984
54900.0 0.00004125469897 18.34556093839403 -155.20215876419067 349963.80623925570399 68.74045492601743 157.15758539728219
54930.0 0.00108670072632 18.32989951485706 -155.20045331338110 350014.72302596922964 68.48786651150500 157.38065242087615
54960.0 -0.00015797597370 18.31443763721574 -155.19885523048708 349985.46397653128952 68.23527706225015 157.59894119024662
54990.0 0.00112795660717 18.29872574032528 -155.19716630429880 350023.24883795250207 67.98240309946674 157.81242516962627
55020.0 0.00045681666424 18.28322198164443 -155.19558648200490 349981.07053503021598 67.72959927011642 158.02146304415149
55050.0 0.00072145020552 18.26747438722427 -155.19392347838610 350006.16318435966969 67.47678155408728 158.22613842784230
55080.0 0.00003018639393 18.25169648976471 -155.19226453937387 350024.42912690807134 67.22375534213430 158.42645901723228
55110.0 0.00007747695343 18.23589193337903 -155.19061197298274 350035.97237588744611 66.97060418477909 158.62259937498925
55140.0 0.00129196607764 18.22007294215335 -155.18897446351343 350041.23196159489453 66.71759781999894 158.81484656294492
55170.0 0.00023243204216 18.20422356260885 -155.18733974392396 350039.57566844671965 66.46439050641686 159.00309684211629
55200.0 0.00047492897335 18.18835000553757 -155.18571202404198 350031.21188884228468 66.21112030674618 159.18754486621478
55230.0 0.00030588705837 18.17245935932207 -155.18409616480542 350016.39457555208355 65.95794308555222 159.36839300278089
55260.0 0.00093878964165 18.15654286840416 -155.18248524496045 349994.75436401553452 65.70467042468026 159.54562173239091
55290.0 0.00061177293485 18.14060929185002 -155.18088536509339 349966.61642596032470 65.45149350454315 159.71944775617314
55320.0 0.00097400493445 18.12439156623622 -155.17918990603533 350004.23178994283080 65.19813172113884 159.88978436450688
55350.0 0.00035619613907 18.10815393304576 -155.17750642142826 350035.23628857266158 64.94492950517483 160.05693859347187
55380.0 0.00054033302384 18.09215220372269 -155.17592846805451 349986.82644561491907 64.69180319745489 160.22094189514385
55410.0 0.00044272865611 18.07586068907685 -155.17425528057737 350003.92705652397126 64.43855707751825 160.38175040269431
55440.0 0.00108569612843 18.05953993712738 -155.17258586312312 350013.94497761875391 64.18527114735565 160.53949296324606
55470.0 0.00081200702354 18.04320219810997 -155.17092891167150 350017.37768764328212 63.93220761108262 160.69441231255621
55500.0 0.00126882486966 18.02683158929343 -155.16927217304075 350013.51405831426382 63.67902657471369 160.84636296646670
55530.0 0.00054133643985 18.01043424780563 -155.16761978628216 350002.58685297425836 63.42585928730398 160.99549818019048
55560.0 0.00061881575704 17.99401729124591 -155.16597662513593 349984.88344466406852 63.17285675184733 161.14198146539405
55590.0 0.00023645870690 17.97729257722744 -155.16423772282167 350031.93883600924164 62.91983380552141 161.28575827461805
55620.0 0.00025557679578 17.96082494679425 -155.16260511656859 350000.12171085737646 62.66697464482573 161.42700854686456
55650.0 0.00102029089606 17.94432473107598 -155.16097075624279 349960.85800616722554 62.41400277946450 161.56561435386973
55680.0 0.00042260596933 17.92751994725731 -155.15924751283941 349986.49027848243713 62.16125385782756 161.70184839684956
55710.0 0.00103337194253 17.91068907944752 -155.15753034775165 350004.97139698732644 61.90864570980011 161.83571315588256
55740.0 0.00039342653706 17.89382290225507 -155.15581192046116 350015.83628113102168 61.65598263101575 161.96713626028406
55770.0 0.00114103528989 17.87692515037934 -155.15409456748611 350019.22294595278800 61.40334215426466 162.09621880279747
55800.0 0.00084823045987 17.86000810357810 -155.15238702487116 350015.68912024702877 61.15098007703065 162.22317432911288
55830.0 0.00078383337104 17.84305595209331 -155.15067700948902 350004.44369588699192 60.89856311039389 162.34783681633871
55860.0 0.00139158200491 17.82607476162952 -155.14896860109158 349985.74383928906173 60.64621671387139 162.47033281816789
55890.0 0.00074358326996 17.80907168140278 -155.14726670101442 349959.91157857701182 60.39408793189857 162.59080097409935
55920.0 0.00045681902800 17.79172795210799 -155.14546459852124 349997.27852229587734 60.14199553452144 162.70916810040191
55950.0 0.00110783037475 17.77435688308028 -155.14366784918141 350027.23781445808709 59.89011761186553 162.82558961151472
55980.0 0.00054636888437 17.75726119841761 -155.14196635170867 349978.53411990404129 59.63818237655020 162.93993170020343
56010.0 0.00104947151021 17.73982819081598 -155.14017152436543 349993.18286436796188 59.38651752752322 163.05244254653851
56040.0 0.00122153312828 17.72236708637769 -155.13838007440552 350000.29018730763346 59.13504294572858 163.16310817381211
56070.0 0.00070635523573 17.70486856693737 -155.13658450745592 349999.33536010328680 58.88356354088690 163.27184019604263
56100.0 0.00130202860291 17.68733641602415 -155.13478718361011 349990.47487455420196 58.63215496204788 163.37872192977147
56130.0 0.00124266277671 17.66945350234983 -155.13289605850392 350044.31501976680011 58.38106725776838 163.48394640153111
56160.0 0.00143182974223 17.65219241974237 -155.13120132271743 349950.02461054176092 58.12997407538496 163.58733840864787
56190.0 0.00053429361767 17.63423592200813 -155.12930332028679 349987.59270052146167 57.87899569611844 163.68900621640222
56220.0 0.00132517099277 17.61625009598428 -155.12740869795681 350017.40215609688312 57.62827572200658 163.78907159483751
56250.0 0.00144893508968 17.59822645659681 -155.12551053519570 350038.95148368272930 57.37763718058532 163.88745170465316
56280.0 0.00157471074614 17.58051671649920 -155.12371644189429 349983.29558554105461 57.12725258822798 163.98428459671140
56310.0 0.00172060908938 17.56242450354588 -155.12181310386777 349988.56626053061336 56.87685514260178 164.07942897427759
56340.0 0.00119839073841 17.54430611808450 -155.11991353914215 349986.11348745040596 56.62676511492204 164.17311448096410
56370.0 0.00141673595433 17.52580674685487 -155.11791250831999 350044.71495028957725 56.37690472245885 164.26531771786728
56400.0 0.00053127509646 17.50761666669967 -155.11600616927763 350025.63905619736761 56.12707982917074 164.35594129405342
56430.0 0.00114304803132 17.48939122199005 -155.11409506444008 349998.20031016506255 55.87736453527613 164.44505658793497
56460.0 0.00110682577686 17.47114275903740 -155.11218809880418 349963.08346625790000 55.62800355220292 164.53284140898674
56490.0 0.00188764062669 17.45249366570319 -155.11017024543071 349987.83762909285724 55.37867759025028 164.61911758886782
56520.0 0.00094784520527 17.43380646804446 -155.10814776869930 350004.00568983238190 55.12950214846456 164.70398019844430
56550.0 0.00159885891578 17.41508839967014 -155.10612567391135 350011.98071094043553 54.88061769995110 164.78753898014284
56580.0 0.00132215247157 17.39633106775330 -155.10409698802073 350011.21770420763642 54.63185167890161 164.86970650195497
56610.0 0.00035015909666 17.37754307322451 -155.10206777147320 350002.19819933176041 54.38337137673112 164.95060789341431
56640.0 0.00204561541851 17.35871151358132 -155.10002755212270 349984.08879349101335 54.13491510605466 165.03009905193770
56670.0 0.00054838044392 17.33947441530021 -155.09788467974676 350025.54543246701360 53.88679606119877 165.10839499343905
56700.0 0.00198021018614 17.32058146738985 -155.09584252476253 349990.75247216783464 53.63893893873493 165.18546698617689
56730.0 0.00105953403548 17.30126467234705 -155.09368628513610 350014.36174202430993 53.39115076483068 165.26121267601243
56760.0 0.00162904530971 17.28229170968154 -155.09162556958543 349961.54676513653249 53.14350429114992 165.33569508469594
56790.0 0.00183330488125 17.26290590944737 -155.08946195595385 349967.80798063054681 52.89623916876021 165.40908025110821
56820.0 0.00218447093957 17.24347492427803 -155.08728645917509 349964.65923875011504 52.64904319510551 165.48119046072208
56850.0 0.00200737805887 17.22400462835610 -155.08510304535093 349952.42940847761929 52.40202736464236 165.55211083719382
56880.0 0.00158879639051 17.20410596654319 -155.08281243707685 349998.30260581709445 52.15532922404292 165.62194218018777
56910.0 0.00166426296627 17.18416176004578 -155.08051166162724 350034.65670936554670 51.90878067139656 165.69059537179155
56940.0 0.00212007266885 17.16458211031499 -155.07831145202888 349995.54412526544183 51.66254401965515 165.75818552811100
56970.0 0.00236055567673 17.14455370865019 -155.07599200773120 350013.13570060208440 51.41636274695418 165.82456837280711
57000.0 0.00184135466509 17.12449147522728 -155.07366974065710 350021.84825786110014 51.17054322384165 165.88994700900028
57030.0 0.00222673141831 17.10480128168164 -155.07144644073662 349955.37140716239810 50.92501269240194 165.95428981333450
57060.0 0.00217139107497 17.08424568105146 -155.06899875836987 350011.11486309859902 50.67957947791424 166.01749183745306
57090.0 0.00194197282650 17.06405649581665 -155.06664435912307 349991.17963852733374 50.43431510885043 166.07961004092826
57120.0 0.00273788382800 17.04383687916529 -155.06428738411654 349962.42469792999327 50.18945437478139 166.14080106000424
57150.0 0.00196310483869 17.02315178938574 -155.06180932581759 349989.17308335471898 49.94469213083052 166.20088948623894
57180.0 0.00273083864205 17.00242148817599 -155.05931948325531 350006.02950545586646 49.70013507653474 166.25995266494917
57210.0 0.00197819980847 16.98165330690973 -155.05682303236986 350013.46607270836830 49.45591797151829 166.31808451418524
57240.0 0.00304477430238 16.96083905738862 -155.05431281208135 350010.84664421249181 49.21187718474410 166.37519590966349
57270.0 0.00292805657329 16.93998728264321 -155.05179497465852 349998.73689156770706 48.96817023804260 166.43139395227610
57300.0 0.00338688361520 16.91908516837185 -155.04925861803409 349976.15116030350327 48.72454578216209 166.48653565260435
57330.0 0.00313835318724 16.89771396654597 -155.04660935755467 350008.76059885229915 48.48130355967020 166.54081418963460
57360.0 0.00294415495909 16.87630009420130 -155.04395011506003 350031.41992969717830 48.23837338132093 166.59419653464218
57390.0 0.00278215468441 16.85527366781237 -155.04137926134180 349979.10857669636607 47.99556496791253 166.64657653920378
57420.0 0.00346838841525 16.83331939089146 -155.03857883232240 350044.79997753351927 47.75294870694262 166.69800663017267
57450.0 0.00332248770825 16.81221386287266 -155.03598586257945 349972.71621506568044 47.51075467944700 166.74863575040393
57480.0 0.00264933620577 16.79016761151096 -155.03315896452472 350017.68556958623230 47.26868473939688 166.79829174903875
57510.0 0.00420593582468 16.76852070479001 -155.03042349333552 349988.28092935588211 47.02684146064006 166.84704570348711
57540.0 0.00360120571201 16.74638354283318 -155.02756999555316 350012.41908994968981 46.78535691802269 166.89498608836197
57570.0 0.00368069658875 16.72464998002977 -155.02480623161091 349962.33009551838040 46.54407192988997 166.94202473452364
57600.0 0.00392218655828 16.70242165054282 -155.02192295874354 349965.39335576910526 46.30313891664074 166.98826035933894
57630.0 0.00382257063101 16.68013801046238 -155.01901678237593 349957.08220746275038 46.06231260965080 167.03355564544856
57660.0 0.00418279343482 16.65735307973984 -155.01599177256105 350001.43609912227839 45.82188582137173 167.07809356280208
57690.0 0.00349957940707 16.63452081283649 -155.01295250576538 350034.99969548545778 45.58179092941333 167.12184059364964
57720.0 0.00400268203291 16.61209836666673 -155.00999876002135 349994.41849541477859 45.34183912240213 167.16469019951413
57750.0 0.00500184209866 16.58915848218283 -155.00691611841435 350005.12852057907730 45.10209970314037 167.20669133161658
57780.0 0.00456414470518 16.56617819881448 -155.00382265046488 350005.43143374379724 44.86279817009321 167.24798652762703
57810.0 0.00465369692531 16.54314221622873 -155.00070487234697 349994.00910480506718 44.62364329940931 167.28840731858037
57840.0 0.00439409701042 16.52005625583004 -154.99756672904175 349971.26548886206001 44.38473368433582 167.32801960595859
57870.0 0.00444541068902 16.49644880687322 -154.99430420509694 349999.44920916482806 44.14619879503910 167.36690746471743
57900.0 0.00551098294879 16.47278606278427 -154.99101892150767 350015.81147127877921 43.90788386043688 167.40498421285187
57930.0 0.00546872247005 16.44907653636835 -154.98771720234276 350021.00762732885778 43.66993725512609 167.44234485641417
57960.0 0.00484688819181 16.42530751660762 -154.98438751102509 350013.88647470530123 43.43211790594579 167.47885089826320
57990.0 0.00462853943025 16.40149511158550 -154.98104259904858 349995.76206556707621 43.19471276330833 167.51467992456691
58020.0 0.00646285245504 16.37763623455448 -154.97767905405786 349966.31176971271634 42.95765675450547 167.54979849607375
58050.0 0.00554519364370 16.35273471312292 -154.97406662410756 350045.98131071683019 42.72076259298495 167.58410013591848
58080.0 0.00470903963241 16.32876269183034 -154.97064970272515 349991.98298910539597 42.48409853797843 167.61763107554418
58110.0 0.00598389799883 16.30375547403056 -154.96699574297796 350047.76754972245544 42.24788561428384 167.65052845424159
58140.0 0.00585812234237 16.27968455752637 -154.96353409784419 349970.19599994458258 42.01183943322100 167.68262759858754
58170.0 0.00540332078332 16.25455957674620 -154.95982472076619 350000.73950861208141 41.77605473657719 167.71399004930726
58200.0 0.00634713814197 16.22938376274653 -154.95609500275239 350019.31494558323175 41.54065845689881 167.74469626680877
58230.0 0.00599194778267 16.20414926903443 -154.95233726036122 350025.14052350446582 41.30550018400595 167.77466132732999
58260.0 0.00653932481057 16.17886459834614 -154.94855793906137 350018.92035629227757 41.07072390223235 167.80397554640928
58290.0 0.00509240128044 16.15351708981593 -154.94474510002118 349999.41541685070843 40.83609361610478 167.83250297855631
58320.0 0.00587019760907 16.12812290660456 -154.94091188497600 349968.04592129029334 40.60189007912425 167.86041500819223
58350.0 0.00760590166823 16.10164653710308 -154.93682980696758 350042.40539212338626 40.36805074201404 167.88767862471789
58380.0 0.00619218305323 16.07613860306391 -154.93293879248313 349985.27297588251531 40.13438988914643 167.91418764026665
58410.0 0.00647693928129 16.04953377063720 -154.92879116199495 350032.48096036911011 39.90097476777482 167.93998612391226
58440.0 0.00643971006518 16.02392342705920 -154.92484844871043 349950.35182368475944 39.66802202826806 167.96520662873434
58470.0 0.00619117727346 15.99720475896157 -154.92064418088026 349971.47778915986419 39.43525402251509 167.98968820694267
58500.0 0.00749823713900 15.97042502797273 -154.91640817392843 349979.08316729962826 39.20276176018697 168.01348866482851
58530.0 0.00627871675215 15.94359183522247 -154.91214619363095 349973.82790392357856 38.97066969500506 168.03668545764305
58560.0 0.00793090445172 15.91669744909846 -154.90785031275394 349954.87956608366221 38.73883172103777 168.05919553120160
58590.0 0.00645178414999 15.88868198004928 -154.90329863629864 350038.10244372021407 38.50738754189709 168.08110516203749
58620.0 0.00649605737017 15.86166516135697 -154.89893527375961 349991.59051504358649 38.27610618917110 168.10228093003158
58650.0 0.00755357748234 15.83352208781536 -154.89431638190578 350046.73612135834992 38.04526234077400 168.12288884746519
58680.0 0.00684923498804 15.80639987500362 -154.88989672847265 349974.03728586900979 37.81479593825613 168.14289654449837
58710.0 0.00706154434342 15.77812982489635 -154.88520685151656 350000.82843754440546 37.58452287590858 168.16219820779278
58740.0 0.00683212964058 15.74979348437912 -154.88047898248752 350013.06196229532361 37.35450941433385 168.18083616697373
58770.0 0.00862719952595 15.72140368765621 -154.87572377821610 350011.96803496871144 37.12496792262530 168.19893906139416
58800.0 0.00707462302613 15.69294541488009 -154.87092632348714 349995.91620364226401 36.89562739361079 168.21634949243102
58830.0 0.00832936343330 15.66442428986763 -154.86609062831067 349965.39275912754238 36.66657521723678 168.23312202489555
58860.0 0.00730806321183 15.63474053176987 -154.86098986139783 350032.97864727955312 36.43793342230317 168.24933159556642
58890.0 0.00781921680339 15.60609716116642 -154.85608092601586 349973.69454360660166 36.20956014558514 168.26489703305504
58920.0 0.00806271715059 15.57628353495040 -154.85090444738873 350011.71539106499404 35.98159091421460 168.27990110340400
58950.0 0.00693375712741 15.54639457780155 -154.84568027926724 350033.74575302097946 35.75379973090306 168.29421279680426
58980.0 0.00926613915164 15.51644662000993 -154.84042253039115 350041.43731056526303 35.52645531496003 168.30799346259911
59010.0 0.00742176478347 15.48643697361521 -154.83512749793806 350034.41745992191136 35.29950006232846 168.32121149564421
59040.0 0.00908300804665 15.45635557977543 -154.82978441221698 350011.49755796510726 35.07275150973572 168.33376145108238
59070.0 0.00790273198111 15.42620689460160 -154.82439620875849 349973.05826910026371 34.84627495352969 168.34568424932493
59100.0 0.00930034984655 15.39486279889428 -154.81873694465042 350029.36330546345562 34.62027857023129 168.35710518495424
59130.0 0.00840985772605 15.36458629903519 -154.81326461669440 349960.43262370955199 34.39449789052883 168.36787017238271
59160.0 0.00925305692329 15.33309680969028 -154.80750861121021 349984.27895583957434 34.16901679208137 168.37803093114928
59190.0 0.00863424353001 15.30154317064293 -154.80171219305262 349992.74478530045599 33.94395492944059 168.38766027803845
59220.0 0.00892000317408 15.26991791104388 -154.79586680348177 349984.88849726133049 33.71917461730581 168.39667887810694
59250.0 0.00982559026436 15.23822955574412 -154.78997940210056 349961.57746080216020 33.49480730669924 168.40516642432996
59280.0 0.00882944399230 15.20530010170476 -154.78379592096104 350027.98876148182899 33.27063191174518 168.41299415030809
59310.0 0.00899245122863 15.17347293755734 -154.77781147054731 349972.11111687589437 33.04691130724364 168.42031935859401
59340.0 0.00960925424424 15.14041050549755 -154.77154062718557 350006.60565065126866 32.82359030425746 168.42711127580378
59370.0 0.00791581184570 15.10726819562013 -154.76521243150412 350023.47168186586350 32.60048811017849 168.43326476079457
59400.0 0.00921683466883 15.07405058719436 -154.75882992470781 350023.12516962643713 32.37766907663647 168.43881958864256
59430.0 0.00951970320599 15.04077074452107 -154.75240471763496 350007.00440517533571 32.15533727393636 168.44389820011179
59460.0 0.00934562766462 15.00741383424167 -154.74592051944811 349973.24212565924972 31.93323466467346 168.44834955533312
59490.0 0.00916249892339 14.97279220821004 -154.73913661852376 350026.48653680644929 31.71144171808363 168.45222285289495
59520.0 0.00901660058015 14.93929631293791 -154.73254849787600 349959.00521538127214 31.49007576282997 168.45558912310744
59550.0 0.00983967472685 14.90452845215276 -154.72565693779762 349977.62402782868594 31.26900322445223 168.45837078575335
59580.0 0.01026530039927 14.86969042908398 -154.71871393457286 349979.17279924917966 31.04835157541749 168.46064482914667
59610.0 0.01126647320644 14.83476981808079 -154.71170519283476 349962.00781077332795 30.82790457860165 168.46228453445730
59640.0 0.01062451505954 14.79857064004862 -154.70439800416551 350030.27641063742340 30.60791937637278 168.46344370018889
59670.0 0.00830320015847 14.76351167916682 -154.69728391626049 349978.74678664933890 30.38834315402281 168.46409241546453
59700.0 0.01061747105548 14.72715394698518 -154.68985381163759 350010.09943383280188 30.16899681354058 168.46412573955664
59730.0 0.01207244318757 14.69071465289392 -154.68235896621675 350022.56379132904112 29.94994378088887 168.46358251894623
59760.0 0.01144658342647 14.65420700473613 -154.67481156717469 350017.69512117933482 29.73138410250341 168.46258276985117
59790.0 0.01016467987410 14.61761626883763 -154.66719447339042 349993.49633397534490 29.51306606637277 168.46097821819220
59820.0 0.00972698011686 14.58094804202372 -154.65951184421712 349950.55091648828238 29.29506683370156 168.45881581087215
59850.0 0.01200301483610 14.54297161226890 -154.65151746289592 349989.37113491725177 29.07750145409071 168.45616507656234
59880.0 0.01202515144619 14.50491111651599 -154.64345350950202 350008.54703778587282 28.86024039523753 168.45295008811090
59910.0 0.00979037142592 14.46677515758778 -154.63532742577200 350009.07484581600875 28.64340724627491 168.44924544408013
59940.0 0.01124131807515 14.42855136880606 -154.62712409360276 349989.19325547758490 28.42679055396836 168.44492626282803
59970.0 0.01201609588258 14.38900315642335 -154.61860369723817 350049.07609532680362 28.21064183860484 168.44014332259016
60000.0 0.01132584021452 14.35063115347214 -154.61027330372670 349991.72686369717121 27.99491061735780 168.43486758250913
60030.0 0.01207747445020 14.31091500512568 -154.60160704713275 350011.45924741029739 27.77941950788172 168.42899417430485
60060.0 0.01123628681252 14.27111279380044 -154.59286424569510 350010.67260652780533 27.56423102531365 168.42256119560938
60090.0 0.01307462295640 14.23123787782018 -154.58405775087817 349991.05035415198654 27.34954127831487 168.41568662301034
60120.0 0.01169813592127 14.19127561365422 -154.57516945604178 349950.45758060738444 27.13510476998989 168.40822466418402
60150.0 0.01069494682703 14.14995706592570 -154.56594288673051 349985.37173975724727 26.92099545105680 168.40022024090766
60180.0 0.01166593678591 14.10855792254817 -154.55664429589413 350000.17972420807928 26.70732613736511 168.39174162768737
60210.0 0.01441891203805 14.06707113440321 -154.54726376492081 349993.75892227794975 26.49397126929304 168.38271443887751
60240.0 0.01216904059364 14.02550534613563 -154.53780904011737 349967.17900935653597 26.28105064528037 168.37321115566291
60270.0 0.01222739945818 13.98255992531500 -154.52800007980707 350012.92191058956087 26.06835753017729 168.36310851804950
60300.0 0.01266207833046 13.93953316633058 -154.51811627441981 350038.11209457274526 25.85613793020531 168.35255471940064
60330.0 0.01384638224262 13.89642300670720 -154.50815322543670 350042.31957203615457 25.64434365139323 168.34152158223651
60360.0 0.01528827332824 13.85321908508100 -154.49809682197866 350023.89965737890452 25.43279904572110 168.32990416676955
60390.0 0.01215998266627 13.80992636562333 -154.48795055996288 349983.40439315047115 25.22156573409130 168.31773997684490
60420.0 0.01338855743485 13.76525324902379 -154.47745976793971 350015.17617146391422 25.01083596546997 168.30514529259227
60450.0 0.01513633912447 13.72048365447711 -154.46687175648651 350023.67492521647364 24.80037035097365 168.29197652556542
60480.0 0.01351533887108 13.67562322042297 -154.45619081462891 350009.56220316328108 24.59023972525095 168.27827676486444
60510.0 0.01536575146355 13.63068024348899 -154.44542450635487 349973.91546041704714 24.38055471435716 168.26411324932477
60540.0 0.01673720841792 13.58432959843019 -154.43429046266925 350006.59562428947538 24.17119366138778 168.24941301963074
60570.0 0.01235719823374 13.53789170871335 -154.42306681978602 350016.96987433265895 23.96227266459347 168.23424667797548
60600.0 0.01515746640914 13.49135433007087 -154.41173644176106 350003.01669446285814 23.75358964022301 168.21849237060786
60630.0 0.01411101460202 13.44473443687983 -154.40031742144240 349967.15269086882472 23.54538518623815 168.20229610168087
60660.0 0.01507998827384 13.39669913948599 -154.38852953934742 349998.52874324098229 23.33761335395846 168.18563054216153
60690.0 0.01527016101913 13.34856263793376 -154.37663124646710 350005.04287855233997 23.13010024640477 168.16839052650784
60720.0 0.01615763580030 13.30033005772217 -154.36462621440350 349987.30313176475465 22.92290660496600 168.15061309936863
60750.0 0.01555894154816 13.25067478780068 -154.35225043871438 350035.79835488088429 22.71622089658200 168.13241315776909
60780.0 0.01535770049783 13.20225990832139 -154.34003940180693 349970.70469496957958 22.50980973267306 168.11364904663893
60810.0 0.01566459451785 13.15240735493284 -154.32743956378789 349969.39230844751000 22.30374092385856 168.09436218772169
60840.0 0.01521985193843 13.10111640288465 -154.31445598046955 350031.96030697319657 22.09812294847698 168.07461897959070
60870.0 0.01735702995473 13.05107627770510 -154.30163933197252 349981.92074002604932 21.89283798255401 168.05434777472840
60900.0 0.01595136230545 12.99959373263748 -154.28843422013682 349995.02966060768813 21.68799851195654 168.03361750670217
60930.0 0.01506992574857 12.94800609671400 -154.27510371126354 349981.68499346263707 21.48340703795520 168.01230751655393
60960.0 0.01694247376924 12.89496905381888 -154.26138155912651 350030.52095996309072 21.27929885311323 167.99056198156762
60990.0 0.01603286592362 12.84320086492784 -154.24783280669027 349968.69290154706687 21.07563021011612 167.96835440196034
61020.0 0.01828273854991 12.78996511320494 -154.23386886175419 349965.95729083009064 20.87222897854467 167.94557922580358
61050.0 0.01686901993491 12.73525832441641 -154.21949046854868 350021.93624608125538 20.66915503382914 167.92227315779249
61080.0 0.01656514679985 12.68183200309002 -154.20528927254821 349968.48812141362578 20.46659313576065 167.89854999980093
61110.0 0.01744859491629 12.62692843593878 -154.19066500444791 349972.59798128437251 20.26431579008420 167.87426977019408
61140.0 0.01613750956789 12.57054476041025 -154.17561890940462 350033.98655378632247 20.06238787214156 167.84947236595877
61170.0 0.01792754937250 12.51544439202235 -154.16074213519229 349985.72108611930162 19.86091575308220 167.82422352267108
61200.0 0.01912191226429 12.45886028147114 -154.14543811046906 349994.00020852498710 19.65978542252823 167.79845419528303
61230.0 0.01991681512225 12.40218017559715 -154.13000723091741 349976.22383284568787 19.45910575068771 167.77222903356704
61260.0 0.01521079519293 12.34400193943854 -154.11413364710728 350012.64286515023559 19.25868379650765 167.74542976805719
61290.0 0.01612040422043 12.28572740411806 -154.09813194749384 350022.84183909650892 19.05874964662245 167.71819908348621
61320.0 0.01725137816693 12.22735504372071 -154.08199689408721 350006.36311571113765 18.85926171122689 167.69051128880611
61350.0 0.01980915177490 12.16887423270046 -154.06571041539237 349961.10913648083806 18.66004964108767 167.66226028102605
61380.0 0.01905852213711 12.10888962982664 -154.04897581880616 349969.05773564148694 18.46117245826194 167.63348253245786
61410.0 0.01953244414880 12.04881081717559 -154.03210818002756 349950.64662582054734 18.26281128692443 167.60429101672159
61440.0 0.01664061101185 11.98721743307048 -154.01478074920038 349983.66176933981478 18.06474442314288 167.57454717713847
61500.0 0.01855139521029 11.86371546333744 -153.97967177378041 349964.10789861716330 17.66978399865341 167.51358325015926
61560.0 0.01944792319131 11.73697359944336 -153.94333667650523 349989.97567113488913 17.27644053471536 167.45068303248337
61590.0 0.01851517059207 11.67201899922970 -153.92461191707824 350037.09257845208049 17.08026395388585 167.41843633421860
61620.0 0.01917322948853 11.60838447380855 -153.90604465875279 349977.30192850995809 16.88457960826415 167.38576045255056
61650.0 0.01972966089816 11.54180454741440 -153.88669816310656 350046.11671994626522 16.68934802150706 167.35263048503094
61680.0 0.01984537284748 11.47653264695590 -153.86748376398324 350005.28684066236019 16.49440064042318 167.31893961090239
61740.0 0.01842159288909 11.34281763668927 -153.82792043376134 349990.51242993865162 16.10571059096566 167.25009655218901
61890.0 0.01885224982414 10.99659857381081 -153.72367686920111 349960.97917049471289 15.14083237488649 167.06933659067857
61920.0 0.01996511264341 10.92471684665853 -153.70175126944278 349983.34968616720289 14.94897620689170 167.03166387774448
62460.0 0.01993794595257 9.51126181353136 -153.24852296316891 350001.32370775192976 11.56527106056646 166.27011040721698
63630.0 0.01738520360723 5.51717543450503 -151.75880249393089 350010.32665738742799 4.69224426484273 164.06910819256103
63660.0 0.01702095886620 5.39719694809947 -151.70929920058333 350011.43075814098120 4.52454990314924 164.00268490419467
63690.0 0.01808351024100 5.27560200090748 -151.65895888854894 350046.21089518256485 4.35735132708621 163.93580103116125
63720.0 0.01965620706384 5.15546324313908 -151.60857913820433 349982.26189563982189 4.19049164729653 163.86834171328948
63750.0 0.01802515019458 5.03215796193269 -151.55690642156770 350013.82603389397264 4.02402396637208 163.80034430146131
63810.0 0.01885023826459 4.78533878766141 -151.45224013045618 349986.44970467500389 3.69255186190676 163.66294146435271
63840.0 0.01703705725200 4.66027110633847 -151.39878021660007 349988.38348685391247 3.52740833812570 163.59343238912641
63870.0 0.01796678896628 4.53514079219832 -151.34486911893509 349961.16992431599647 3.36276491570965 163.52346086984002
63900.0 0.01793056789370 4.40839422948239 -151.29005144529455 349966.66500135138631 3.19853557682782 163.45296268041525
63930.0 0.01794062923709 4.28003926891479 -151.23433650330148 350007.31032581161708 3.03480347431528 163.38199842922390
63960.0 0.01321951433799 4.15161271408714 -151.17811355381377 350015.14271831046790 2.87141018847210 163.31044966621545
63990.0 0.01331611292593 4.02313474835570 -151.12142338289735 349995.75384572241455 2.70854653515030 163.23845716234658
64020.0 0.01466543327022 3.89305411436689 -151.06381615263462 350012.52211435604841 2.54618670225886 163.16600118719788
