# sod		dsTEC/dt [TECU/s]		lat		lon		h_ipp		ele		azi
26310.0 0.00218346279603 3.73727561271231 -162.53396332346227 349979.44412072747946 1.54522652138560 204.13902805897101
26340.0 -0.00603521640495 3.89546235293909 -162.46431763434791 350018.17241381388158 1.73505053754775 204.12754360018587
26370.0 0.00712493447060 4.05340598740650 -162.39504490915471 350004.78637486789376 1.92504596745660 204.11679680614202
26460.0 -0.01870433755759 4.51854226752663 -162.19231220546024 349988.77037164568901 2.49697309328258 204.08866507152501
26520.0 -0.01263591741939 4.82208111796603 -162.06107763688087 349952.41166324727237 2.87944216654950 204.07348204020622
29520.0 -0.00144792694615 13.87824520012021 -158.55087826923338 349980.59791380912066 23.12839273531161 207.09095973237845
30810.0 0.01184906552714 15.58592080517840 -158.03264689475972 350033.05332816019654 32.23654661811263 211.03714553756137
30900.0 -0.00314338326800 15.68239517828055 -158.00607918307239 350037.81989563349634 32.87282517012118 211.38682902865816
30930.0 -0.00033607345229 15.71472305432718 -157.99701468535875 349968.97524420823902 33.08490053374683 211.50576476918232
30960.0 0.01076639028368 15.74594029992478 -157.98858278773687 349987.14019195735455 33.29678856510303 211.62591474277264
30990.0 -0.00357403902117 15.77708139886753 -157.98014679620545 349988.87729343865067 33.50873942803008 211.74726845246374
31410.0 -0.01377796085281 16.18884080320058 -157.87199184891963 350007.09947045706213 36.46782537188566 213.57859463656038
31440.0 -0.01629447857993 16.21684461184239 -157.86478752827463 349984.16418208368123 36.67839920019293 213.71923999580747
31470.0 -0.01707227254480 16.24431182165448 -157.85789070041037 350002.79857126064599 36.88896189445437 213.86124717806550
31500.0 -0.00819050673036 16.27171061296736 -157.85098699879728 350007.07614463753998 37.09945815447521 214.00462898419886
31530.0 -0.01578332617024 16.29902583979436 -157.84408642267204 349995.40099859051406 37.30961402620797 214.14940203851842
32400.0 -0.01935032118735 17.01578673538789 -157.67421414689673 349978.86617178283632 43.32964386744434 219.00482683329878
32460.0 -0.01959784819929 17.06057639570229 -157.66432930343964 349997.98389491438866 43.73730085200197 219.39090397235532
32490.0 -0.01887740377355 17.08289428413226 -157.65936439294111 349991.42317590024322 43.94078272382838 219.58666750645133
32520.0 -0.01843065081646 17.10514533968790 -157.65439457305612 349972.78289907053113 44.14373375653724 219.78423897530041
32550.0 -0.01882005187066 17.12697354119805 -157.64972645413090 350005.80905683804303 44.34656628142517 219.98367929947847
32580.0 -0.01870534333737 17.14875028954872 -157.64504542486117 350028.15038253832608 44.54907140561128 220.18498404583221
32610.0 -0.01791144980482 17.17083951427041 -157.64003432957406 349977.16517492383718 44.75109751712360 220.38815209753241
32640.0 -0.01777058036045 17.19213846575871 -157.63565005761870 350040.10326549597085 44.95289247776350 220.59323105006695
32670.0 -0.01732382503960 17.21411649182460 -157.63061226212457 349967.59209323581308 45.15421354709429 220.80020816583814
32700.0 -0.01694347954901 17.23531794178395 -157.62619841175592 350010.01126605737954 45.35537015969642 221.00914289571710
32730.0 -0.01676940755328 17.25646198607751 -157.62177695194305 350041.42155626602471 45.55598760733262 221.22000267704590
32760.0 -0.01660941883815 17.27791407127768 -157.61701995764167 349999.79367094673216 45.75620191222934 221.43282388816206
32790.0 -0.01716182594680 17.29896112061694 -157.61256729179885 350011.09416018705815 45.95614744600655 221.64764591369448
32820.0 -0.01571591056021 17.31996114861706 -157.60809817564558 350012.52800105884671 46.15576194250948 221.86447982252656
32850.0 -0.01641119749090 17.34089990417584 -157.60362204724609 350002.93500089365989 46.35476450639599 222.08329926646917
32880.0 -0.01625221691930 17.36145015550329 -157.59944689497470 350047.45508213806897 46.55356572479915 222.30419107315905
32910.0 -0.01573704139052 17.38229990150502 -157.59493371734297 350018.83351850323379 46.75195726465628 222.52714159818481
32940.0 -0.01540096793823 17.40309077976707 -157.59041031439216 349979.62429079320282 46.94978598744191 222.75214292628149
32970.0 -0.01498540597296 17.42349524015176 -157.58619077294134 349994.63136183377355 47.14729775226987 222.97925973238279
33000.0 -0.01463625383795 17.44384632675753 -157.58196008172933 349999.48273293394595 47.34424963619291 223.20846708004680
33030.0 -0.01514438536267 17.46415954699187 -157.57770689350122 349995.54467902705073 47.54094992287197 223.43984608029717
33060.0 -0.01402548668287 17.48441602317040 -157.57344393361538 349981.31303461734205 47.73702292901500 223.67334315601002
33090.0 -0.01468454899534 17.50429336104028 -157.56948953173492 350021.63170450739563 47.93260243835457 223.90900526780592
33120.0 -0.01432835403815 17.52445934680224 -157.56519143637675 349988.83857675548643 48.12782366366790 224.14688348647252
33150.0 -0.01262887577908 17.54425521747049 -157.56119853726398 350011.27958673238754 48.32262248010713 224.38698735720331
33180.0 -0.01298004065552 17.56431706094389 -157.55687296511533 349959.07956443261355 48.51671716093293 224.62927407521622
33210.0 -0.01298607651605 17.58402060767290 -157.55284728363344 349963.01956639811397 48.71051547099923 224.87386034321173
33240.0 -0.01274257380509 17.60367925026183 -157.54880460747117 349957.86041860934347 48.90380993338405 225.12072143917140
33270.0 -0.01236223067826 17.62297251217678 -157.54507373206377 350008.03846878651530 49.09644608310418 225.36984094078275
33300.0 -0.01157839730722 17.64223090748960 -157.54132182073539 350049.85997715592384 49.28866702093227 225.62130298548988
33330.0 -0.01161663230311 17.66174976267863 -157.53723291462680 350017.21578604821116 49.48023006695650 225.87506789315651
33360.0 -0.01175548782416 17.68123160783760 -157.53311962687238 349976.34312803018838 49.67144141672202 226.13124170081682
33390.0 -0.01110548225718 17.70035593200974 -157.52931868343546 349991.32711676135659 49.86192518207785 226.38974558258190
33420.0 -0.01143148963857 17.71943673576882 -157.52550099499396 349997.52394940331578 50.05181240469692 226.65063823316274
33450.0 -0.01173234661618 17.73848087888835 -157.52166127746511 349995.51639866456389 50.24123861188954 226.91398411105774
33480.0 -0.01154016112945 17.75748519372575 -157.51780132080395 349985.11707999743521 50.43013780602404 227.17979027230675
33510.0 -0.01051182044956 17.77614496436498 -157.51425464495225 350031.29001820459962 50.61822802267831 227.44799391482394
33540.0 -0.01073922122908 17.79506481913856 -157.51035827515418 350003.83402726892382 50.80591291100695 227.71874606976127
33570.0 -0.01053194431821 17.81394105537652 -157.50644304462571 349967.87697908375412 50.99298623513479 227.99200851258584
33600.0 -0.01060640393232 17.83248359166092 -157.50283806998041 349989.22044566366822 51.17929248796173 228.26775405016474
33630.0 -0.01077242496233 17.85099254707325 -157.49921022400744 350002.74388970807195 51.36507112402850 228.54608882536473
33660.0 -0.01035887810225 17.86945609611446 -157.49556747793309 350007.63831991329789 51.55008026020703 228.82695516719124
33690.0 -0.01036290003947 17.88788944946799 -157.49189860412864 350005.06273611821234 51.73462288547684 229.11048760764297
33720.0 -0.01035787114060 17.90627419761565 -157.48821627659333 349993.74282921291888 51.91832389861170 229.39657681400996
33750.0 -0.01128056121457 17.92461687521756 -157.48451544265819 349974.21028516441584 52.10131103024413 229.68529426399283
33780.0 -0.01031460251832 17.94265860824393 -157.48111490091961 350013.98184155020863 52.28371949539596 229.97671952775823
33810.0 -0.01004192273884 17.96066762990067 -157.47769230548866 350046.13012614846230 52.46548145820628 230.27085571629647
33840.0 -0.00948649710898 17.97889039683254 -157.47393297111199 350002.55906996224076 52.64631549938697 230.56761556916547
33870.0 -0.00930537992730 17.99708107836465 -157.47014636476513 349951.68942757975310 52.82661961388339 230.86718929878555
33900.0 -0.00977326726035 18.01472067968020 -157.46698719964894 350027.68879548832774 53.00618931852528 231.16952202789764
33930.0 -0.00884554355998 18.03282554081131 -157.46316430693824 349960.70044929720461 53.18486847177787 231.47457279879123
33960.0 -0.00879322291972 18.05039498688517 -157.45996474975584 350021.41145982034504 53.36289185383800 231.78247233131668
33990.0 -0.00901660058015 18.06817258437230 -157.45642456023992 350006.55870985332876 53.54001910974603 232.09314083232286
34020.0 -0.00838369681498 18.08592165676690 -157.45285648932372 349984.71541502792388 53.71654870481537 232.40674507084407
34050.0 -0.00891698465288 18.10338357518680 -157.44959702374226 350022.63328334130347 53.89210760991125 232.72313871790652
34080.0 -0.00834747337865 18.12104847020546 -157.44599355357352 349985.05840165074915 54.06681962164577 233.04240681418852
34110.0 -0.00874995666120 18.13844524710144 -157.44268814870443 350008.43704505264759 54.24081891749518 233.36464563926751
34140.0 -0.00804058172239 18.15604315726191 -157.43903532461340 349956.46710614394397 54.41403594373899 233.68985221876437
34170.0 -0.00884856208118 18.17336193809066 -157.43569174310167 349964.65836659725755 54.58619086544878 234.01790925487091
34200.0 -0.00748314335110 18.19065605480077 -157.43231909781153 349966.21311201527715 54.75767421814597 234.34905121330596
34230.0 -0.00762602671877 18.20791583521622 -157.42892401992162 349960.55051246657968 54.92828396415960 234.68320250160457
34260.0 -0.00749320469449 18.22491331334786 -157.42583476509697 350015.85384516883641 55.09786391415947 235.02030447683993
34290.0 -0.00707462538989 18.24210418158426 -157.42239586052639 349995.80006629787385 55.26664301079200 235.36051482661350
34320.0 -0.00733321952500 18.25903872538408 -157.41926164912712 350037.01654818095267 55.43438340314543 235.70372643350203
34350.0 -0.00682206829719 18.27616441816338 -157.41577469301839 350002.98956265673041 55.60137751241005 236.05014199695029
34380.0 -0.00715612546242 18.29324557665608 -157.41227091397263 349961.34882366377860 55.76725605307563 236.39957028798136
34410.0 -0.00684319912751 18.31008222138659 -157.40906804662089 349981.59988759830594 55.93213823769823 236.75211019646682
34440.0 -0.00702330816565 18.32689334952521 -157.40583764830885 349995.32880514394492 56.09615639898280 237.10787597101910
34470.0 -0.00608955096851 18.34367584626213 -157.40258162733232 350002.38461737055331 56.25923952834041 237.46685550998438
34500.0 -0.00705751886056 18.36041632390827 -157.39930949638580 350002.00928928982466 56.42111075955390 237.82889461562792
34530.0 -0.00735434917343 18.37713421271253 -157.39600655430775 349995.40893807448447 56.58215109089663 238.19427699891364
34560.0 -0.00748918275727 18.39382004482173 -157.39267942150164 349982.05854058358818 56.74216187810416 238.56290120957561
34590.0 -0.00657051343863 18.41027741251668 -157.38965506575082 350031.15704781655222 56.90098772718482 238.93468589545193
34620.0 -0.00657454246713 18.42689889093146 -157.38628064711443 350004.34078741259873 57.05885046868026 239.30981763232535
34650.0 -0.00751936796931 18.44348127015986 -157.38288621451650 349970.49890016298741 57.21551606479270 239.68815557238153
34680.0 -0.00643669154397 18.45985884354244 -157.37978184007522 350000.35197769571096 57.37126918370969 240.06994166956588
34710.0 -0.00690356836972 18.47620006335700 -157.37665867146347 350023.25753857847303 57.52574645666644 240.45493040398603
34740.0 -0.00621130114212 18.49251112588277 -157.37351174056010 350039.61366534605622 57.67906188436510 240.84323404940577
34770.0 -0.00616602214217 18.50879905689051 -157.37033542214138 350049.85357118863612 57.83134510243614 241.23498549083547
34800.0 -0.00621733818453 18.52522966495535 -157.36681099150226 349983.69245417043567 57.98252413307809 241.63015937363360
34830.0 -0.00597182509589 18.54144900400289 -157.36358961748874 349980.65551288146526 58.13232691675921 242.02855641518701
34860.0 -0.00603622100285 18.55748490035679 -157.36065593483895 350042.06759223435074 58.28112258510083 242.43051406487524
34890.0 -0.00611772462101 18.57365725705976 -157.35737578265233 350026.93551060557365 58.42871718449447 242.83589873294693
34920.0 -0.00586617212621 18.58979278758621 -157.35407480751650 350005.13141733221710 58.57495731315495 243.24460016750078
34950.0 -0.00557538121951 18.60590286214432 -157.35074405351304 349977.30754480138421 58.72005635530532 243.65683495085318
34980.0 -0.00529464811055 18.62182483168963 -157.34771102460539 350013.50232321955264 58.86378583373537 244.07242093043675
35010.0 -0.00620123979873 18.63773063825629 -157.34464438767120 350044.07678549177945 59.00642081098022 244.49164188393075
35040.0 -0.00501190462393 18.65374851959796 -157.34123820182478 349997.41505569871515 59.14760663758209 244.91418731317250
35070.0 -0.00505215590688 18.66959009655066 -157.33812566572104 350015.26774372812361 59.28745157135567 245.34018144664063
35100.0 -0.00551500606789 18.68541109700202 -157.33498182169885 350027.37298732250929 59.42608171499373 245.76977565735774
35130.0 -0.00519503454704 18.70134551029724 -157.33149045727205 349962.66992774233222 59.56342492946035 246.20292610300129
35160.0 -0.00479859067065 18.71696900159534 -157.32861596912403 350033.33330865763128 59.69921637096018 246.63937916385402
35190.0 -0.00492033966237 18.73284301550272 -157.32507108694082 349956.49063289258629 59.83381078078652 247.07952953707678
35220.0 -0.00521214107637 18.74842753775583 -157.32213376133348 350015.84220116771758 59.96702064563043 247.52320428244735
35250.0 -0.00473519817971 18.76410923994413 -157.31885614627930 349997.88027438614517 60.09869621436710 247.97025710938766
35280.0 -0.00493241492907 18.77976802587900 -157.31554692061829 349974.25637571234256 60.22904111098301 248.42093465079816
35310.0 -0.00533389006809 18.79527332441667 -157.31253079288064 350015.78822536952794 60.35783471080400 248.87500510282746
35340.0 -0.00452590852742 18.81088180132960 -157.30916275559986 349980.64095690101385 60.48534055153969 249.33279553182598
35370.0 -0.00521817811878 18.82633968052479 -157.30608883766052 350010.70242069754750 60.61121625017383 249.79391916382679
35400.0 -0.00511554367030 18.84188355473187 -157.30267183731939 349963.49152186978608 60.73556397963664 250.25850977275911
35430.0 -0.00475834175145 18.85729566294884 -157.29953746853971 349982.29586074221879 60.85850557026265 250.72673620658722
35460.0 -0.00457823271331 18.87268678359974 -157.29637183077685 349995.56659105885774 60.97996995387929 251.19853012175912
35490.0 -0.00492939522599 18.88804399731622 -157.29318479572609 350002.74154853913933 61.09970257827055 251.67357402722769
35520.0 -0.00432265591753 18.90338592654747 -157.28996129561827 350004.71046779304743 61.21804117134660 252.15232197410234
35550.0 -0.00485191827256 18.91870369858520 -157.28670799844588 350001.09600063506514 61.33480694858331 252.63455424045037
35580.0 -0.00444843039211 18.93399019593247 -157.28343024181424 349991.61290415003896 61.44985600891617 253.12008112820769
35610.0 -0.00442025673961 18.94925642328571 -157.28011892467239 349976.78770707827061 61.56338102395103 253.60917826045488
35640.0 -0.00347241271623 18.96449166724936 -157.27678227361250 349956.17799351364374 61.67517212535091 254.10155605963951
35670.0 -0.00419486870152 18.97962534563440 -157.27372109923999 350002.40971942059696 61.78547944006725 254.59758510401309
35700.0 -0.00430454242654 18.99473097138744 -157.27063549679522 350042.89665919728577 61.89397719310041 255.09679187874127
35730.0 -0.00372798714825 19.00989337203150 -157.26720867535286 350005.86060100141913 62.00076140342676 255.59931669775025
35760.0 -0.00414153873585 19.02503482101784 -157.26374712067732 349963.60461975261569 62.10594906152315 256.10534432801148
35790.0 -0.00384370027944 19.04007903706992 -157.26056397562718 349988.18273229617625 62.20947188806065 256.61477604426830
35820.0 -0.00368371747371 19.05509226144824 -157.25735748474608 350007.02740246150643 62.31108938195700 257.12722221266756
35850.0 -0.00407311616415 19.07009283319673 -157.25411238426960 350020.93210899457335 62.41111965104898 257.64319677948635
35880.0 -0.00374106819472 19.08507207262203 -157.25083538122399 350029.56317098159343 62.50939547226371 258.16242699514726
35910.0 -0.00361227401706 19.10008451467844 -157.24722259230364 349960.33562958426774 62.60578155036117 258.68467359556774
35940.0 -0.00342411401319 19.11495622254035 -157.24419279168330 350030.70793972350657 62.70045861249321 259.21023942232944
35970.0 -0.00399262068952 19.12991719525274 -157.24051787527961 349950.88669807463884 62.79323102576261 259.73877098942432
36000.0 -0.00345731892832 19.14475255003329 -157.23742058648139 350011.01963883265853 62.88433374417568 260.27068162697367
36030.0 -0.00351668593640 19.15961273975446 -157.23398920520853 349993.23943562060595 62.97346264173602 260.80540377204113
36060.0 -0.00406204904099 19.17444767858573 -157.23052715561735 349970.21363536641002 63.06070781796380 261.34308161361179
36090.0 -0.00371792580486 19.18922026813188 -157.22733480301619 350014.80369011312723 63.14618104478670 261.88391454880974
36120.0 -0.00335066017886 19.20401870434871 -157.22380065441058 349981.82988117914647 63.22981899635651 262.42776932227935
36150.0 -0.00346134441118 19.21874489830047 -157.22054767494851 350016.00571290031075 63.31139952357941 262.97417947121897
36180.0 -0.00459533687888 19.23349659251458 -157.21694860778553 349972.80727527383715 63.39121862458309 263.52371805152518
36210.0 -0.00417876795196 19.24819139281940 -157.21362101585294 349997.23768812138587 63.46912387696079 264.07605632142275
36240.0 -0.00402683138443 19.26286072091858 -157.21026480990056 350016.44115765858442 63.54499175152948 264.63090258048328
36270.0 -0.00409323885093 19.27751519119744 -157.20687065948812 350030.82936954591423 63.61899025793794 265.18858528058058
36300.0 -0.00539527099948 19.29214445033706 -157.20344700727398 350040.05868438538164 63.69094183511167 265.74868525649237
36330.0 -0.00410732685906 19.30676235162374 -157.19998169461465 350044.64456741418689 63.76106465949492 266.31165751985782
36360.0 -0.00403890428737 19.32135222255195 -157.19648860951375 350044.02882993035018 63.82908166885277 266.87683921928976
36390.0 -0.00416971238834 19.33591962413264 -157.19296267797716 350038.43626964092255 63.89507748962066 267.44437743376398
36420.0 -0.00454603357795 19.35047164717178 -157.18939744642196 350028.13443081174046 63.95915841299072 268.01448635132800
36450.0 -0.00435988395176 19.36500521510118 -157.18579518897715 350013.04090315196663 64.02126846139060 268.58699775018755
36480.0 -0.00424517778222 19.37950788633500 -157.18216634596641 349992.76909915637225 64.08120830868488 269.16136985687154
36510.0 -0.00402884176210 19.39399740882409 -157.17849518530394 349967.93416094966233 64.13924951184427 269.73823325018884
36540.0 -0.00400268321479 19.40846458410786 -157.17508719087658 350011.27764632925391 64.19525774645257 270.31720576721966
36570.0 -0.00381351506739 19.42290915822171 -157.17164823652956 350049.65662270132452 64.24912446303883 270.89794586058827
36600.0 -0.00427637113780 19.43733670216597 -157.16787140113894 350010.39496621023864 64.30100430594224 271.48080716282146
36630.0 -0.00389702906323 19.45173614618579 -157.16406391733705 349966.19019806012511 64.35074153540501 272.06530967631790
36660.0 -0.00431058301459 19.46613171178587 -157.16050963754392 349990.56533036381006 64.39853604591387 272.65194945355006
36690.0 -0.00411134997816 19.48050212049701 -157.15692527107072 350010.00244493782520 64.44414303994031 273.23997571294336
36720.0 -0.00377125577053 19.49483649735130 -157.15301071508358 349951.58924804627895 64.48764210528248 273.82954028511608
36750.0 -0.00397249563899 19.50919080118604 -157.14964421538772 350034.88071528170258 64.52913369696833 274.42087467090516
36780.0 -0.00368069658875 19.52349106994547 -157.14564950947792 349967.34683289937675 64.56857141775980 275.01378049632984
36810.0 -0.00423410829530 19.53780734512875 -157.14221328777063 350041.17488267831504 64.60578281177662 275.60765021038492
36840.0 -0.00373100921509 19.55206332310367 -157.13814610892533 349964.31567044463009 64.64101279148731 276.20316986183343
36870.0 -0.00338487087377 19.56635604578013 -157.13462565921918 350029.18990292400122 64.67414795162756 276.79991330376322
36900.0 -0.00354687114845 19.58059554611158 -157.13078068460990 350016.13568164687604 64.70509746156240 277.39749834222783
36930.0 -0.00404997495617 19.59481973654190 -157.12689394143837 349998.62702992744744 64.73400188908946 277.99630497205737
36960.0 -0.00369780075432 19.60905772706847 -157.12326379054596 350049.62369717191905 64.76073036871932 278.59580472827622
36990.0 -0.00339694732235 19.62324761214160 -157.11929762508441 350023.10097852908075 64.78546298332932 279.19653462065008
37020.0 -0.00378232407557 19.63740944084374 -157.11530025900748 349991.84906679484993 64.80799143072451 279.79767262240983
37050.0 -0.00411537546102 19.65159608683755 -157.11155401298876 350029.26995825953782 64.82839037423983 280.39938009575457
37080.0 -0.00321683710232 19.66572225959532 -157.10747628454547 349989.10730256605893 64.84675372575356 281.00191056882068
37110.0 -0.00302766895492 19.67988290161605 -157.10364375271234 350017.77416075766087 64.86304625291433 281.60504555464894
37140.0 -0.00373503115231 19.69396224701038 -157.09949454996624 349968.50584357138723 64.87712531484128 282.20812896648033
37170.0 -0.00360020111412 19.70808671491730 -157.09558365023415 349988.24595610797405 64.88920706040913 282.81189936645012
37200.0 -0.00380043520280 19.72219514698358 -157.09163200773551 350003.57144170440733 64.89920077501598 283.41590218700458
37230.0 -0.00335669840315 19.73628078915509 -157.08764561030750 350014.34364979155362 64.90703506394257 284.01972945112942
37260.0 -0.00312124547603 19.75035361682828 -157.08361467594622 350020.82136829104275 64.91283546274073 284.62378949484309
37290.0 -0.00361428794036 19.76440383883390 -157.07954809045125 350022.79747938737273 64.91649774893408 285.22752378015753
37320.0 -0.00264430494313 19.77844465998087 -157.07543291396354 350020.59486562851816 64.91818054815906 285.83150976111148
37350.0 -0.00438906456591 19.79246012603947 -157.07128396514577 350013.87333317287266 64.91771462251245 286.43487808610132
37380.0 -0.00332349466990 19.80645536698314 -157.06709600311368 350002.77326614223421 64.91516926684848 287.03780580037073
37410.0 -0.00435787239221 19.82043741528771 -157.06286187641669 349987.46757815033197 64.91063062118049 287.64057369295438
37440.0 -0.00336273544556 19.83440321115319 -157.05858410992698 349967.90709818527102 64.90407517895369 288.24295631433773
37470.0 -0.00454200809509 19.84842771301853 -157.05455040837438 350017.10923686251044 64.89539144143092 288.84427105780912
37500.0 -0.00335669840315 19.86235671292843 -157.05019022881555 349988.94888679496944 64.88476480644189 289.44530385833968
37530.0 -0.00386986355427 19.87635902722776 -157.04606283437096 350029.76700652856380 64.87212759263537 290.04559037071721
37560.0 -0.00352674727979 19.89024589750714 -157.04162389728069 349992.98174686171114 64.85742819930184 290.64471422092402
37590.0 -0.00359114318674 19.90411673348385 -157.03713914305604 349952.04535667691380 64.84077589773717 291.24311291947447
37620.0 -0.00414455843893 19.91806268254438 -157.03288984724369 349980.00321554765105 64.82209327407769 291.84021856248455
37650.0 -0.00337883501324 19.93200149804855 -157.02858880396221 350003.89145007822663 64.80151579874166 292.43664632521353
37680.0 -0.00372295588561 19.94581123672622 -157.02398077177634 349950.24931204039603 64.77891385136142 293.03150619194889
37710.0 -0.00406104326122 19.95981560463264 -157.01987166112335 350038.75618357677013 64.75435034331687 293.62499579134470
37740.0 -0.00364950441505 19.97359111770624 -157.01517423424011 349976.82212263531983 64.72790194981133 294.21742640268695
37770.0 -0.00321683592044 19.98746169964523 -157.01069960360073 349983.93999249581248 64.69955634503643 294.80857843158748
37800.0 -0.00368773941093 20.00130661913021 -157.00618972816329 349986.75517251063138 64.66923275017750 295.39776498683864
37830.0 -0.00277611764200 20.01514228786385 -157.00162758619803 349985.55961026903242 64.63708416176226 295.98581072941033
37860.0 -0.00352876238498 20.02896118636803 -156.99702035578406 349980.24494845233858 64.60306483707811 296.57225910667006
37890.0 -0.00337984079302 20.04288212865653 -156.99263824036757 350043.82114869728684 64.56714200099333 297.15670123657867
37920.0 -0.00375817354217 20.05653843479426 -156.98767948497246 349957.17588597070426 64.52940734040889 297.73960152523188
37950.0 -0.00318463796697 20.07042773088756 -156.98320687557765 350012.52377815078944 64.48980890310168 298.32040135422346
37980.0 -0.00270870203196 20.08417838641610 -156.97841814761526 349990.84039378166199 64.44845750472807 298.89974726562593
38010.0 -0.00355089663131 20.09790309660429 -156.97359176971707 349964.99839740060270 64.40526179772034 299.47675296301202
38040.0 -0.00264028182403 20.11174561829804 -156.96898130751123 350008.08987912628800 64.36027697132030 300.05163805239164
38070.0 -0.00318061130223 20.12557934599771 -156.96431810305114 350047.18338404875249 64.31356837506699 300.62474358957729
38100.0 -0.00290290026012 20.13925691516134 -156.95934795733251 350009.29119347035885 64.26513346053693 301.19586524201162
38130.0 -0.00377829977459 20.15290572428798 -156.95434158511267 349967.28829350322485 64.21492028862897 301.76433015688207
38160.0 -0.00318262522554 20.16669149868671 -156.94953643450151 349994.30749269947410 64.16304845042802 302.33098932546437
38190.0 -0.00366560280084 20.18046259752092 -156.94468287558209 350017.31272569578141 64.10949196348184 302.89540715678720
38220.0 -0.00327821448807 20.19421252372997 -156.93978741778341 350036.24692578148097 64.05423495271027 303.45719364078491
38250.0 -0.00366761554227 20.20779285922394 -156.93458804925993 349978.39134771935642 63.99735044417793 304.01683397002336
38280.0 -0.00331041480531 20.22150710417248 -156.92959859313089 349989.36910046171397 63.93880952325692 304.57379234180638
38310.0 -0.00339996466167 20.23521268298830 -156.92455241744466 349996.46012755017728 63.87869738171320 305.12873667115349
38340.0 -0.00366459702107 20.24889445676882 -156.91946548341554 349999.52589493803680 63.81695819875638 305.68080302743209
38370.0 -0.00253463003623 20.26255707675429 -156.91433233132602 349998.63312524184585 63.75363816228702 306.23023021765317
38400.0 -0.00331544488606 20.27620741881273 -156.90914496176850 349993.86065770126879 63.68878966392313 306.77738414462868
38430.0 -0.00288277639146 20.28984245008941 -156.90390619758045 349985.19265175331384 63.62241810936894 307.32208039439422
38460.0 -0.00315143305184 20.30362697866712 -156.89887206581201 350045.19414182566106 63.55449760878383 307.86367245135688
38490.0 -0.00345329344546 20.31722699736688 -156.89353575939435 350028.69281710404903 63.48511425375308 308.40302277477321
38520.0 -0.00271574603603 20.33080890937088 -156.88814974786962 350008.31774633191526 63.41425908947365 308.93972423970308
38550.0 -0.00319369353058 20.34436632598492 -156.88272075159767 349984.03979658056051 63.34193077145768 309.47341165757967
38580.0 -0.00315545971657 20.35790824951346 -156.87723821922361 349955.93949419446290 63.26818313931089 310.00458198864163
38610.0 -0.00328223760717 20.37161487586146 -156.87194996018252 349996.45409085042775 63.19300737787471 310.53272982982060
38640.0 -0.00294516073886 20.38531437597253 -156.86660120221427 350033.12414118368179 63.11646286530694 311.05853231214871
38670.0 -0.00317356966192 20.39879758671307 -156.86097255340829 349993.46363648585975 63.03852579423754 311.58115975688156
38700.0 -0.00325607787798 20.41245504650063 -156.85553120905453 350022.37464321125299 62.95923246414172 312.10086424679037
38730.0 -0.00316149557710 20.42610180594389 -156.85003187994550 350047.45729432441294 62.87862121896720 312.61802870624473
38760.0 -0.00299949530243 20.43953282574275 -156.84424535557926 349996.40502185188234 62.79670359817641 313.13248906941351
38790.0 -0.00322488688616 20.45313846030917 -156.83864955702339 350013.82719112280756 62.71347662561692 313.64363155370455
38820.0 -0.00320878613660 20.46673449454822 -156.83299289966206 350027.45954335387796 62.62899379754171 314.15231495887519
38850.0 -0.00302565739537 20.48010435923250 -156.82705447600463 349965.10112775955349 62.54326038648180 314.65816314795575
38880.0 -0.00253764855743 20.49387072499662 -156.82152645972687 350043.30374026764184 62.45628721144471 315.16083716577805
38910.0 -0.00305483682765 20.50719864021690 -156.81548691584041 349973.44587425328791 62.36810909835866 315.66083569549949
38940.0 -0.00255978516752 20.52093314842640 -156.80985181074615 350044.01919143274426 62.27873435805296 316.15768635788578
38970.0 -0.00279724847231 20.53422221774794 -156.80370548912120 349966.72419171221554 62.18819720644442 316.65206328905924
39000.0 -0.00220358784657 20.54792527701715 -156.79796069118271 350029.71843456197530 62.09650211830833 317.14317707994542
39030.0 -0.00331645066584 20.56138740211158 -156.79194179934433 350016.96232989709824 62.00367517163483 317.63128585114356
39060.0 -0.00229817132933 20.57483504898904 -156.78586351137380 350000.49320037849247 61.90974024277151 318.11678079936854
39090.0 -0.00244708937565 20.58826521972032 -156.77972888792959 349980.31859297119081 61.81471345960691 318.59951595024592
39120.0 -0.00254972382413 20.60166703811146 -156.77355071834106 349956.45578660909086 61.71861169426562 319.07891219934879
39150.0 -0.00272782012085 20.61529000004180 -156.76752579098829 350000.66659276466817 61.62145763736963 319.55581138247811
39180.0 -0.00280227973495 20.62889766513959 -156.76144362192971 350041.11698750779033 61.52326823670457 320.02986752872494
39210.0 -0.00267348555728 20.64224425758864 -156.75509861022599 350006.16703233867884 61.42406438048528 320.50076647221977
39240.0 -0.00259500164220 20.65557289713912 -156.74869519195931 349967.57143068779260 61.32386271458830 320.96899938148783
39270.0 -0.00308502322157 20.66911956305669 -156.74245345364301 349996.92683470528573 61.22268596094423 321.43412628805737
39300.0 -0.00220560058800 20.68265618016000 -156.73614563255430 350022.55162321310490 61.12054454706492 321.89680783467554
39330.0 -0.00240885319789 20.69616855977609 -156.72978902784550 350044.49784919619560 61.01746764257079 322.35629673218273
39360.0 -0.00370585172004 20.70940906817917 -156.72317213628193 349991.35100349038839 60.91347131055127 322.81285026011813
39390.0 -0.00270468009474 20.72288539778062 -156.71669897110840 350005.97891530767083 60.80856515998781 323.26685988859265
39420.0 -0.00239979763427 20.73634522685912 -156.71016550671385 350016.93327433895320 60.70276873626828 323.71819437397852
39450.0 -0.00252758603216 20.74951895145947 -156.70338336477130 349953.01512901112437 60.59611598909634 324.16630851836391
39480.0 -0.00284051591271 20.76293647628146 -156.69673793296823 349956.74014842789620 60.48860123246484 324.61201697581600
39510.0 -0.00238973510900 20.77633474582470 -156.69003401818637 349956.83519251924008 60.38025092099254 325.05500141421510
39540.0 -0.00254267982007 20.78970770598499 -156.68327898231698 349953.34910882450640 60.27109428886153 325.49496972193765
39570.0 -0.00247425606649 20.80333196593153 -156.67665729745639 350017.28979995008558 60.16113113465723 325.93239826598921
39600.0 -0.00256179790895 20.81666468051845 -156.66978639122144 350006.57237906195223 60.05039625442964 326.36687722384534
39630.0 -0.00248733711297 20.82998312614288 -156.66284804225691 349992.22625319380313 59.93887807815097 326.79904502218562
39660.0 -0.00182827361862 20.84354901798049 -156.65605125218008 350045.25035646650940 59.82662737723934 327.22819763776204
39690.0 -0.00317155692049 20.85681760884092 -156.64900627045481 350023.80663306452334 59.71365073799352 327.65458503153582
39720.0 -0.00140466305139 20.87006854850945 -156.64189650649240 349998.78588031791151 59.59994417034159 328.07859263575330
39750.0 -0.00254368559984 20.88329888985861 -156.63472528428940 349970.21951709035784 59.48552981949082 328.50010057158090
39780.0 -0.00224685292321 20.89678305027009 -156.62769133256231 350008.87025003042072 59.37045631165077 328.91859543760194
39810.0 -0.00225893055367 20.91025474691140 -156.62058682799372 350043.84192792233080 59.25469236913355 329.33485790242310
39840.0 -0.00246419590499 20.92341834297427 -156.61323758046652 350004.66782204154879 59.13827217886223 329.74859420307428
39870.0 -0.00195606083463 20.93655270237321 -156.60583637689558 349962.07590033765882 59.02123195526453 330.15953130017374
39900.0 -0.00293811673480 20.94995959404863 -156.59855070875622 349986.40209942031652 58.90355627949151 330.56812578736975
39930.0 -0.00228810998594 20.96334162267773 -156.59120904904691 350007.21406297571957 58.78529006825150 330.97399515187095
39960.0 -0.00201241050338 20.97641116636058 -156.58361976037392 349954.09526891075075 58.66640206764277 331.37775225727421
39990.0 -0.00286667682378 20.99005008276433 -156.57632850150677 350038.09443810675293 58.54696143301297 331.77873069724603
40020.0 -0.00272782012085 21.00306389202105 -156.56862945629359 349978.13566499110311 58.42696632269821 332.17717118773197
40050.0 -0.00239778607472 21.01636096537479 -156.56103548022321 349984.82593624480069 58.30640010683540 332.57344874406488
40080.0 -0.00294918622172 21.02963769726818 -156.55337583293252 349987.97891369275749 58.18528698991382 332.96745202552216
40110.0 -0.00186047157209 21.04288399283937 -156.54566445919863 349987.75059693120420 58.06368823260410 333.35869684510180
40140.0 -0.00225591085058 21.05611324652918 -156.53788130269248 349983.94900308363140 57.94154985768314 333.74792615588973
40170.0 -0.00167533127131 21.06963338839224 -156.53019882689841 350046.51479967590421 57.81891235260787 334.13486779177964
40200.0 -0.00243098980797 21.08249674274667 -156.52213161367536 349966.00961512047797 57.69581784123258 334.51926508286334
40230.0 -0.00223276846072 21.09597104168554 -156.51432230624809 350021.57221038173884 57.57223743262382 334.90155200957315
40260.0 -0.00204460727498 21.10910008865753 -156.50629343619670 350003.99715788848698 57.44822454670877 335.28137054751068
40290.0 -0.00218547671934 21.12221047523947 -156.49819150518263 349982.88897123560309 57.32373037305228 335.65930446269573
40320.0 -0.00253865433721 21.13561395991774 -156.49019138247152 350027.99849865585566 57.19884011306871 336.03472420222147
40350.0 -0.00288176942981 21.14866666226424 -156.48197336149451 350000.17669664788991 57.07354441146181 336.40785799377016
40380.0 -0.00191178997821 21.16169741098814 -156.47368508233626 349968.89262275025249 56.94781509536772 336.77906779680785
40410.0 -0.00168438565305 21.17503450145892 -156.46548105305735 350003.51077822502702 56.82167808096853 337.14824866685763
40440.0 -0.00115914759899 21.18834119733237 -156.45722129335465 350034.78647023066878 56.69520553455251 337.51494302836903
40470.0 -0.00243803499392 21.20129498704600 -156.44873782135980 349993.29362741298974 56.56832359689959 337.87985480754230
40500.0 -0.00228810880406 21.21455871126050 -156.44033539954330 350017.56075762119144 56.44107789904711 338.24273082224022
40530.0 -0.00248331163011 21.22745391296159 -156.43172904275056 349969.44571164995432 56.31351562768660 338.60332852235859
40560.0 -0.00157269918659 21.24066476891616 -156.42319637172753 349986.92511322069913 56.18559614648768 338.96205812646849
40590.0 -0.00226697915563 21.25384632889420 -156.41460277739290 350001.07015048246831 56.05738003605087 339.31858353883734
40620.0 -0.00146503347548 21.26700896660812 -156.40593098744259 350011.64438810292631 55.92880049241460 339.67347644645332
40650.0 -0.00230420955362 21.28013936458619 -156.39720149053773 350018.96081989351660 55.79996171584912 340.02610562374269
40680.0 -0.00170652226313 21.29324121570988 -156.38840770042418 350022.93997169658542 55.67084530909641 340.37670367742032
40710.0 -0.00098809294258 21.30632051670831 -156.37953911659005 350023.43558204360306 55.54141267885924 340.72561823764374
40740.0 -0.00134630182308 21.31937442237975 -156.37059949346946 350020.51539352629334 55.41169122849842 341.07274923638619
40770.0 -0.00234747581214 21.33239345648713 -156.36160362866335 350014.42688473220915 55.28176256216791 341.41766327602733
40800.0 -0.00174777814398 21.34538994317022 -156.35253047587798 350004.85178113169968 55.15153556810240 341.76102566121949
40830.0 -0.00205567439814 21.35835832270507 -156.34338836074895 349991.93412232026458 55.02106007644833 342.10259999134576
40860.0 -0.00119436525555 21.37129313490257 -156.33418565293169 349975.82655855920166 54.89038765429380 342.44215603181948
40890.0 -0.00193996244883 21.38420120406473 -156.32491014525968 349956.34245074633509 54.75946754335396 342.78008029376156
40920.0 -0.00131309690795 21.39744101385615 -156.31569343499601 350001.75817627646029 54.62836636130071 343.11605637403341
40950.0 -0.00177393905505 21.41066037903841 -156.30639436364578 350043.57122036628425 54.49700646582684 343.45060864711127
40980.0 -0.00161395270368 21.42347760976132 -156.29691635191085 350014.21868951804936 54.36549893136579 343.78317302568064
41010.0 -0.00198624841043 21.43626150897846 -156.28737356957100 349981.68507709726691 54.23382236599258 344.11395045871240
41040.0 -0.00158175356833 21.44939123870835 -156.27786780388251 350013.55461743939668 54.10192883385586 344.44327394414785
41070.0 -0.00243098980797 21.46249446238320 -156.26828646893455 350041.98880356550217 53.96984707425224 344.77104725493166
41100.0 -0.00133724507759 21.47518490443771 -156.25853595152719 349999.67236898466945 53.83766687578113 345.09685896425981
41130.0 -0.00127586887372 21.48784767003602 -156.24870739449315 349953.98970558401197 53.70528225785529 345.42133726801245
41160.0 -0.00275800769665 21.50123920378982 -156.23901922443531 350040.00846722908318 53.57274646816914 345.74426071395931
41190.0 -0.00144088412396 21.51383447728438 -156.22905631249526 349987.94986231997609 53.44011489107805 346.06540994666375
41220.0 -0.00207278092747 21.52678253177097 -156.21912110717349 349999.94155889190733 53.30732812236280 346.38514860167578
41250.0 -0.00167935557229 21.53969560917912 -156.20912023084603 350008.77096481155604 53.17445786711153 346.70317803605695
41280.0 -0.00255374812511 21.55258284276217 -156.19903608340510 350014.10914948116988 53.04141486433939 347.01999441271079
41310.0 -0.00179104440250 21.56543256609027 -156.18888915260658 350016.37202459014952 52.90832056075230 347.33506242054784
41340.0 -0.00105651433239 21.57824769430366 -156.17867327052701 350015.45558586250991 52.77514890744133 347.64856965035602
41370.0 -0.00189870774986 21.59103380243216 -156.16837710399429 350011.14545638114214 52.64184362023482 347.96083480055319
41400.0 -0.00191178879633 21.60378815430870 -156.15800473802778 350003.53507397603244 52.50843466436419 348.27176479413930
41430.0 -0.00164615065716 21.61650198034375 -156.14757187112087 349992.96270605735481 52.37501893653194 348.58096819232998
41460.0 -0.00073352310845 21.62958532004332 -156.13714154660477 350045.62811731453985 52.24147770559337 348.88903823366894
41490.0 -0.00168539261470 21.64183641848770 -156.12646706435373 349961.79910237994045 52.10786698153780 349.19576688375997
41520.0 -0.00089250486193 21.65484926688940 -156.11589369294168 350008.07821636833251 51.97424549124879 349.50094451032294
41550.0 -0.00172664731367 21.66742800661000 -156.10515952028243 349984.53562378790230 51.84054649673728 349.80491315490787
41580.0 -0.00037229452487 21.67996672630287 -156.09435949352053 349957.99973538052291 51.70684598066332 350.10739026252008
41610.0 -0.00185342993179 21.69288159647959 -156.08355043472696 349994.31655369419605 51.57304466054135 350.40884549310840
41640.0 -0.00154653472989 21.70575735312658 -156.07267441404244 350027.56901238020509 51.43927294694318 350.70876988808726
41670.0 -0.00089451642148 21.71818581668814 -156.06165448079793 349991.58113920502365 51.30550091534789 351.00733838213864
41700.0 -0.00148817704722 21.73057982994679 -156.05055374137160 349952.32865716889501 51.17166482727094 351.30485608740850
41730.0 -0.00117524834855 21.74335091978447 -156.03944299089028 349975.80450739525259 51.03779578624154 351.60123261565207
41760.0 -0.00205165009716 21.75607982517522 -156.02826767306607 349996.33605953585356 50.90399686809847 351.89609473775448
41790.0 -0.00126278782725 21.76877703101077 -156.01700520343843 350013.42118793912232 50.77013844871032 352.19000319258805
41820.0 -0.00094583128196 21.78143773018350 -156.00566432600513 350027.27243622019887 50.63627874498081 352.48276207096177
41850.0 -0.00134328330188 21.79405702587931 -155.99425424238214 350038.11991007160395 50.50247941910691 352.77417051374857
41880.0 -0.00159584157646 21.80664057944071 -155.98276200291050 350045.67462105490267 50.36866754847421 353.06455047004567
41910.0 -0.00053429243579 21.81875832205518 -155.97114597129848 349984.86766950599849 50.23492269801569 353.35363401391783
41940.0 -0.00146704739879 21.83126448338942 -155.95949733724004 349986.09866074845195 50.10113696252359 353.64186621714930
41970.0 -0.00151735647949 21.84415317293339 -155.94783130029879 350049.64132271148264 49.96744849496579 353.92876223371519
42000.0 -0.00136743383528 21.85657449388742 -155.93604048028914 350044.88052560668439 49.83382417746733 354.21448520783662
42030.0 -0.00170853382268 21.86895890313966 -155.92416428739884 350036.81483177840710 49.70019360778450 354.49932758064847
42060.0 -0.00074459023162 21.88130380670673 -155.91220716391541 350025.56416184641421 49.56658895188338 354.78320133854680
42090.0 -0.00174174110157 21.89360123940773 -155.90018575152186 350011.55742620211095 49.43311866046693 355.06574986293930
42120.0 -0.00055743837129 21.90586103554438 -155.88807696308061 349994.23290080111474 49.29964383079435 355.34750393734868
42150.0 -0.00129800430193 21.91807867652188 -155.87588969820573 349973.82516073714942 49.16622441211055 355.62827867102033
42180.0 -0.00176689386911 21.93024950798571 -155.86363346263468 349950.59077097941190 49.03292464832368 355.90788117830135
42210.0 -0.00033204796943 21.94281777313278 -155.85132699537849 349988.69966917298734 48.89966642897172 356.18661488433816
42240.0 -0.00086231846800 21.95534151565155 -155.83894635037092 350023.81593749392778 48.76653230102148 356.46422521013801
42270.0 -0.00121750764542 21.96738646468009 -155.82644510432448 349991.14790507126600 48.63340695170251 356.74113459919442
42300.0 -0.00164111939453 21.97938159945473 -155.81387743121718 349955.78078274894506 48.50043521632920 357.01688026304703
42330.0 -0.00090256620532 21.99221855524403 -155.80128291064915 350045.83357659261674 48.36758137269089 357.29161447776960
42360.0 -0.00170048522072 22.00412615605032 -155.78855255487099 350004.26953115873039 48.23476904635845 357.56561801188411
42390.0 -0.00098809176070 22.01598846173807 -155.77574141622358 349959.66981636639684 48.10203139644017 357.83880500296533
42420.0 -0.00115109899703 22.02869566149819 -155.76289895516317 350040.23562801256776 47.96948155063514 358.11083400223816
42450.0 -0.00078483915081 22.04046425560273 -155.74993237568799 349989.71107423957437 47.83697272244550 358.38220833119829
42480.0 -0.00094382208617 22.05263651335355 -155.73689919742182 349999.94190766569227 47.70456618573297 358.65275315737460
42510.0 -0.00090356962133 22.06475916168883 -155.72379305170799 350007.34704877436161 47.57232845668891 358.92228288016423
42540.0 -0.00081100124376 22.07683701668138 -155.71060052684808 350011.57252330612391 47.44017709595577 359.19108394306102
42570.0 -0.00139560630589 22.08886455642370 -155.69733430491098 350012.98263162933290 47.30819711290993 359.45891397804570
42600.0 -0.00024148996953 22.10084881222445 -155.68397496682087 350011.04977457597852 47.17626683711197 359.72617470769751
42630.0 -0.00120140807774 22.11278039652523 -155.67054536670048 350006.42604430485517 47.04453686617110 359.99242352500295
42660.0 -0.00023947604622 22.12466131010754 -155.65703911671903 349998.94876713585109 46.91296937834907 0.25780275144766
42690.0 -0.00074660297305 22.13649598869250 -155.64344309781455 349988.25865378603339 46.78148262773895 0.52258248986089
42720.0 -0.00087942263357 22.14874388949891 -155.62975519667529 350037.45381670724601 46.65011070148915 0.78667886018824
42750.0 0.00016401065235 22.16001235579203 -155.61601383138492 349958.20109638012946 46.51897079824332 1.04976428315530
42780.0 -0.00074358326996 22.17215971877338 -155.60216246034551 350001.43925645574927 46.38790944836996 1.31231698085375
42810.0 -0.00105349817495 22.18425824647207 -155.58822410791777 350041.54191145673394 46.25698889863983 1.57417133784074
42840.0 -0.00029582453310 22.19537031072172 -155.57424159785239 349953.65429156925529 46.12627766572520 1.83514843464395
42870.0 -0.00041556196527 22.20736478452816 -155.56014057180715 349987.90199365839362 45.99568971871444 2.09551919456050
42900.0 -0.00018916578364 22.21930545056556 -155.54596196974771 350019.33173916116357 45.86531207855278 2.35505244914349
42930.0 -0.00086231846800 22.23119872294766 -155.53168591329984 350047.36619822494686 45.73501762114411 2.61413099903405
42960.0 -0.00110883733641 22.24256449865787 -155.51736175231642 350010.50571675691754 45.60496190794991 2.87233071274668
42990.0 0.00043568701581 22.25387361815133 -155.50296195084150 349970.97080418467522 45.47510544854563 3.12978482409047
43020.0 -0.00117424020502 22.26560379022232 -155.48844222958974 349990.38740379922092 45.34536164478045 3.38675374155114
43050.0 -0.00042864419362 22.27728132732251 -155.47383350010608 350006.70636531990021 45.21576545027349 3.64315543068192
43080.0 -0.00006037278785 22.28889966285626 -155.45915385607310 350020.49285088106990 45.08643760805375 3.89867500783582
43110.0 -0.00036827022389 22.30046640919443 -155.44437869541429 350031.00721598509699 44.95721899634102 4.15376778619568
43140.0 -0.00065101489239 22.31197789703143 -155.42951731558742 350038.54444562364370 44.82817253086363 4.40827662411153
43170.0 -0.00071239346002 22.32343023140470 -155.41458012510068 350043.43985681608319 44.69936848956623 4.66202874655436
43200.0 -0.00036827022389 22.33482732045645 -155.39955328228515 350045.27618094254285 44.57071788135159 4.91528090962891
43230.0 -0.00125171834032 22.34616442751356 -155.38445000767214 350044.47851814050227 44.44230934730367 5.16781224037430
43260.0 -0.00044977384206 22.35744735776462 -155.36924998873027 350040.42012282833457 44.31401108629603 5.41998828026747
43290.0 -0.00131108416652 22.36866808116718 -155.35397728655494 350033.87092394195497 44.18598293115149 5.67140182700563
43320.0 -0.00025456983413 22.37982811457535 -155.33862545184621 350024.64176111482084 44.05818408938592 5.92217782838780
43350.0 -0.00062082849847 22.39093115588212 -155.32318043217154 350012.29545557126403 43.93052355821076 6.17256790914970
43380.0 -0.00177293327528 22.40197501992049 -155.30764745243201 349997.00722137559205 43.80303709919613 6.42249176379422
43410.0 -0.00081502436286 22.41295369372912 -155.29204510716187 349979.38819182105362 43.67584854301218 6.67164614325185
43440.0 -0.00022438462208 22.42387400718761 -155.27634832342977 349958.64015372283757 43.54879399920512 6.92046545461317
43470.0 -0.00116820316261 22.43522132377208 -155.26049900939435 349995.69001939427108 43.42193678968979 7.16880036925893
43500.0 -0.00042159900768 22.44650515480389 -155.24457041258427 350030.09766872134060 43.29534874320412 7.41648377533320
43530.0 -0.00072446754484 22.45723843206368 -155.22862101819834 350000.99058254808187 43.16893844830233 7.66375949519512
43560.0 0.00023243322404 22.46790555645841 -155.21259679083488 349969.43704394903034 43.04279582624070 7.91041614161384
43590.0 -0.00099211842544 22.47900390754772 -155.19639943793484 349994.99477321654558 42.91678506511775 8.15680351285366
43620.0 -0.00019721674936 22.49003568775345 -155.18012613732603 350018.06886461004615 42.79106966898925 8.40252993804007
43650.0 -0.00014589834324 22.50050826727211 -155.16385302593162 349978.41286156699061 42.66560785501606 8.64771280730022
43680.0 -0.00092470281540 22.51141185387007 -155.14740289203900 349995.73305089678615 42.54030460045133 8.89259580063154
43710.0 0.00011470735142 22.52225132153932 -155.13086123852045 350010.07945121824741 42.41519641989826 9.13710023652579
43740.0 -0.00098507442138 22.53252492007320 -155.11433736388000 349962.34955384675413 42.29040983572901 9.38093354284806
43770.0 -0.00010867149089 22.54372747400183 -155.09753506117596 350030.96513458620757 42.16577694507309 9.62451103337009
43800.0 -0.00086030336281 22.55386927265377 -155.08082985506604 349977.40989971812814 42.04136124890915 9.86769060275744
43830.0 0.00000402430098 22.56493675952044 -155.06385658911267 350040.54091652482748 41.91723594172653 10.11031036867378
43860.0 -0.00012376173315 22.57494014571494 -155.04698744792515 349981.79080870281905 41.79330765289598 10.35260233261675
43890.0 -0.00025155249480 22.58587122828773 -155.02983952209615 350039.35163589660078 41.66966728886005 10.59436386659461
43920.0 -0.00046084096522 22.59573589179153 -155.01279855187514 349975.16955010779202 41.54617559753135 10.83593039578798
43950.0 -0.00073654281154 22.60652903589198 -154.99547260228536 350027.07928046863526 41.42299923520948 11.07692451918811
43980.0 0.00040449484211 22.61624748503286 -154.97828268584078 349958.30090626887977 41.30009569334463 11.31745672413066
44010.0 -0.00068019432467 22.62690099902045 -154.96077601771276 350004.50011614058167 41.17736625908999 11.55776350942516
44040.0 0.00006339130906 22.63748482738973 -154.94317453755494 350047.69347482360899 41.05484814904104 11.79776772042539
44070.0 -0.00051920101164 22.64698607535035 -154.92573482237850 349971.15748253371567 40.93267023469627 12.03718659840041
44100.0 0.00025557443202 22.65742461753095 -154.90796203719512 350009.01994356419891 40.81066124752232 12.27641799323367
44130.0 -0.00062787132065 22.66779095353172 -154.89009765825466 350044.01392138283700 40.68888467116458 12.51532649575371
44160.0 0.00023142744426 22.67707049427938 -154.87240565278145 349959.69934239704162 40.56741490375195 12.75375506086170
44190.0 -0.00058359810048 22.68728776746535 -154.85437157512001 349989.46753909066319 40.44615700923241 12.99192486620824
44220.0 -0.00105550973450 22.69742886822942 -154.83625682132649 350016.78613330237567 40.32520262339042 13.22964139134999
44250.0 0.00018212296146 22.70749750968339 -154.81803981875396 350040.87845236342400 40.20440954266098 13.46722691733054
44280.0 -0.00052926353691 22.71697995761100 -154.79988317949480 350004.64441300649196 40.08394712644836 13.70431717933623
44310.0 -0.00019620860582 22.72638394734791 -154.78164890343734 349966.09586044121534 39.96377236580144 13.94101634487901
44340.0 0.00077678936698 22.73622090786001 -154.76317948715902 349982.52705188002437 39.84378313988455 14.17755442060621
44370.0 -0.00071842932055 22.74598103945649 -154.74461756908298 349996.10977277532220 39.72401732028107 14.41385568773669
44400.0 -0.00029683031287 22.75566011024504 -154.72598319599618 350007.59408135060221 39.60460583225513 14.64964642258284
44430.0 -0.00066309015909 22.76526232059022 -154.70724995303320 350016.00554793514311 39.48537459371822 14.88530846970341
44460.0 0.00038638253300 22.77478527949724 -154.68842759802098 350021.71074462216347 39.36638690159667 15.12071264361720
44490.0 0.00039543809661 22.78422640908031 -154.66952777076085 350025.15228045266122 39.24771821602013 15.35570638152326
44520.0 -0.00085527328206 22.79358761920668 -154.65053593773112 350025.79018895234913 39.12927237154599 15.59050092622653
44550.0 -0.00022941470283 22.80286596140639 -154.63146631110070 350024.16599455475807 39.01114151178267 15.82490928013377
44580.0 -0.00027469252091 22.81206441786967 -154.61229693913987 350019.45240508485585 38.89318089905098 16.05924167917145
44610.0 -0.00069025684993 22.82117816291038 -154.59305421256775 350012.65623832028359 38.77556220950477 16.29314597435405
44640.0 -0.00097903856085 22.83020771433501 -154.57373169520002 350003.54009743221104 38.65824212493424 16.52672053163345
44670.0 -0.00001509142414 22.83915490997387 -154.55431346516241 349991.49749751947820 38.54111535716908 16.76018948317693
44700.0 0.00041757470670 22.84801817814695 -154.53480558994755 349976.76198701746762 38.42422038988818 16.99347846058465
44730.0 -0.00060070462981 22.85679397851395 -154.51522859046725 349960.13050866872072 38.30768994829121 17.22632207479536
44760.0 -0.00016904309686 22.86600015942117 -154.49537639175873 349997.09912155475467 38.19134760764756 17.45908746563229
44790.0 -0.00035015791478 22.87512069456783 -154.47543275205723 350031.33239910937846 38.07525633198912 17.69165124817486
44820.0 -0.00060271618936 22.88363826154457 -154.45559424448246 350006.95902874507010 37.95949252046929 17.92386502037324
44850.0 -0.00017910562213 22.89206881294417 -154.43566694276112 349979.93879394512624 37.84395906474644 18.15593088056191
44880.0 -0.00006640864838 22.90040991438273 -154.41566528091366 349950.84119175281376 37.72874842495543 18.38766882937881
44910.0 -0.00033104100778 22.90969545931199 -154.39518152932180 350030.90374585054815 37.61371368542828 18.61937803656897
44940.0 -0.00027670762609 22.91785863770456 -154.37500807559854 349996.77237038128078 37.49902850699893 18.85071755400094
44970.0 -0.00038537675322 22.92593094942138 -154.35475848881549 349960.50318790506572 37.38464942488314 19.08178040432363
45000.0 -0.00018916696552 22.93494654954001 -154.33401478740717 350032.99594597984105 37.27046818796745 19.31278539656764
45030.0 -0.00066711327819 22.94283873194480 -154.31358106576437 349991.20681376289576 37.15652385356364 19.54365943203767
45060.0 -0.00080596879925 22.95115389628590 -154.29287588644888 350003.30885784327984 37.04295072960484 19.77414482707983
45090.0 0.00077175810434 22.95937791849910 -154.27207287813729 350012.43342990893871 36.92957044945358 20.00459517416105
45120.0 -0.00087338559116 22.96699209927917 -154.25139360003703 349963.57770109362900 36.81644551869357 20.23489250905363
45150.0 -0.00058460506213 22.97554564196248 -154.23021538995332 350023.44219265878201 36.70365316902728 20.46489230016939
45180.0 -0.00004729055950 22.98297119150230 -154.20937543277674 349970.00940393935889 36.59109559353805 20.69478820201258
45210.0 -0.00160590291984 22.99133538431894 -154.18802556173338 350024.92027923930436 36.47886540393704 20.92440674341892
45240.0 0.00057152401566 22.99857068742717 -154.16701678533570 349966.57484274357557 36.36681380986661 21.15403689769695
45270.0 -0.00083514941340 23.00674333325352 -154.14549203228194 350016.39661412779242 36.25511617263064 21.38334809820514
45300.0 -0.00034814871899 23.01378391357866 -154.12434035175471 349954.20224241074175 36.14372901947389 21.61242842875761
45330.0 0.00051417211277 23.02176271974228 -154.10263864437002 349998.84381225891411 36.03254130907179 21.84149186539489
45360.0 -0.00029884305430 23.02964375681596 -154.08084381357142 350040.71718003787100 35.92159263805571 22.07046650392618
45390.0 -0.00027871800376 23.03639004881120 -154.05944947454006 349971.58841504063457 35.81101871265913 22.29910180110651
45420.0 -0.00033003522800 23.04407261340605 -154.03748916914282 350008.74279679358006 35.70063956452343 22.52773883015609
45450.0 -0.00056146267227 23.05165520559959 -154.01543963885220 350043.28255471587181 35.59051713304913 22.75626470682193
45480.0 -0.00107764516271 23.05810185419291 -153.99380196838629 349967.16190095525235 35.48072939109379 22.98453850803464
45510.0 0.00032399700371 23.06548214778656 -153.97158962664102 349997.07671074848622 35.37117804124712 23.21274606488171
45540.0 -0.00024450730886 23.07275993097243 -153.94930054448926 350024.89668697677553 35.26195570512464 23.44072001337195
45570.0 -0.00115411633636 23.07993572938386 -153.92691176013443 350049.63998658582568 35.15291197529746 23.66873990164394
45600.0 -0.00074861571448 23.08597370248099 -153.90496164954635 349964.66046584211290 35.04422367146279 23.89648481207793
45630.0 -0.00128089777260 23.09294154854701 -153.88242853535974 349985.53837538883090 34.93584743111098 24.12403824636305
45660.0 0.00082810540933 23.09980524550585 -153.85980012574910 350003.50918002519757 34.82766956779442 24.35160978158489
45690.0 -0.00035116487644 23.10656381921096 -153.83708311886645 350018.85220822226256 34.71973018751667 24.57912863798211
45720.0 -0.00058460506213 23.11321593269972 -153.81429935253556 350032.50799101684242 34.61216623909190 24.80635090696801
45750.0 -0.00081200820542 23.11976185129951 -153.79142102483783 350043.26478014700115 34.50479644046900 25.03360605426019
45780.0 0.00006842138981 23.12568468071033 -153.76872981049507 349998.18232206720859 34.39768207271453 25.26078596990996
45810.0 -0.00086231610424 23.13149985855716 -153.74597234352245 349951.36364674009383 34.29090177210955 25.48775310351941
45840.0 -0.00019721674936 23.13772260729338 -153.72285661084234 349955.33277133293450 34.18435692784779 25.71468601144382
45870.0 -0.00070132397310 23.14383613414762 -153.69966922715076 349957.37435844819993 34.07814005019269 25.94142306020451
45900.0 0.00131913513224 23.14984011844266 -153.67638695938166 349956.45386643335223 33.97209933274086 26.16823505554684
45930.0 -0.00141271165335 23.15573361640502 -153.65303821084839 349953.81922909058630 33.86641284873065 26.39481007515510
45960.0 0.00076471410028 23.16203052042560 -153.62932871349000 350002.01199188642204 33.76103744696863 26.62122735296987
45990.0 -0.00037330148652 23.16821525938841 -153.60552338502328 350047.23201272729784 33.65585691657840 26.84769245032234
46020.0 0.00039443113496 23.17377335889584 -153.58192266654518 350037.13192412536591 33.55091184733067 27.07413564702639
46050.0 0.00056347541370 23.17921867631611 -153.55826073166949 350025.52356465160847 33.44634030040244 27.30031921736393
46080.0 -0.00004326625852 23.18455044177408 -153.53450952541161 350011.13470401987433 33.34195992322914 27.52656182673137
46110.0 -0.00112795542529 23.18976805833039 -153.51067912509885 349994.40573747456074 33.23783125989011 27.75275986544497
46140.0 -0.00025457101601 23.19487111724094 -153.48678257396699 349975.91742295958102 33.13403354458978 27.97877894427052
46170.0 -0.00054234221963 23.19985877945373 -153.46280493969184 349954.98009230662137 33.03046800391073 28.20479082933384
46200.0 -0.00013483358384 23.20575367931755 -153.43814141287572 350036.47766555193812 32.92722693333949 28.43063928128116
46230.0 -0.00151735529761 23.21050791392617 -153.41400290610216 350010.73049286101013 32.82415731156841 28.65658696660518
46260.0 0.00050712810870 23.21514538714285 -153.38980379076204 349983.43343401886523 32.72143829321640 28.88233037632564
46290.0 0.00113399128582 23.21966540607044 -153.36553795347490 349954.29575644340366 32.61902702515469 29.10794475354869
46320.0 -0.00135334464527 23.22508603847357 -153.34054552070748 350025.96113058645278 32.51680487148165 29.33363198056938
46350.0 -0.00156364125922 23.22936725153215 -153.31611173616554 349991.57417624071240 32.41481288408460 29.55932333777918
46380.0 0.00124266277671 23.23352966696687 -153.29162286214591 349955.84552598744631 32.31319012925445 29.78478687920922
46410.0 -0.00147710992406 23.23858774435143 -153.26639244819239 350020.40484090708196 32.21175338802051 30.01033118424026
46440.0 -0.00048398335508 23.24250764458428 -153.24174149954510 349979.60186916776001 32.11056240094891 30.23585689717509
46470.0 0.00080999428211 23.24732091163894 -153.21636147315903 350039.79693423304707 32.00969694566861 30.46123260102970
46500.0 -0.00066912601962 23.25099680341665 -153.19157017330161 349994.87171375751495 31.90905821442356 30.68662369929762
46530.0 -0.00095388106580 23.25505673887592 -153.16637919770477 349999.44771974440664 31.80873820023457 30.91187904659813
46560.0 0.00035015791478 23.25899153102332 -153.14109941104965 350001.07682205270976 31.70858282151365 31.13725370205916
46590.0 0.00136139442911 23.26229770744588 -153.11610546495314 349950.17586631234735 31.60877217104977 31.36245205299871
46620.0 -0.00197920322449 23.26648846861368 -153.09035503439924 349999.30860495008528 31.50926376836674 31.58754559597743
46650.0 -0.00041958863001 23.27055111661674 -153.06451512361394 350045.48808236792684 31.40993663328378 31.81273282863474
46680.0 0.00049404706223 23.27347984059092 -153.03930020649278 349987.65271656122059 31.31083226234227 32.03794597824950
46710.0 0.00098205708205 23.27728834160366 -153.01332429536072 350029.84130502957851 31.21209063957723 32.26295852082826
46740.0 -0.00149723379272 23.27996382504909 -152.98797874856683 349968.05703395884484 31.11352785069222 32.48806957989854
46770.0 -0.00117725990810 23.28351358297885 -152.96184302108108 350005.01982405222952 31.01520277623354 32.71318383332238
46800.0 -0.00037933852893 23.28693391316755 -152.93564323063760 350040.15451984945685 30.91719569293614 32.93817266795240
46830.0 0.00037833274916 23.28922415320552 -152.91009872723572 349972.19101496320218 30.81940804625354 33.16319565013025
46860.0 -0.00078886463367 23.29238385876421 -152.88376173916262 350003.07278582546860 30.72193107470045 33.38810619557338
46890.0 -0.00083816793460 23.29540984981235 -152.85733727169495 350030.91023678984493 30.62460996520855 33.61315234092746
46920.0 0.00042562449054 23.29731041431162 -152.83160533288867 349957.12915367819369 30.52762563097870 33.83804591186114
46950.0 -0.00005735426665 23.30007410625494 -152.80506451681305 349981.60739615932107 30.43093602903632 34.06285487342930
46980.0 -0.00002414935152 23.30270250845818 -152.77844109877307 350003.20634174626321 30.33441789901789 34.28777459490578
47010.0 0.00046386185018 23.30519570475204 -152.75174255661273 350022.26925635337830 30.23811316847041 34.51273820250758
47040.0 -0.00087539833259 23.30755581789301 -152.72499213267926 350039.93591305706650 30.14216266998842 34.73752427695412
47070.0 -0.00019419822815 23.30879280416588 -152.69893863252250 349955.59216096438468 30.04638193622071 34.96242304163032
47100.0 -0.00236457997771 23.31088076569192 -152.67204280569075 349968.19831615407020 29.95082894032014 35.18734300997335
47130.0 0.00159483343292 23.31283319946647 -152.64509033244477 349979.09490530006588 29.85558442280530 35.41215822358713
47160.0 0.00008955340201 23.31464750356981 -152.61806636810513 349987.50300196837634 29.76054981841104 35.63702244712722
47190.0 -0.00084219459934 23.31632511621949 -152.59098630233154 349994.17814807128161 29.66581630578479 35.86179395026072
47220.0 0.00030085579573 23.31786200414835 -152.56382616529854 349997.86678828019649 29.57122804879084 36.08671392417018
47250.0 0.00081904984572 23.31926174781564 -152.53661578550270 350000.06658113840967 29.47696668554397 36.31150122880524
47280.0 -0.00062183427824 23.32052295662600 -152.50934942646796 350000.45845050830394 29.38299066703455 36.53622048774099
47310.0 -0.00063592110449 23.32164207253459 -152.48200796313094 349998.02469814941287 29.28917450283291 36.76106416246024
47340.0 -0.00149320712798 23.32261950738804 -152.45459904097035 349993.12508107349277 29.19556054121549 36.98596623630349
47370.0 -0.00025758717345 23.32345835184909 -152.42714615802888 349986.95080151129514 29.10229041003034 37.21071011487729
47400.0 -0.00045379932492 23.32415337840519 -152.39962072385990 349977.98210675176233 29.00917920681927 37.43557761003816
47430.0 -0.00056045689249 23.32470548997216 -152.37203275116391 349966.70560336671770 28.91628395760770 37.66048089335190
47460.0 0.00016803613521 23.32511639762778 -152.34439611808324 349953.81783742085099 28.82368583952685 37.88529652987555
47490.0 0.00168438683493 23.32634219842322 -152.31584435605740 350035.32880772836506 28.73128653448931 38.11017292322150
47520.0 -0.00052523923593 23.32646432098536 -152.28809103605280 350018.21590008214116 28.63917673173278 38.33497272056221
47550.0 0.00286969652687 23.32643912352842 -152.26026565959395 349998.15248499810696 28.54719986066898 38.55993074362349
47580.0 -0.00165621318243 23.32627142640351 -152.23239827972247 349976.70042870286852 28.45553820847956 38.78477253131930
47610.0 -0.00177293209340 23.32595965245810 -152.20448330442861 349953.53133165463805 28.36415077006401 39.00955953340021
47640.0 -0.00100318673049 23.32644780227251 -152.17562342633732 350023.56771602667868 28.27290986216975 39.23448149262241
47670.0 0.00131108416652 23.32583763890834 -152.14757699218111 349995.02157388068736 28.18185824754911 39.45947321243339
47700.0 0.00072648028627 23.32508384621204 -152.11949505173104 349965.30088551063091 28.09113830968228 39.68432267827676
47730.0 -0.00179104440250 23.32512154732807 -152.09045552834496 350028.33537371177226 28.00056480841690 39.90930371892887
47760.0 -0.00099815428597 23.32406672883723 -152.06225012659348 349993.43105212226510 27.91019378960709 40.13433200484896
47790.0 -0.00002515513129 23.32286550173857 -152.03400458539048 349956.99109292495996 27.82010684712446 40.35928650976653
47820.0 0.00143182974223 23.32244850255186 -152.00479526868244 350013.20538803283125 27.73020597835502 40.58431053305409
47850.0 -0.00116619160306 23.32094729158953 -151.97645039114389 349972.65853737294674 27.64058134083795 40.80927091252819
47880.0 -0.00142377877651 23.32022211802904 -151.94712277000571 350023.88180885836482 27.55107570299025 41.03439641337227
47910.0 -0.00036324132502 23.31841767613452 -151.91867602211198 349978.92264035623521 27.46187194222407 41.25941894268988
47940.0 0.00130202860291 23.31738857237892 -151.88926108048486 350026.70434796530753 27.37292964191123 41.48439692481736
47970.0 0.00123461299287 23.31527816200147 -151.86071214809280 349977.14556854404509 27.28411895271353 41.70951754299254
48000.0 0.00124668825957 23.31393384839684 -151.83117306234979 350019.26271553058177 27.19548304861734 41.93471638974329
48030.0 -0.00113701098891 23.31151948938435 -151.80254202150400 349966.04921320918947 27.10716504165480 42.15978581632444
48060.0 -0.00140868735237 23.30986357372690 -151.77290600254747 350003.84286592993885 27.01897943384029 42.38499204350955
48090.0 0.00016300487257 23.30804837911360 -151.74321457817246 350039.07771179638803 26.93098126374046 42.61025409740829
48120.0 0.00260204564627 23.30516800934704 -151.71444187368709 349979.06947301886976 26.84325252851373 42.83545326107477
48150.0 -0.00114002951011 23.30303832216626 -151.68465852945747 350009.98880729265511 26.75569560016239 43.06072795506663
48180.0 -0.00099916124763 23.30075113303851 -151.65483484636482 350039.06839117128402 26.66840007008802 43.28594904270417
48210.0 -0.00097400729821 23.29739887804733 -151.62592179045697 349971.90788379311562 26.58120810606541 43.51133950414418
48240.0 0.00036525288457 23.29479273109769 -151.59600466046905 349996.30012650135905 26.49430313168972 43.73663734431624
48270.0 0.00187959084285 23.29202738647771 -151.56604824306197 350018.77283903583884 26.40764535942183 43.96189809342724
48300.0 0.00011470735142 23.28909667730655 -151.53603263199699 350038.12090823054314 26.32110279102145 44.18730650789038
48330.0 -0.00079188315488 23.28511280845631 -151.50696084005955 349962.40648295916617 26.23471901172631 44.41279894347853
48360.0 0.00045279354514 23.28186317267949 -151.47687197057445 349977.83588578272611 26.14863784581100 44.63817193193511
48390.0 0.00038336282991 23.27844693705831 -151.44672758127948 349990.19016728177667 26.06267360304934 44.86368441293873
48420.0 0.00138453681897 23.27486610611646 -151.41653741695453 349999.98340701498091 25.97688029234004 45.08925863973738
48450.0 -0.00070233211663 23.27112416754677 -151.38631573043085 350008.00431355088949 25.89134030653508 45.31477811938692
48480.0 0.00034110471493 23.26721621421664 -151.35604821560301 350013.35281505808234 25.80595644401352 45.54037659137146
48510.0 0.00077578358720 23.26314614707813 -151.32575017719347 350016.88427492976189 25.72081770234574 45.76592879885458
48540.0 0.00159584157646 23.25890594141722 -151.29539761335639 350017.10883493721485 25.63576569817008 45.99165217145129
48570.0 0.00049505166013 23.25450422105657 -151.26502091283669 350015.78848011884838 25.55098436994965 46.21729057821690
48600.0 0.00063893962570 23.24993883879195 -151.23461502318111 350012.56954891700298 25.46643459663635 46.44289677205536
48630.0 0.00023444714735 23.24520272321062 -151.20415983544891 350006.17905825655907 25.38198224066581 46.66865319021715
48660.0 -0.00054435732482 23.24029766972016 -151.17366352583139 349997.04674512706697 25.29767130141875 46.89449693119623
48690.0 0.00021230935538 23.23523083300552 -151.14315019116620 349986.58191250544041 25.21364630832522 47.12022854830452
48720.0 0.00156565400065 23.22999230102522 -151.11259156665611 349973.00159160792828 25.12972143299191 47.34609998391335
48750.0 -0.00171155470765 23.22543062523577 -151.08093435335491 350047.04380032606423 25.04594963610818 47.57203660317446
48780.0 0.00120644052225 23.21985435492868 -151.05031389910002 350028.94593496527523 24.96241370382761 47.79792406473253
48810.0 0.00061881693892 23.21410744450641 -151.01965796169708 350008.14387750066817 24.87901690704561 48.02389160013408
48840.0 -0.00106959656075 23.20819443786889 -150.98898172532199 349985.51741362176836 24.79584762721727 48.24981770459740
48870.0 0.00193392540642 23.20210630768586 -150.95826129054740 349959.51395989209414 24.71274697099524 48.47591445801492
48900.0 -0.00144490960682 23.19668257188575 -150.92644054990359 350021.43416625168175 24.62989937080768 48.70193139365104
48930.0 0.00049505284201 23.19025844395936 -150.89568289254476 349991.82791816536337 24.54726640744227 48.92791859111109
48960.0 -0.00132517335653 23.18365883958066 -150.86488626546878 349958.97059090808034 24.46471180722358 49.15405625333969
48990.0 0.00070031937520 23.17770524042853 -150.83295851440280 350012.33616116363555 24.38227998917741 49.38028220622627
49020.0 -0.00140768157259 23.17076385914793 -150.80211993814771 349975.19165918789804 24.30011618858050 49.60640088997845
49050.0 0.00285862940370 23.16445865035961 -150.77013709902303 350023.59149069804698 24.21803448342152 49.83265749558845
49080.0 -0.00229716554955 23.15716425581568 -150.73923406351835 349980.45181718934327 24.13608677195265 50.05898039510524
49110.0 0.00219855776581 23.15050650037829 -150.70720137467555 350023.94581246748567 24.05435623515805 50.28525733907471
49140.0 -0.00010665874946 23.14286538655407 -150.67625811994577 349976.08442554157227 23.97274665826271 50.51161320282564
49170.0 -0.00034915449877 23.13585292147774 -150.64417729150281 350014.50678521115333 23.89134578911019 50.73793012138394
49200.0 -0.00011269342811 23.12785934606168 -150.61318629667798 349961.15329912956804 23.80999425863143 50.96441499627684
49230.0 0.00288478795101 23.12048840699634 -150.58105523530347 349994.07790791057050 23.72887698122487 51.19082285525597
49260.0 -0.00102833949802 23.11293956934920 -150.54890732829250 350024.76423919107765 23.64795627345856 51.41720119779321
49290.0 0.00088344693455 23.10442039285211 -150.51786799356302 349964.22526344191283 23.56709372358189 51.64372805661471
49320.0 0.00204762579618 23.09650394618379 -150.48565847435401 349988.21196929644793 23.48633417828083 51.87034197450471
49350.0 0.00029280601189 23.08841240803253 -150.45344420942402 350010.53871224727482 23.40582358595113 52.09685116590860
49380.0 -0.00264531190479 23.08013346929137 -150.42119746495413 350029.28254607971758 23.32537596882629 52.32349428192194
49410.0 0.00304075000140 23.07090182422316 -150.39009094449955 349957.98352641239762 23.24504215055038 52.55020260760959
49440.0 0.00121952038685 23.06226343808518 -150.35781650453748 349971.66262393910438 23.16490571247311 52.77686593647717
49470.0 -0.00353680980506 23.05343957590313 -150.32551961229032 349982.18815423641354 23.08487099309410 53.00360492043313
49500.0 0.00192285710137 23.04443598887582 -150.29321514872487 349990.48945994768292 23.00502509270929 53.23030523634703
49530.0 -0.00277108756125 23.03524156000113 -150.26087960756922 349994.88352319691330 22.92520819607920 53.45716875200669
49560.0 0.00318866226795 23.02586890230162 -150.22854312722566 349997.34642458427697 22.84560569454280 53.68395584750876
49590.0 0.00273888960777 23.01631543265024 -150.19620128581363 349997.50168120022863 22.76618067361680 53.91071152621690
49620.0 -0.00361730646157 23.00657112471769 -150.16383363969362 349993.85514548793435 22.68679257768345 54.13761169557533
49650.0 0.00220057050724 22.99663894053154 -150.13144857553098 349986.89440389629453 22.60748669117228 54.36459560964678
49680.0 0.00148717126745 22.98652929337671 -150.09907011575586 349978.20889853965491 22.52840968812218 54.59147516462583
49710.0 -0.00330337080124 22.97622871762426 -150.06667084995399 349965.80257818102837 22.44937556798355 54.81848265299341
49740.0 0.00308603136511 22.96574063317435 -150.03425983124572 349950.21693950984627 22.37043406989508 55.04555218776370
49770.0 0.00002414698776 22.95579214139314 -150.00063678830540 350017.67562887351960 22.29166918413425 55.27257556676299
49800.0 0.00392117959663 22.94493006169827 -149.96821341175723 349996.40980577934533 22.21298583951322 55.49966933509532
49830.0 -0.00389099320270 22.93388585577659 -149.93579394239566 349972.81522023305297 22.13447047781902 55.72672262587915
49860.0 0.00122153312828 22.92335604419644 -149.90212821583668 350030.02555599715561 22.05596286372740 55.95393239459342
49890.0 0.00033707805019 22.91193316762573 -149.86969585212921 350000.18217470124364 21.97764886587252 56.18106425631473
49920.0 0.00233540054544 22.90032733286565 -149.83726982939052 349967.92639186698943 21.89949237187832 56.40816079441770
49950.0 -0.00051718827021 22.88922359595562 -149.80359060534252 350016.15402856655419 21.82135067359206 56.63539581883789
49980.0 -0.00054335036316 22.87722894518553 -149.77114065500194 349976.29254364129156 21.74326950527328 56.86270929370087
50010.0 0.00028374926640 22.86574283610272 -149.73746179088343 350018.80183304473758 21.66539628306309 57.08991672293112
50040.0 0.00028676896948 22.85337116938205 -149.70501708865447 349973.07926122471690 21.58754501341896 57.31724419527949
50070.0 0.00145195242901 22.84148860455060 -149.67131734982772 350007.92897425685078 21.50976434291803 57.54462857424630
50100.0 -0.00437598470132 22.82941425368182 -149.63762388444019 350040.11364489793777 21.43213868152681 57.77196363299976
50130.0 0.00249337651914 22.81647012409253 -149.60518651634058 349984.92258809693158 21.35457358477360 57.99936191224705
50160.0 -0.00033506649064 22.80400827033349 -149.57149802660061 350010.77473093755543 21.27715482675039 58.22671592718173
50190.0 -0.00129196844140 22.79134077655117 -149.53779436760584 350032.06058784108609 21.19972177665687 58.45421782141658
50220.0 0.00169344476230 22.77782572254307 -149.50537954141802 349967.66555884387344 21.12246078438899 58.68163835011413
50250.0 0.00026563695729 22.76477919551030 -149.47170471487064 349983.82359082251787 21.04533657296665 58.90901774664950
50280.0 -0.00101727237485 22.75152741669315 -149.43801996108749 349995.49594711605459 20.96820427174643 59.13652773511875
50310.0 0.00433070333761 22.73807416440580 -149.40433371672719 350003.21247027069330 20.89111007818637 59.36410899320074
50340.0 0.00032198662604 22.72443208115073 -149.37066970697305 350008.69413834996521 20.81420216986579 59.59158057510461
50370.0 -0.00363843611000 22.71058534848283 -149.33700138037022 350009.79207569826394 20.73729458869967 59.81916249751097
50400.0 -0.00354083410604 22.69653800117793 -149.30333733921381 350007.05816307384521 20.66043488175485 60.04679430385607
50430.0 -0.00236860427869 22.68229746595151 -149.26969172338028 350001.48883803002536 20.58370789114701 60.27437172230488
50460.0 0.00514572888235 22.66785564937608 -149.23605190712931 349991.99224369041622 20.50701983554436 60.50200337979322
50490.0 0.00040147632090 22.65322011309474 -149.20243203211743 349979.57333500497043 20.43045581358358 60.72958510897038
50520.0 0.00260405720582 22.63837665690503 -149.16880950607731 349962.33623693697155 20.35385482290725 60.95730432442254
50550.0 -0.00240181037570 22.62394945085833 -149.13389854856567 350024.26506138779223 20.27740370097776 61.18493684625992
50580.0 -0.00081301398519 22.60871605760873 -149.10032196687538 350001.28439788985997 20.20106804023197 61.41252062266785
50610.0 0.00205366402047 22.59327536728441 -149.06674787892337 349973.55165304336697 20.12470079700174 61.64022528953740
50640.0 0.00075062845591 22.57822508980631 -149.03185900289168 350022.99626613687724 20.04834864643720 61.86799224582789
50670.0 -0.00270669047241 22.56238737993100 -148.99832665551307 349988.52191268559545 19.97216054856197 62.09564405357381
50700.0 0.00194801223267 22.54692749270689 -148.96346996417986 350030.52402876038104 19.89595060919959 62.32339476920038
50730.0 0.00071541079935 22.53067694968916 -148.92995906224337 349987.19641201850027 19.81976526980532 62.55118655128940
50760.0 -0.00125976694228 22.51480719792758 -148.89513925966841 350021.67504363320768 19.74368981803632 62.77891707062207
50790.0 -0.00254871686248 22.49815582089082 -148.86167387089640 349970.99600828532130 19.66763117298049 63.00669112108616
50820.0 0.00504611768259 22.48187526595551 -148.82689434206375 349997.76630726363510 19.59167375055308 63.23440779672927
50850.0 0.00030286499152 22.46537572813369 -148.79211802215119 350019.16105038952082 19.51565620161125 63.46224985047409
50880.0 0.00084420734077 22.44811992361189 -148.75872676917197 349957.14382864348590 19.43976585817612 63.68999810993901
50910.0 -0.00195706897816 22.43122040216776 -148.72401451174420 349972.10637945868075 19.36396921698163 63.91768829906081
50940.0 0.00134127174233 22.41410267098070 -148.68931060515175 349981.74469623714685 19.28811705141788 64.14548795049389
50970.0 0.00047392082981 22.39677136890685 -148.65462344507739 349986.63476046361029 19.21225652950064 64.37333919628605
51000.0 0.00051517789254 22.37924141387942 -148.61997624541013 349988.64074258226901 19.13653741523791 64.60106807723470
51030.0 -0.00138453800085 22.36149469126445 -148.58534351002228 349985.44971892982721 19.06077390827247 64.82888278432638
51060.0 0.00008653369892 22.34353580171209 -148.55073331362922 349977.62177395727485 18.98501133845723 65.05672803179223
51090.0 0.00099211842544 22.32537353939511 -148.51615950305285 349966.23390329908580 18.90933545289644 65.28450342754509
51120.0 -0.00127083642921 22.30699886929504 -148.48161020939088 349950.12524880189449 18.83365390977394 65.51231000519340
51150.0 -0.00181318101259 22.28893152361183 -148.44571716797066 350009.52701860293746 18.75805043482478 65.74005007150231
51180.0 0.00399060794809 22.27012820314819 -148.41121908144888 349983.91118704713881 18.68236335880592 65.96790177206107
51210.0 0.00167633705109 22.25162533444275 -148.37537779982637 350033.88462064135820 18.60678051459270 66.19565090002641
51240.0 0.00103739624351 22.23241294746141 -148.34096280494273 350001.07083887606859 18.53126933927473 66.42333101303025
51270.0 0.00047995905410 22.21298160710788 -148.30656909506934 349962.57654007617384 18.45567841460503 66.65110751476337
51300.0 0.00231628363844 22.19382223759205 -148.27080807039457 349997.54035541601479 18.38005541725592 66.87892328560710
51330.0 -0.00607244562106 22.17445493538499 -148.23509357639225 350029.11225085984915 18.30455093594351 67.10660782818137
51360.0 0.00132416639488 22.15438484023492 -148.20080350559559 349976.60419847443700 18.22897929659797 67.33436354876255
51390.0 -0.00010464600803 22.13457312039064 -148.16514304510110 349997.28010581061244 18.15338471170939 67.56213766167130
51420.0 0.00484487663226 22.11454852799696 -148.12952572855650 350013.84761565551162 18.07785340100148 67.78983171325262
51450.0 -0.00183431302478 22.09430156649574 -148.09394012231132 350025.10975310951471 18.00229380253705 68.01754304312342
51480.0 0.00012778839789 22.07384147692471 -148.05839940888904 350032.15176292695105 17.92678894365758 68.24517712825335
51510.0 -0.00108669954444 22.05270116356454 -148.02429934767073 349955.17890870478004 17.85117686440579 68.47290755066030
51540.0 0.00251752350689 22.03225086858085 -147.98741683304087 350029.64487244095653 17.77564590286201 68.70052504031449
51570.0 0.00253462885435 22.01113811152969 -147.95199988893293 350022.16054687276483 17.70016447354870 68.92806104469642
51600.0 -0.00050712692682 21.98979610832376 -147.91661155510212 350008.33745559304953 17.62457896062395 69.15567880295961
51630.0 0.00110783037475 21.96823039747151 -147.88126009226377 349988.80289158225060 17.54893756464413 69.38332196306534
51660.0 -0.00082206836693 21.94645820986506 -147.84596799960133 349965.57934819906950 17.47339171835303 69.61082348256879
51690.0 -0.00167029882680 21.92487758442381 -147.80927776249777 350013.08657085616142 17.39775590992365 69.83838005241608
51720.0 0.00325808943753 21.90265157513165 -147.77406070503292 349977.94315753132105 17.32207322804270 70.06594133531080
51750.0 0.00019620978770 21.88062181267258 -147.73746123052464 350015.01573026832193 17.24643037753313 70.29341082253826
51780.0 -0.00068522440542 21.85795752281268 -147.70234256736961 349969.61664206348360 17.17073661934093 70.52088222141090
51810.0 0.00209693027899 21.83547872901127 -147.66583811004242 349996.06558112706989 17.09507427277397 70.74826414177593
51840.0 0.00145497213209 21.81275860024878 -147.62936469024149 350015.38499475549906 17.01927457656498 70.97573258291294
51870.0 0.00029381060979 21.78982077117650 -147.59295146554661 350030.32928900420666 16.94353945711174 71.20306929112620
51900.0 0.00209592568110 21.76666145633505 -147.55659480912252 350040.39112231042236 16.86783180625572 71.43031061608919
51930.0 0.00142880885726 21.74326286350912 -147.52027502022642 350043.41159269586205 16.79199580747569 71.65761758927800
51960.0 -0.00148716890369 21.71963097406385 -147.48400029086358 350040.04564676247537 16.71608020012366 71.88493464838562
51990.0 0.00425926460847 21.69578417266042 -147.44779273078913 350032.40193523094058 16.64023727746151 72.11209820803847
52020.0 0.00181921805500 21.67170099883083 -147.41162875056565 350017.89289151318371 16.56428173028075 72.33929930424148
52050.0 -0.00124467551814 21.64738677657768 -147.37551554622857 349997.08734035398811 16.48825551631012 72.56648999923797
52080.0 -0.00550192738518 21.62285238306994 -147.33946631576575 349971.19968523457646 16.41224583616996 72.79357574069279
52110.0 0.00650511175190 21.59843054894966 -147.30200308711886 350014.15485668741167 16.33616281921540 73.02064666207261
52140.0 -0.00006439708883 21.57344004654529 -147.26607071900304 349976.57752540521324 16.26008806523394 73.24761447281517
52170.0 0.00053429598143 21.54854218342272 -147.22871209812760 350006.42779684718698 16.18385913583639 73.47464372731123
52200.0 0.00106456411623 21.52309084618539 -147.19289533783396 349956.34970510378480 16.10766537867879 73.70153498561211
52230.0 0.00091564606991 21.49774164016895 -147.15567214525046 349975.71319411508739 16.03147727887651 73.92831563960182
52260.0 0.00094080120120 21.47214350501388 -147.11849492031874 349987.28496337495744 15.95513682042933 74.15514446324482
52290.0 -0.00073151036703 21.44630287638604 -147.08137176158928 349991.74921623338014 15.87869329495071 74.38196670935402
52320.0 0.00184940326705 21.42023930199183 -147.04432433930219 349991.30554723367095 15.80229986921775 74.60862225888611
52350.0 0.00401576189751 21.39393023237469 -147.00732978751233 349983.26563676446676 15.72577148196287 74.83529654687320
52380.0 -0.00628072831170 21.36738119255694 -146.97039500448025 349968.20005450956523 15.64914895170027 75.06194398857740
52410.0 0.00590944074849 21.34089145199619 -146.93204444905732 350021.37305082194507 15.57251998335234 75.28847200333375
52440.0 0.00223478002027 21.31386933395314 -146.89524296825735 349993.35390181653202 15.49579562273730 75.51496720746525
52470.0 0.00022840774118 21.28661894096167 -146.85851605261752 349959.43506200145930 15.41905673627195 75.74134437977008
52500.0 0.00110984547994 21.25939089471916 -146.82034978391732 349990.84378468617797 15.34214070676207 75.96776359973423
52530.0 0.00571021007582 21.23192793475159 -146.78226073268289 350016.48925986327231 15.26523737640773 76.19403033701374
52560.0 0.00004326862228 21.20422706414226 -146.74424667440195 350035.94507359806448 15.18831832534005 76.42017003795723
52590.0 0.00027066703805 21.17626806332375 -146.70628851041985 350046.80629190057516 15.11122334339548 76.64633916476419
52620.0 -0.00104846454856 21.14805783690776 -146.66839422416356 350049.78855377621949 15.03400228672582 76.87248381285022
52650.0 0.00556028624972 21.11961711535980 -146.63058500862982 350047.18883588165045 14.95680920401313 77.09844734470317
52680.0 -0.00378936571588 21.09092227152014 -146.59283873530532 350036.21173410303891 14.87945933258797 77.32440964409129
52710.0 0.00298440269640 21.06197902075737 -146.55516199359462 350017.42923834361136 14.80199234218581 77.55032743448052
52740.0 0.00103136038298 21.03279964920564 -146.51756744426683 349992.16158671956509 14.72449644761716 77.77611012537632
52770.0 0.00885258874592 21.00337309132420 -146.48004539182580 349959.05373285897076 14.64688366197350 78.00184087179808
52800.0 0.00453295253148 20.97392479886868 -146.44109556857677 349991.78047449886799 14.56923410148852 78.22743749399540
52830.0 -0.00193291962664 20.94420795188931 -146.40220757337306 350015.12143802363425 14.49138501708083 78.45305561829844
52860.0 -0.00216434707091 20.91404611494753 -146.36492180433075 349959.74067230336368 14.41352673052104 78.67850562794864
52890.0 0.00326513225972 20.88404265924114 -146.32468983379627 350041.74102517031133 14.33561993146427 78.90382275238477
52920.0 -0.00225590848682 20.85337402655594 -146.28755318956991 349969.51223062165082 14.25748051610086 79.12918200950274
52950.0 0.00836860184520 20.82284980131334 -146.24747428469493 350035.04537078179419 14.17934944806568 79.35434614272481
52980.0 0.00271474025625 20.79187196507957 -146.20898580504806 350019.41627060808241 14.10104245095023 79.57948987000681
53010.0 -0.01014455364168 20.76063752180159 -146.17057600315340 349995.20503446646035 14.02259799692499 79.80457211403895
53040.0 -0.00099714850620 20.72932745616817 -146.13073344297220 350035.33465779852122 13.94410473738660 80.02950413900547
53070.0 0.00849136016234 20.69758852143830 -146.09249510628788 349995.19522919133306 13.86547576279511 80.25436585643888
53100.0 0.00028576200783 20.66576275604323 -146.05282319337306 350019.00888538267463 13.78679035095723 80.47907796166655
53130.0 -0.00092067615066 20.63350932420613 -146.01475101417361 349961.39937539771199 13.70788578597238 80.70379194769123
53160.0 0.00054133762173 20.60116278095262 -145.97524888222642 349967.91167108062655 13.62895269526895 80.92832277685478
53190.0 0.00681401733148 20.56856211280625 -145.93584012492738 349966.60088842175901 13.54995303112942 81.15270352086669
53220.0 0.00116921012426 20.53568147313644 -145.89650362971361 349954.42910023126751 13.47069997631930 81.37710714421503
53250.0 0.00123360603122 20.50268342539623 -145.85573733144352 350006.04026926122606 13.39143629647201 81.60130082585334
53280.0 0.00646989645910 20.46940343939734 -145.81505104841480 350047.45459425263107 13.31197825540895 81.82545416219230
53310.0 -0.00194398793169 20.43573186368472 -145.77598598172830 350008.70387914404273 13.23236311517179 82.04952823429555
53340.0 0.00724568004630 20.40180961033089 -145.73702137811114 349961.97622490208596 13.15267996124500 82.27343617916260
53370.0 0.00346235019096 20.36783285454874 -145.69507360535468 350046.45644347090274 13.07284301048205 82.49725471674111
53400.0 0.00533791555095 20.33338642654192 -145.65630079527730 349981.94495384488255 12.99293067998329 82.72090739166751
53430.0 -0.00545262172049 20.29885115108112 -145.61453352756155 350046.73989135492593 12.91278033691277 82.94454158388515
53460.0 0.00425825646493 20.26387538764844 -145.57595167501336 349963.39811280090362 12.83258288747717 83.16797683902985
53490.0 0.00661277746302 20.22881320355679 -145.53439372030036 350011.61862041987479 12.75231345756860 83.39123320208930
53520.0 0.00565386395271 20.19345644082259 -145.49292064927744 350048.41151704825461 12.67180556254085 83.61446045702593
53550.0 0.00050209566419 20.15774480221689 -145.45308340709707 350004.94328202307224 12.59111070511533 83.83760722904381
53580.0 0.00294516073886 20.12178279031563 -145.41336016214220 349953.69097019173205 12.51038532431298 84.06052688886165
53610.0 0.00417071816812 20.08560063569969 -145.37218583285332 349960.95139500033110 12.42944615952574 84.28338362125719
53640.0 -0.00212510393149 20.04913587188629 -145.33110948861736 349957.64668555650860 12.34832928583248 84.50614068801663
53670.0 0.00936373997373 20.01244775461898 -145.28859613342061 350014.48034676723182 12.26712429291236 84.72871327772570
53700.0 0.00027871800376 19.97542855348845 -145.24773020214081 349991.44327148050070 12.18574652411263 84.95117481622594
53730.0 0.00106154795879 19.93817482191550 -145.20542773387874 350028.14885297976434 12.10427357767880 85.17345181015132
53760.0 0.00363340484737 19.90059049810997 -145.16476744549746 349983.65249005798250 12.02254285197581 85.39568725053914
53790.0 0.01138017477809 19.86276588099011 -145.12267526523161 349999.10945136565715 11.94074564742965 85.61770561598546
53820.0 0.00424718934177 19.82466525824553 -145.08069818951830 350005.09224140364677 11.85885834249693 85.83952523025617
53850.0 0.00087237981139 19.78626344193669 -145.03881858841987 349998.61619187146425 11.77671232862716 86.06129333470724
53880.0 -0.00205869528310 19.74756922741365 -144.99704385647823 349980.53881627134979 11.69435969554650 86.28295951846010
53910.0 0.00099614154454 19.70860540180443 -144.95384081423788 350021.94855773076415 11.61195774096839 86.50438071700049
53940.0 0.00888378091962 19.66934361289623 -144.91229428781398 349982.76556782796979 11.52932375219218 86.72571575362035
53970.0 0.01059030436464 19.62977895512497 -144.86930461920664 350000.16146504692733 11.44649260086426 86.94693002792134
54000.0 -0.00120140925962 19.58992911641528 -144.82643551987630 350007.34615105018020 11.36355437107567 87.16794080254448
54030.0 0.00438101596395 19.54978180582889 -144.78367910089852 350002.77612392790616 11.28042498151960 87.38881851170734
54060.0 0.00695488677584 19.50935021475691 -144.74104532116635 349987.81349618081003 11.19718237135992 87.60949213931383
54090.0 0.00666409350538 19.46857091677888 -144.69696249201803 350027.19647030439228 11.11366345653821 87.83010052908239
54120.0 0.00429649382458 19.42754626800633 -144.65456300532375 349988.78521876316518 11.03005988699773 88.05047309904973
54150.0 0.00405500385505 19.38619099271576 -144.61073501345555 350007.50198858417571 10.94634933307118 88.27062651312670
54180.0 0.00226597337585 19.34451691119438 -144.56701652859471 350012.45237582176924 10.86236109503395 88.49070541193031
54210.0 0.01024618231038 19.30253334863741 -144.52341477167289 350004.53780868370086 10.77814784798268 88.71066038109358
54240.0 -0.00264732582810 19.26026698463787 -144.47994822489278 349986.62890730332583 10.69386772567486 88.93035194350269
54270.0 0.00605433331195 19.21761488880392 -144.43504149424405 350022.43417429551482 10.60933864064815 89.14993361479117
54300.0 0.00309709967015 19.17464574867439 -144.39025627027763 350045.19901623949409 10.52459424302651 89.36937288851192
54330.0 -0.00223780090524 19.13146170102129 -144.34716116546119 349989.64610917959362 10.43972509629040 89.58858912313306
54360.0 0.00703940773333 19.08788369297552 -144.30263393509048 349988.12691127136350 10.35464897394658 89.80764934345591
54390.0 0.00225289232938 19.04390733935280 -144.25668350898530 350041.72208775393665 10.26944174237313 90.02648589477404
54420.0 0.00881334678838 18.99969713262483 -144.21240959934249 350013.77080027014017 10.18394106575684 90.24523307152624
54450.0 0.00765319222773 18.95519382023524 -144.16827616425047 349974.67741566617042 10.09833888987451 90.46372523467889
54480.0 0.01001978494687 18.91027885530323 -144.12272413627929 349990.43034216109663 10.01261421501825 90.68197745107763
54510.0 0.00484789515346 18.86502845117864 -144.07729475744546 349991.04897165484726 9.92659428905692 90.90013170518274
54540.0 0.01859566724858 18.81932428348360 -144.03043693436672 350043.71454419009387 9.84033236690331 91.11813961111899
54570.0 -0.00473318662016 18.77357897226435 -143.98684285033482 349952.75011439155787 9.75398738800946 91.33586529945634
54600.0 0.00117323560712 18.72723802091196 -143.94026261354921 349979.32366150431335 9.66737797237474 91.55345703632030
54630.0 0.00073251614680 18.68056432275057 -143.89381725924389 349991.53604707960039 9.58053652807344 91.77088436472262
54660.0 0.00686231721639 18.63357456641522 -143.84751750383862 349991.11154758930206 9.49355407816078 91.98806875863866
54690.0 -0.00018212414333 18.58625597108094 -143.80135637060613 349976.40815321542323 9.40634970164751 92.20507414169941
54720.0 0.01555692998861 18.53845843923052 -143.75378525799940 350014.51175333838910 9.31899834419239 92.42183573169349
54750.0 0.01484051222761 18.49030713109872 -143.70634693371971 350036.29701612889767 9.23133791340707 92.63848352361987
54780.0 0.00618614482894 18.44201270003957 -143.66061939488415 349980.04346165340394 9.14356058877162 92.85485681998466
54810.0 0.00740264905835 18.39304457720069 -143.61193046362285 350041.75910578761250 9.05564673686294 93.07096915470808
54840.0 0.01275867337277 18.34408978898217 -143.56649195915409 349956.13180467952043 8.96742159773133 93.28695980441196
54870.0 0.00204963853761 18.29441830733408 -143.51808358086114 349985.53378684166819 8.87893899649518 93.50278144240694
54900.0 0.01074123515239 18.24442379087978 -143.46983642503497 350002.37085372023284 8.79035864051841 93.71830182340007
54930.0 0.00840784734838 18.19407545663740 -143.42173380679549 350002.91046450100839 8.70149994330627 93.93366402764497
54960.0 0.00688143294151 18.14337991316782 -143.37378016722130 349987.70949662104249 8.61239404867619 94.14883960154371
55050.0 0.00072648028627 17.98883072288325 -143.22775551028752 349984.26746243517846 8.34397724458051 94.79290891459087
55080.0 0.01048364561518 17.93629456660281 -143.17731540928088 350036.76302137598395 8.25399592261618 95.00721691728198
55110.0 0.00717021465243 17.88365629809026 -143.12859683873651 350010.75037154089659 8.16388386173870 95.22123081572363
55140.0 0.00819654377277 17.83068400878930 -143.08004518136474 349970.48153173178434 8.07362282892416 95.43496267617100
55230.0 -0.00465168182012 17.66856804123859 -142.92912477617298 350003.42714723572135 7.80115791966541 96.07505789156586
55260.0 0.00542746540732 17.61364341421038 -142.87812246967212 350026.16001630946994 7.70996496376465 96.28789774430507
55320.0 0.01139929286697 17.50266729377031 -142.77660716001077 350018.18127729278058 7.52673377428368 96.71299748178593
55350.0 0.01012241821347 17.44664105886477 -142.72610810865334 349989.94760070182383 7.43481735949753 96.92515684923076
55380.0 0.01157135448503 17.38995341755701 -142.67423129261613 350008.19917030725628 7.34265288187773 97.13708898706577
55410.0 0.01030756087801 17.33290309317827 -142.62253343952318 350010.52484958991408 7.25031337512065 97.34873488502417
55440.0 0.01156330233744 17.27546083383186 -142.57100069827493 349993.28238502703607 7.15763739435802 97.56021577322906
55470.0 0.01297601517266 17.21735126171453 -142.51810725752938 350024.20684898272157 7.06481749235078 97.77138116061204
55500.0 0.01267817908001 17.15919328792954 -142.46694314272338 349975.67981581855565 6.97183687263700 97.98224168478238
