# sod		dsTEC/dt [TECU/s]		lat		lon		h_ipp		ele		azi
9300.0 0.01752104297084 14.16178063585301 -166.06757049230887 350041.24863434489816 8.93684520209128 244.76459817599556
9360.0 0.01823142250755 14.29266659194663 -165.96637150207798 349966.31697158887982 9.19165789638161 245.10780854697856
9390.0 0.01998624347372 14.35689204411858 -165.91694071672632 349953.53410157747567 9.31859577870391 245.28014155557781
9420.0 0.01613046674570 14.42010568022771 -165.86874087468462 349983.27714180201292 9.44538633009364 245.45303488699187
9450.0 0.01572999738646 14.48298935029360 -165.82041229988451 349984.97994319535792 9.57182113149091 245.62639182641431
9480.0 0.01872949268888 14.54486802138915 -165.77332487827570 350028.48275692481548 9.69803256016088 245.80027299527148
9510.0 0.01312292165944 14.60645342835253 -165.72609755049439 350048.72959229256958 9.82410692119481 245.97471858656206
9540.0 0.00764816096510 14.66770653689277 -165.67874818474135 350040.35763529874384 9.94976104752303 246.14959524103531
9570.0 0.01631158156362 14.72867684774721 -165.63125265935705 350010.82728251628578 10.07537641985057 246.32508214684816
9600.0 0.01142847348112 14.78931397047099 -165.58363441568073 349953.15408918075264 10.20058261264408 246.50100372926926
9630.0 0.00911218984268 14.84829710839001 -165.53865665747179 350005.10546318627894 10.32548557150017 246.67740907127330
9660.0 0.00833841781503 14.90699600016574 -165.49354640601413 350034.24687841255218 10.45021698316523 246.85436062122284
9690.0 0.01152406156178 14.96539015724634 -165.44831304610815 350037.92331013921648 10.57462958116609 247.03178716986304
9720.0 0.01275766877487 15.02350472624159 -165.40294381668591 350020.00973777286708 10.69892551542522 247.20978590112469
9750.0 0.01165285573944 15.08129869407039 -165.35745827360765 349974.93880298081785 10.82279823436120 247.38820751362209
9780.0 0.01973770950012 15.13752183729047 -165.31462183421021 350044.78914112318307 10.94651355950558 247.56718063367683
9810.0 0.01517155323539 15.19472343661134 -165.26888585310058 349952.06733737327158 11.06986469884801 247.74660338503233
9840.0 0.01517457293848 15.25036230147043 -165.22580884751679 349973.68969221320003 11.19298257349337 247.92653922953156
9870.0 0.01478919500337 15.30573212035455 -165.18260306837837 349974.30045396927744 11.31595612610667 248.10703197861727
9900.0 0.01466643905000 15.36017389282558 -165.14068262647353 350018.00990757904947 11.43849981787491 248.28793894433275
9930.0 0.01224551058541 15.41436680456899 -165.09862973772942 350042.94103110022843 11.56099647195683 248.46945067106083
9960.0 0.01412208172518 15.46887405835904 -165.05507035025340 349973.17263909243047 11.68307521291720 248.65138067096481
9990.0 0.00866744726326 15.52187428993358 -165.01419163951013 350019.02830671705306 11.80484287471675 248.83378132426517
10020.0 0.01230286367018 15.57461571127444 -164.97319166113792 350044.35813687741756 11.92643064292517 249.01671846773934
10050.0 0.00979238416735 15.62707884499013 -164.93208004628161 350046.70227127056569 12.04769158698815 249.20011667051074
10080.0 0.01303638796051 15.67928778747429 -164.89084401751168 350029.65727336984128 12.16882765067470 249.38407872777702
10110.0 0.01235216697111 15.73120353273687 -164.84950346541245 349988.07105349656194 12.28953354965431 249.56844692203305
10140.0 0.01261881207194 15.78227728987203 -164.80944580417736 349996.94556186255068 12.41007322572551 249.75335650456793
10170.0 0.01545832220488 15.83307352037905 -164.76928235524318 349982.84379077702761 12.53024169849498 249.93870031951849
10200.0 0.01265704824970 15.88303702557108 -164.73041111152091 350018.75397013220936 12.65016833822359 250.12454470207626
10230.0 0.01460304892282 15.93275842561838 -164.69142220672254 350035.93428709916770 12.76994465458525 250.31093730706689
10260.0 0.01577829490761 15.98220160703118 -164.65233457424091 350029.68056255113333 12.88928299735319 250.49772569420719
10290.0 0.01083883597448 16.03141229119622 -164.61312355590499 350006.47415316943079 13.00856722413499 250.68511220915673
10320.0 0.01001978612875 16.08034442570595 -164.57381358093861 349960.27166491001844 13.12742633319843 250.87289904765191
10350.0 0.01406975990305 16.12792191281300 -164.53721914316236 350035.94462904147804 13.24596796652763 251.06114203213616
10380.0 0.00521012715306 16.17634643943452 -164.49769149118498 349950.09701731801033 13.36432271488373 251.24991048193317
10410.0 0.00728995208460 16.22343339852787 -164.46088445596251 349986.71746935136616 13.48234411742993 251.43912460587495
10440.0 0.00517088637740 16.27029419182387 -164.42396396660590 350006.17907129414380 13.60023375133045 251.62889299106962
10470.0 0.00339795192024 16.31689165771792 -164.38695028129817 350003.70066886208951 13.71768787560974 251.81904926395691
10500.0 0.00333657571638 16.36325604177266 -164.34982653488416 349983.57152066472918 13.83496834117931 252.00973544642051
10530.0 0.00172262183081 16.40884972067982 -164.31402177996443 350015.13350859284401 13.95187216723890 252.20083899410244
10560.0 -0.00159584039458 16.45421008830827 -164.27811411277412 350028.36938221193850 14.06852707729063 252.39242914547339
10590.0 0.00422002265093 16.49984930860544 -164.24068088192061 349952.02852152287960 14.18502706689303 252.58455763199066
10620.0 -0.00123159565355 16.54422629184984 -164.20599191762116 350000.09517194516957 14.30108265135880 252.77706183702742
10650.0 -0.00129901008170 16.58839985370816 -164.17118989767499 350033.36073016654700 14.41707839625369 252.97015635416764
10680.0 -0.00315445157304 16.63232584526749 -164.13629982731322 350046.17988708335906 14.53264351227899 253.16363166546608
10710.0 -0.00073855318921 16.67601610388807 -164.10131490195661 350040.33411273080856 14.64788636213626 253.35754718403797
10740.0 -0.00193392658830 16.71948479392012 -164.06622682853535 350017.89436518028378 14.76293684432453 253.55197580556501
10770.0 -0.00251148764637 16.76271418908005 -164.03104576141757 349976.73163972422481 14.87764910537237 253.74683324518173
10800.0 0.00104041712848 16.80526162323153 -163.99717979732500 349993.93753965198994 14.99222418854428 253.94223406153247
10830.0 -0.00104645298901 16.84756717319052 -163.96322960673487 349991.42664700187743 15.10636017310115 254.13800296220217
10860.0 -0.00323897253053 16.88920551348196 -163.93060037439244 350047.48879427462816 15.22031663366248 254.33428895714786
10890.0 -0.00259097734122 16.93106670895028 -163.89646213738641 350010.76595034450293 15.33389275415556 254.53097397155844
10920.0 -0.00638436735808 16.97270472502764 -163.86222851429011 349957.36348997708410 15.44721451423162 254.72813017299600
10950.0 -0.00540935664385 17.01369141643445 -163.82931712689637 349963.58569819945842 15.56037830379884 254.92581361048121
10980.0 -0.00623142619265 17.05444199299481 -163.79632541488971 349950.78411784209311 15.67309309524452 255.12385106973258
11010.0 -0.00318966922960 17.09457157038492 -163.76465220421835 349999.79906242340803 15.78574381980319 255.32246983757724
11040.0 -0.00945228523220 17.13447591112278 -163.73289940620879 350030.52845125738531 15.89796025068419 255.52144829437796
11070.0 -0.00655643015802 17.17458320891445 -163.69963466675387 349969.14479830674827 16.00985137780695 255.72084959534939
11100.0 -0.00800737680725 17.21365707815191 -163.66912568062867 350044.07940175570548 16.12154630623215 255.92075030492157
11130.0 -0.00728190230076 17.25333647045627 -163.63568063915773 349950.99676635954529 16.23289993051206 256.12106151826742
11160.0 -0.00445346165474 17.29200848050679 -163.60498985272673 349995.83549605030566 16.34411258604651 256.32190394215297
11190.0 -0.00800234554462 17.33046174664420 -163.57422292483182 350023.10772594902664 16.45488447202978 256.52309321985967
11220.0 -0.01021297621337 17.36872391095686 -163.54336253297208 350036.50547766033560 16.56547260597144 256.72478532083932
11250.0 -0.00657755980646 17.40677239624481 -163.51242289006822 350033.33655946422368 16.67567857577906 256.92685664545968
11280.0 -0.00579171369399 17.44462011608330 -163.48139584940378 350015.41147998906672 16.78562651974553 257.12938231133614
11310.0 -0.01092335929573 17.48227705498428 -163.45027497238942 349984.15620706789196 16.89541511994241 257.33242293262606
11340.0 -0.01029950991229 17.51934261586466 -163.42050913408315 350012.67051673401147 17.00475211045560 257.53579428231308
11370.0 -0.01345496844699 17.55623677401548 -163.39064428978048 350029.59650325868279 17.11402243051917 257.73973678010793
11400.0 -0.01330202491781 17.59327587473105 -163.35927851877554 349952.59501095488667 17.22285677629172 257.94401633063444
11430.0 -0.01189132718777 17.62939971550369 -163.33068953420872 350015.38282928988338 17.33136466467785 258.14869998427184
11460.0 -0.01485258631243 17.66569281702472 -163.30058387625294 349987.61905043106526 17.43967430317666 258.35386806441250
11490.0 -0.01771725157666 17.70144099292138 -163.27182919460986 350022.71247659809887 17.54764147642881 258.55942692852119
11520.0 -0.01656917110083 17.73735197870057 -163.24155461868645 349967.77427070587873 17.65546563260689 258.76550360356379
11550.0 -0.01632768349506 17.77271710192872 -163.21263917307542 349974.88484967593104 17.76284937494586 258.97190443800918
11580.0 -0.01683883354098 17.80790363347302 -163.18363657867397 349969.58879103139043 17.87004697249500 259.17879255763370
11610.0 -0.01675532072703 17.84257106283039 -163.15599016862004 350027.95696018822491 17.97686258062140 259.38603872523646
11640.0 -0.01681871085421 17.87737518226428 -163.12683404285062 349994.68361514247954 18.08341839872345 259.59372102370241
11670.0 -0.01799999269953 17.91169336309460 -163.09901905309681 350028.46122540440410 18.18981528837276 259.80190488551801
11700.0 -0.01843769363864 17.94611568169180 -163.06970922517357 349967.89723551552743 18.29576006075894 260.01039466517631
11760.0 -0.01867113264246 18.01382869604283 -163.01369419330260 349969.25306899007410 18.50707897024299 260.42880699983687
11790.0 -0.01958376255492 18.04711293113537 -162.98700837851823 350028.67957904562354 18.61219503134423 260.63855372629814
11820.0 -0.01811470123282 18.08051438345466 -162.95881155668900 349996.95370696578175 18.71711267897481 260.84876869464455
11880.0 -0.01908468423006 18.14649738747653 -162.90361759105369 349975.74765210039914 18.92612156171847 261.27044140587077
12030.0 -0.01984738677079 18.30743439430687 -162.76933805814383 349987.57003793120384 19.44353471654962 262.33159150844966
17550.0 -0.01975582299111 21.84207632172906 -158.85022864871613 349983.92391363345087 34.48955353784049 306.47814800920474
17610.0 -0.01944590926800 21.86153759143665 -158.81100586545989 350040.60523580573499 34.62628295962453 306.99413768969492
17640.0 -0.01855139639217 21.87044337826431 -158.79038802027301 349959.48596008028835 34.69454674970471 307.25226534658754
17670.0 -0.01900116905234 21.87991284466201 -158.77072858653003 349983.48420246131718 34.76285257047563 307.51065669734498
17700.0 -0.01933120191659 21.88927249003763 -158.75106558320098 350005.00345291104168 34.83101466789337 307.76900364714635
17730.0 -0.01910480809872 21.89853742824088 -158.73136186026969 350025.91183129418641 34.89931585520853 308.02777053679318
17760.0 -0.01908468304818 21.90769147143989 -158.71165813077656 350044.24916010163724 34.96745788875489 308.28646094586128
17790.0 -0.01972261689410 21.91605569583069 -158.69098038868461 349953.64347271062434 35.03553979890020 308.54523512553021
17820.0 -0.01876068722634 21.92499988117557 -158.67124395731531 349968.66661196202040 35.10365615187737 308.80424887567938
17850.0 -0.01878885851508 21.93383738849839 -158.65149849714183 349981.68669488094747 35.17169749333527 309.06331573294915
17880.0 -0.01921548996727 21.94257613810666 -158.63172379505707 349993.70848489366472 35.23981774630747 309.32269352459252
17910.0 -0.01890356586650 21.95120481177528 -158.61194987102002 350003.33808286208659 35.30780187341266 309.58201474492103
17940.0 -0.01831795502459 21.95973225450338 -158.59215391195457 350011.69835954625160 35.37582239926336 309.84157010874515
17970.0 -0.01868522065059 21.96815180485427 -158.57235411990087 350017.96845371555537 35.44375184751566 310.10113858024249
18000.0 -0.01914304309460 21.97647096951389 -158.55253073601992 350023.11228138767183 35.51173921085758 310.36097395122539
18030.0 -0.01928793683995 21.98468553783783 -158.53269550874543 350026.61533470172435 35.57970425722397 310.62093581136929
18060.0 -0.01735199751022 21.99279298977182 -158.51285591178430 350028.16903076693416 35.64759837315909 310.88093654121155
18090.0 -0.01901827439980 22.00079466685388 -158.49300887867940 350027.95634799636900 35.71544931769989 311.14102097143143
18120.0 -0.01744758913651 22.00869505353751 -158.47314228423627 350026.56814685091376 35.78334931005956 311.40134869786482
18150.0 -0.01790239305932 22.01648876051369 -158.45327180176287 350023.32392798084766 35.85119116327974 311.66172862457603
18180.0 -0.01704108155298 22.02418306654328 -158.43337705786573 350019.18123981449753 35.91912537373211 311.92242539187703
18210.0 -0.01735803455263 22.03176767415259 -158.41348823475488 350012.81295005325228 35.98694213791555 312.18306337898855
18240.0 -0.01717692091659 22.03925064365531 -158.39358251120694 350005.28150290343910 36.05480891748844 312.44393878635327
18270.0 -0.01568069172177 22.04662597377825 -158.37367808036856 349995.80975100863725 36.12260206891596 312.70482710461414
18300.0 -0.01570484461892 22.05390051760841 -158.35375511503332 349985.31235064100474 36.19046665163449 312.96598781852475
18330.0 -0.01620190665672 22.06107046448540 -158.33382544217864 349973.29743241984397 36.25832419483626 313.22727730616151
18360.0 -0.01603890060227 22.06813356004431 -158.31389658772514 349959.47130022756755 36.32612721535919 313.48860604729282
18390.0 -0.01513331942139 22.07546511047894 -158.29440077409484 349998.60212937369943 36.39390313402695 313.75002092832835
18420.0 -0.01525808575243 22.08269812925411 -158.27488576459288 350036.76451821811497 36.46174175860959 314.01168537867699
18450.0 -0.01441488773707 22.08945074913445 -158.25493666992270 350018.60770511068404 36.52953822244999 314.27340361841817
18480.0 -0.01442998034310 22.09610362865439 -158.23496834333073 349999.63670746143907 36.59743947726287 314.53544718501809
18510.0 -0.01603990874580 22.10264749245943 -158.21501108591730 349978.58931766357273 36.66524105369041 314.79743230455824
18540.0 -0.01345698118842 22.10908962201632 -158.19504209900037 349956.46945762261748 36.73310527281387 315.05966064420215
18570.0 -0.01416836650491 22.11619011016576 -158.17592188822741 350042.36816519126296 36.80091234515354 315.32190426823229
18600.0 -0.01460606744402 22.12242447250338 -158.15594993814122 350017.23783039767295 36.86874307963660 315.58431349080263
18630.0 -0.01469159418129 22.12855847998850 -158.13596316062467 349991.25144945923239 36.93667157403588 315.84702877325765
18660.0 -0.01350527870957 22.13458704423418 -158.11597931148896 349963.69910240545869 37.00458153739525 316.10982656336256
18690.0 -0.01431124869070 22.14128593382755 -158.09682512413815 350044.71884395554662 37.07245388127945 316.37266711182639
18720.0 -0.01466442630857 22.14710596543684 -158.07684625025109 350014.08076179027557 37.14031553456221 316.63559946800973
18750.0 -0.01311285795229 22.15282460761449 -158.05685844048492 349982.45882585644722 37.20825359200503 316.89879136416783
18780.0 -0.01434847908869 22.15882988841943 -158.03728190159342 350004.52004423364997 37.27616581898668 317.16204182282183
18810.0 -0.01460002921973 22.16473805649121 -158.01768682155833 350025.94766194187105 37.34419511605190 317.42563006312764
18840.0 -0.01359181240849 22.17014597795147 -157.99770414127656 349990.15778543520719 37.41214296459604 317.68916319699230
18870.0 -0.01413214306857 22.17545240009543 -157.97771540960773 349953.37775918841362 37.48016604229412 317.95294910640609
18900.0 -0.01398523894556 22.18144774527740 -157.95852779877586 350025.90819198545069 37.54814873340651 318.21675594462027
18930.0 -0.01291060994029 22.18654762348582 -157.93854721355015 349986.33890999760479 37.61616908401732 318.48073749278223
18960.0 -0.01394599816990 22.19194741123115 -157.91894698764068 350001.58505471423268 37.68429900891034 318.74503827815039
18990.0 -0.01408183398787 22.19724146561757 -157.89936475910784 350014.92040852084756 37.75233122269618 319.00923740426759
19020.0 -0.01277175441924 22.20203827841651 -157.87937323465681 349972.32315220218152 37.82055005426434 319.27391135372881
19050.0 -0.01468354439745 22.20753497399496 -157.86016869331362 350039.30137400887907 37.88868271533510 319.53850265835257
19080.0 -0.01319235001090 22.21212251861269 -157.84020422024639 349993.46471617836505 37.95682080463358 319.80319569237167
19110.0 -0.01277477294044 22.21701538520229 -157.82061407170619 350002.58743867930025 38.02504837187020 320.06816298955465
19140.0 -0.01313499456237 22.22180611338700 -157.80103203166985 350010.32704439666122 38.09326615275619 320.33319782763994
19170.0 -0.01358577654796 22.22609126170083 -157.78106517116640 349961.52217892557383 38.16161243955345 320.59858794558534
19200.0 -0.01313298182094 22.23108947612193 -157.76186046292935 350022.96342777274549 38.22989533181011 320.86393032107696
19230.0 -0.01212376041181 22.23516978272978 -157.74191149800927 349971.54233508370817 38.29826531774493 321.12953983919471
19260.0 -0.01252926103369 22.23996934315383 -157.72270991919225 350030.81071078777313 38.36661129568444 321.39518023465075
19290.0 -0.01237128505999 22.24384522485107 -157.70278112663843 349976.79713470954448 38.43500824773313 321.66100917939161
19320.0 -0.01172429565046 22.24845000653846 -157.68356827144541 350034.51882108300924 38.50352559845032 321.92717572673382
19350.0 -0.01184302966662 22.25212220037627 -157.66366032358999 349977.99040810298175 38.57196250439010 322.19324671030330
19380.0 -0.01131477190948 22.25653028253453 -157.64444757668224 350033.83488458022475 38.64059455217684 322.45981722712992
19410.0 -0.01164883025658 22.26000195373172 -157.62454957636112 349975.28366050962359 38.70915693806803 322.72631215089461
19440.0 -0.01226563445407 22.26420804770763 -157.60536575134043 350028.30706775467843 38.77773871961463 322.99292284745246
19470.0 -0.01045647892434 22.26747928118784 -157.58548119943518 349967.69931463059038 38.84642078661390 323.25982674852992
19500.0 -0.01213684027640 22.27148879260596 -157.56630433487749 350018.78851780109107 38.91510694641373 323.52681126481372
19530.0 -0.01128257159224 22.27456053876630 -157.54643219112882 349956.24611015990376 38.98393067902735 323.79417284329332
19560.0 -0.01114069873186 22.27837321961857 -157.52726707531059 350005.31804119795561 39.05270689312893 324.06149816681858
19590.0 -0.01204628227650 22.28166654666486 -157.50776132147010 349997.02022479008883 39.12157973723333 324.32910918823211
19620.0 -0.01040516170010 22.28485896660365 -157.48827450071653 349987.35169467888772 39.19044268312572 324.59676521799366
19650.0 -0.01122521850747 22.28837835668790 -157.46912697736238 350033.52693554572761 39.25936755005715 324.86462786970907
19680.0 -0.01145664713362 22.29095001179537 -157.44931432134086 349965.49003740679473 39.32842115280068 325.13285083719131
19710.0 -0.01071809039877 22.29427255048464 -157.43018918311571 350009.49711199570447 39.39740934595634 325.40098839901009
19740.0 -0.01217910075515 22.29707418054547 -157.41072216041240 349996.44976740051061 39.46659852385805 325.66965475933119
19770.0 -0.01017675395892 22.29977418098802 -157.39128477605360 349981.77974588889629 39.53573226194901 325.93825667011293
19800.0 -0.01073519810998 22.30280540479314 -157.37218186003210 350023.04014698136598 39.60489688644078 326.20699269902559
19830.0 -0.01073318536855 22.30531053597730 -157.35276181461057 350006.57033973746002 39.67417000084023 326.47604528801685
19860.0 -0.01065973153422 22.30771646441293 -157.33336163968332 349988.87399539630860 39.74345859976839 326.74519583761469
19890.0 -0.01023813252655 22.31045958106444 -157.31427100719034 350027.88597757183015 39.81289112648057 327.01474971815361
19920.0 -0.01051986786964 22.31223674640999 -157.29458874542516 349950.94266622699797 39.88228951515369 327.28428312085026
19950.0 -0.00964145456148 22.31478480097903 -157.27552917808970 349987.81498581264168 39.95179140666380 327.55412515542793
19980.0 -0.00983866894707 22.31723552785932 -157.25648900366443 350023.48968312237412 40.02129491772193 327.82403068414771
20010.0 -0.00885158178427 22.31915460040631 -157.23715728639112 350000.90463794767857 40.09086859634019 328.09416532549022
20040.0 -0.00901861213970 22.32097821286582 -157.21782893616518 349977.73889057058841 40.16057651582687 328.36468754214428
20070.0 -0.00866644030161 22.32313977190913 -157.19883102962055 350010.51600478962064 40.23023151764291 328.63513872875791
20100.0 -0.00930135680820 22.32520926398361 -157.17982038428090 350043.19019683916122 40.30009030484557 328.90615275080876
20130.0 -0.00929833592324 22.32630246489722 -157.16026106205570 349959.13005134649575 40.36990527410907 329.17711771519708
20160.0 -0.00850645395024 22.32817711048849 -157.14130229216562 349989.26384939160198 40.43975981216798 329.44823962145028
20190.0 -0.00798926449815 22.32995789732574 -157.12234774418260 350018.80352570395917 40.50972809587951 329.71970604989161
20220.0 -0.00808384798091 22.33164297922136 -157.10341342711601 350047.26659260317683 40.57972043977411 329.99129222630410
20250.0 -0.00756565274904 22.33235073637954 -157.08392100728398 349959.60314973723143 40.64986000111324 330.26331268696862
20280.0 -0.00817943724344 22.33384504195443 -157.06502103033444 349986.21081354841590 40.71997598617057 330.53533289792460
20310.0 -0.00841086468771 22.33524578589581 -157.04612839812023 350012.18431305047125 40.79019933879702 330.80768923856965
20340.0 -0.00727284791902 22.33655117425355 -157.02726063644968 350037.00668073911220 40.86043290643482 331.08013208105422
20370.0 -0.00767029757519 22.33731779809373 -157.00813880596942 350002.96104518510401 40.93074184569284 331.35283112332036
20400.0 -0.00749320587637 22.33799046972830 -156.98902598217418 349968.32672246079892 41.00118734217244 331.62594973852833
20430.0 -0.00749723135923 22.33901219009068 -156.97021718985820 349990.32079848274589 41.07158955265596 331.89901606697998
20460.0 -0.00683715972134 22.33994266272633 -156.95140113840390 350012.17673971969634 41.14219493084871 332.17268424863596
20490.0 -0.00680898725072 22.34077784435656 -156.93262069164791 350032.64232391305268 41.21276519173013 332.44632315955016
20520.0 -0.00755559022377 22.34107145668937 -156.91360750286921 349993.81655597500503 41.28338055439374 332.72014648431730
20550.0 -0.00636323770964 22.34127154752368 -156.89460939044025 349954.28524439595640 41.35411161166677 332.99434708369728
20580.0 -0.00643870310352 22.34182594677565 -156.87589156898414 349972.02396208792925 41.42487215020234 333.26869382190159
20610.0 -0.00600503119290 22.34228871151454 -156.85717862284034 349989.31999473087490 41.49577976286007 333.54351066978262
20640.0 -0.00678383093755 22.34265756484373 -156.83850058073224 350005.32646832056344 41.56667121007266 333.81835209922525
20670.0 -0.00627770979050 22.34293450225956 -156.81983540347017 350020.68450156226754 41.63767052370449 334.09356189272040
20700.0 -0.00601308097674 22.34311841585160 -156.80120039483785 350034.91728931013495 41.70868538450166 334.36888587377592
20730.0 -0.00606539925324 22.34321034112532 -156.78258476323862 350048.34175843186677 41.77977742348432 334.64449790389625
20760.0 -0.00523830198744 22.34275910765609 -156.76374518583125 350002.51542909443378 41.85100477567860 334.92056642114937
20790.0 -0.00607747570182 22.34221390900318 -156.74495230598248 349955.19177851825953 41.92219528596544 335.19660589689778
20820.0 -0.00612879292605 22.34203069642998 -156.72639052467005 349966.41343361604959 41.99358453268913 335.47329141649249
20850.0 -0.00669126019622 22.34175499288237 -156.70786963804915 349976.27797946520150 42.06494411178547 335.74997198259820
20880.0 -0.00612174892199 22.34138791103673 -156.68937586973448 349985.17680570762604 42.13635082056854 336.02686923413489
20910.0 -0.00515076132686 22.34093030763609 -156.67089709733943 349993.44710897933692 42.20787149140130 336.30418146783137
20940.0 -0.00550192856706 22.34038156524273 -156.65244921952097 350000.67053305730224 42.27942355794337 336.58167097797087
20970.0 -0.00505416510267 22.33974287386962 -156.63401152766352 350007.40859538409859 42.35111873625944 336.85967146099250
21000.0 -0.00529565507221 22.33901309387058 -156.61561381600535 350012.87927172612399 42.42280166363834 337.13772609252436
21030.0 -0.00453496409103 22.33819340660452 -156.59723430837596 350017.66869973018765 42.49458921565488 337.41618620805008
21060.0 -0.00480664045449 22.33728336854939 -156.57889005384607 350021.33915859367698 42.56639402775640 337.69479300843432
21090.0 -0.00487908496340 22.33628362513770 -156.56057036988202 350024.17980214953423 42.63827405525710 337.97372461020149
21120.0 -0.00470300140812 22.33519467618407 -156.54226498188470 350026.46172737330198 42.71028419990991 338.25315467911696
21150.0 -0.00464262743838 22.33401580573316 -156.52400593734049 350027.37028654292226 42.78226041928032 338.53258356440710
21180.0 -0.00421197286709 22.33274838749536 -156.50575015701861 350028.01362343132496 42.85442671183415 338.81270801716596
21210.0 -0.00387590059668 22.33139158720637 -156.48754032082698 350027.31397765409201 42.92656519080892 339.09285646864009
21240.0 -0.00414858155803 22.32994602271766 -156.46936261659013 350025.63288562372327 42.99874894930363 339.37325879802830
21270.0 -0.00462250475160 22.32841211617038 -156.45120500864689 350023.27818552684039 43.07104086047562 339.65411890209697
21300.0 -0.00418077951151 22.32678985080166 -156.43308329763533 350019.86306476872414 43.14336220545022 339.93519227585443
21330.0 -0.00367868502920 22.32507966711042 -156.41497688838132 350015.90199000574648 43.21581847258663 340.21682264974078
21360.0 -0.00384973850373 22.32328153723518 -156.39691528677784 350010.67678244505078 43.28826254450198 340.49854157159928
21390.0 -0.00284554599347 22.32139585332826 -156.37887701416071 350004.72000591177493 43.36080386305883 340.78070808950355
21420.0 -0.00371893394839 22.31942281274275 -156.36087883432245 349997.63204964343458 43.43336016084851 341.06305869460067
21450.0 -0.00313835082348 22.31736268144141 -156.34291019003294 349989.67496444936842 43.50598554895621 341.34577585176748
21480.0 -0.00248230821409 22.31521559669402 -156.32496086450035 349981.09538977593184 43.57873149133771 341.62903862272015
21510.0 -0.00369880653410 22.31298203031137 -156.30706267688771 349971.14489289838821 43.65144254075750 341.91233274653177
21540.0 -0.00335066254262 22.31066179144648 -156.28917274144638 349960.83900911454111 43.72433032264870 342.19637739837754
21570.0 -0.00235653137575 22.30871517028797 -156.27149284037398 350009.32160820532590 43.79718818742808 342.48047969262223
21600.0 -0.00283649042985 22.30622327850010 -156.25368778143630 349996.70588180795312 43.87008520900589 342.76487804539505
21630.0 -0.00246922598574 22.30410525979267 -156.23606152904333 350043.59229145944118 43.94308007759029 343.04978212036877
21660.0 -0.00116619160306 22.30144234977122 -156.21831933970299 350029.20068498980254 44.01609815106062 343.33494036486940
21690.0 -0.00163407657234 22.29869387840125 -156.20059734225794 350014.18570787087083 44.08923829579680 343.62070686022969
21720.0 -0.00120643934037 22.29586090093619 -156.18292470313784 349997.89217697177082 44.16236205944772 343.90660117221216
21750.0 -0.00168338105515 22.29294304717319 -156.16528027347235 349980.80038558691740 44.23557113603577 344.19299022089143
21780.0 -0.00102532215869 22.28994113015997 -156.14768050346726 349962.54795554839075 44.30878852087451 344.47960569058301
21810.0 -0.00098507323950 22.28731487724456 -156.13025238485460 350003.91612210310996 44.38206429204685 344.76663448348700
21840.0 -0.00176488349144 22.28460418208257 -156.11284288680878 350044.68437472451478 44.45544624656146 345.05426122346614
21870.0 -0.00103236616276 22.28135088979044 -156.09535162419158 350023.52109401207417 44.52878807982587 345.34195652529888
21900.0 -0.00047895327433 22.27801308937612 -156.07787336790102 350001.89611323457211 44.60228815197006 345.63046276584953
21930.0 -0.00122656320903 22.27459307253038 -156.06045030851666 349978.90473067853600 44.67575186394589 345.91906496186971
21960.0 -0.00122857476858 22.27109047139094 -156.04306863559776 349954.84871054347605 44.74924391905717 346.20801036576961
21990.0 -0.00075264237922 22.26796432470864 -156.02583753524826 349990.83094014879316 44.82281857320888 346.49751456924952
22020.0 -0.00184135584697 22.26475610072797 -156.00864606484967 350025.77701647114009 44.89640552252917 346.78731870752102
22050.0 -0.00069528574881 22.26100552975671 -155.99135843259012 349999.15387064497918 44.97009656918245 347.07778752547131
22080.0 -0.00088747241741 22.25717416712816 -155.97412440785175 349971.22142457962036 45.04376240211987 347.36842823892965
22110.0 -0.00119335829390 22.25371983705483 -155.95703326477317 350003.46511945873499 45.11749661347825 347.65961578542056
22140.0 -0.00097803159919 22.25018468051634 -155.93998559415698 350034.60444276127964 45.19122765200995 347.95107693919243
22170.0 -0.00141371743312 22.24610962574925 -155.92286653090468 350003.69069093000144 45.26500135224704 348.24300311589946
22200.0 -0.00196511876200 22.24195302461108 -155.90577607637752 349971.97922218032181 45.33886158813928 348.53558465592954
22230.0 -0.00121549372211 22.23817582825415 -155.88884459740069 350000.11194544471800 45.41267181683515 348.82827652090492
22260.0 -0.00273788264612 22.23431616955676 -155.87192518145352 350027.76285567041487 45.48661613189785 349.12184506048936
22290.0 -0.00116719856471 22.22992010446895 -155.85496596719105 349992.75270180031657 45.56051290145410 349.41555239481022
22320.0 -0.00197216040230 22.22544494872024 -155.83805233084627 349956.61297478806227 45.63442206659750 349.70965490294049
22350.0 -0.00169847366117 22.22180429613599 -155.82134913819286 350042.48938122857362 45.70839316795734 350.00437424925258
22380.0 -0.00123259906956 22.21717048071586 -155.80451322319473 350004.34309423621744 45.78236053671930 350.29944397923362
22410.0 -0.00175582792782 22.21245671421294 -155.78770649601623 349965.37303765956312 45.85640841684646 350.59523979370977
22440.0 -0.00133925900090 22.20857878976678 -155.77111753987523 350048.27355763874948 45.93041717641865 350.89125618895901
22470.0 -0.00131812817059 22.20370893562145 -155.75440005451748 350007.07287640310824 46.00447190931327 351.18787623359350
22500.0 -0.00119436525555 22.19876238294617 -155.73773545584376 349964.60616396181285 46.07850673552372 351.48482168760825
22530.0 -0.00085527328206 22.19464900886399 -155.72125762374171 350044.58447838388383 46.15256301227629 351.78228853045869
22560.0 -0.00126479938680 22.18954584266737 -155.70466323087200 350000.22915282472968 46.22668040582593 352.08047294980423
22590.0 -0.00047291505004 22.18436811886773 -155.68813250559649 349954.41515683475882 46.30073283241277 352.37881372632137
22620.0 -0.00112695082740 22.18001955206561 -155.67175127248240 350031.70955403801054 46.37488899953993 352.67810191086517
22650.0 -0.00116015337877 22.17468777145927 -155.65530006015345 349983.82667344901711 46.44898127223576 352.97757593421028
22680.0 -0.00100217976883 22.16973404594994 -155.63895677665468 349996.74863004777580 46.52306439436246 353.27750156769866
22710.0 -0.00074760993470 22.16470290474451 -155.62264603793159 350008.75665231421590 46.59718287883031 353.57810666042013
22740.0 -0.00023746566855 22.15914403051002 -155.60632989611324 349957.47632665839046 46.67127602784924 353.87911688418313
22770.0 -0.00050108870254 22.15441257254533 -155.59014779873112 350029.57606462575495 46.74541997777530 354.18091914350123
22800.0 -0.00103437890419 22.14870339492138 -155.57392065244957 349976.03605308383703 46.81950538028365 354.48299486117133
22830.0 -0.00019922830891 22.14382132223708 -155.55782469100359 350045.93465816508979 46.89360839072123 354.78573529477569
22860.0 -0.00060070462981 22.13796337353972 -155.54168981990219 349990.07003431953490 46.96766904705445 355.08885709154151
22890.0 -0.00084521193867 22.13248174160639 -155.52564120602932 349995.38561970647424 47.04172397188624 355.39256080386571
22920.0 -0.00083917371438 22.12692402400600 -155.50962397844245 349999.77151531260461 47.11580830935787 355.69704855652833
22950.0 -0.00123461299287 22.12129513088744 -155.49366856233490 350002.74076610058546 47.18980721682806 356.00174244463227
22980.0 -0.00172362879247 22.11558885034073 -155.47773348276075 350004.94199473317713 47.26387277010890 356.30745885655512
23010.0 -0.00172966583488 22.10981188949944 -155.46185970180289 350005.73043239954859 47.33785248335164 356.61341178156977
23040.0 -0.00052020679142 22.10396239470453 -155.44603358360087 350005.31731320358813 47.41179542213441 356.91987660218393
23070.0 -0.00199832249525 22.09803873197094 -155.43024378416681 350003.87009441666305 47.48574072715022 357.22708741239251
23100.0 -0.00116216612020 22.09204364478669 -155.41450522389277 350001.15826631523669 47.55963305009617 357.53476172678768
23130.0 -0.00127586887372 22.08597402174612 -155.39879834363299 349997.46733715198934 47.63353981299942 357.84329782732658
23160.0 -0.00149521868753 22.07983487078000 -155.38315052434081 349992.38792778365314 47.70736262652705 358.15216374676311
23190.0 -0.00085125016296 22.07406729962302 -155.36755524541979 350049.05062100011855 47.78116822332697 358.46175890379777
23220.0 -0.00145497213209 22.06734146181794 -155.35198839045708 349978.68930973764509 47.85490283665314 358.77179474824692
23250.0 -0.00031795996131 22.06143162130325 -155.33648708979473 350032.92878010496497 47.92859807417925 359.08247635321879
23280.0 -0.00119033977269 22.05456308303578 -155.32100534470050 349960.21451376285404 48.00228421367454 359.39401180804850
23310.0 -0.00085125016296 22.04851217734307 -155.30559884031388 350012.00008808728307 48.07585852592967 359.70580606925387
23340.0 -0.00051920101164 22.04194451565038 -155.29021127206823 349999.86376334726810 48.14945507826759 0.01870134502574
23370.0 -0.00070132397310 22.03531047085649 -155.27488818524938 349986.24116653297096 48.22293781653278 0.33188651482980
23400.0 -0.00025758953721 22.02904710240749 -155.25961063367214 350034.49736263789237 48.29634959980469 0.64564671732282
23430.0 -0.00053027049857 22.02183426960677 -155.24438367047884 349955.21981304790825 48.36972382040194 0.96022227366590
23460.0 -0.00124869863724 22.01543123569681 -155.22919511661249 350001.04160743858665 48.44301090424851 1.27532226976171
23490.0 -0.00065805771458 22.00895543740400 -155.21403652020700 350045.83464496396482 48.51626889463449 1.59135642588069
23520.0 -0.00039543927849 22.00154016710101 -155.19896646041713 349962.50157117191702 48.58941111113555 1.90777913425824
23550.0 -0.00085628024371 21.99492839894814 -155.18390761117251 350004.67874712403864 48.66249433764510 2.22499782378477
23580.0 -0.00001710534745 21.98824935346181 -155.16890106458862 350045.52548404317349 48.73547131205413 2.54271868651801
23610.0 -0.00068623018520 21.98063353446695 -155.15398462900021 349958.12235048320144 48.80836832595072 2.86115117830194
23640.0 -0.00068925225204 21.97381603382392 -155.13905928275000 349996.54004604183137 48.88121041785026 3.18050928954567
23670.0 -0.00137447429370 21.96693134920151 -155.12418330118885 350033.64145112410188 48.95394657485033 3.50046367497205
23700.0 -0.00053127627834 21.95954916351172 -155.10939097449207 350005.73325188178569 49.02656604773719 3.82096301450880
23730.0 -0.00106959537887 21.95210192515808 -155.09465229964198 349976.41561905667186 49.09907709230508 4.14209655702567
23760.0 -0.00075364697711 21.94501680369814 -155.07991972063331 350009.55149056296796 49.17150747078797 4.46411018620413
23790.0 -0.00157269918659 21.93786619534811 -155.06523911310754 350041.31593075953424 49.24381331280618 4.78670500865316
23820.0 -0.00097702345566 21.93021808495048 -155.05063319168056 350008.06828107405454 49.31604343515531 5.11030115961987
23850.0 -0.00086936129018 21.92250865926472 -155.03609171646744 349973.26273629441857 49.38812263027678 5.43434051887940
23880.0 -0.00150830209776 21.91515940257615 -155.02154920774393 350001.02243896108121 49.46009803360690 5.75923730082606
23910.0 -0.00123964307362 21.90774645737593 -155.00706155604564 350027.35143821220845 49.53192867659824 6.08469310833235
23940.0 -0.00107865212436 21.89984390752310 -154.99267136200896 349988.31685116142035 49.60363568437885 6.41092107717813
23970.0 -0.00164212517430 21.89229818157915 -154.97826790486604 350012.00017609167844 49.67523894557521 6.73814045994601
24000.0 -0.00135334464527 21.88426694864020 -154.96397340827778 349970.14453291799873 49.74669417532331 7.06601321131174
24030.0 -0.00188763944481 21.87659595920363 -154.94967922066266 349990.89549272786826 49.81799136135547 7.39448679140419
24060.0 -0.00180311966920 21.86886166394954 -154.93543605415013 350010.21563572343439 49.88913644509196 7.72365327479165
24090.0 -0.00174878274188 21.86106139265893 -154.92123311640978 350028.19581725075841 49.96015120078550 8.05376388966493
24120.0 -0.00165017732190 21.85319925003498 -154.90708462232496 350044.69490391947329 50.03099790246662 8.38451158988081
24150.0 -0.00106959537887 21.84485366359677 -154.89304146602686 349995.53549773897976 50.10171549662935 8.71632667721717
24180.0 -0.00140868498861 21.83686645119557 -154.87899278522909 350009.10503198765218 50.17224099756400 9.04863851715209
24210.0 -0.00149823957249 21.82840056445724 -154.86506204332815 349956.84013210143894 50.24261140879108 9.38186765659655
24240.0 -0.00140466068763 21.82029028688240 -154.85111634185643 349967.41619761846960 50.31279235832467 9.71571114845346
24270.0 -0.00139158082303 21.81211770306081 -154.83721866739887 349976.52186189219356 50.38279953451024 10.05038547370980
24300.0 -0.00123662573430 21.80388031322729 -154.82335971379405 349984.21924786362797 50.45264732685248 10.38611487149228
24330.0 -0.00113701217079 21.79558291904324 -154.80955506590007 349990.37251264881343 50.52229868649241 10.72255247719728
24360.0 -0.00047794631267 21.78722663608001 -154.79580742635230 349994.95354476571083 50.59174439831575 11.05964436684119
24390.0 -0.00123360721310 21.77881065513192 -154.78211306282518 349997.98298709187657 50.66098790390230 11.39748522786260
24420.0 0.00002515513129 21.77033200876171 -154.76846137431934 349999.52729436103255 50.73004461836145 11.73633127578238
24450.0 -0.00044474376130 21.76179522186475 -154.75486631949073 349999.47487913258374 50.79888344332741 12.07586719176211
24480.0 -0.00128291169590 21.75319485139620 -154.74130951779739 349997.94201674778014 50.86753278004890 12.41653298508751
24510.0 -0.00074056474876 21.74453904124042 -154.72781621436738 349994.74568050261587 50.93594267099384 12.75774565913635
24540.0 -0.00013986248271 21.73582250100852 -154.71436866740353 349989.99463154375553 51.00413949232021 13.09993143253871
24570.0 -0.00075867942163 21.72704976866256 -154.70098025460206 349983.59238816611469 51.07209579627593 13.44278290491093
24600.0 -0.00081904866384 21.71821828516740 -154.68764207874224 349975.58533662557602 51.13982156354238 13.78651942988769
24630.0 -0.00034714175734 21.70932529263127 -154.67434497835688 349966.01436492055655 51.20732532735577 14.13136980848606
24660.0 -0.00145899761495 21.70037604274205 -154.66110423783653 349954.77677714731544 51.27457782789414 14.47697831850490
24690.0 -0.00104544602735 21.69176712329022 -154.64780865269839 350006.95048626698554 51.34157072311577 14.82328945539768
24720.0 -0.00080596998113 21.68270552529820 -154.63467973683967 349992.38642280548811 51.40830477100928 15.17040020915804
24750.0 -0.00166124326318 21.67397746022352 -154.62147705961877 350041.36879981588572 51.47478865107244 15.51857125550953
24780.0 -0.00260305142604 21.66480096925068 -154.60844915511905 350023.49183459207416 51.54099841925224 15.86747896191015
24810.0 -0.00113298668793 21.65556419142013 -154.59546174240484 350003.97208181023598 51.60695123641819 16.21757232777857
24840.0 -0.00220761214755 21.64627595732016 -154.58253949939558 349982.68198569118977 51.67261103291889 16.56825634854260
24870.0 -0.00215428572752 21.63693053978973 -154.56966514742567 349959.68952516745776 51.73799306255728 16.91996200406911
24900.0 -0.00201441969917 21.62791886577850 -154.55672115074668 350000.30887205991894 51.80307715348737 17.27237761699498
24930.0 -0.00201140354173 21.61884933363585 -154.54382460924313 350039.26294330507517 51.86786731640106 17.62572477863498
24960.0 -0.00232634498183 21.60933562501866 -154.53110173439930 350011.11120089981705 51.93236587242512 17.98023625010865
24990.0 -0.00296226726820 21.59976947511872 -154.51843700536207 349981.16576998773962 51.99655194857544 18.33554752777210
25020.0 -0.00296931009038 21.59053260828206 -154.50569305470094 350014.94536246545613 52.06041817157165 18.69160129945811
25050.0 -0.00283145916722 21.58124067482975 -154.49300140399060 350046.99311666283756 52.12396244070651 19.04849643547828
25080.0 -0.00273385834514 21.57151252894688 -154.48049641415054 350011.71346646733582 52.18718632904330 19.40649734748856
25110.0 -0.00244809633731 21.56173394034103 -154.46805161722807 349974.59155690390617 52.25007361667541 19.76527215841113
25140.0 -0.00218547553746 21.55227314738224 -154.45550010143756 350001.34805587027222 52.31262952387693 20.12527783335918
25170.0 -0.00203857023257 21.54276200356667 -154.44301053370145 350026.29791681747884 52.37483277488368 20.48590797421822
25200.0 -0.00362535506353 21.53282262608785 -154.43071990388583 349983.70618485286832 52.43668702305900 20.84759712461521
25230.0 -0.00170249914403 21.52320508297636 -154.41833548390809 350005.02199051529169 52.49817963895487 21.21003023747695
25260.0 -0.00205165009716 21.51353315029035 -154.40600036076989 350024.52385384496301 52.55930863429816 21.57342909493408
25290.0 -0.00251853165043 21.50343636116590 -154.39386629949388 349976.33854173496366 52.62006966970761 21.93803022091802
25320.0 -0.00257286621399 21.49365668624113 -154.38162898293729 349992.13622982054949 52.68045089917182 22.30346056089968
25350.0 -0.00126278546349 21.48382671181144 -154.36944922670531 350006.06909260060638 52.74044603816866 22.66966074613202
25380.0 -0.00248934985440 21.47358270029255 -154.35749078419946 349952.15236727055162 52.80004996952248 23.03673098483267
25410.0 -0.00251953743020 21.46400852043936 -154.34524140182549 350028.31267545465380 52.85925680841451 23.40493847914836
25440.0 -0.00223578580005 21.45366271933434 -154.33338843320908 349970.54669246729463 52.91805866980167 23.77394332953950
25470.0 -0.00180714397018 21.44397917224883 -154.32123133167454 350042.96660682652146 52.97644814785269 24.14420909171659
25500.0 -0.00155458687748 21.43353345675303 -154.30948575724184 349981.29495819937438 53.03441970161467 24.51511891644749
25530.0 -0.00148113186128 21.42374713622810 -154.29743433564030 350049.91707449872047 53.09196494315322 24.88710939587012
25560.0 -0.00202247184677 21.41320393840349 -154.28579917571702 349984.28888912964612 53.14907939145699 25.25986128167694
25590.0 -0.00171054892787 21.40331588587646 -154.27385322357514 350049.06432817503810 53.20575442556100 25.63359800084845
25620.0 -0.00197316736396 21.39267073906063 -154.26231544741327 349979.41508505679667 53.26197894318134 26.00855761425366
25650.0 -0.00206473114363 21.38267713633283 -154.25046374627294 350040.27640058100224 53.31775080254970 26.38435895408471
25680.0 -0.00095086372647 21.37194084395928 -154.23904573532513 349966.57195463404059 53.37306495657934 26.76094034147620
25710.0 -0.00073352310845 21.36184954049386 -154.22730376777059 350023.48499703872949 53.42791314120660 27.13840266022332
25740.0 -0.00162904412783 21.35135992686537 -154.21579684910031 350012.03555850125849 53.48228169823224 27.51701472503727
25770.0 -0.00139560630589 21.34082442287895 -154.20434827054470 349998.54933546483517 53.53617172371337 27.89642904011230
25800.0 -0.00115210477681 21.33057528403815 -154.19274274581082 350049.41756962984800 53.58956253931841 28.27711399688039
25830.0 -0.00090156042554 21.31960422046144 -154.18159797992917 349965.35017611179501 53.64246529782007 28.65844363964063
25860.0 -0.00126479820492 21.30925947299643 -154.17010081985600 350012.12865353748202 53.69485919033078 29.04085476292007
25890.0 -0.00155961695824 21.29853293158873 -154.15886421612831 349990.35050291381776 53.74674818094353 29.42402514565538
25920.0 -0.00092168429420 21.28775913569806 -154.14767974380084 349966.45333902072161 53.79811707149910 29.80817743420333
25950.0 -0.00088948397696 21.27726531483458 -154.13632997110142 350006.98585472907871 53.84894762157858 30.19355059854480
25980.0 -0.00112191838288 21.26672379997578 -154.12503362716549 350045.44513918366283 53.89924809868874 30.57975606320428
26010.0 -0.00150729513611 21.25580857805103 -154.11400613405556 350015.17507511936128 53.94901487397041 30.96672961042819
26040.0 -0.00087740989214 21.24484921241878 -154.10303495728158 349982.74503992870450 53.99823644408187 31.35457203242544
26070.0 -0.00218648249912 21.23416521907727 -154.09189323881057 350014.80883065145463 54.04689111640722 31.74355235162062
26100.0 -0.00128794295854 21.22343550852601 -154.08080671877786 350044.75379103235900 54.09498964028939 32.13331616857469
26130.0 -0.00218849524055 21.21233205521050 -154.06998016871239 350005.71856629848480 54.14249748580598 32.52433456631321
26160.0 -0.00135334346339 21.20118986550940 -154.05921865592140 349964.50914052315056 54.18944345270923 32.91597430940394
26190.0 -0.00238973629088 21.19031822725623 -154.04828123521278 349987.85354686062783 54.23579401912151 33.30867022711194
26220.0 -0.00170551648336 21.17940284251635 -154.03740071464378 350009.03335791826248 54.28156199994219 33.70209795983870
26250.0 -0.00185141719036 21.16844012448739 -154.02656930788183 350027.99107103142887 54.32672552877793 34.09647801552616
26280.0 -0.00203253319016 21.15742610442755 -154.01577867487921 350044.65789040923119 54.37125902065663 34.49204884840450
26310.0 -0.00267348673916 21.14605889845643 -154.00527623543596 349992.17684231232852 54.41518187037585 34.88841551738427
26340.0 -0.00090457658299 21.13495992347250 -153.99459885350959 350004.37337595969439 54.45849208136963 35.28551110579669
26370.0 -0.00242596090910 21.12381673653613 -153.98397461694964 350014.31296730600297 54.50117486671606 35.68343547409761
26400.0 -0.00124165581505 21.11232144030975 -153.97363389147026 349954.91568800620735 54.54320031180593 36.08245625079223
26430.0 -0.00116015337877 21.10108928747962 -153.96311160596059 349960.22621002234519 54.58458950215350 36.48221316051761
26460.0 -0.00144189108562 21.08980677031947 -153.95262914912433 349963.13187186699361 54.62529357486812 36.88317746678840
26490.0 -0.00138655074228 21.07848557218557 -153.94220831077050 349963.78440723288804 54.66535989264807 37.28471103873068
26520.0 -0.00144189226750 21.06711814009130 -153.93183418831740 349962.05235059466213 54.70474204311359 37.68724429340184
26550.0 -0.00125775301897 21.05571057562784 -153.92151774745230 349958.01097961887717 54.74346208481330 38.09045185234420
26580.0 -0.00136038983121 21.04425913847121 -153.91125141561051 349951.58281126338989 54.78149147359949 38.49455061418500
26610.0 -0.00143082278057 21.03304936816924 -153.90077357222270 350009.83504735864699 54.81879715331593 38.89977694588118
26640.0 -0.00094482786594 21.02150736362982 -153.89060258449882 349998.57540890574455 54.85541035536916 39.30573099142486
26670.0 -0.00085627906183 21.00992629729644 -153.88048908074515 349984.94867029972374 54.89133096020592 39.71234309964690
26700.0 -0.00030588587649 20.99858827007217 -153.87017030535094 350036.12999876402318 54.92654090874834 40.11971133845702
26730.0 -0.00082710199332 20.98691907134561 -153.86015364572086 350017.59074777271599 54.96100196764688 40.52810020090632
26760.0 -0.00142679729771 20.97521137366612 -153.85019386122875 349996.63670967612416 54.99474622985657 40.93714496843040
26790.0 -0.00079490167608 20.96345653894307 -153.84027498558547 349973.08513778448105 55.02771014604239 41.34731426463321
26820.0 -0.00072144902364 20.95194234721625 -153.83015144467757 350014.44419482816011 55.05996048014180 41.75796806697539
26850.0 -0.00093375719714 20.94010770418248 -153.82034047986929 349985.96436865441501 55.09143789098435 42.16952973084823
26880.0 -0.00043971131679 20.92850805516422 -153.81031724818610 350022.36459574475884 55.12217404004380 42.58167431598783
26910.0 -0.00118027842931 20.91659445208838 -153.80061356075146 349988.89424725621939 55.15213378879096 42.99461360167656
26940.0 -0.00152540508145 20.90463609352194 -153.79095275349820 349952.75727004092187 55.18127657658935 43.40858022334271
26970.0 -0.00109072739106 20.89317134158267 -153.78079580526941 350048.86672983225435 55.20964614254528 43.82317133198816
27000.0 -0.00169645973786 20.88113646753119 -153.77124531597713 350007.72159329522401 55.23724451147913 44.23831469439569
27030.0 -0.00141472439478 20.86906446177288 -153.76174934190564 349964.00643978547305 55.26405042249159 44.65410577328620
27060.0 -0.00036525288457 20.85720932916285 -153.75201745149195 349985.02394942007959 55.29001733072160 45.07080412851705
27090.0 -0.00137045117460 20.84531511188980 -153.74233932156628 350003.50839191675186 55.31518896609611 45.48804249338956
27120.0 -0.00074962149425 20.83311806627297 -153.73298446784787 349951.76722354535013 55.33948689363298 45.90628382091107
27150.0 -0.00169645973786 20.82139493361884 -153.72311821631072 350032.45850886125118 55.36299799064409 46.32488984746730
27180.0 -0.00181519611778 20.80912304299005 -153.71387059122637 349975.48863944504410 55.38565010706539 46.74427412771989
27210.0 -0.00062485161757 20.79706656677113 -153.70439112007617 349983.42208516597748 55.40748480607949 47.16411399025021
27240.0 -0.00181016130951 20.78496889207779 -153.69495956872220 349988.66219726018608 55.42846053625406 47.58461463953068
27270.0 -0.00010464600803 20.77282545427315 -153.68556810863868 349991.07118432968855 55.44852929989794 48.00600335852562
27300.0 -0.00062686554088 20.76064435689771 -153.67622953049667 349990.82432360202074 55.46774793950097 48.42787673519137
27330.0 -0.00101626541320 20.74842715122042 -153.66694582514492 349987.94008402992040 55.48612089957701 48.85016035583828
27360.0 -0.00101626895884 20.73617200461907 -153.65771353541518 349982.35085176397115 55.50362384367708 49.27294638966526
27390.0 -0.00045681548236 20.72410892601587 -153.64822311191665 350041.47252790350467 55.52020203270585 49.69648771363686
27420.0 -0.00084521075679 20.71153987162501 -153.63938865266275 349962.75377598032355 55.53591138377962 50.12041689877370
27450.0 -0.00058058076115 20.69939176351934 -153.62998805794254 350016.23724392615259 55.55065855057619 50.54518811703520
27480.0 -0.00005735426665 20.68697871468616 -153.62094911838693 349999.49548641312867 55.56455105504718 50.97016913718058
27510.0 -0.00035418457952 20.67452536996660 -153.61195572965269 349979.86435447353870 55.57750422632380 51.39576102216279
27540.0 -0.00073150918515 20.66226238337181 -153.60270841649910 350025.12087333202362 55.58956973534740 51.82164557855575
27570.0 -0.00036424710479 20.64973524943267 -153.59381720379650 349999.89612075407058 55.60069989410283 52.24802013760472
27600.0 -0.00096998063347 20.63716552284989 -153.58496678871319 349971.64005566854030 55.61083943553604 52.67510513480052
27630.0 -0.00015395049084 20.62477887913724 -153.57585537733615 350008.20580964535475 55.62005878210296 53.10249952831418
27660.0 -0.00125372989987 20.61235508328549 -153.56679587633081 350041.98991751670837 55.62836506023808 53.53012741508510
27690.0 0.00000402430098 20.59967946696657 -153.55810241277081 350005.26102356426418 55.63573102980068 53.95807717786565
27720.0 0.00020929083418 20.58696395574929 -153.54945223568262 349965.47503744438291 55.64209398212480 54.38659341686384
27750.0 -0.00099211724356 20.57442446617983 -153.54053582722054 349990.49939791858196 55.64752244951159 54.81531139777705
27780.0 -0.00042260715121 20.56183854148141 -153.53165583261662 350012.36122911609709 55.65190833116532 55.24467347039261
27810.0 -0.00083514941340 20.54921958850608 -153.52283180391916 350031.44389927014709 55.65538008736998 55.67405823661117
27840.0 0.00013382544030 20.53655905539705 -153.51405066026436 350047.45915826689452 55.65784098151055 56.10385176962227
27870.0 -0.00033909079162 20.52366477274129 -153.50564898601314 349992.91772590391338 55.65935287032836 56.53374290013851
27900.0 -0.00057554949852 20.51093256881141 -153.49696745435455 350003.00519027654082 55.65986228844540 56.96392003421994
27930.0 0.00004729174138 20.49815630687041 -153.48832410258578 350009.86382470559329 55.65930695747441 57.39459548708101
27960.0 -0.00047190927026 20.48534463876454 -153.47973111968949 350013.74424919020385 55.65777119171384 57.82537395347525
27990.0 -0.00026563813917 20.47249916891348 -153.47119036172725 350014.67529079411179 55.65526502226436 58.25617902817416
28020.0 -0.00029783609265 20.45961786535212 -153.46269846583505 350012.56613530125469 55.65175850599213 58.68709505577557
28050.0 -0.00091162295081 20.44669519196910 -153.45424716596494 350007.20477729942650 55.64718128467621 59.11835701546933
28080.0 -0.00044071709656 20.43373915260959 -153.44584745514598 349998.83238512929529 55.64161476782010 59.54960611073407
28110.0 -0.00068421980753 20.42073970783645 -153.43748478263055 349987.08021786715835 55.63493643652363 59.98127004537724
28140.0 -0.00107764516271 20.40788830676047 -153.42883730805460 350040.06358091253787 55.62729569376547 60.41274340191387
28170.0 -0.00067113757917 20.39481848965430 -153.42057257386838 350022.11041039414704 55.61858434593494 60.84439508935527
28200.0 -0.00155156717440 20.38171715336693 -153.41236035713015 350001.10655525419861 55.60887435218402 61.27592374359884
28230.0 -0.00111688712025 20.36857991664966 -153.40419415420271 349976.87226425949484 55.59810689170119 61.70750810130691
28260.0 -0.00146302191593 20.35556976726399 -153.39571991148708 350016.85248923394829 55.58621300579252 62.13935137105585
28290.0 -0.00243903959181 20.34235707841981 -153.38764150535883 349986.02071139682084 55.57329100492741 62.57106764463209
28320.0 -0.00090558472652 20.32927718108967 -153.37926584644254 350019.71727297641337 55.55935398083529 63.00258125262319
28350.0 -0.00123159447167 20.31599908857169 -153.37128738289039 349982.54385982081294 55.54436949570336 63.43397249931793
28380.0 -0.00123058751001 20.30284110843172 -153.36299742603242 350009.54405798204243 55.52825993770375 63.86546570713750
28410.0 -0.00116820552637 20.28964824876664 -153.35475633221930 350033.34944856353104 55.51111965073981 64.29671149236803
28440.0 -0.00148918282700 20.27625669431209 -153.34690515829735 349985.92512190621346 55.49281219984935 64.72812042710058
28470.0 -0.00132013973014 20.26298993880647 -153.33875327843626 350003.01628012210131 55.47350760620714 65.15910831035562
28500.0 -0.00199127849119 20.24968315786276 -153.33064231922665 350016.63185483496636 55.45308695833877 65.59002512959991
28530.0 -0.00104444142946 20.23619720288110 -153.32294049275120 349959.42174569237977 55.43163204677442 66.02058218173090
28560.0 -0.00115210359493 20.22296583811416 -153.31456329460605 350033.94952841568738 55.40907915536464 66.45094811238285
28590.0 -0.00070836797716 20.20940444124703 -153.30694390645533 349969.64542265795171 55.38535302649754 66.88131634654940
28620.0 0.00015696783016 20.19609164176133 -153.29864816373316 350037.12846740242094 55.36056583155555 67.31131411914144
28650.0 -0.00119637799698 20.18246953350280 -153.29112897398031 349966.19378748815507 55.33473378802844 67.74086789013930
28680.0 -0.00043669161370 20.16908551314829 -153.28292652476600 350026.92239393200725 55.30782215810362 68.17005413282756
28710.0 -0.00074760993470 20.15552524598189 -153.27512737288615 350016.41677604056895 55.27974652463683 68.59908579971457
28740.0 -0.00029985119784 20.14193335598523 -153.26737720572950 350002.53467935789376 55.25061399173683 69.02762641172984
28770.0 -0.00127083406545 20.12829921264847 -153.25966214092693 349984.80787641275674 55.22027485304262 69.45606734328442
28800.0 -0.00103437890419 20.11463725596058 -153.25200015595613 349963.80379428155720 55.18891907621822 69.88385061764782
28830.0 -0.00017608591905 20.10105954332478 -153.24400677289088 350006.57421440538019 55.15641787123360 70.31130600553111
28860.0 -0.00028576200783 20.08744693714158 -153.23606055423488 350045.89509585220367 55.12286238879307 70.73816019116109
28890.0 -0.00060875559553 20.07367881178642 -153.22853058834318 350014.11855993326753 55.08818449055696 71.16457159861034
28920.0 -0.00092671319307 20.05987089678604 -153.22103723001902 349978.43898684531450 55.05230302822022 71.59072347883621
28950.0 -0.00054838162580 20.04614355281781 -153.21321412564518 350006.61613229848444 55.01534364470614 72.01625978860864
28980.0 -0.00005836004642 20.03238239195039 -153.20543813060152 350031.26980591285974 54.97732564207053 72.44111053218472
29010.0 -0.00097199219302 20.01847923491044 -153.19808617218754 349984.92043298948556 54.93821214667274 72.86534869557624
29040.0 -0.00042663263407 20.00464237706714 -153.19039153819716 350001.99002983141690 54.89791241297756 73.28917544155981
29070.0 -0.00067616884181 19.99077206620040 -153.18274340620786 350015.46124342177063 54.85654589135940 73.71227045730618
29100.0 -0.00046285370665 19.97675920620721 -153.17551199225568 349957.52575664129108 54.81395036420535 74.13500430593538
29130.0 0.00003320373325 19.96281747483983 -153.16794845534673 349963.41032733581960 54.77033473349410 74.55684968828201
29160.0 -0.00002716669084 19.94883692552628 -153.16042392672060 349965.35975250601768 54.72556123849188 74.97811531892164
29190.0 0.00066409475699 19.93482465206797 -153.15294657428603 349963.66623801831156 54.67972972354757 75.39854565135272
29220.0 -0.00018111718168 19.92077601233220 -153.14551049541092 349958.08581249695271 54.63276809327628 75.81828898016569
29250.0 0.00017206161807 19.90677076849721 -153.13771920795688 350015.49739124067128 54.58458972457539 76.23751821729900
29280.0 -0.00008854407659 19.89264535583122 -153.13036189784646 350001.94762180373073 54.53533309440186 76.65589719781795
29310.0 -0.00042663381595 19.87848934102821 -153.12305169670739 349984.68199480511248 54.48502043897573 77.07336075753192
29340.0 -0.00061579605395 19.86437783383261 -153.11539238608270 350030.65093348082155 54.43361287306842 77.48997877741424
29370.0 0.00062284005802 19.85014711150951 -153.10816144174782 350005.31494197901338 54.38101380966155 77.90594044140077
29400.0 0.00015797479182 19.83588615484930 -153.10097697579272 349976.18609160743654 54.32735440381172 78.32094439811472
29430.0 -0.00100821681124 19.82165346729146 -153.09342935752250 350009.70015132147819 54.27246077402073 78.73533923192811
29460.0 0.00053530176120 19.80738916789432 -153.08592979312144 350039.48578844778240 54.21655943878596 79.14863193039017
29490.0 0.00164614947528 19.79301952831998 -153.07886577790751 349998.10485007241368 54.15950461339910 79.56110972556949
29520.0 -0.00021230817350 19.77862136956916 -153.07184879856868 349952.88715552724898 54.10140399730636 79.97253669029247
29550.0 -0.00013382544030 19.76430831610519 -153.06407174025728 350037.34466275107116 54.04218198176670 80.38305121855092
29580.0 -0.00024652123217 19.74983280266765 -153.05712852129986 349983.54110269714147 53.98174687922499 80.79281586885539
29610.0 0.00108871346775 19.73538212268197 -153.04982790560956 349992.59768974315375 53.92024914313923 81.20151687164358
29640.0 0.00094180698098 19.72089881952710 -153.04257214337861 349997.68079107347876 53.85771369431692 81.60909492338389
29670.0 -0.00001207290294 19.70638042830324 -153.03535811490653 349998.63271457515657 53.79409972046811 82.01561712854479
29700.0 0.00030689165626 19.69182068443118 -153.02817852083217 349995.09549600630999 53.72930527700181 82.42126066348861
29730.0 0.00013583699985 19.67722867039594 -153.02104317617685 349987.50168617535383 53.66347238712029 82.82574528010845
29760.0 -0.00022740196141 19.66259298201878 -153.01393913194579 349975.22180964145809 53.59641641408922 83.22939683042702
29790.0 0.00097903619709 19.64796688117397 -153.00647407535160 350025.63233668450266 53.52837992757537 83.63175915129723
29820.0 0.00014187522414 19.63326232841138 -152.99945409224230 350004.93952049966902 53.45921008002250 84.03309791653160
29850.0 -0.00020224683011 19.61852717994172 -152.99247886824938 349980.14116134215146 53.38902145457304 84.43319801025983
29880.0 0.00052222071473 19.60378666663790 -152.98513103622236 350017.45000391919166 53.31773534556627 84.83218821341599
29910.0 0.00029984883408 19.58899967400633 -152.97781392898617 350049.93765226472169 53.24525540003241 85.23022079771707
29940.0 0.00033003522800 19.57415156662485 -152.97095185440190 350011.68336526211351 53.17174301592040 85.62700612616152
29970.0 0.00026563813917 19.55927406420698 -152.96413449783572 349969.24924580100924 53.09722547136086 86.02249143908865
30000.0 -0.00020526535132 19.54438392150252 -152.95694316396586 349988.80219214223325 53.02166007974107 86.41674127472659
30030.0 0.00044071827844 19.52945010695122 -152.94978445971935 350003.53091462235898 52.94494001407750 86.80992087141223
30060.0 0.00024148760577 19.51448189349257 -152.94266800005235 350013.90953372512013 52.86721718106035 87.20177246828371
30090.0 0.00004829870303 19.49946764388952 -152.93558112628915 350019.25042315479368 52.78829713683933 87.59259880186130
30120.0 -0.00066208437932 19.48442287652561 -152.92853999468261 350020.38362476043403 52.70843676286508 87.98198198653722
30150.0 0.00051316515111 19.46933810412055 -152.92153425400528 350016.73893396556377 52.62747710550420 88.37016634913975
30180.0 -0.00030890321581 19.45422057618101 -152.91457121811808 350008.68969051260501 52.54553857629789 88.75695807386954
30210.0 0.00030890321581 19.43906547969101 -152.90764551325438 349995.92496076412499 52.46253976285176 89.14247661980299
30240.0 0.00020224801199 19.42386691698315 -152.90075071432568 349978.06400208920240 52.37838003430051 89.52686407236145
30270.0 0.00083213089219 19.40863509857984 -152.89389716065676 349955.65526126231998 52.29323058316250 89.90985583673688
30300.0 0.00046084214710 19.39336410523088 -152.88666185948915 349994.64975874498487 52.20712066762587 90.29140600447377
30330.0 0.00022136373712 19.37805357524678 -152.87946454293629 350028.87631932180375 52.12000576105785 90.67157661231828
30360.0 0.00069528811257 19.36271009187149 -152.87272435960173 349992.12481312546879 52.03177461926814 91.05052108926255
30390.0 0.00012074557571 19.34733545888432 -152.86602627333707 349950.79996517952532 51.94258795473504 91.42800477239476
30420.0 0.00008049429275 19.33188081195673 -152.85850239673834 350035.52281389944255 51.85224248458989 91.80430722946507
30450.0 0.00019117852507 19.31643050468936 -152.85187780397263 349984.35748191736639 51.76100756866961 92.17904917406000
30480.0 0.00036324132502 19.30091945616108 -152.84485926978459 349993.74098188243806 51.66871908586103 92.55245403043612
30510.0 0.00059466640552 19.28537345701462 -152.83788159114411 349998.39003620017320 51.57550218810592 92.92434910428587
30540.0 -0.00015696664828 19.26978765371715 -152.83093956071045 349997.96987609192729 51.48127312503322 93.29484480262101
30570.0 0.00075264001546 19.25415603614891 -152.82402688494287 349992.06703783012927 51.38592736731029 93.66407313807234
30600.0 0.00027368792301 19.23845416698750 -152.81672126764948 350046.63750351965427 51.28964469248504 94.03179468319725
30630.0 0.00023545174524 19.22278831439434 -152.81032139192436 349965.67372197564691 51.19245594125100 94.39797033546867
30660.0 0.00115613025967 19.20701100140434 -152.80309306854537 350010.29493851866573 51.09431477694885 94.76265955998754
30690.0 0.00054133762173 19.19118529959442 -152.79589435555465 350049.32296438887715 50.99510599488464 95.12600414827237
30720.0 -0.00034814753711 19.17541235847869 -152.78960525533958 349953.06212153378874 50.89499799657018 95.48779243882004
30750.0 0.00111889986168 19.15950257138063 -152.78247355481284 349981.33719445113093 50.79377963278758 95.84828106881402
30780.0 0.00089652798103 19.14355794891236 -152.77538394220957 350004.74520091060549 50.69173088942784 96.20712869231511
30810.0 0.00061881575704 19.12756888198413 -152.76832671661663 350022.62869729101658 50.58868338776023 96.56453846744294
30840.0 0.00158276052998 19.11154268035255 -152.76130869756545 350035.41517011728138 50.48476594691373 96.92035807367796
30870.0 0.00031594958364 19.09547445827964 -152.75432483264947 350042.74544968549162 50.37989283143778 97.27468911527026
30900.0 0.00159483225104 19.07935809986764 -152.74736894866024 350044.17195446230471 50.27395598819134 97.62765366128112
30930.0 0.00101324807387 19.06320419011475 -152.74045097406886 350040.34118962846696 50.16714256492168 97.97903690232140
30960.0 0.00116518582328 19.04701450685764 -152.73357228175860 350031.32958606630564 50.05948459299889 98.32880620792223
30990.0 0.00119939533631 19.03078630820771 -152.72672991520994 350016.91378761827946 49.95093396405282 98.67701830248237
31020.0 0.00160992840270 19.01451290128535 -152.71991719871693 349996.60049570538104 49.84137196185851 99.02380355797257
31050.0 0.00105953285360 18.99820411396990 -152.71314318635314 349971.00212099496275 49.73097356977603 99.36897263054225
31080.0 0.00183028636004 18.98176907110700 -152.70595250366262 350003.61166128702462 49.61952073447035 99.71275972345768
31110.0 0.00096193203151 18.96529708727516 -152.69880236810988 350030.97599656321108 49.50730226107624 100.05485997968921
31140.0 0.00127586650996 18.94886262357436 -152.69212806052320 349988.16340473573655 49.39414638618577 100.39545708756704
31170.0 0.00143786678464 18.93230753506171 -152.68504739675967 350004.15735701750964 49.28018457569162 100.73441791928475
31200.0 0.00109374473039 18.91570827910002 -152.67799954750762 350014.27555506583303 49.16532945052129 101.07183552141032
31230.0 0.00156464822087 18.89915099146725 -152.67142493071196 349954.01775108929724 49.04946980642870 101.40782217864643
31260.0 0.00154150583101 18.88236938982086 -152.66399384405477 350016.13432641047984 48.93279898408884 101.74218662669779
31290.0 0.00132215247157 18.86564232033682 -152.65704706350851 350008.65561148431152 48.81534984035611 102.07490216759285
31320.0 0.00099010450213 18.84887463200324 -152.65013518650534 349995.35651260986924 48.69707254993649 102.40602256545247
31350.0 0.00231729060009 18.83195620554709 -152.64280291803837 350039.43036279641092 48.57784532659359 102.73566704629374
31380.0 0.00106355833646 18.81520705702503 -152.63640540797982 349950.36629971861839 48.45784867522006 103.06366746120912
31410.0 0.00184739170750 18.79819590363952 -152.62913485938623 349981.96893288847059 48.33685857629160 103.39023630104884
31440.0 0.00237061820200 18.78114580331331 -152.62190346821060 350007.91612309124321 48.21517094336444 103.71510316517337
31470.0 0.00225792359201 18.76404707804890 -152.61470210095789 350027.45925201848149 48.09261145640895 104.03843320169986
31500.0 0.00250746216351 18.74690707845327 -152.60753712961943 350041.08208391070366 47.96931328764254 104.36011100620325
31530.0 0.00187053409736 18.72972087922759 -152.60040377769590 350048.37490170542151 47.84518774654124 104.68022132919194
31560.0 0.00204058297400 18.71248217353576 -152.59329607881065 350048.81741793733090 47.72012084688610 104.99886687918038
31590.0 0.00247425724837 18.69520190914984 -152.58622360115962 350043.16374984011054 47.59431101734938 105.31587849708974
31620.0 0.00304175578117 18.67788190520612 -152.57918763813259 350031.50138551462442 47.46779161337447 105.63123475914269
31650.0 0.00370585172004 18.66051930418071 -152.57218529611092 350013.56823293026537 47.34051116808623 105.94498624542211
31680.0 0.00206271958408 18.64310723942108 -152.56521014749450 349988.79381035640836 47.21234525690932 106.25724137518993
31710.0 0.00282944760767 18.62565589503140 -152.55827094618718 349957.89302035700530 47.08347891893904 106.56785178164934
31740.0 0.00358007606358 18.60787457965403 -152.55044561644459 350045.23092254251242 46.95368307139395 106.87700915122865
31770.0 0.00350964193234 18.59033053130618 -152.54356875083744 350001.09189616516232 46.82325915308965 107.18447513545458
31800.0 0.00319268656893 18.57274146839771 -152.53672179835485 349950.22906780429184 46.69203106487271 107.49039737702732
31830.0 0.00379037267753 18.55482022865812 -152.52899767227149 350018.02148645278066 46.56013284096812 107.79467657139774
31860.0 0.00313533348416 18.53714544236376 -152.52221728849739 349954.13299509510398 46.42747480152054 108.09738946863942
31890.0 0.00319168197103 18.51911619082275 -152.51454747178136 350007.55762729514390 46.29394054310741 108.39862946897614
31920.0 0.00360724275442 18.50119360450958 -152.50736874593025 349992.07280763704330 46.15973256752297 108.69824786242434
31950.0 0.00367667228777 18.48322952416495 -152.50022532611288 349970.11696788761765 46.02488444809389 108.99622779499504
31980.0 0.00333959305570 18.46506008813892 -152.49265566485005 350003.39593355171382 45.88934317189654 109.29261647158719
32010.0 0.00368874755447 18.44683383431729 -152.48511132949241 350029.12745499424636 45.75298209427233 109.58751191290092
32040.0 0.00430152390533 18.42856112840697 -152.47760096231892 350048.07973290607333 45.61598988994621 109.88078396318555
32070.0 0.00353982714438 18.41039833142442 -152.47057306283520 349997.44823870528489 45.47813326983140 110.17260455928711
32100.0 0.00411034656215 18.39202665067805 -152.46312246228865 350002.04892983753234 45.33971776197188 110.46276480925184
32130.0 0.00417272972767 18.37360280078932 -152.45569994792794 349999.23049631714821 45.20056620942041 110.75139596195395
32160.0 0.00423813496004 18.35513415909690 -152.44831149071715 349989.53614854160696 45.06081276681856 111.03841314559074
32190.0 0.00439208308711 18.33643572270668 -152.44049128621970 350033.83962756395340 44.92036707496279 111.32388544836182
32220.0 0.00300855204792 18.31785842019716 -152.43315568501012 350008.77088688220829 44.77911066951704 111.60789729425520
32250.0 0.00601307861298 18.29923621959871 -152.42585304951243 349976.63609801977873 44.63724921154608 111.89031867243234
32280.0 0.00351970445761 18.28038275126696 -152.41812233239648 349998.58102758880705 44.49481625821451 112.17113660536396
32310.0 0.00395035902890 18.26147785402851 -152.41042229196421 350013.05820936243981 44.35175736349021 112.45039478710586
32340.0 0.00504209101785 18.24270818432592 -152.40320959422155 349958.56166045833379 44.20794406351577 112.72818131239293
32370.0 0.00387992489766 18.22350327316622 -152.39510409434621 350018.46436017844826 44.06356786482782 113.00438261403005
32400.0 0.00452389696787 18.20443118209099 -152.38748328629541 350009.05134318675846 43.91839207483370 113.27915203852177
32430.0 0.00430051694368 18.18531518888453 -152.37989810279021 349992.55590272787958 43.77272472899259 113.55230771171317
32460.0 0.00405802355813 18.16594110691007 -152.37187605926735 350028.52869429904968 43.62638887891088 113.82396523348412
32490.0 0.00452892823050 18.14672264001537 -152.36435078545529 349996.55114233493805 43.47951785523161 114.09405274624075
32520.0 0.00463155913334 18.12745304039745 -152.35685404008620 349956.67914479132742 43.33202091477430 114.36263205789649
32550.0 0.00442730192556 18.10791311122218 -152.34891516689387 349968.40326832886785 43.18377787509210 114.62977900837821
32580.0 0.00466577101012 18.08832157535034 -152.34100767626782 349972.31849757395685 43.03499674647021 114.89538053607252
32610.0 0.00523125798337 18.06868033366663 -152.33313275938494 349968.52944850455970 42.88571087986723 115.15942689535441
32640.0 0.00432366051542 18.04898638739184 -152.32528757815962 349956.70602075383067 42.73586452180660 115.42195819938200
32670.0 0.00544155459733 18.02900922535626 -152.31700008628090 349995.85484048072249 42.58532776862670 115.68305314289046
32700.0 0.00446855426077 18.00897762346403 -152.30874413180283 350026.94093026872724 42.43429424972753 115.94261315147713
32730.0 0.00592956343527 17.98910727430631 -152.30097500584552 349989.21574997249991 42.28252461211763 116.20077420302478
32760.0 0.00684722342849 17.96896042435883 -152.29277387858420 350003.25429383292794 42.13032887006634 116.45737845086543
32790.0 0.00540432656309 17.94875349854926 -152.28459861094615 350008.50473551079631 41.97752967297290 116.71252784849088
32820.0 0.00577762686774 17.92849390052277 -152.27645483653779 350005.57194056455046 41.82425959328459 116.96616159887378
32850.0 0.00599395934222 17.90817670843128 -152.26833819024907 349993.93349866382778 41.67042778116283 117.21833464813726
32880.0 0.00576354004149 17.88755308991002 -152.25977558624595 350031.83757559489459 41.51591266166003 117.46911469320113
32910.0 0.00662384458618 17.86711645685229 -152.25171063333480 350002.29889049567282 41.36092388464004 117.71840393788810
32940.0 0.00646889067933 17.84662921252442 -152.24367730162299 349964.48135938122869 41.20549444414516 117.96619529376153
32970.0 0.00641053063290 17.82583810411117 -152.23520481457712 349976.62846851814538 41.04956741290989 118.21252528815221
33000.0 0.00696293537780 17.80498086223798 -152.22675464646110 349979.16072492580861 40.89301180155704 118.45746378003483
33030.0 0.00642059197629 17.78406841247835 -152.21833515109799 349973.03354129940271 40.73602274390677 118.70092567135990
33060.0 0.00602917699878 17.76308748624238 -152.20993536065313 349956.90353948250413 40.57835890657348 118.94303081717025
33090.0 0.00657152394593 17.74153377104897 -152.20063157919506 350048.61916881706566 40.42033099821357 119.18364315148808
33120.0 0.00617105222292 17.72043563238055 -152.19228966508894 350014.40416353568435 40.26176240791245 119.42285173355441
33150.0 0.00820358659496 17.69928411826767 -152.18397827129661 349971.40019458066672 40.10278418987087 119.66060562847461
33180.0 0.00662283880641 17.67753677283153 -152.17475512380437 350034.61123685538769 39.94330564448429 119.89695336519740
33210.0 0.00769947818934 17.65625669600854 -152.16649019630182 349971.94386942125857 39.78320410962137 120.13195497299596
33240.0 0.00833439351405 17.63437540567905 -152.15731628571496 350015.35024951025844 39.62269025843671 120.36552634541698
33270.0 0.00764212392269 17.61243242961117 -152.14817249797920 350049.38986067008227 39.46179661144706 120.59766255454274
33300.0 0.00793694149413 17.59098330542631 -152.13999490230123 349959.08811990171671 39.30046520434885 120.82839659503556
33330.0 0.00709475044043 17.56890886717365 -152.13089983226018 349973.06286068167537 39.13856428834377 121.05779007568228
33360.0 0.00766727787210 17.54677359591713 -152.12183428194945 349977.50645374972373 38.97628996682530 121.28576996921784
33390.0 0.00732416396138 17.52456407147569 -152.11278734154749 349970.97916366439313 38.81339954224734 121.51244124431290
33420.0 0.00798020893453 17.50229786093843 -152.10377229814395 349955.16785970516503 38.65020356722282 121.73768734074936
33450.0 0.00724869856751 17.47938054366533 -152.09384134361011 350042.35866312496364 38.48652664593559 121.96158555639757
33480.0 0.00719637556349 17.45698387687630 -152.08487933753537 350006.27272831741720 38.32249793751863 122.18409355108810
33510.0 0.00853563338251 17.43452342360435 -152.07594236246544 349959.92445289157331 38.15802712728537 122.40525389499238
33540.0 0.00626362414613 17.41139203857310 -152.06608446416328 350015.11009218171239 37.99299074805844 122.62511944420484
33570.0 0.00696997819998 17.38849456817407 -152.05672475392825 350003.71964812371880 37.82759996571776 122.84361833678817
33600.0 0.00547979195697 17.36553544198929 -152.04739425638260 349982.30039806570858 37.66188673878047 123.06074738654580
33630.0 0.00707864969087 17.34220360643981 -152.03761981100484 350006.34956400934607 37.49579220162487 123.27653615594602
33660.0 0.00594666878272 17.31879457924321 -152.02786556262907 350018.83707929775119 37.32918414356520 123.49103859402531
33690.0 0.00722756773719 17.29531970128558 -152.01813977607051 350020.86445347033441 37.16225917797178 123.70419246530007
33720.0 0.00616803488360 17.27176539821297 -152.00843155830302 350010.88916355092078 36.99477379601400 123.91608905262865
33750.0 0.00762401279546 17.24814945424054 -151.99875408264833 349990.71218244638294 36.82703766536707 124.12662922407854
33780.0 0.00652020553981 17.22446224662554 -151.98909948678059 349959.20827047433704 36.65887702196944 124.33587959802267
33810.0 0.00552406281339 17.20006452219979 -151.97853204246132 350027.32778220996261 36.49041882156327 124.54380530478345
33840.0 0.00667516181042 17.17623972508427 -151.96892938620275 349973.69781213160604 36.32157334574761 124.75044341592650
33870.0 0.00580781326167 17.15168251918771 -151.95840393846015 350017.68262395262718 36.15221658084300 124.95584011303755
33900.0 0.00410934078237 17.12738291134054 -151.94837601216889 349995.56047248374671 35.98255973077384 125.15993447342724
33930.0 0.00594566182107 17.10301706488939 -151.93837618451388 349962.45184333156794 35.81263412678487 125.36272470593595
33960.0 0.00581284570618 17.07824577791239 -151.92793107069519 349972.36017173435539 35.64238013374845 125.56423707654677
33990.0 0.00535703245795 17.05339273031040 -151.91750510043155 349969.64412413910031 35.47166534695747 125.76451845583365
34020.0 0.00338889872039 17.02846948306201 -151.90710652209452 349955.48748252633959 35.30068649741249 125.96351625191897
34050.0 0.00453999417178 17.00277504489486 -151.89578357917628 350036.30979809910059 35.12919975687826 126.16130920625109
34080.0 0.00384068294012 16.97769691653268 -151.88543108808213 349997.61377382837236 34.95751328773567 126.35781374164520
34110.0 0.00502900997138 16.95219463294445 -151.87463002108049 350000.31562639866024 34.78545531885236 126.55308681487323
34140.0 0.00395237295221 16.92661931660662 -151.86385590341365 349991.12418316770345 34.61315035350840 126.74710004001722
34170.0 0.00351668593640 16.90061250082909 -151.85263427441890 350022.85902335029095 34.44050945789419 126.93988544129455
34200.0 0.00384973732185 16.87451594983669 -151.84142976071860 350040.84571403730661 34.26740830553470 127.13148301654664
34230.0 0.00453194793358 16.84834220003972 -151.83025123770710 350046.41503765713423 34.09405775160312 127.32184161645230
34260.0 0.00392117959663 16.82209338408565 -151.81909973046822 350039.70684103947133 33.92048845319553 127.51096056209288
34290.0 0.00270165802790 16.79576635007970 -151.80797229140879 350020.24250529706478 33.74664013108588 127.69886298250360
34320.0 0.00455710070112 16.76935372206535 -151.79686281297811 349987.03483614977449 33.57238042566132 127.88558923030600
34350.0 0.00356900775853 16.74213026303161 -151.78483971259359 350046.61428650747985 33.39790585205000 128.07109533710292
34380.0 0.00480764623426 16.71555121368751 -151.77377180757742 349986.40839100163430 33.22297269726509 128.25544857705162
34410.0 0.00283951013294 16.68815586530515 -151.76179265017865 350018.69773050956428 33.04788709359143 128.43857925428426
34440.0 0.00466979412922 16.66067171707682 -151.74983433818448 350036.96315674111247 32.87247957273247 128.62053560953746
34470.0 0.00472211949700 16.63310630733568 -151.73790188412886 350041.98899679165334 32.69687198706901 128.80129488123970
34500.0 0.00576857130412 16.60545486074438 -151.72599109791912 350033.07487873733044 32.52097635337424 128.98088448016691
34530.0 0.00355491975041 16.57771041870704 -151.71409616823311 350009.23971268534660 32.34466824184256 129.15933869329089
34560.0 0.00199127967307 16.54988575681059 -151.70222598512180 349971.91436033882201 32.16815783122708 129.33661511230238
34590.0 0.00205567558002 16.52120700755704 -151.68944312658778 350024.17774663306773 31.99147507229048 129.51271394234868
34620.0 0.00394834746935 16.49321826351607 -151.67762157511442 349959.36146593652666 31.81455915947187 129.68765534871545
34650.0 0.00238973510900 16.46435517694579 -151.66487858009924 349981.97056433279067 31.63727798971718 129.86147369731862
34680.0 0.00250343786253 16.43540586925726 -151.65216084444145 349990.44406535662711 31.45982758015911 130.03413274386904
34710.0 0.00236055567673 16.40635629739742 -151.63945725994566 349982.88084840681404 31.28196471410337 130.20568929057015
34740.0 0.00000000000000 16.37722499095726 -151.62678090220442 349961.47717394120991 31.10399305336225 130.37608603898744
34770.0 0.00251350038780 16.34719762835591 -151.61318705835492 350026.04246002621949 30.92574569528034 130.54536338286655
34800.0 0.00240684045646 16.31788665725410 -151.60055482617273 349974.81552554015070 30.74734168614428 130.71350344044245
34830.0 0.00372899529178 16.28767297663956 -151.58700634219940 350009.04243560042232 30.56869413772184 130.88052941956425
34860.0 0.00435183416792 16.25735439446645 -151.57347265462695 350026.52374710422009 30.38967870326368 131.04647034401373
34890.0 0.00562065903758 16.22694396733332 -151.55996270591419 350028.79590022657067 30.21050460907103 131.21129163831807
34920.0 0.00939593910908 16.19644397210619 -151.54647743897564 350016.01738717220724 30.03120107906732 131.37499420909825
34950.0 0.00949152955350 16.16585122373230 -151.53301374673222 349987.63283283822238 29.85170689031059 131.53759543653391
34980.0 0.00740667217745 16.13432044022462 -151.51863041540372 350041.53304820600897 29.67189038179399 131.69912419604466
35010.0 0.00914438779616 16.10353487387022 -151.50520595194035 349980.83727671112865 29.49194683540348 131.85955117920395
35040.0 -0.00100419251026 16.07180006236267 -151.49085955232758 350001.24858454894274 29.31163386285608 132.01892362849588
35070.0 0.00681602889103 16.03997263806042 -151.47653927706574 350006.09238158818334 29.13125228819334 132.17719533478902
35100.0 0.00219553924461 16.00804314881391 -151.46223733513435 349993.95345107465982 28.95063799505449 132.33439963627129
35130.0 -0.00347643819908 15.97601923843764 -151.44795857040151 349965.70574400201440 28.76990710496751 132.49052288832945
35160.0 0.00154653709365 15.94303065649144 -151.43276580481762 350017.74033472687006 28.58897394895074 132.64558447894572
35190.0 0.01206741310682 15.91079683641968 -151.41851910377648 349954.25816634949297 28.40771442810320 132.79960858633936
35220.0 -0.00177695639438 15.87759543086412 -151.40336207418511 349970.96083355601877 28.22633658504065 132.95256767304309
35250.0 -0.00465067958598 15.84429437001714 -151.38822850516229 349970.83927043247968 28.04486890527831 133.10446320198395
35280.0 -0.00041153648241 15.81000667744408 -151.37218378511264 350049.23029612842947 27.86324984873593 133.25530994576630
35310.0 -0.00981653233699 15.77648785579567 -151.35708462073816 350012.73132395744324 27.68134835787077 133.40513174709216
35340.0 0.01749487851413 15.74287130035278 -151.34200771002665 349959.18234889674932 27.49935878084725 133.55390554585415
35400.0 -0.00398456972380 15.67351723650538 -151.31003960134123 349986.24160212464631 27.13468923363153 133.84838840112886
35430.0 -0.00756766549047 15.63867780188746 -151.29408477904329 349972.24566166661680 26.95214579931574 133.99408818773148
35460.0 -0.00532483332260 15.60282397177352 -151.27722264272879 350034.37791569810361 26.76952265080853 134.13875925209717
35490.0 0.00329531865364 15.56776808535843 -151.26130712697753 349983.37603441625834 26.58673544458791 134.28241751561973
35520.0 0.01014757216289 15.53167714345697 -151.24447451317297 350005.81724396906793 26.40366047398810 134.42508269577294
35550.0 -0.00014690294113 15.49547553827639 -151.22766289130948 350009.42984455358237 26.22050440555525 134.56673360036544
35580.0 0.00986684141769 15.45916573430346 -151.21087309493888 349994.39566841255873 26.03729498206931 134.70737213369119
35610.0 0.00284454021369 15.42274452688100 -151.19410174827658 349960.06876433547586 25.85397043764485 134.84701063248139
35640.0 -0.00681502311125 15.38526719441882 -151.17641590306769 349997.30042579025030 25.67040045754391 134.98566832456837
35670.0 0.01396108841216 15.34767511862912 -151.15875136263290 350015.01665326207876 25.48677829131519 135.12332780085313
35730.0 0.01382726297186 15.27212247298356 -151.12346394573993 349987.52250668965280 25.11895196622996 135.39571635273984
35760.0 0.00539225129640 15.23321764706581 -151.10492207212764 350034.31723109167069 24.93488407247666 135.53043939825511
35790.0 0.01284319551214 15.19515154118155 -151.08732457045323 349970.11663467530161 24.75077038232230 135.66418197039854
35820.0 -0.01927385001370 15.15600649217553 -151.06881865154546 349975.49689204525203 24.56652796715491 135.79695684674567
35850.0 -0.00864329672987 15.11576246836568 -151.04939928154340 350048.19134095124900 24.38203363829011 135.92877963475868
35910.0 0.01666174184216 15.03684971206645 -151.01246434140432 349951.17632562108338 24.01293163657884 136.18952485530110
35940.0 -0.00941807335541 14.99525757845346 -150.99217979642455 350049.18775146175176 23.82828905593411 136.31845960618875
35970.0 0.00818245576465 14.95450663497774 -150.97282716789212 350034.65575673710555 23.64343533338101 136.44645412941196
36000.0 0.00221364800808 14.91363456942506 -150.95349333275232 349998.74374615307897 23.45856248407364 136.57349614985333
36030.0 -0.00687136923436 14.87163412930678 -150.93324615330184 350026.93493544869125 23.27343217290299 136.69960887469648
36060.0 0.00164111939453 14.82950934347767 -150.91302015686850 350033.47567735705525 23.08833510534380 136.82477303654241
36090.0 -0.00241690298173 14.78725087727238 -150.89280707959099 350016.67356853559613 22.90311648995691 136.94900481176941
36120.0 -0.00959617437965 14.74486666237992 -150.87261158614328 349977.56670220382512 22.71788324599433 137.07230024573053
36150.0 0.00641254219245 14.70134327749336 -150.85151132819030 350001.96633979491889 22.53255393453703 137.19466926466558
36240.0 0.01054301262326 14.56892328895353 -150.78736653866537 350015.63189439103007 21.97589089393176 137.55626057377202
36270.0 -0.00907697336800 14.52383304423685 -150.76540598729142 350029.92865710519254 21.79028802212510 137.67495352244586
36300.0 -0.00950963949885 14.47859508596111 -150.74345277518330 350018.31900449190289 21.60450578851629 137.79274321280539
36330.0 0.01972362267387 14.43322319526392 -150.72151588429614 349982.82473348546773 21.41873486298634 137.90962205786116
36420.0 -0.00249035681605 14.29313011430167 -150.65302159132045 349975.88803851604462 20.86077986113042 138.25486807655940
36480.0 0.01025724943355 14.19692549021174 -150.60560066795080 350011.70967446174473 20.48869341738742 138.48055336544198
36510.0 0.01769712652613 14.14859052591813 -150.58189922712839 349988.40757679287344 20.30242953453114 138.59207091026030
36540.0 0.00709173073734 14.09905228640708 -150.55730100853145 350022.04401003383100 20.11617962981833 138.70270237231600
36570.0 0.00973402293905 14.04936643484630 -150.53271789802793 350029.56991408113390 19.92996924110530 138.81245050896538
36600.0 0.00877410483084 13.99952974392911 -150.50814578159094 350010.17065233364701 19.74373638979993 138.92132127776986
36750.0 0.01956967336492 13.74154543998969 -150.37994446685428 349980.09004628285766 18.81150912628205 139.45264732900938
36960.0 0.01009021907812 13.35658268160027 -150.18666298567970 349972.92340954020619 17.50546570601396 140.16051755266898
36990.0 0.01916417392492 13.29917341487293 -150.15765288847339 349974.14132268819958 17.31877266277006 140.25826574718769
37020.0 0.00277108756125 13.24047812101638 -150.12775123065569 350023.10656699165702 17.13214702032163 140.35517754275841
37110.0 0.00833539929383 13.06331472909059 -150.03805297893877 349975.89389074314386 16.57197184961221 140.64092588097481
37140.0 0.00624853154011 13.00278437563913 -150.00726508958715 349974.28858023416251 16.38533100065857 140.73452136165088
37170.0 0.01164883025658 12.94093664959487 -149.97558117685796 350016.31729464046657 16.19868028061437 140.82729440940338
37200.0 0.00580781444355 12.87889463361445 -149.94389087197604 350023.28720505256206 16.01189961172507 140.91924676508535
37230.0 0.00023142508050 12.81667433635800 -149.91220462829790 349997.91826408542693 15.82518674262302 141.01038178089468
37260.0 0.00456313892541 12.75313075876137 -149.87962790184409 350015.94447263702750 15.63856575870808 141.10070254951455
37290.0 -0.00056951245611 12.68940186378653 -149.84705177605497 350000.39054916799068 15.45197489329435 141.19021127050968
37320.0 0.01698272268843 12.62432452025029 -149.81357382349873 350024.20764840114862 15.26528910776609 141.27890874061461
37380.0 0.01577225786520 12.49243726310829 -149.74571887139251 350042.38985748309642 14.89196044845445 141.45388280335351
37410.0 0.01493207600729 12.42562672863850 -149.71134312246315 350036.71218129713088 14.70536209573015 141.54016494636278
37440.0 0.00917558115174 12.35862127066427 -149.67696129560147 349995.37862070556730 14.51875834218927 141.62564603799873
37500.0 -0.00101928629816 12.22169715780752 -149.60640776337576 349955.07418369315565 14.14574256590262 141.79421875168225
37530.0 0.00404292977023 12.15175298015763 -149.57022327052866 349951.83132255915552 13.95913647866570 141.87731000038545
37560.0 0.00419285596009 12.08043219262868 -149.53314724922643 349985.70255740080029 13.77262099043269 141.95961125708638
37590.0 0.00623645627341 12.00891308692232 -149.49606904358842 349983.79386526905000 13.58621950074888 142.04112573032714
37620.0 0.01248498663164 11.93600443255868 -149.45809641268494 350017.23377793747932 13.39987040801206 142.12185398106382
37650.0 -0.00069931241355 11.86287929510441 -149.42010747798949 350011.24620929453522 13.21344990911066 142.20179392806810
37680.0 0.01494616401542 11.78955374810872 -149.38211264763052 349968.75413172598928 13.02714239627605 142.28095373760263
37710.0 0.01289954281713 11.71361629748814 -149.34232576224400 350028.70769433863461 12.84071978308751 142.35932714947603
37770.0 0.00988998380755 11.56111198658784 -149.26272933934038 350035.42020523361862 12.46820404790827 142.51374755111519
37800.0 0.01598959848322 11.48454448625295 -149.22291308690060 349981.31526672840118 12.28206463358617 142.58979716478868
37830.0 0.01419955986049 11.40534584782557 -149.18131568008394 350028.89433574024588 12.09596136038456 142.66507391267533
37860.0 0.01785409672005 11.32591502921969 -149.13969329971673 350034.24947836901993 11.90977606857034 142.73957404237561
37890.0 0.00508636305615 11.24628198507075 -149.09806809243184 350003.34315697848797 11.72385486547282 142.81331564653502
37950.0 0.01374576171745 11.08389095010375 -149.01297400419668 349954.22648061905056 11.35182335676016 142.95848355692806
37980.0 0.01902732996341 10.99992417245703 -148.96864641803910 350009.47840250004083 11.16601271237886 143.02992844833233
38010.0 0.01441086225421 10.91571770508447 -148.92428968229166 350021.33957708999515 10.98015457704901 143.10060653688299
38040.0 0.01078953267355 10.83128844685481 -148.87991477282279 349993.06640967540443 10.79443153087246 143.17052952949584
38070.0 0.01136105787108 10.74538541937966 -148.83462649846774 349988.99687005858868 10.60861798852162 143.23968606665329
38100.0 0.00829011793012 10.65802410390623 -148.78844417406904 350013.33864035550505 10.42298034443128 143.30809333911890
38130.0 0.00891799279641 10.57042533472169 -148.74223264618263 349994.79972064495087 10.23738475764240 143.37574512342675
38160.0 0.01390574688694 10.48135627055898 -148.69512179484317 350002.90912699326873 10.05191926312168 143.44264860452438
38190.0 0.00512359345414 10.39080393243630 -148.64710584925149 350035.64578137267381 9.86651240788888 143.50880092900641
38220.0 0.01070400711816 10.30124655444894 -148.59992128011700 349955.07440635934472 9.68104715834420 143.57419559667608
38250.0 0.00408720180852 10.20895954832771 -148.55096116616488 349967.33277101442218 9.49571507402359 143.63884687081253
38280.0 0.00739862357549 10.11518313526360 -148.50110045267002 350004.55722613260150 9.31053820218477 143.70275814287723
38310.0 0.00071138649837 10.02116133330731 -148.45120481739025 349998.04636846762151 9.12545544484738 143.76592681006710
38340.0 0.00643769614187 9.92562647054265 -148.40039154909471 350012.03729396499693 8.94034568710977 143.82834529855398
38370.0 0.00044273101987 9.82984945028850 -148.34954394339320 349983.04433617275208 8.75538985470006 143.89002839990729
38400.0 -0.00422907821454 9.73128410669442 -148.29690309453420 350039.16026015859097 8.57036472335395 143.95096033366835
38730.0 -0.00223679394358 8.58417605242679 -147.68342363179940 350021.49423853121698 6.54201684739547 144.57290025222025
38760.0 -0.00252859181194 8.47222719125891 -147.62320840364180 350047.95914833527058 6.35819499808410 144.62507606140076
38790.0 -0.01018379796298 8.36000350023473 -147.56292076086058 350026.65980180446059 6.17445526542849 144.67652800133931
38820.0 0.00025758835533 8.24751479946374 -147.50256464413465 349959.53650920558721 5.99087967988466 144.72726540655250
38850.0 0.00072144902364 8.13215390822473 -147.44041074511944 349973.20983743574470 5.80740024626994 144.77728252200851
38910.0 -0.00383162737650 7.89797466858877 -147.31412701889178 349980.92399724200368 5.44057266087172 144.87514275101614
38940.0 -0.00944322966858 7.77917157011105 -147.25001153835950 349979.60321921762079 5.25743277430161 144.92300984903414
39030.0 -0.01143954060428 7.41451274660506 -147.05283173712252 350004.40859181992710 4.70860964653490 145.06231746224441
39060.0 -0.01303638677864 7.29062642866167 -146.98575958608160 349997.92293796036392 4.52576742692240 145.10731321138232
39090.0 -0.01308669822310 7.16514760961503 -146.91774180114973 350009.37374301068485 4.34314908617897 145.15161023593728
39120.0 -0.00734931909268 7.03938020357081 -146.84961774979143 349972.21809754800051 4.16063132848333 145.19519518787658
39150.0 -0.01261579355073 6.91068809865341 -146.77968290465273 350014.91297206748277 3.97829324806500 145.23807830906168
39180.0 -0.01119503329543 6.78170428999371 -146.70963619682240 350009.19946745503694 3.79606858422375 145.28025254108371
39210.0 -0.01426898703008 6.65241858760313 -146.63946072980059 349952.10308518726379 3.61384357205716 145.32170445668422
39240.0 -0.01820123611363 6.52019398666113 -146.56746616458898 349974.57741258945316 3.43180362879383 145.36245747243646
39270.0 -0.01571993486119 6.38768528064871 -146.49535737699441 349951.11070939805359 3.24996895398660 145.40251515525745
39330.0 -0.01462015427027 6.11645070118427 -146.34734026942985 350010.06621771957725 2.88661788372792 145.48050983259395
39360.0 -0.01360086797211 5.98039393435050 -146.27313367358849 349968.34878181759268 2.70516034726738 145.51845566984463
39390.0 -0.01802515137646 5.84135138965426 -146.19706952919913 350000.43364446330816 2.52369087070998 145.55568032042945
39420.0 -0.01341069404493 5.70202324521419 -146.12087352192086 349987.77807234600186 2.34245942951716 145.59221759147184
39450.0 -0.01838235329531 5.56105556743349 -146.04367715132494 349989.86717012058944 2.16134620939239 145.62805209303056
39480.0 -0.01921548996727 5.41845354992649 -145.96548523078962 350008.98105224128813 1.98042741544010 145.66319488198650
39510.0 -0.01891463417154 5.27420663163910 -145.88628594182038 350043.36495018564165 1.79963852120667 145.69763767763212
39540.0 -0.01742947682740 5.13099481881966 -145.80775779505626 349964.33643393963575 1.61886689816315 145.73136488419399
