# sod		dsTEC/dt [TECU/s]		lat		lon		h_ipp		ele		azi
9840.0 0.01962501725389 13.02660399277171 -166.82574281694016 350008.91916279215366 6.77178194662835 242.35530394852066
9900.0 0.01477510817712 13.17859516175818 -166.71128578850542 349999.05133200157434 7.03302202091709 242.68295973942892
10110.0 0.01988059168592 13.68711563182810 -166.32680055830673 350040.18373145349324 7.93964184004901 243.84605500560707
10200.0 0.01972563541530 13.89534634842912 -166.16772903976869 350011.89019561465830 8.32455434233930 244.35227638480205
10290.0 0.01901425009882 14.09757549493946 -166.01280594533489 349999.54917849600315 8.70734360262711 244.86315898613344
10320.0 0.01391379667078 14.16359671680234 -165.96224744975115 350007.81075016874820 8.83447587522879 245.03449059802455
10350.0 0.01548649585737 14.22926626279432 -165.91155650341557 349986.24230705387890 8.96121102647787 245.20626429056298
10380.0 0.01324768917236 14.29391824527692 -165.86209067121436 350007.54859855584800 9.08784890820885 245.37861722811792
10410.0 0.01457185556724 14.35823171416169 -165.81249235240406 350000.41422622743994 9.21413239510248 245.55143041118299
10440.0 0.00991312856118 14.42223688619404 -165.76274685982818 349969.56156476959586 9.34029146449789 245.72480999927774
10470.0 0.00156162969967 14.48450768786514 -165.71563566462055 350042.74447224754840 9.46601636460684 245.89861094166855
10500.0 0.00619419579466 14.54785552656400 -165.66562026103668 349958.26766431145370 9.59158430325736 246.07296215622620
10590.0 0.00392721663904 14.73190094375380 -165.52305117828610 349956.37877836544067 9.96687630245138 246.59909335736927
10620.0 0.00882642783486 14.79127708863690 -165.47804273650021 350038.69131537713110 10.09136495065735 246.77542834414697
10650.0 0.00701022711918 14.85169182491393 -165.43012313999930 349962.73816902097315 10.21568008650726 246.95230390972864
10680.0 0.01176555034943 14.91048172689930 -165.38484841639107 349998.28123517427593 10.33977414362133 247.12969691238516
10710.0 0.00850242964926 14.96895405616117 -165.33945528741336 350006.80193584226072 10.46346141119257 247.30751637167032
10740.0 0.00496159554322 15.02714734739386 -165.29392455909056 349994.07900868915021 10.58704334957190 247.48590835145208
10770.0 0.01435552072900 15.08502651798660 -165.24827284811877 349955.39953473117203 10.71026187222691 247.66474615216629
10800.0 0.01085091124117 15.14134788869694 -165.20527566821698 350032.00198114290833 10.83334750621638 247.84414243067559
10830.0 0.00542948169439 15.19799410926328 -165.16077141459164 350013.45290680695325 10.95599058404689 248.02394343639247
10860.0 0.00965453206231 15.25435851329438 -165.11613639995559 349973.21595906931907 11.07846684554860 248.20428493477840
10890.0 0.00504511072094 15.30981393310941 -165.07277175578753 349979.56396059133112 11.20073902708553 248.38514817869057
10920.0 0.00499580505625 15.36496753679793 -165.02929289224281 349960.81154992897063 11.32262845161740 248.56644271140499
10950.0 0.00584906677876 15.41924597819288 -164.98708137537625 349991.65341483801603 11.44443686086444 248.74831988785252
10980.0 0.00553211496099 15.47322296646113 -164.94476215543926 349996.85534069500864 11.56580205863688 248.93059578426596
11010.0 0.00424014533771 15.52693080497230 -164.90231854519976 349981.19351586420089 11.68698569998577 249.11340224506006
11040.0 0.00317759514478 15.57976684195745 -164.86115783033722 350013.54842923302203 11.80794084015345 249.29671495527879
11070.0 -0.00626563688756 15.63290268348621 -164.81848530789387 349951.67863131687045 11.92848095228516 249.48043700324237
11100.0 0.00204762579618 15.68460426085400 -164.77849683298072 350010.30010715778917 12.04890886009460 249.66472370963655
11130.0 -0.00265436628652 15.73602908341025 -164.73840129038001 350045.78130621556193 12.16896575045881 249.84944037228416
11160.0 -0.00253161269690 15.78777962658529 -164.69677596086018 349991.92966434452683 12.28888038533631 250.03470529829877
11190.0 -0.00104846454856 15.83866189148544 -164.65645616847274 349983.95093115232885 12.40834768285215 250.22035788646082
11220.0 -0.00421499020641 15.88928876066783 -164.61601735855336 349956.51495407894254 12.52763960579045 250.40653985511216
11250.0 -0.00264631886644 15.93909554572925 -164.57687299850906 349979.83116286061704 12.64672204160618 250.59323289105765
11280.0 -0.00382961463507 15.98862869484434 -164.53762613192583 349980.56751978397369 12.76541397038250 250.78033983835383
11310.0 -0.00624148753604 16.03792435329738 -164.49825722225978 349963.88506552949548 12.88401790074690 250.96802127020800
11340.0 -0.00334261039502 16.08639358728688 -164.46020393351492 349995.05280717089772 13.00217264762345 251.15608283827260
11370.0 -0.00211403799020 16.13462148108441 -164.42203754258813 350007.64036115724593 13.12013916305396 251.34466366529514
11400.0 -0.00581284334242 16.18260136748773 -164.38376139405534 350000.96782081387937 13.23787116772311 251.53373824080560
11430.0 -0.00210498124471 16.23030966432697 -164.34538818850274 349972.08563870936632 13.35518150284588 251.72320348852838
11460.0 -0.00824484129393 16.27725939460071 -164.30831513516367 349997.86765405535698 13.47237409488470 251.91322434618843
11490.0 -0.01207546170878 16.32395160565401 -164.27114439433214 350002.70080080628395 13.58918965044325 252.10365780969482
11520.0 -0.00875800526316 16.37041270408813 -164.23386119348726 349990.34651653282344 13.70585604836820 252.29462852155555
11550.0 -0.01293274655038 16.41660562504885 -164.19648600068936 349956.06907577719539 13.82207094146494 252.48596784891049
11580.0 -0.01369846997607 16.46155827482407 -164.16184118562620 350049.21888737007976 13.93810335459963 252.67782406844779
11610.0 -0.01302833699480 16.50728312980946 -164.12425087082485 349979.77835614699870 14.05392235196076 252.87017944091866
11640.0 -0.01473284888026 16.55176163282538 -164.08940878496259 350035.22516450472176 14.16934475291578 253.06292978668108
11670.0 -0.01243367058928 16.59651769422750 -164.05303312870640 350002.44623685348779 14.28467358330727 253.25624524012406
11700.0 -0.01246788246606 16.64053127171668 -164.01799171332874 350021.71956455614418 14.39954898710997 253.44992071338112
11730.0 -0.01298708229583 16.68479822955119 -163.98142288782819 349951.05715211946517 14.51423100375527 253.64410282335382
11760.0 -0.01287036338486 16.72788694283254 -163.94759985048123 350009.74931699782610 14.62867406288365 253.83876484615058
11790.0 -0.01769209762725 16.77073563695605 -163.91369037848966 350048.75021680071950 14.74269056560392 254.03379731189665
11820.0 -0.01500251013853 16.81383800256549 -163.87824926220745 349998.98114445898682 14.85658526648920 254.22937513592498
11850.0 -0.01670199312512 16.85623951530425 -163.84414390924240 350004.03921263758093 14.97009864801035 254.42534671894501
11880.0 -0.01504074513442 16.89842997848526 -163.80993489403639 349993.78710226342082 15.08345751328694 254.62184320870219
11910.0 -0.01239744715294 16.93993105512653 -163.77706961207895 350038.13907523453236 15.19636252136573 254.81868778920153
11940.0 -0.00851450373408 16.98166397795465 -163.74267775521960 349992.70755005721003 15.30907954491661 255.01603538848218
11970.0 -0.01512828697687 17.02274388977808 -163.70961521637119 350005.92958273831755 15.42158084290342 255.21386899271056
12000.0 -0.01441589351685 17.06359197168832 -163.67646857326304 350000.86005067080259 15.53368126716570 255.41207707440066
12030.0 -0.01600267952969 17.10424187012502 -163.64321741546271 349982.02475131582469 15.64568409866575 255.61083967096715
12060.0 -0.01791547292392 17.14423597302973 -163.61131565835078 350019.42500485666096 15.75723113654415 255.80994065279802
12090.0 -0.01853831416381 17.18444058952936 -163.57788875449836 349966.78910321649164 15.86858129067606 256.00953434230667
12150.0 -0.01963910289826 17.26337699953539 -163.51362865071818 349963.30001200456172 16.09036865044155 256.40999990785076
12180.0 -0.01743249534861 17.30214197721447 -163.48278960985189 350014.95895955897868 16.20092331005620 256.61094094871783
12210.0 -0.01874961655754 17.34069340223553 -163.45187001209723 350049.87813143339008 16.31109424396493 256.81225543320738
12240.0 -0.01910178957751 17.37943941692493 -163.41942380718288 349995.16311744134873 16.42110698167802 257.01408117850542
12270.0 -0.01883313173526 17.41757342799535 -163.38833343309790 349998.88186039868742 16.53066546047401 257.21623305195573
18690.0 -0.01869930747684 21.89470616181180 -158.59212070763243 349998.38076196145266 34.59425487818849 307.67654501871266
18780.0 -0.01928793683995 21.92200056309825 -158.53220672615765 350030.57127133663744 34.80053047718607 308.44902522622942
18930.0 -0.01891463417154 21.96526240521068 -158.43189355594305 350032.20214290916920 35.14393821097246 309.73924185281459
19020.0 -0.01916417392492 21.98966064204989 -158.37118889043208 349969.76107001956552 35.34975773645868 310.51491648755308
19080.0 -0.01836122364687 22.00586979537130 -158.33128729152415 349991.60028993897140 35.48691025966085 311.03269029693359
19140.0 -0.01962300096683 22.02165419309131 -158.29135648645334 350006.45486644469202 35.62392091153989 311.55080244841866
19170.0 -0.01882307157375 22.02939365344304 -158.27136268340843 350012.15297538042068 35.69251076507528 311.81022042869472
19230.0 -0.01880093496366 22.04455385664626 -158.23135864427576 350018.41823760606349 35.82959704016533 312.32930875412819
19260.0 -0.01990574681721 22.05197373276735 -158.21135229405360 350018.88701320160180 35.89807681874986 312.58894323330281
19290.0 -0.01916216118349 22.05929159818617 -158.19132950285862 350018.23488672450185 35.96661698198605 312.84881784787507
19320.0 -0.01867314420201 22.06650610263844 -158.17129467567079 350016.29497751593590 36.03519121947703 313.10888435197614
19350.0 -0.01841253850735 22.07361006768844 -158.15127037248979 350012.10473188757896 36.10364659696065 313.36886390628479
19380.0 -0.01904242375131 22.08061506692056 -158.13122164846118 350007.24061915650964 36.17223286255052 313.62920634020634
19410.0 -0.01749890399699 22.08751151910757 -158.11117869938022 350000.40815043915063 36.24074406335880 313.88953557157924
19440.0 -0.01819721181265 22.09430671154103 -158.09111928915934 349992.61198798194528 36.30934005339940 314.15014148566593
19470.0 -0.01708132929029 22.10099205496057 -158.07107132846514 349982.67478563357145 36.37783227245813 314.41067534219439
19500.0 -0.01773636848367 22.10757473614129 -158.05101257632950 349971.59361357521266 36.44637994992461 314.67142790181936
19530.0 -0.01800804602901 22.11405583119588 -158.03093990400595 349959.52964743133634 36.51500916041384 314.93244699922030
19560.0 -0.01573301472578 22.12081067844358 -158.01130324494699 350000.14729780983180 36.58354447183290 315.19340338796275
19590.0 -0.01403856891123 22.12746955333508 -157.99163964278952 350040.29946982488036 36.65222729251317 315.45474726970127
19620.0 -0.01458090994897 22.13363528338084 -157.97156842022287 350023.54043317586184 36.72080087282723 315.71599397818238
19650.0 -0.01602984622053 22.13969902212657 -157.95148688396986 350005.76629915926605 36.78945033457241 315.97749055077344
19680.0 -0.01716383868823 22.14565962043283 -157.93139943864924 349986.81954530254006 36.85815020425041 316.23918801977470
19710.0 -0.01546637198871 22.15151077139989 -157.91132889658792 349965.78669285681099 36.92675101369463 316.50079813477123
19740.0 -0.01317826200277 22.15765412953201 -157.89164919304687 349999.23403265513480 36.99549646924661 316.76278651557084
19770.0 -0.01429011786039 22.16369256597308 -157.87197670234164 350030.96815423574299 37.06418557052564 317.02476473092383
19800.0 -0.01471171804995 22.16923843424738 -157.85188468309016 350006.74997886642814 37.13297314429825 317.28703085038467
19830.0 -0.01442696182189 22.17467568500572 -157.83181028021642 349980.55134822335094 37.20167722995539 317.54922863356109
19860.0 -0.01399530028895 22.18001058717792 -157.81173136533343 349953.30063573457301 37.27045071149509 317.81165450416103
19890.0 -0.01386147484864 22.18604006256916 -157.79243861553360 350035.84640080761164 37.33932085504559 318.07436211354326
19920.0 -0.01340969062892 22.19116811235110 -157.77236553089560 350005.88623658008873 37.40811520798994 318.33700880472753
19950.0 -0.01350628448935 22.19619732691539 -157.75227631697854 349975.41357813589275 37.47706903224042 318.60006044262576
19980.0 -0.01334629695610 22.20151970898073 -157.73259910300592 349998.43681975081563 37.54593293712905 318.86301822016708
20010.0 -0.01265000660940 22.20674303803900 -157.71291275301419 350020.63487531989813 37.61488637640824 319.12623955402796
20040.0 -0.01264698336067 22.21146215768956 -157.69283692793215 349986.24826465453953 37.68390469696704 319.38967476263167
20070.0 -0.01257957247815 22.21647873509174 -157.67316655014781 350005.57944175042212 37.75284208183441 319.65302597201634
20100.0 -0.01379204649718 22.22139873699723 -157.65347873973940 350024.48030853271484 37.82193583664506 319.91677497195440
20130.0 -0.01383028267494 22.22580712753327 -157.63342699409247 349986.01944417040795 37.89099015806561 320.18052071109798
20160.0 -0.01383732667901 22.23052378670158 -157.61374589850112 350002.56981983128935 37.96015466816583 320.44456957354316
20190.0 -0.01386851885271 22.23513581870829 -157.59408349955962 350017.38208102341741 38.02925410879597 320.70855778725661
20220.0 -0.01336440926521 22.23923730655684 -157.57404810517178 349975.38728421274573 38.09843492098689 320.97278742721858
20250.0 -0.01227066571670 22.24406297061610 -157.55474501057458 350044.54252989403903 38.16772537844533 321.23731825048571
20280.0 -0.01250913716503 22.24795968795649 -157.53472753067450 350000.02737823501229 38.23695630251714 321.50179376912286
20310.0 -0.01286432516057 22.25175795289644 -157.51469994304117 349955.03891869261861 38.30635645192638 321.76669593246902
20340.0 -0.01228475254295 22.25628099843792 -157.49542000593593 350020.45850937254727 38.37568406133787 322.03151149238437
20370.0 -0.01318429904518 22.25987413931444 -157.47541771067728 349972.82389667630196 38.44511268789459 322.29660847065611
20400.0 -0.01225255458948 22.26420159727637 -157.45613064848234 350036.67946979217231 38.51461848437879 322.56193647535002
20430.0 -0.01271440133447 22.26758947280961 -157.43615894148536 349986.30904270708561 38.58405948809916 322.82718776608726
20460.0 -0.01092838819460 22.27171892945235 -157.41687948843182 350048.15156007092446 38.65366621539144 323.09286073120552
20490.0 -0.01160254547686 22.27490609545746 -157.39692058009061 349995.78759915567935 38.72324832847697 323.35854138782645
20520.0 -0.01075129649578 22.27841554883135 -157.37730796430174 349999.11702114809304 38.79295005130889 323.62454459203644
20550.0 -0.01105818933392 22.28182213300579 -157.35771990169573 350000.81934208329767 38.86260294731375 323.89049897891874
20580.0 -0.00977628459967 22.28513029781227 -157.33813459600867 350001.69335930980742 38.93234690496761 324.15671228510428
20610.0 -0.00934864618582 22.28834094942962 -157.31854791364287 350001.90189444459975 39.00221101017846 324.42325067627121
20640.0 -0.00978332860374 22.29144921761684 -157.29898726970561 350000.50559000391513 39.07202968157765 324.68974337063241
20670.0 -0.01049270236067 22.29446176148560 -157.27941730208363 349998.75938677601516 39.14202478339872 324.95668887429832
20700.0 -0.00846016798864 22.29737184038327 -157.25987665185340 349995.34229418355972 39.21196247470764 325.22355914691286
20730.0 -0.00869461395410 22.30018441448516 -157.24033867423714 349991.19791906792670 39.28201016393704 325.49073307714485
20760.0 -0.00958208755340 22.30332859886457 -157.22113123333850 350043.08394506387413 39.35214479741911 325.75815956119516
20790.0 -0.00861009299661 22.30551155482913 -157.20130700408129 349979.56030601635575 39.42222849212988 326.02552071747948
20820.0 -0.00772362754086 22.30846019039831 -157.18211877587291 350029.53855815902352 39.49248454932639 326.29333201292837
20850.0 -0.00801743696876 22.31044535619100 -157.16231909019956 349964.11184393893927 39.56272839505657 326.56116617948680
20880.0 -0.00804762572645 22.31319864704359 -157.14315364220153 350012.13886840827763 39.63309864164577 326.82934673083736
20910.0 -0.00744490835521 22.31541882282650 -157.12370276132174 350001.57796798180789 39.70343381322717 327.09749461732997
20940.0 -0.00751634826623 22.31754186276006 -157.10426058903528 349990.21543280873448 39.77386712110772 327.36592327040097
20970.0 -0.00789467983351 22.32000433719944 -157.08512786872868 350035.47330224234611 39.84442825397871 327.63470558209593
21000.0 -0.00819151251014 22.32149512386655 -157.06541671494179 349964.67846023477614 39.91495558591352 327.90345596911095
21030.0 -0.00706858834748 22.32376420938845 -157.04630712184377 350008.15791895799339 39.98566365317690 328.17269001954924
21060.0 -0.00679791776380 22.32549663831734 -157.02693003205195 349992.73308470007032 40.05632687791633 328.44186449733922
21090.0 -0.00748314571486 22.32713293553688 -157.00756137405170 349976.59790871758014 40.12710623881652 328.71136945630388
21120.0 -0.00810095332836 22.32911236051079 -156.98849741261051 350017.15463380981237 40.19797946641197 328.98115307524705
21150.0 -0.00732617433905 22.33055351262841 -156.96917490496244 349998.67854746803641 40.26881300872015 329.25088702174332
21180.0 -0.00696494930111 22.33190021079502 -156.94985218660761 349979.81117467023432 40.33982248173417 329.52110437550328
21210.0 -0.00740465943602 22.33359060591027 -156.93084438518645 350017.27057865075767 40.41082940890296 329.79136418528304
21240.0 -0.00708468673328 22.33474464332972 -156.91155853430425 349996.45475124102086 40.48196655310601 330.06199883625874
21270.0 -0.00676270128912 22.33580047711705 -156.89230850291909 349974.16504796221852 40.55307956230074 330.33262147191874
21300.0 -0.00721650061403 22.33720479540294 -156.87334900777336 350008.92421859130263 40.62429482734965 330.60355127267434
21330.0 -0.00665403098011 22.33851568442852 -156.85439391812088 350043.15232420619577 40.69564241413642 330.87486819189485
21360.0 -0.00638235579853 22.33883981759512 -156.83492986355182 349960.10823748540133 40.76696505034045 331.14617128770197
21390.0 -0.00558041130026 22.33996086919801 -156.81600919993051 349992.58678975887597 40.83846946248921 331.41799381335579
21420.0 -0.00757370135100 22.34098584691431 -156.79712379920124 350023.63996230158955 40.90993871993765 331.68977687759792
21450.0 -0.00561562777494 22.34147057084168 -156.77798446074635 349995.97596204280853 40.98152705666077 331.96192203496508
21480.0 -0.00611168994236 22.34186067685556 -156.75886339689296 349967.48197388835251 41.05321297979216 332.23437673317960
21510.0 -0.00607143629565 22.34260254216902 -156.74004124894486 349995.69332860410213 41.12486755216791 332.50680184825393
21540.0 -0.00692872586477 22.34325257790107 -156.72121902380570 350023.59096183348447 41.19669818114571 332.77974865939626
21570.0 -0.00512459923391 22.34335881895651 -156.70217599209903 349991.94962449371815 41.26853286246899 333.05276208893855
21600.0 -0.00610967483717 22.34337167539927 -156.68314721703456 349959.64639002084732 41.34049824305163 333.32618363452531
21630.0 -0.00575448565976 22.34373968231734 -156.66440605277961 349984.33964925352484 41.41244728567457 333.59961848146520
21660.0 -0.00472412987467 22.34401534578363 -156.64567965455637 350008.33053040131927 41.48449939559053 333.87339163202103
21690.0 -0.00597182391401 22.34419918041476 -156.62696293226810 350031.77296529151499 41.55668477084755 334.14759045312610
21720.0 -0.00615897931998 22.34383742319370 -156.60804568493083 349995.29112587403506 41.62885093871491 334.42179803930549
21750.0 -0.00526245015707 22.34338375932605 -156.58913598686158 349958.38845323957503 41.70119627500404 334.69656594262460
21780.0 -0.00565889521534 22.34328877679185 -156.57050516575706 349978.68342412449419 41.77351293497756 334.97131910628593
21810.0 -0.00481871335743 22.34310244852955 -156.55188839503290 349998.34721022844315 41.84594805272511 335.24647095484164
21840.0 -0.00595773945152 22.34282467484444 -156.53328984047690 350017.27112927101552 41.91848090845833 335.52196818750014
21870.0 -0.00615092835426 22.34245439543098 -156.51473288785337 350034.82140342146158 41.99098749825223 335.79746051080105
21900.0 -0.00409223307116 22.34153921758178 -156.49595908482650 349993.10739342402667 42.06366643628727 336.07351804146703
21930.0 -0.00476035449288 22.34053153527960 -156.47722700349132 349950.08458149991930 42.13635261362857 336.34967108873775
21960.0 -0.00537212742774 22.33988801653317 -156.45873124587743 349965.36974548827857 42.20916626106717 336.62627052664152
21990.0 -0.00510045106428 22.33915313330380 -156.44027629503199 349979.35428808815777 42.28196787922302 336.90291340471060
22020.0 -0.00452792008697 22.33832801430125 -156.42184149752885 349992.60477433260530 42.35486969731476 337.17993063406834
22050.0 -0.00537313320751 22.33741301165116 -156.40342146648402 350005.26988439075649 42.42790177783576 337.45741736469859
22080.0 -0.00425020904486 22.33640736610525 -156.38504447724745 350016.61004056222737 42.50091694797839 337.73494007312593
22110.0 -0.00445648135783 22.33531244674449 -156.36667486812695 350027.57289408612996 42.57410462529285 338.01306929344327
22140.0 -0.00564681876676 22.33412734846194 -156.34835082405161 350037.16673623211682 42.64726655096246 338.29121324291270
22170.0 -0.00567298085971 22.33285303631277 -156.33004600235671 350046.08755873888731 42.72054235807930 338.56979761497428
22200.0 -0.00487003058167 22.33103174745534 -156.31156969472403 349994.80374943092465 42.79391209949231 338.84876833502091
22230.0 -0.00440315139216 22.32957871569571 -156.29333758039181 350001.53488899115473 42.86725706427303 339.12776353032274
22260.0 -0.00429448344691 22.32803722098381 -156.27511578489870 350007.83805632684380 42.94076641842823 339.40737283766776
22290.0 -0.00475230234529 22.32594847923112 -156.25674865901627 349953.34590622968972 43.01428242579416 339.68711142449303
22320.0 -0.00418178765504 22.32422985551893 -156.23859032447982 349957.73905398231000 43.08791856295076 339.96733982340527
22350.0 -0.00433976008310 22.32242307148796 -156.22047758978488 349960.83586874697357 43.16154312708660 340.24764674752589
22380.0 -0.00399765195216 22.32052850685203 -156.20239017301222 349963.14958011265844 43.23526095258848 340.52836911143612
22410.0 -0.00327116930213 22.31854633046726 -156.18432240135351 349964.82249744236469 43.30910167227801 340.80961023318804
22440.0 -0.00492637906854 22.31647683579584 -156.16630263108368 349965.16647654678673 43.38292397588128 341.09091927019062
22470.0 -0.00345732011020 22.31432009582795 -156.14829528553037 349965.05352506041527 43.45690763908997 341.37288646229871
22500.0 -0.00372798714825 22.31207661930467 -156.13033826112670 349963.57187750656158 43.53086455833866 341.65490269613196
22530.0 -0.00420090456205 22.30974641887802 -156.11240540733411 349961.35791761334985 43.60492641264356 341.93740635468379
22560.0 -0.00303169443778 22.30732972811534 -156.09450075117894 349958.31747246161103 43.67907403082992 342.22034255588449
22590.0 -0.00323796675076 22.30482723088816 -156.07664751598892 349953.90815996099263 43.75319440101345 342.50333740807116
22620.0 -0.00351366741520 22.30269853399579 -156.05896600855758 350009.15284257289022 43.82746650620161 342.78700078420593
22650.0 -0.00304879978524 22.30002445453527 -156.04117125475071 350003.05539903882891 43.90174052219212 343.07083214487062
22680.0 -0.00353177736054 22.29726469446021 -156.02340088828481 349996.23583592660725 43.97612279053558 343.35520197258938
22710.0 -0.00346838841525 22.29488045098646 -156.00582894345195 350048.42922877706587 44.05048970342395 343.63969042629890
22740.0 -0.00348750414037 22.29195101799025 -155.98813618361169 350039.50356188416481 44.12493845023713 343.92464051638643
22770.0 -0.00382760189364 22.28893652446757 -155.97046770363457 350029.86438060551882 44.19949790981826 344.21016412651068
22800.0 -0.00310716101354 22.28583831553370 -155.95285189603814 350018.87561362888664 44.27403326738051 344.49579235141630
22830.0 -0.00384168871989 22.28265518239046 -155.93525331708409 350007.33404046017677 44.34871388766081 344.78213588723361
22860.0 -0.00356498227568 22.27938901760905 -155.91770952240029 349994.40698614344001 44.42336246931987 345.06856765054971
22890.0 -0.00274794517138 22.27603890124199 -155.90019458626739 349980.67210387811065 44.49810222631164 345.35553914473655
22920.0 -0.00286265370468 22.27260522391977 -155.88271245539764 349966.04230518639088 44.57291477077220 345.64299463552402
22950.0 -0.00405198533384 22.26908952308232 -155.86528621098614 349950.02099981065840 44.64769324788409 345.93054774821849
22980.0 -0.00288881343387 22.26594985399958 -155.84800351444923 349994.18049835972488 44.72260563369623 346.21882932517946
23010.0 -0.00327620174664 22.26272820172160 -155.83076579118753 350037.17775254976004 44.79751062404858 346.50732252635703
23040.0 -0.00271272869670 22.25896389153986 -155.81343343899957 350018.57284356839955 44.87250699763302 346.79640807257988
23070.0 -0.00342109667387 22.25511866248372 -155.79615540900647 349998.62789977528155 44.94747958337886 347.08565734078240
23100.0 -0.00266140910870 22.25119149337112 -155.77891224043753 349977.75439427699894 45.02251764185507 347.37541951495513
23130.0 -0.00225088076983 22.24718212857668 -155.76169772464422 349956.07858713995665 45.09764893924083 347.66581544821815
23160.0 -0.00251752468877 22.24355190360415 -155.74464755579314 349994.12096889689565 45.17274586815978 347.95635739466849
23190.0 -0.00287874972672 22.23983901110919 -155.72761371183350 350031.60316572338343 45.24796651851565 348.24767726391309
23220.0 -0.00180915789349 22.23558812223001 -155.71053146925865 350006.56383821554482 45.32314512402818 348.53912934186559
23250.0 -0.00300452656506 22.23125634186298 -155.69348249256353 349980.62622545845807 45.39839585882883 348.83117867581132
23280.0 -0.00229716554955 22.22684421086752 -155.67647064132072 349953.71026330534369 45.47370113060529 349.12376862166968
23310.0 -0.00274693820973 22.22326976180688 -155.65970625024053 350048.08881409931928 45.54896075714292 349.41649984020972
23340.0 -0.00310715983166 22.21869811589116 -155.64277321048255 350019.12093142513186 45.62433078533804 349.71002486944360
23370.0 -0.00310313434880 22.21404855839238 -155.62589471713358 349988.83434858080000 45.69967911555494 350.00380995846234
23400.0 -0.00194096822860 22.20931929073896 -155.60904968160725 349957.63654668070376 45.77509648474187 350.29824633423118
23430.0 -0.00264531308667 22.20542650159079 -155.59242856661118 350048.18842792976648 45.85047654720422 350.59289636402059
23460.0 -0.00208083071131 22.20054113007436 -155.57567550523999 350014.68538414593786 45.92590031557297 350.88811545196393
23490.0 -0.00259198312100 22.19557666396459 -155.55895518070014 349980.27652791887522 46.00139404601935 351.18403382080038
23520.0 -0.00288680069244 22.19099222759124 -155.54237062829543 350006.15408473182470 46.07683813850029 351.48014408435824
23550.0 -0.00218346397791 22.18632769369762 -155.52580670428739 350031.34522276371717 46.15237844059872 351.77710010114106
23580.0 -0.00271675417956 22.18113262464889 -155.50923077633456 349993.35100679099560 46.22786154792364 352.07423686351751
23610.0 -0.00187958847909 22.17585998897433 -155.49269221929299 349954.35449883434922 46.30339195120764 352.37203335578857
23640.0 -0.00249538926057 22.17141881034175 -155.47632266161824 350038.13246733415872 46.37895287152511 352.67043194927680
23670.0 -0.00218748827889 22.16599478524881 -155.45988367011077 349996.68214306235313 46.45445137817743 352.96901985245574
23700.0 -0.00230923963437 22.16049274641050 -155.44347298321193 349954.37827991042286 46.53003056031945 353.26847198577332
23730.0 -0.00176488349144 22.15582267431952 -155.42723231676626 350034.84479213971645 46.60556829082182 353.56823707652416
23760.0 -0.00250142512110 22.15016962160272 -155.41091210306416 349990.23235941119492 46.68114673189220 353.86871708226300
23790.0 -0.00163306961069 22.14489583535401 -155.39470411613334 350006.35460811946541 46.75666880211800 354.16946514670701
23820.0 -0.00212711549104 22.13954611086259 -155.37853396656118 350021.44934623502195 46.83220691073868 354.47084288638899
23850.0 -0.00154854983508 22.13366868489232 -155.36234985216930 349973.34269730001688 46.90778536426380 354.77299027734790
23880.0 -0.00216535166880 22.12862089528548 -155.34631532107178 350048.39931205287576 46.98329346693011 355.07537949003103
23910.0 -0.00226999885871 22.12259491438344 -155.33022055399317 349997.97088294103742 47.05886374495775 355.37868700592020
23940.0 -0.00045580852071 22.11694791349367 -155.31422906349181 350008.44966150354594 47.13435608451191 355.68222788505665
23970.0 -0.00181720649545 22.11122581488240 -155.29827339144637 350017.90991796180606 47.20986457650567 355.98649538033874
24000.0 -0.00216837137189 22.10498111231500 -155.28232545084970 349963.75520996004343 47.28537328004283 356.29143078147086
24030.0 -0.00092067851442 22.09956261693405 -155.26650296583202 350033.21815737895668 47.36079716413455 356.59660736678927
24060.0 -0.00176085800858 22.09317279271966 -155.25064903901313 349976.62696378678083 47.43626521780497 356.90272303971318
24090.0 -0.00114304921319 22.08760648714143 -155.23490441538152 350043.93364343326539 47.51166614539963 357.20920841890921
24120.0 -0.00207780982635 22.08107323288974 -155.21914820695625 349984.82944012898952 47.58707294524332 357.51647634268051
24150.0 -0.00064296629043 22.07536221451544 -155.20349390006010 350049.76825487613678 47.66239829209665 357.82407054770454
24180.0 -0.00183531762268 22.06868825522098 -155.18784420974183 349988.00309534091502 47.73770560093666 358.13235877397170
24210.0 -0.00205366283859 22.06238606289803 -155.17224768931973 349987.96389154717326 47.81301674312920 358.44149109817255
24240.0 -0.00081502554474 22.05601581416140 -155.15671388582172 349986.45490560866892 47.88823093008973 358.75091846664577
24270.0 -0.00142377877651 22.05001393887020 -155.14121637197030 350046.94591461401433 47.96346617010104 359.06134054488217
24300.0 -0.00144390382705 22.04305968000892 -155.12576701841130 349979.99039420206100 48.03859667735699 359.37205188057516
24330.0 -0.00223779972336 22.03691754784691 -155.11036759567804 350037.93694406654686 48.11370535127414 359.68356022450837
24360.0 -0.00140365608973 22.02982231287697 -155.09500577590052 349968.52868714090437 48.18877712235457 359.99580566009837
24390.0 -0.00150326965325 22.02354197149637 -155.07970911111477 350023.84798529557884 48.26373558194773 0.30834708719025
24420.0 -0.00242294120602 22.01630942472918 -155.06444791211064 349951.77760159876198 48.33869435852933 0.62190584977513
24450.0 -0.00059164788432 22.00988827086677 -155.04923587500875 350004.69527630694211 48.41355394390965 0.93589392430967
24480.0 -0.00165118191979 22.00295771001677 -155.03406853049614 349993.20388130564243 48.48837752738018 1.25073506791065
24510.0 -0.00140566764928 21.99596187194448 -155.01896373672201 349980.21335015445948 48.56308808694908 1.56596347898447
24540.0 -0.00116719738283 21.98933313529794 -155.00388831729808 350029.36105193849653 48.63773961947150 1.88195281531591
24570.0 -0.00099714850620 21.98176269036213 -154.98888205715213 349950.48785488586873 48.71235102778202 2.19886354097740
24600.0 -0.00108267642534 21.97499861299066 -154.97390508774532 349996.98306992091238 48.78683254753935 2.51612465463464
24630.0 -0.00071138649837 21.96816188740250 -154.95895471770348 350042.43754723668098 48.86128635179947 2.83445938679146
24660.0 -0.00073754859131 21.96039574926957 -154.94411797198680 349959.20174470636994 48.93560213476315 3.15314129732431
24690.0 -0.00068924988828 21.95342652833488 -154.92927181089101 350001.88790859002620 49.00985073754821 3.47269271046080
24720.0 -0.00111889867980 21.94638855445759 -154.91446652504197 350043.32984638679773 49.08401800657639 3.79305234352010
24750.0 -0.00098004434062 21.93842764698075 -154.89979139881069 349955.77122749760747 49.15803695769824 4.11376432839440
24780.0 -0.00100117162530 21.93125693249280 -154.88508237439552 349994.49545026198030 49.23200447875974 4.43557368716203
24810.0 -0.00074056829440 21.92402216491874 -154.87043058033436 350031.76345839072019 49.30583390769905 4.75787331660529
24840.0 -0.00045782362589 21.91629173064082 -154.85585773320301 350003.90202330332249 49.37957792603664 5.08109776972490
24870.0 -0.00133523233616 21.90850040946996 -154.84135000692066 349974.44833349902183 49.45317041856035 5.40477165560028
24900.0 -0.00121247756466 21.90106939310192 -154.82684386732254 350007.56337573938072 49.52665551256262 5.72927418660586
24930.0 -0.00072245480341 21.89356995638514 -154.81237344498439 350039.42526576202363 49.60004856016963 6.05477640639533
24960.0 -0.00155860999658 21.88558629932593 -154.79801792071603 350005.66076101083308 49.67327205980224 6.38068474836430
24990.0 -0.00107462782338 21.87753510381966 -154.78369726677406 349970.59040328115225 49.74641091211237 6.70774612336213
25020.0 -0.00133925663714 21.86984688679496 -154.76938925103963 349998.01824113074690 49.81937156150291 7.03521279272848
25050.0 -0.00077779751051 21.86209240711248 -154.75512162143926 350024.10371843446046 49.89221185244509 7.36362151195107
25080.0 -0.00094784520527 21.85427277009069 -154.74089775389302 350048.80088654253632 49.96491860654220 7.69290943060893
25110.0 -0.00119738377676 21.84597611408113 -154.72680335947996 350007.59290325362235 50.03743514942236 8.02260561827819
25140.0 -0.00205567439814 21.83761351440178 -154.71274539644679 349965.00376719795167 50.10984013255727 8.35347870081381
25170.0 -0.00040952610474 21.82960906460229 -154.69868303511191 349985.15010782051831 50.18206090459328 8.68490220652180
25200.0 -0.00068220706610 21.82153954168900 -154.68466118152162 350003.89711246825755 50.25413889324996 9.01732114316786
25230.0 -0.00085627906183 21.81341141921485 -154.67070152904682 350021.04187064431608 50.32601978031860 9.35025400392444
25260.0 -0.00074358681560 21.80522030799899 -154.65678787421550 350036.71898923255503 50.39773689069713 9.68407820444646
25290.0 -0.00030286617340 21.79655272530982 -154.64299178511106 349986.40811466518790 50.46930162859784 10.01897879828561
25320.0 -0.00200939080030 21.78824108999978 -154.62918477250065 349998.96871353592724 50.54065011992022 10.35433920344315
25350.0 -0.00043769857536 21.77986321696166 -154.61541045036000 350010.13495533633977 50.61184844299558 10.69092975934753
25380.0 -0.00050712810870 21.77102149173605 -154.60178913325205 349954.92161722760648 50.68282118104747 11.02798135701036
25410.0 -0.00126077390394 21.76252633438482 -154.58812677433360 349962.86691563669592 50.75361218054785 11.36604474818214
25440.0 -0.00130102400501 21.75396977046850 -154.57451073679235 349969.27253217529505 50.82420931691647 11.70505526494865
25470.0 -0.00048398335508 21.74535868529021 -154.56096218375504 349973.97310707438737 50.89456719601338 12.04452676442888
25500.0 -0.00156062391989 21.73668289659366 -154.54744775492333 349977.20065860357136 50.96474463202401 12.38525097777128
25530.0 -0.00045581088447 21.72795146533810 -154.53399533914279 349978.74473081156611 51.03468425544089 12.72658199396335
25560.0 -0.00051316396923 21.71915864546285 -154.52058606787014 349978.72526469919831 51.10441545785539 13.06897465063011
25590.0 -0.00043166035107 21.71031157051040 -154.50724115207979 349976.99011405836791 51.17389597141886 13.41193472950087
25620.0 0.00039644387639 21.70140535176450 -154.49394461196388 349973.63498174678534 51.24314876732572 13.75585058656387
25650.0 -0.00072144902364 21.69243770227671 -154.48068887037539 349968.69234200008214 51.31218016736167 14.10091441996700
25680.0 -0.00004427322018 21.68341788899690 -154.46750095291364 349961.98640677984804 51.38094141728760 14.44648643146673
25710.0 -0.00087137284973 21.67433527106848 -154.45434830193525 349953.69874273706228 51.44947812536061 14.79335964966370
25740.0 -0.00035317879975 21.66559440168696 -154.44114831721970 350008.84204790461808 51.51773451632711 15.14074385678733
25770.0 -0.00033305138545 21.65640025357534 -154.42810701225028 349997.14673406165093 51.58573938912247 15.48920298825702
25800.0 -0.00066510290052 21.64753898255296 -154.41499383813664 350049.05094842519611 51.65348177686062 15.83867025795429
25830.0 -0.00002012386866 21.63823593866180 -154.40206807850649 350033.88606926146895 51.72092862027404 16.18864436618586
25860.0 -0.00122756898881 21.62887165261407 -154.38917884805474 350017.05906116683036 51.78811721009820 16.53993910129992
25890.0 -0.00045782362589 21.61945606981391 -154.37635352498410 349998.42596565186977 51.85500683240803 16.89188934560907
25920.0 0.00005534152522 21.60998289856387 -154.36357366212752 349978.05974077619612 51.92161404092910 17.24495878675252
25950.0 0.00009659504231 21.60045985636490 -154.35085983050459 349955.86004774272442 51.98790961199103 17.59864434132182
25980.0 -0.00055341170655 21.59126384246414 -154.33806199395173 349997.42011101171374 52.05390523667610 17.95333738445602
26010.0 0.00026966125827 21.58200722844089 -154.32530235382723 350037.29468862991780 52.11960168285054 18.30924027895207
26040.0 -0.00017306621596 21.57232083127437 -154.31274687123312 350009.75478019192815 52.18496693231142 18.66569015936805
26070.0 -0.00007848391508 21.56257516329817 -154.30022892228413 349980.44006094057113 52.25002440284252 19.02350138476607
26100.0 0.00061780997726 21.55315912715554 -154.28763698614145 350014.92420434113592 52.31473956659156 19.38186333714900
26130.0 0.00074157171041 21.54368516177425 -154.27508786055461 350047.65031741373241 52.37912509966956 19.74135185535616
26160.0 0.00082609384978 21.53378114193695 -154.26273310973622 350012.82125938497484 52.44317132908366 20.10189768778704
26190.0 -0.00048599727839 21.52383172182060 -154.25044924645547 349976.06761199608445 52.50685866433131 20.46298471802105
26220.0 0.00028777593114 21.51419517216082 -154.23805092177935 350003.30476355832070 52.57020113213013 20.82544705721069
26250.0 0.00032802248657 21.50450874453617 -154.22571349245266 350028.68438384309411 52.63317614060039 21.18860102302198
26280.0 -0.00050813388848 21.49439811139182 -154.21357659766372 349986.31010451447219 52.69578660828439 21.55291774890260
26310.0 0.00062284005802 21.48460800636590 -154.20134718502362 350007.93839334324002 52.75801715974755 21.91788600406340
26340.0 0.00001408800813 21.47476373679021 -154.18916570757256 350027.69931629579514 52.81986777817603 22.28389868620601
26370.0 -0.00065503919337 21.46449947931200 -154.17718877209794 349979.55490628723055 52.88133295594710 22.65116769184482
26400.0 0.00039745083804 21.45455355301920 -154.16511615389942 349995.48672499787062 52.94239913953984 23.01900771290477
26430.0 -0.00056246963392 21.44454885960041 -154.15307853577247 350009.51829794794321 53.00306580064385 23.38825232489769
26460.0 0.00025054553315 21.43414064921483 -154.14127871388294 349955.47114576958120 53.06332134791370 23.75807180002946
26490.0 0.00031192410078 21.42439444066962 -154.12918131513476 350031.76323226746172 53.12316126495391 24.12905204674675
26520.0 0.00028374926640 21.41388239052776 -154.11747828046882 349973.75130827818066 53.18257734883981 24.50112097089543
26550.0 0.00013483122008 21.40403619049685 -154.10549175765061 350046.18744275439531 53.24156467990733 24.87374835879039
26580.0 0.00031896692296 21.39342616438934 -154.09389679571782 349984.15127542894334 53.30011227001798 25.24778609240417
26610.0 -0.00012074439383 21.38312376926585 -154.08218634884855 349986.36502334009856 53.35821719001154 25.62253310039243
26640.0 -0.00049807136321 21.37276838196414 -154.07052064708631 349986.56325581762940 53.41586796161290 25.99846607582431
26670.0 0.00081904984572 21.36236873059357 -154.05891899480898 349984.74746518582106 53.47306388807367 26.37506671876914
26700.0 -0.00011973625029 21.35191545816494 -154.04735948963167 349980.88325885217637 53.52978916145490 26.75293246351460
26730.0 -0.00074559837515 21.34176189239633 -154.03567312585662 350041.42792252916843 53.58604653342935 27.13147116969999
26760.0 0.00051618130856 21.33086604737910 -154.02440522776953 349966.99195152893662 53.64181352886383 27.51143341249447
26790.0 0.00043367545626 21.32061210102706 -154.01281889996326 350023.45672454871237 53.69710111120719 27.89197363767791
26820.0 0.00031393566033 21.30996568545801 -154.00147177776083 350011.33788578584790 53.75188810297593 28.27368484912071
26850.0 0.00043065575317 21.29926998162357 -153.99017366946910 349997.10118385311216 53.80616784248803 28.65649205333792
26880.0 0.00037632118961 21.28886910389369 -153.97874260129413 350047.38675929512829 53.85994996237481 29.03985297981838
26910.0 0.00017709051694 21.27774467652496 -153.96775227544393 349962.28672801889479 53.91319903642506 29.42463305227760
26940.0 0.00041455618549 21.26724448107034 -153.95641781504560 350008.33696304168552 53.96593155806581 29.81011667431861
26970.0 0.00000301970308 21.25636176296736 -153.94533327351579 349985.56572046596557 54.01812225047708 30.19678341750597
27000.0 0.00045379696116 21.24543867205589 -153.93431362063086 349960.65673657413572 54.06978459163378 30.58411020547751
27030.0 0.00040751454519 21.23479126673669 -153.92312540046856 350000.27749856282026 54.12088553404983 30.97269624554039
27060.0 0.00053429361767 21.22410058323917 -153.91199797725969 350037.79680902510881 54.17144440850562 31.36193948905107
27090.0 0.00071541316311 21.21303162500507 -153.90112080899365 350006.27657732926309 54.22141672598683 31.75259934380507
27120.0 0.00050611996517 21.20192530132454 -153.89031207980761 349972.58609775267541 54.27083747754912 32.14381680645270
27150.0 0.00037229570675 21.19109028001635 -153.87933029203683 350003.49079188704491 54.31966803525140 32.53618941064266
27180.0 0.00032500396537 21.18020584518948 -153.86839452612676 350032.17032984923571 54.36790350417569 32.92963899305777
27210.0 0.00130404134434 21.16896692466849 -153.85774857501420 349991.78229578677565 54.41556914706685 33.32361271537284
27240.0 -0.00010967608878 21.15799027526896 -153.84691488896468 350015.97800689656287 54.46260374033037 33.71898585287631
27270.0 0.00089149553651 21.14666083738822 -153.83636982351481 349970.99840863514692 54.50904454587317 34.11503046916899
27300.0 0.00059265602785 21.13559473912800 -153.82564153956002 349990.66799882054329 54.55485200617359 34.51222659850112
27330.0 -0.00029683031287 21.12448840343278 -153.81497471489661 350008.12698014080524 54.60005443538951 34.91004810390891
27360.0 0.00098708834469 21.11333149997458 -153.80434863940835 350023.23200479708612 54.64460103854103 35.30909294420716
27390.0 -0.00010062170705 21.10213056327164 -153.79377555264188 350036.04353443626314 54.68850901976815 35.70900402726563
27420.0 0.00055140014700 21.09088847001001 -153.78326039593188 350046.58272947464138 54.73178244728098 36.10963367105528
27450.0 0.00066308779533 21.07929860948085 -153.77303009596363 349987.60609037242830 54.77438161238493 36.51137678413127
27480.0 0.00045983636732 21.06796409879210 -153.76260820474710 349993.35603003576398 54.81630345246700 36.91415220750818
27510.0 0.00050913848637 21.05659357065714 -153.75225224262644 349996.85391449835151 54.85758838127117 37.31739905902153
27540.0 0.00096293781129 21.04517130920130 -153.74193214053585 349997.85167043749243 54.89815063708559 37.72199803022803
27570.0 0.00037430963006 21.03371085748627 -153.73167275038176 349996.53006825968623 54.93804751679210 38.12721226874276
27600.0 0.00030186039363 21.02220371000985 -153.72145773448861 349992.73978338949382 54.97722617725976 38.53351970096931
27630.0 0.00122153312828 21.01065968758451 -153.71130467570353 349986.61650727223605 55.01572891312276 38.94039371418608
27660.0 0.00073151036703 20.99935407774026 -153.70093923342642 350045.26232819631696 55.05348851726696 39.34842781559470
27690.0 0.00172765427533 20.98771969141647 -153.69087980405288 350034.19976902566850 55.09053199690889 39.75726045292824
27720.0 0.00123863729385 20.97604745752436 -153.68087886736191 350020.73367565497756 55.12686716227346 40.16674339798142
27750.0 0.00041455618549 20.96433026578477 -153.67092309575315 350004.72100732475519 55.16244321337133 40.57726838943153
27780.0 0.00057856801972 20.95256980572624 -153.66101509692763 349986.16777150705457 55.19725916437926 40.98875125582037
27810.0 0.00053228087624 20.94077686334488 -153.65117346739351 349965.25130588002503 55.23137143216289 41.40062524803272
27840.0 0.00151937040280 20.92920884916149 -153.64110312567226 350009.06479687150568 55.26466884798926 41.81377224405784
27870.0 0.00161495848346 20.91733016330146 -153.63135761691552 349983.03686722461134 55.29722976889390 42.22744949570114
27900.0 0.00044172405822 20.90567756715529 -153.62138811457555 350021.82937658950686 55.32898788846067 42.64213032934753
27930.0 0.00182324235598 20.89371969211001 -153.61174826045988 349990.73015932645649 55.35999990090082 43.05728986891351
27960.0 0.00130504594223 20.88171724465071 -153.60215104447772 349956.93356974236667 55.39018205605967 43.47351408822296
27990.0 0.00092470281540 20.86994074222171 -153.59233344175644 349988.06597047578543 55.41957169991111 43.89043843097405
28020.0 0.00127586769184 20.85812551863890 -153.58257106510285 350016.69740229099989 55.44818055359410 44.30791463170827
28050.0 0.00053127627834 20.84600495427969 -153.57312926386879 349975.11047080438584 55.47594665778595 44.72632911723220
28080.0 0.00159986469556 20.83410134330208 -153.56345567867086 349998.37986085657030 55.50287136723542 45.14559486400999
28110.0 0.00124467551814 20.82216453936423 -153.55384513247355 350019.20640238467604 55.52902788226464 45.56514194926647
28140.0 0.00065604497315 20.80992457246234 -153.54455230427976 349969.60261600930244 55.55427895039680 45.98584874900504
28170.0 0.00098105012040 20.79790392622724 -153.53503545965486 349985.03063993714750 55.57872490432042 46.40697027231958
28200.0 0.00018011140191 20.78583847522748 -153.52556097655884 349997.68868709728122 55.60228592632826 46.82897263587208
28230.0 0.00034915213501 20.77373857205392 -153.51614538987968 350007.79491699021310 55.62503343593232 47.25133531208439
28260.0 0.00108971924753 20.76159280233782 -153.50676960732687 350015.05781797319651 55.64686717149800 47.67463352652132
28290.0 0.00107462782338 20.74916642954238 -153.49773760679901 349951.97234624810517 55.66783530340220 48.09850155662027
28320.0 0.00029682913099 20.73718855074781 -153.48817619176970 350021.55257626343518 55.68795361722028 48.52279181671911
28350.0 0.00088344929831 20.72468779326318 -153.47924615843732 349952.94806531723589 55.70714904127004 48.94788325201507
28380.0 0.00075565853666 20.71262089786120 -153.46976956000435 350016.86322522256523 55.72542554157110 49.37368637143314
28410.0 0.00071641776100 20.70028653431518 -153.46065222622778 350010.53844699263573 55.74287377187840 49.79963129117781
28440.0 0.00126781790800 20.68790456771144 -153.45156964271376 350001.17147033475339 55.75932994748658 50.22658786531457
28470.0 0.00083011815076 20.67549018637863 -153.44254529278723 349989.13157007470727 55.77491713445389 50.65381312887028
28500.0 0.00147308444120 20.66303396604583 -153.43356397488503 349974.14740679692477 55.78954209630214 51.08176336272647
28530.0 0.00120643934037 20.65077081285442 -153.42433559182180 350024.21689600497484 55.80329117821721 51.50992537865667
28560.0 0.00080496420135 20.63823814022757 -153.41545212471217 350003.53175646252930 55.81604781377415 51.93886042942002
28590.0 0.00194700527101 20.62567003191581 -153.40662033713679 349980.00101398862898 55.82787140395460 52.36820384843200
28620.0 0.00033909079162 20.61328706489220 -153.39753330921567 350021.44891933817416 55.83878192013045 52.79780967378437
28650.0 0.00110179451422 20.60064403402760 -153.38879911684094 349992.11456135194749 55.84869534425764 53.22804726616639
28680.0 0.00124869981912 20.58796255080462 -153.38011071784945 349959.77574682049453 55.85761851384971 53.65882530870957
28710.0 0.00015294352918 20.57546533052857 -153.37116976585568 349992.53702154103667 55.86566005425436 54.08957764687457
28740.0 0.00114506077274 20.56291867239394 -153.36226093472189 350022.06830830685794 55.87262945654756 54.52116042461788
28770.0 0.00075062963779 20.55033825581863 -153.35340727318695 350048.80354275833815 55.87867307029327 54.95283751214450
28800.0 0.00069528574881 20.53751058728108 -153.34491468973894 350004.63405488897115 55.88368447641942 55.38505282410036
28830.0 0.00108871464963 20.52465487916596 -153.33648115055360 349957.64755225554109 55.88776498856479 55.81730381712827
28860.0 0.00119537103533 20.51195828692131 -153.32776469957921 349975.25538363307714 55.89078212111841 56.25013467111901
28890.0 0.00194801223267 20.49923009907531 -153.31910478798011 349990.04003721661866 55.89286327653827 56.68294269614260
28920.0 0.00130504712411 20.48645406101963 -153.31047741622461 350001.46814389619976 55.89382828716781 57.11645696689469
28950.0 0.00026060569466 20.47364889213914 -153.30190929689854 350010.10176093317568 55.89386722500991 57.54982523078277
28980.0 0.00209391175779 20.46080201954834 -153.29338188582460 350015.51721351314336 55.89283722832628 57.98360574354288
29010.0 0.00143585404321 20.44791528033895 -153.28489749686216 350017.74372940324247 55.89074856478754 58.41770619787748
29040.0 0.00121247638278 20.43500109388747 -153.27647337341037 350017.16134852170944 55.88772994668263 58.85156945252206
29070.0 0.00217239803663 20.42204036599988 -153.26808203722032 350013.11725266184658 55.88356165141663 59.28603029664215
29100.0 0.00034210931282 20.40904931428825 -153.25974603242165 350006.12001198530197 55.87841592009547 59.72036634838317
29130.0 0.00120241267563 20.39601795880473 -153.25145092608608 349995.80992560647428 55.87217223013186 60.15500539252801
29160.0 0.00197819862659 20.38295732343565 -153.24321171461483 349982.53372810129076 55.86494830136647 60.58946021252027
29190.0 0.00122757135257 20.36985510310770 -153.23501087944419 349965.84489405155182 55.85659469217949 61.02425329871949
29220.0 0.00178198883889 20.35689549291661 -153.22652464861798 350013.97891982924193 55.84725981129912 61.45879666987407
29250.0 0.00068924988828 20.34371784141053 -153.21841210200026 349990.72330074012280 55.83673872927170 61.89379701588808
29280.0 0.00242495158369 20.33068046327331 -153.21001384048969 350032.31880714371800 55.82525127978464 62.32842446836334
29310.0 0.00106858959909 20.31743619892875 -153.20200014077392 350002.69696929864585 55.81263618031567 62.76321765577060
29340.0 0.00114707351417 20.30415523960519 -153.19402975940736 349969.68858687672764 55.79890733554537 63.19808467764098
29370.0 0.00088948515884 20.29100900865627 -153.18577036692326 350001.50539210159332 55.78421362016599 63.63248260317903
29400.0 0.00132718491608 20.27781429582505 -153.17754141015547 350029.61494881287217 55.76830658748499 64.06721893211137
29430.0 0.00138051133611 20.26443410709162 -153.16971696343666 349986.84190717525780 55.75138432241918 64.50159155743989
29460.0 0.00101928629816 20.25116806045975 -153.16158037828166 350008.30400375090539 55.73331280818610 64.93600969538844
29490.0 0.00111789290002 20.23787121113154 -153.15349676555846 350026.62680092267692 55.71422574766914 65.37000577609729
29520.0 0.00206674388506 20.22438464730173 -153.14580528942352 349973.57302392832935 55.69395760171461 65.80407762146848
29550.0 0.00141271047147 20.21101731982214 -153.13781284201414 349985.11708756443113 55.67267753422088 66.23765734037993
29580.0 0.00100419251026 20.19760310592305 -153.12985119092801 349992.82047958299518 55.65015651558028 66.67142456062179
29610.0 0.00056146267227 20.18416183266768 -153.12194582130667 349997.42122605722398 55.62664367843187 67.10457908135157
29640.0 0.00063793384592 20.17068016864633 -153.11407904728958 349998.37178005930036 55.60195999570696 67.53763669029851
29670.0 0.00132215247157 20.15716002232562 -153.10625303964082 349995.71438359376043 55.57612311591079 67.97050748704281
29700.0 0.00161697122489 20.14361458708120 -153.09848433254632 349989.94705196935683 55.54930181239553 68.40266793570579
29730.0 0.00161193996225 20.13015241499147 -153.09038105352667 350047.87885572109371 55.52121976043778 68.83489286336676
29760.0 0.00098708716281 20.11640401789581 -153.08306125957242 349967.21256362926215 55.49210041647807 69.26650683059479
29790.0 0.00197417314373 20.10286947313422 -153.07504672880501 350018.07767217326909 55.46179701960262 69.69789850700714
29820.0 0.00182123079643 20.08918101747937 -153.06745183584545 349997.99476249236614 55.43045853841902 70.12862406699693
29850.0 0.00202247066489 20.07545221104832 -153.05989330748497 349974.04324100259691 55.39790437163072 70.55915426703248
29880.0 0.00145396635232 20.06181352448704 -153.05201662089954 350014.36245925445110 55.36432382876875 70.98894643907937
29910.0 0.00188965218624 20.04801201887203 -153.04454176832974 349982.99963017087430 55.32946472007739 71.41864908376111
29940.0 0.00185745305089 20.03429807216672 -153.03674861031652 350015.92286584060639 55.29360453475309 71.84749847866620
29970.0 0.00211001014358 20.02043304992581 -153.02936740634729 349977.41638316679746 55.25654736447232 72.27598489112565
30000.0 0.00032802485033 20.00663875823325 -153.02165024341949 350002.59714397601783 55.21831458935220 72.70402205891550
30030.0 0.00151635069972 19.99281754132067 -153.01398772247927 350024.48095442168415 55.17909426890142 73.13111067355338
30060.0 0.00186348891142 19.97894845967664 -153.00635399800427 350042.12205682881176 55.13858337143414 73.55798826154796
30090.0 0.00215327876586 19.96495075643974 -152.99915068931881 349988.81703152786940 55.09702982545345 73.98401190455338
30120.0 0.00173670865706 19.95101312308901 -152.99160473712928 349998.97369156125933 55.05427498586596 74.40954823481152
30150.0 0.00074459141350 19.93704611923025 -152.98410896732233 350005.60973676666617 55.01048208480174 74.83418075164440
30180.0 0.00146302191593 19.92303668731844 -152.97664740073174 350008.10622910130769 54.96545663222499 75.25835137751181
30210.0 0.00201945214368 19.90899933204246 -152.96923700586839 350007.08844083361328 54.91940712485682 75.68154720610498
30240.0 0.00126681212823 19.89491573907387 -152.96185571204833 350001.68714756797999 54.87205939416362 76.10438228055484
30270.0 0.00148918400888 19.88080674432473 -152.95452785047749 349992.82670437358320 54.82371788706731 76.52613526571423
30300.0 0.00022639499975 19.86673865913950 -152.94684792235910 350047.11171172093600 54.77417083088784 76.94726881312873
30330.0 0.00134831574639 19.85255021269107 -152.93959407145809 350030.00626219063997 54.72344320135254 77.36770181167627
30360.0 0.00198725182645 19.83833823648320 -152.93239468254586 350009.44273569621146 54.67174140132678 77.78696333673042
30390.0 0.00149119675031 19.82408123611664 -152.92522440435192 349984.37228684779257 54.61873714304623 78.20574988014050
30420.0 0.00098406745972 19.80979732395362 -152.91810392268951 349955.62211638875306 54.56470153152042 78.62345598622203
30450.0 0.00106456529811 19.79554285010614 -152.91062610855954 349989.78363143280149 54.50946497649208 79.04042522961271
30480.0 0.00121851342519 19.78125699112097 -152.90319604840468 350020.18447443004698 54.45320372059859 79.45627124209528
30510.0 0.00173369013586 19.76686446644645 -152.89619456602009 349979.05818456131965 54.39571065622065 79.87140596554651
30540.0 0.00079188315488 19.75250675188076 -152.88884666395208 350001.30109212268144 54.33721219793758 80.28534990385931
30570.0 0.00244004537159 19.73810042417050 -152.88152597486749 350018.83449869975448 54.27741357723002 80.69868010956353
30600.0 0.00200939198218 19.72361267290916 -152.87465578364265 349965.68575100321323 54.21664440146395 81.11072229263792
30630.0 0.00137246273415 19.70919150629995 -152.86702114138845 350042.08832471445203 54.15467816920359 81.52190998386408
30660.0 0.00187254683879 19.69462776623011 -152.86022404519753 349980.19498332589865 54.09154320200405 81.93216845953269
30690.0 0.00165319466122 19.68013628134992 -152.85267591425171 350048.47285964805633 54.02746301834650 82.34105840347412
30720.0 0.00199429583051 19.66550502061574 -152.84596013316008 349978.12121126241982 53.96208575163890 82.74923250315868
30750.0 0.00155660080079 19.65093190966169 -152.83848467627007 350037.55858711339533 53.89570405276805 83.15612651617795
30780.0 0.00192486984280 19.63623706065420 -152.83185325730230 349958.81167926173657 53.82813837676251 83.56206036677617
30810.0 0.00151433677641 19.62159042441330 -152.82445821416505 350009.68241456151009 53.75957652805118 83.96667968023678
30840.0 0.00158074778855 19.60686393956528 -152.81750122993887 349989.06933563016355 53.68980011280313 84.37036584981803
30870.0 0.00249840541801 19.59211093104091 -152.81059290407691 349964.52093672566116 53.61905194537335 84.77267534943591
30900.0 0.00170652344501 19.57733972226464 -152.80330256256556 350001.61897510848939 53.54701818569237 85.17414651818453
30930.0 0.00131209112818 19.56253918263843 -152.79606103759201 350034.77107129339129 53.47405149243339 85.57415529992171
30960.0 0.00154754287342 19.54767250149527 -152.78926356264458 349996.60051504522562 53.39991185530319 85.97310516790404
30990.0 0.00208686657184 19.53276925489241 -152.78250259200951 349953.81444536522031 53.32463060130590 86.37092864169080
31020.0 0.00220359021033 19.51786084009652 -152.77538015066992 349973.64727063011378 53.24844691751805 86.76722015853639
31050.0 0.00221566193139 19.50290251647241 -152.76828322407849 349988.27100193407387 53.17098720417151 87.16258680782958
31080.0 0.00192587562258 19.48791322758893 -152.76123168680388 349998.68742626905441 53.09256377556568 87.55650797255714
31110.0 0.00205265824070 19.47288167840894 -152.75421325569820 350004.23464068491012 53.01298815085830 87.94927970928187
31140.0 0.00202649378399 19.45781978228692 -152.74724018925065 350005.53938887547702 52.93245812045297 88.34058048638083
31170.0 0.00198121951156 19.44271393137520 -152.74029786993964 350001.80104514118284 52.85074536220491 88.73076109803078
31200.0 0.00259600742198 19.42757952792805 -152.73340212270705 349993.85057755652815 52.76810740057952 89.11941538453846
31230.0 0.00157571652592 19.41239692841121 -152.72653215026799 349980.53347030375153 52.68421295552221 89.50704203015167
31260.0 0.00224685528697 19.39718832194358 -152.71971073276075 349963.07708863355219 52.59943541720232 89.89306887307589
31290.0 0.00216434470715 19.38193135229424 -152.71250095367469 350006.65796793811023 52.51352253958802 90.27786891995147
31320.0 0.00213818615984 19.36663012056676 -152.70532413556577 350045.18705486785620 52.42650825446254 90.66138237036434
31350.0 0.00183129095794 19.35131239134857 -152.69861805485451 350013.52330813370645 52.33864582767863 91.04323845420308
31380.0 0.00238973629088 19.33594765669356 -152.69193763883760 349976.34804487042129 52.24954188278182 91.42399780613285
31410.0 0.00160992840270 19.32053696367638 -152.68487793931411 350000.62689219135791 52.15952635617470 91.80318450372658
31440.0 0.00258795763814 19.30508172595946 -152.67784977743767 350019.67215776909143 52.06840285923924 92.18107084580572
31470.0 0.00327117166589 19.28961768958347 -152.67129104573988 349968.39399124030024 51.97637753772957 92.55736802629674
31500.0 0.00322790422549 19.27405988143657 -152.66390949032925 350043.22251958865672 51.88321349737621 92.93239663947175
31530.0 0.00184034770343 19.25852437889027 -152.65742623055650 349982.10869733523577 51.78918119287751 93.30578817190913
31560.0 0.00292201953088 19.24287983848683 -152.65011209994802 350046.53348130360246 51.69393359366152 93.67800143720925
31590.0 0.00328223878905 19.22727105162494 -152.64370126718725 349975.31003880873322 51.59786239593368 94.04851638524886
31620.0 0.00283045338745 19.21154976015573 -152.63646337116415 350029.77234693616629 51.50070441531315 94.41767562689535
31650.0 0.00291296278539 19.19582196203848 -152.62968755748261 350013.35885915160179 51.40249576020393 94.78542708111286
31680.0 0.00397953964305 19.18006822745795 -152.62295942364148 349992.52365944534540 51.30350211905417 95.15143478776513
31710.0 0.00360623697465 19.16421946677751 -152.61582337158802 350031.07611022330821 51.20331235087187 95.51621293047168
31740.0 0.00222773601621 19.14838379073403 -152.60916193687680 349999.51143036503345 51.10227190583024 95.87933012548339
31770.0 0.00229213546880 19.13250676971543 -152.60253207986020 349962.43456381373107 51.00017750865580 96.24103530982616
31800.0 0.00264229220170 19.11654673742175 -152.59551108339750 349985.71261425036937 50.89724204217691 96.60107144968212
31830.0 0.00210095576185 19.10053809718710 -152.58851792807357 350003.15447913575917 50.79322137044344 96.95972972135726
31860.0 0.00287673934905 19.08449679205241 -152.58156778559527 350015.74014217127115 50.68839708397993 97.31667856408822
31890.0 0.00330940784365 19.06840237052987 -152.57464059704199 350022.10269003361464 50.58240810802278 97.67233735272985
31920.0 0.00305483800953 19.05227784829507 -152.56775826132665 350023.69106688909233 50.47566200919978 98.02623712075433
31950.0 0.00367264562303 19.03610779531839 -152.56090562709122 350019.45593442674726 50.36788596080753 98.37869057970802
31980.0 0.00303672688230 19.01989434033379 -152.55408447143731 350009.48750742152333 50.25911782137899 98.72965307760288
32010.0 0.00311420265384 19.00365299061925 -152.54730925605688 349994.76964816451073 50.14963404773085 99.07882262140205
32040.0 0.00320979309826 18.98735974499584 -152.54055683773973 349973.66301723662764 50.03900775232607 99.42666770188322
32070.0 0.00359013740697 18.97095628477980 -152.53340585818074 350012.02560248691589 49.92759780392055 99.77280029646718
32100.0 0.00382458337244 18.95450380342789 -152.52628379761813 350044.32601408194751 49.81519504098518 100.11744662531507
32130.0 0.00301157175101 18.93809838814475 -152.51964320004362 350006.91296987887472 49.70201753246609 100.46037982243715
32160.0 0.00255978398564 18.92165286670015 -152.51303537096518 349963.71353033836931 49.58790949088118 100.80176636200319
32190.0 0.00255273998158 18.90498298599416 -152.50556978208238 350042.87970507983118 49.47277388737748 101.14170539884192
32220.0 0.00313533466604 18.88846000899393 -152.49903308614643 349988.38994266651571 49.35695402450011 101.47985229794989
32250.0 0.00289485165816 18.87179242293372 -152.49207558274796 349991.44944860413671 49.24003238443906 101.81662854630711
32280.0 0.00286466408235 18.85509308868393 -152.48516131806980 349989.34985049441457 49.12243111614531 102.15161861988193
32310.0 0.00282944642579 18.83824590689294 -152.47783055509396 350044.94896930735558 49.00386832499738 102.48510360577608
32340.0 0.00184940563081 18.82155425904017 -152.47141969406118 349966.34946487192065 48.88438333194651 102.81704633749300
32370.0 0.00328123182740 18.80462685666637 -152.46416227080860 350010.47039290051907 48.76426244272786 103.14718022238605
32400.0 0.00275297761590 18.78764002442147 -152.45692533984337 350047.52591381128877 48.64306397571330 103.47592538598991
32430.0 0.00253664041390 18.77083712369295 -152.45062157516287 349951.53267799876630 48.52116003519375 103.80293806245936
32460.0 0.00349857362729 18.75376606267169 -152.44345248914459 349976.52657968644053 48.39833410724592 104.12842249952313
32490.0 0.00317860210644 18.73665644235709 -152.43632203828008 349995.79644205048680 48.27480946747813 104.45218131340116
32520.0 0.00177695521250 18.71949948762962 -152.42922195115509 350008.65740653779358 48.15042767332073 104.77436288543781
32550.0 0.00290692574298 18.70228966445798 -152.42214696380651 350014.64852866996080 48.02508863615843 105.09505780658603
32580.0 0.00322186836496 18.68504642355790 -152.41511427438348 350015.14574989490211 47.89914579582450 105.41396312699347
32610.0 0.00460741096370 18.66774605853004 -152.40810228936536 350008.34919473063201 47.77216908614724 105.73145504554503
32640.0 0.00328827583146 18.65041243999318 -152.40113207964779 349995.97420401219279 47.64459258965670 106.04716818322099
32670.0 0.00258192177761 18.63302961870008 -152.39418906866575 349976.78367233555764 47.51612679744192 106.36135341623012
32700.0 0.00349052266157 18.61559980165913 -152.38727493829813 349950.88505331519991 47.38681206585901 106.67398025456323
32730.0 0.00393828494408 18.59786141102791 -152.37949967443416 350045.23550166748464 47.25694277339887 106.98481512725610
32760.0 0.00517692341981 18.58033944904701 -152.37264794317568 350006.14557466562837 47.12606470641654 107.29423211183787
32790.0 0.00404091821068 18.56278259020386 -152.36583482827245 349961.10696105659008 46.99455901746192 107.60193041824384
32820.0 0.00403689272782 18.54488462736988 -152.35814274260403 350034.42528695520014 46.86220682376867 107.90809005199451
32850.0 0.00391816107542 18.52724076402532 -152.35139461712100 349976.26862304843962 46.72923312515925 108.21254214392781
32880.0 0.00325205239512 18.50924836082101 -152.34376825971231 350036.28436886426061 46.59547764084370 108.51541804298579
32910.0 0.00372094432606 18.49150658185058 -152.33707431426029 349963.94067244790494 46.46083756306843 108.81679990171088
32940.0 0.00374107055848 18.47341946697506 -152.32951216604030 350010.41041745152324 46.32567443082236 109.11642328923647
32970.0 0.00401375033796 18.45526802912934 -152.32196891118755 350048.81025589816272 46.18954771188423 109.41462166709137
33000.0 0.00433976008310 18.43740359951496 -152.31537685953381 349956.78481835871935 46.05290099573418 109.71107597141842
33030.0 0.00332751897088 18.41916137563998 -152.30789930937888 349981.60184174589813 45.91543853048463 110.00600857129429
33060.0 0.00454402083652 18.40086517905060 -152.30044870973850 349998.98190081492066 45.77720134265093 110.29939477314011
33090.0 0.00421297746498 18.38253147900518 -152.29303886542266 350010.19207289069891 45.63849026737856 110.59103133650217
33120.0 0.00417776217218 18.36413485768594 -152.28564766424029 350013.12257969286293 45.49884068393102 110.88124905120270
33150.0 0.00387288207547 18.34569661952074 -152.27829301457197 350009.43683546781540 45.35864172660438 111.16978584438735
33180.0 0.00444239216782 18.32720461894366 -152.27096421731895 349998.08695863001049 45.21767120906060 111.45680062599261
33210.0 0.00457018174759 18.30867125521259 -152.26367148007557 349980.02983480785042 45.07615548365907 111.74214932262683
33240.0 0.00403387538849 18.29008771586640 -152.25640697085308 349954.48290544655174 44.93393318684787 112.02594740393637
33270.0 0.00376823606744 18.27107211060153 -152.24824752306759 350043.41904087085277 44.79089913383535 112.30826879481198
33300.0 0.00500586758152 18.25239145071968 -152.24104514368830 350003.22999528981745 44.64742113178517 112.58888420068048
33330.0 0.00368773941093 18.23365047623603 -152.23386147366415 349954.51050730329007 44.50305011400789 112.86808720706439
33360.0 0.00361931920300 18.21448142552934 -152.22579703087061 350021.19619858823717 44.35823699827682 113.14560100776872
33390.0 0.00306892365389 18.19564736395673 -152.21867684605678 349957.79674801044166 44.21268106196084 113.42162136131878
33420.0 0.00320476183562 18.17636023534422 -152.21066215010046 350008.07914653606713 44.06642369977889 113.69612850346741
33450.0 0.00383263433816 18.15723366802763 -152.20314731618058 349990.83660238981247 43.91977076131946 113.96894672892303
33480.0 0.00350863378880 18.13804284343244 -152.19565021593874 349964.64436267968267 43.77224918149014 114.24036656750287
33510.0 0.00441019657810 18.11859967326142 -152.18772714173696 349991.75703990831971 43.62425425275595 114.51016115345350
33540.0 0.00399060676621 18.09909627374510 -152.17982842052015 350010.38880336657166 43.47556141946853 114.77846980427833
33570.0 0.00358309458478 18.07954511864660 -152.17196400780776 350021.56034204456955 43.32639722493600 115.04517045242129
33600.0 0.00345430158900 18.05993739557823 -152.16412626907015 350024.43507804907858 43.17659991133701 115.31036389874711
33630.0 0.00483078744225 18.04026727443547 -152.15631007929645 350018.42442467063665 43.02606225376208 115.57411613706213
33660.0 0.00530068633484 18.02055526033892 -152.14853190415224 350005.27709781657904 42.87515671022290 115.83622961465262
33690.0 0.00388797349962 18.00077638841080 -152.14077093306469 349982.70252328831702 42.72342744375402 116.09696105985793
33720.0 0.00482676550503 17.98095578794956 -152.13304734639010 349952.87718644458801 42.57133077529443 116.35607186940345
33750.0 0.00497568118759 17.96061410539756 -152.12442047855066 350033.43677752651274 42.41856217428283 116.61373318980164
33780.0 0.00577963960917 17.94067370111644 -152.11674482681877 349985.90017213579267 42.26516316069810 116.86992938547336
33810.0 0.00531578012274 17.92022095117092 -152.10818011652444 350049.93289624340832 42.11144333070177 117.12450953756624
33840.0 0.00507026348847 17.90017100603269 -152.10055927973164 349985.32283857557923 41.95692296153243 117.37772705911908
33870.0 0.00357303205951 17.87959377987453 -152.09204437237739 350031.31328914128244 41.80200189717114 117.62938683862166
33900.0 0.00477544828079 17.85919506827463 -152.08401693186732 350008.88985727075487 41.64645406051106 117.87961015273277
33930.0 0.00467784509494 17.83874802630151 -152.07602270299404 349978.41082994733006 41.49050520002627 118.12829430709515
33960.0 0.00455710188300 17.81799377222879 -152.06758947782271 349997.80087827891111 41.33399378202554 118.37552666499445
33990.0 0.00588227169389 17.79717112407923 -152.05917651211630 350007.37905290164053 41.17681086673951 118.62136565939980
34020.0 0.00534898385600 17.77630095003301 -152.05080011759443 350009.03446421399713 41.01933215286656 118.86564221513476
34050.0 0.00459835658197 17.75535787541309 -152.04243963052929 350000.28901915717870 40.86109662279531 119.10857925222997
34080.0 0.00477444013725 17.73436746371087 -152.03411504836285 349983.49339045677334 40.70256432134621 119.34997247717200
34110.0 0.00423410947718 17.71331282805177 -152.02581251712417 349956.96062431670725 40.54342795844126 119.58997044635439
34140.0 0.00508334571682 17.69166437696322 -152.01660223245429 350037.06765393447131 40.38372898826757 119.82856094623105
34170.0 0.00446352418001 17.67049826541516 -152.00835998748678 349992.72627791855484 40.22377965147621 120.06561524132508
34200.0 0.00585309107974 17.64898973456690 -151.99966720335470 349995.60509958956391 40.06309517402721 120.30135276359131
34230.0 0.00572127956274 17.62742729581807 -151.99100693506966 349989.69693271908909 39.90207855156905 120.53560687900578
34260.0 0.00426731439231 17.60552193881806 -151.98190275957779 350031.33616478927433 39.74050294477873 120.76848237207979
34290.0 0.00555424920731 17.58383674851296 -151.97329641923187 350006.29231303744018 39.57859248184128 120.99989350834031
34320.0 0.00559248538508 17.56208901348728 -151.96471451526978 349971.37269073445350 39.41618640129179 121.22991543113109
34350.0 0.00580580052024 17.53998829752551 -151.95568542299384 349983.15602583624423 39.25317435590416 121.45859943768377
34380.0 0.00673754733970 17.51783501988580 -151.94669163582932 349986.16955619305372 39.08993406810861 121.68580188432949
34410.0 0.00506925770870 17.49560339363723 -151.93771256360077 349977.73410036228597 38.92600075640280 121.91171486202737
34440.0 0.00623545049363 17.47331942703817 -151.92876807764782 349960.38799629453570 38.76183673872795 122.13616475496789
34470.0 0.00533489821163 17.45037627396323 -151.91891069740538 350045.84829468652606 38.59713289905743 122.35927951132055
34500.0 0.00528860988626 17.42795066803486 -151.91000915056330 350006.94486561510712 38.43193047899523 122.58104973568052
34530.0 0.00491530958162 17.40547588596889 -151.90114326907334 349959.21147510316223 38.26654341432778 122.80136647574463
34560.0 0.00550092042352 17.38231937779421 -151.89135736802595 350012.52652451768517 38.10048330820592 123.02041821774900
34590.0 0.00504108523808 17.35940427967436 -151.88206973716888 349999.62568552792072 37.93415509917735 123.23806377460402
34620.0 0.00582290704957 17.33641796787482 -151.87280321156476 349975.62713435851038 37.76733185749650 123.45439294270290
34650.0 0.00605634605338 17.31306272888381 -151.86309991709575 349997.76895910128951 37.60023540805118 123.66933478112205
34680.0 0.00691161933544 17.28963504655771 -151.85341973380781 350008.77983573917300 37.43270624040044 123.88295338910743
34710.0 0.00568807346573 17.26612883201671 -151.84375752037221 350007.91192583460361 37.26463288580135 124.09529338654795
34740.0 0.00584101935868 17.24256571735139 -151.83412942378393 349997.37014308385551 37.09639404924237 124.30623378041656
34770.0 0.00523125916525 17.21891949040114 -151.82451484275708 349974.25829353928566 36.92752243421211 124.51593867103492
34800.0 0.00578567546970 17.19489337854670 -151.81446622436047 349996.65950026642531 36.75848138957173 124.72426180197310
34830.0 0.00515881111070 17.17078817683510 -151.80443712045644 350007.00261684693396 36.58896079653637 124.93131240722559
34860.0 0.00586114086357 17.14693478467978 -151.79489639304992 349950.38177634868771 36.41900157281733 125.13708340581442
34890.0 0.00592352757474 17.12236633579051 -151.78445523429534 349993.90422730892897 36.24891853700103 125.34148345814529
34920.0 0.00694281269102 17.09770675693950 -151.77402680370614 350024.01969514880329 36.07822092840019 125.54467297439946
34950.0 0.00656347298021 17.07297944213014 -151.76362841866180 350043.19197904877365 35.90731459197820 125.74653346428367
34980.0 0.00700922015752 17.04817174681208 -151.75324993890834 350049.92005538195372 35.73597309561725 125.94714116427323
35010.0 0.00521717115712 17.02329647117213 -151.74290056630070 350045.52292294893414 35.56441540185293 126.14643801192587
35040.0 0.00735837583817 16.99834487174026 -151.73257313106689 350028.92236499954015 35.39248366442764 126.34447817470863
35070.0 0.00586013508380 16.97331077284542 -151.72226243283242 349999.30965641513467 35.22006555490080 126.54130006687133
35100.0 0.00710984186457 16.94821621372216 -151.71198461893360 349959.06853658612818 35.04753987586154 126.73680284826760
35130.0 0.00562166481735 16.92233242642227 -151.70078446188015 350012.74736758414656 34.87443790816133 126.93112527821664
35160.0 0.00656749964495 16.89673203873412 -151.69008367086221 350001.36918952967972 34.70122297502354 127.12414547549278
35190.0 0.00682810297584 16.87104892844976 -151.67940112874220 349976.79456482920796 34.52758467309491 127.31595573397129
35220.0 0.00678987034372 16.84492719050563 -151.66827113735491 349992.62406514678150 34.35356351420206 127.50655087377861
35250.0 0.00667415366689 16.81873894438053 -151.65717432553373 349997.19921706616879 34.17947450860861 127.69585523322533
35280.0 0.00689954643250 16.79245603118648 -151.64608892487527 349987.12860627658665 34.00482563245571 127.88400380917351
35310.0 0.00707764272922 16.76610231037579 -151.63503230365532 349965.07928803190589 33.83002275383787 128.07089834754061
35340.0 0.00730504587250 16.73892817888563 -151.62306051020536 350035.13781440630555 33.65484044750508 128.25660285641348
35370.0 0.00735938161795 16.71241531915476 -151.61205032631861 349987.02911135461181 33.47949436149814 128.44107047747519
35400.0 0.00797517767190 16.68507640373985 -151.60012720547678 350030.71167847327888 33.30382866574323 128.62434648071596
35430.0 0.00675263876385 16.65839362685432 -151.58915298318939 349954.77743011992425 33.12773040888845 128.80646354278656
35460.0 0.00748415031275 16.63089121040855 -151.57727705391355 349971.75601925980300 32.95157774382622 128.98733876004243
35490.0 0.00821264215857 16.60328875014122 -151.56541202058557 349973.13596921134740 32.77490147626124 129.16708798445245
35520.0 0.00841287624726 16.57561374457325 -151.55357781753963 349962.11870072409511 32.59816401115994 129.34561105807433
35550.0 0.00874391961879 16.54707733066509 -151.54082787910630 350040.07976585160941 32.42105528234807 129.52298496887860
35580.0 0.00614086701087 16.51921949359098 -151.52902902529269 349999.59375547338277 32.24361533641348 129.69920610323362
35610.0 0.00868555839049 16.49051228672470 -151.51632975211805 350049.90622400306165 32.06615879043883 129.87421277101640
35640.0 0.00848431734015 16.46248364179185 -151.50457262006873 349980.90069815702736 31.88819331304136 130.04811698937178
35670.0 0.00848431734015 16.43359168701307 -151.49191095170426 350001.31661449186504 31.71012404653853 130.22083856259431
35700.0 0.00835652894226 16.40460431174563 -151.47926671276517 350006.34737555123866 31.53172700976870 130.39243049293572
35730.0 0.00876202956414 16.37553454494540 -151.46664891739633 349997.49370432551950 31.35321417529882 130.56285567400934
35760.0 0.00887975661864 16.34637371264280 -151.45405041469425 349973.53128368686885 31.17443202502960 130.73215142645628
35790.0 0.00958812341393 16.31630605205769 -151.44053500966103 350034.79179555643350 30.99526719666921 130.90034514061645
35820.0 0.00781418435888 16.28696861657761 -151.42798088177747 349981.19904029276222 30.81609656631089 131.06736990089726
35850.0 0.00927821323646 16.25671025459508 -151.41450552469442 350011.34359523653984 30.63645128053179 131.23332085754606
35880.0 0.00996444460354 16.22636847184470 -151.40105985649944 350027.40809285175055 30.45679207678945 131.39811724094909
35910.0 0.00989904173493 16.19592521138232 -151.38762972151730 350026.91850497946143 30.27680975968092 131.56182221832603
35940.0 0.00915646188098 16.16538331118051 -151.37421648217176 350010.08712598029524 30.09654386956532 131.72443347315146
35970.0 0.00960522994326 16.13476220055519 -151.36083380365636 349979.31490077264607 29.91630813760695 131.88590179442997
36000.0 0.00999563795912 16.10319034173285 -151.34653047642217 350029.77484032325447 29.73561074907538 132.04631841637769
36030.0 0.01006607090848 16.07237265310894 -151.33318205912428 349965.98282183706760 29.55485548954227 132.20561929005851
36060.0 0.00890189322873 16.04060688642852 -151.31892094705475 349984.07612399756908 29.37382019336698 132.36384752049332
36090.0 0.01034378195059 16.00874855651594 -151.30468488861075 349986.50428395811468 29.19271287395834 132.52097450092930
36120.0 0.01041220688604 15.97678903173873 -151.29046667205645 349971.96089099347591 29.01138257109292 132.67703046136137
36150.0 0.00996343646000 15.94385644757277 -151.27533360529856 350037.02584279794246 28.82971569911946 132.83203793118116
36180.0 0.01192251817959 15.91170058591914 -151.26115684510648 349989.18857838585973 28.64808733430682 132.98594428251110
36210.0 0.01009022144188 15.87855789742480 -151.24606085498095 350019.38031162228435 28.46602966256974 133.13882594067829
36240.0 0.01005097830246 15.84532253794668 -151.23099318237092 350033.74495379813015 28.28400112897874 133.29061948368286
36270.0 0.01118496958828 15.81197617663734 -151.21593936509692 350029.60530601628125 28.10169386347212 133.44137559237879
36300.0 0.01288948147374 15.77852177152436 -151.20090072026795 350007.19216571282595 27.91914687322426 133.59109303236554
36330.0 0.00992419804810 15.74497924671293 -151.18589114529016 349969.11439104471356 27.73667259084555 133.73973377487511
36360.0 0.01128357855390 15.71042159580737 -151.16996313514406 350006.47678728867322 27.55378042486470 133.88737023360645
36390.0 0.01123326829131 15.67576257738661 -151.15406001478320 350026.62369016464800 27.37087227498551 134.03395283992390
36420.0 0.01183598448067 15.64098915422108 -151.13817117837982 350027.54704731050879 27.18772810445441 134.17951579625299
36450.0 0.01023511400534 15.60611467270919 -151.12230559577316 350010.96321619953960 27.00455174890278 134.32403792000312
36480.0 0.01071004179681 15.57113053157191 -151.10645593466836 349975.47775574773550 26.82119500697458 134.46754312074518
36510.0 0.01032064074261 15.53511072408156 -151.08969393271593 350013.82018779776990 26.63754423509967 134.61004946023968
36540.0 0.01224148510255 15.49898996774923 -151.07295980631204 350034.79130380507559 26.45397227644865 134.75151712345118
36570.0 0.01211571062797 15.46273961227722 -151.05623125927681 350034.06422723736614 26.27001294994089 134.89200556581159
36600.0 0.01009424574286 15.42638905434066 -151.03952914495582 350015.71885641757399 26.08612189101514 135.03146694030244
36630.0 0.01348012357828 15.38991965115244 -151.02283858098880 349976.85472010448575 25.90199293935082 135.16994062875864
36660.0 0.01075632775841 15.35239309067380 -151.00524056726405 350009.98917175456882 25.71766455325204 135.30742630780551
36690.0 0.01240851545798 15.31476254455348 -150.98767047267961 350025.06087837554514 25.53344752277637 135.44389601019995
36720.0 0.01114975193172 15.27699762066278 -150.97010457975423 350017.36943725403398 25.34885308232897 135.57940506639747
36750.0 0.01117792912985 15.23912451456525 -150.95256133653865 349990.61247165221721 25.16428080483725 135.71391694360858
36780.0 0.01141639703254 15.20017141252451 -150.93411143358628 350033.61731705255806 24.97951304391894 135.84745782624802
36810.0 0.01260271250426 15.16206482784418 -150.91660111828671 349965.92085835523903 24.79474929375945 135.98001303494786
36840.0 0.01236726194089 15.12287465990370 -150.89818657510872 349967.69818222336471 24.60984427391494 136.11160084401911
36870.0 0.01335937918445 15.08258154427523 -150.87886317465049 350036.77182683721185 24.42468442714717 136.24223520570044
36900.0 0.01362199880242 15.04314876678530 -150.86048260827130 349996.32494365982711 24.23964000794099 136.37188784519392
36930.0 0.01315008716840 15.00260002869708 -150.84118840740655 350021.40278792846948 24.05424696948194 136.50060279308178
36960.0 0.01437564696141 14.96193691489350 -150.82191891730290 350026.40948102623224 23.86895771310510 136.62834624594245
36990.0 0.01430722202596 14.92114045354253 -150.80265869779478 350008.19515663385391 23.68346811089162 136.75514733413766
37020.0 0.01456883822791 14.88021388674522 -150.78340894521691 349967.03637585416436 23.49781606489790 136.88100650957796
37050.0 0.01304946782511 14.83818176182578 -150.76327036865226 349994.15127702988684 23.31231043836625 137.00590490289309
37080.0 0.01539694245537 14.79600121069321 -150.74313323885931 349995.66184347216040 23.12646480198082 137.12988228690833
37110.0 0.01570484343704 14.75369917786911 -150.72301654647723 349975.59951089974493 22.94067603741554 137.25291391919978
37140.0 0.01491396488006 14.71025347595781 -150.70199664247642 350018.78779846057296 22.75472910472557 137.37501874684276
37170.0 0.01496024965978 14.66769150901440 -150.68190774966203 349952.56002941913903 22.56881903895238 137.49618780679427
37200.0 0.01529732889185 14.62296593523452 -150.66000678160682 350035.85463430732489 22.38280360847483 137.61643434351001
37230.0 0.01582055656824 14.57910886302944 -150.63902257953453 350006.80584325827658 22.19656946805942 137.73576852123566
37260.0 0.01721112924773 14.53513279259218 -150.61806127069659 349956.15968057792634 22.01048399391573 137.85417251292986
37290.0 0.01611134983870 14.48997860624436 -150.59618911788039 349964.35371061135083 21.82408569421850 137.97167627386295
37320.0 0.01396913937788 14.44469840620084 -150.57433893605076 349950.02530917152762 21.63782339121535 138.08825872817965
37350.0 0.01663054966846 14.39823574943736 -150.55158610635735 349994.68547380995005 21.45139525762082 138.20393967181678
37380.0 0.01531141571810 14.35162317904236 -150.52884132170911 350013.06760985963047 21.26483863930571 138.31872022446882
37410.0 0.01397215789908 14.30488248577722 -150.50611970105481 350008.56216050777584 21.07846023900679 138.43258979028832
37440.0 0.01786214414013 14.25798177029236 -150.48339537367906 349975.57914009504020 20.89177639379706 138.54557391388181
37470.0 0.01537681976859 14.20989598219839 -150.45978186141096 350002.20133600011468 20.70518099505433 138.65765857494208
37500.0 0.01626831648698 14.16165661889338 -150.43617458195374 350001.59043998643756 20.51846178587753 138.76885616743706
37530.0 0.01695756637526 14.11327775603850 -150.41258273783458 349975.88046857807785 20.33180926283923 138.87916277342165
37560.0 0.01714472059935 14.06368640442554 -150.38809377270255 350006.09366829507053 20.14508434181680 138.98858713934700
37590.0 0.01688813920567 14.01393246474625 -150.36360634282892 350007.41722898557782 19.95817399812206 139.09713592661279
37620.0 0.01638201805862 13.96404221088862 -150.33913902873056 349984.11955345980823 19.77144249720533 139.20480082296137
37650.0 0.01666375458359 13.91290890661912 -150.31376374961386 350012.38639314938337 19.58443125221628 139.31159887808536
37680.0 0.01600066560638 13.86163289829823 -150.28840734987998 350015.09974882751703 19.39758522977802 139.41752061891808
37740.0 0.01761964839082 13.75750968591614 -150.23680014430099 350013.86434260383248 19.02352773110921 139.62677063510148
37770.0 0.01571792211976 13.70468112426913 -150.21056730061903 350013.35762670449913 18.83665740190217 139.73009758950477
37800.0 0.01776152479684 13.65167586715589 -150.18432682103693 349980.88549168221653 18.64951360060259 139.83257063278407
37830.0 0.01807948475814 13.59742425716542 -150.15720030703594 350001.22904436755925 18.46248698526730 139.93418555573103
37860.0 0.01925070762384 13.54300355029575 -150.13007532262972 349991.08093435317278 18.27536822448938 140.03494879506846
37890.0 0.01881502060803 13.48842815374999 -150.10296123989551 349952.75029890146106 18.08834322912664 140.13486090624326
37920.0 0.01508200101527 13.43147075978438 -150.07405527081571 350042.47054670751095 17.90127613594801 140.23392660263880
37950.0 0.01818714810550 13.37544155913678 -150.04604298422362 350020.63680592924356 17.71405433470095 140.33214929265296
37980.0 0.01697366594294 13.31926203585181 -150.01804613632913 349971.27496360801160 17.52703879555895 140.42952938686807
38010.0 0.01992285334654 13.26178020617851 -149.98914241127503 349966.36761776637286 17.33977412604519 140.52607203501140
38040.0 0.01580646737823 13.20301847708153 -149.95935787745273 350010.83746925089508 17.15270121858426 140.62177841152342
38070.0 0.01889551608266 13.14407312989867 -149.92957010271795 350022.17077892646194 16.96552347007434 140.71665192378356
38130.0 0.01967029625384 13.02566644870248 -149.87000387422333 349950.66521568316966 16.59126405844893 140.90391096861546
38220.0 0.01745161225561 12.84103127888375 -149.77618255337896 349981.51414670050144 16.02971713601029 141.17861708881469
38280.0 0.01900821187453 12.71398454577453 -149.71126712614344 350040.88624062389135 15.65558681270815 141.35766609576919
38400.0 0.01702900628628 12.45299504579957 -149.57783284075526 350045.88504392653704 14.90726059491662 141.70603359563052
38490.0 0.01967029389008 12.25059180672122 -149.47415712960790 349980.23406762257218 14.34628332484714 141.95887472572176
38580.0 0.01905852213711 12.03935127608808 -149.36509579062701 350028.63192814402282 13.78542788835068 142.20455104794607
38610.0 0.01752003482730 11.96775350263813 -149.32814142865007 350021.22851992677897 13.59864878649040 142.28486600299675
38670.0 0.01819721063077 11.82274447834001 -149.25330380956234 349963.72906490229070 13.22501371349757 142.44313130009888
38700.0 0.01485963031650 11.74815144711582 -149.21455437851174 349988.60769770015031 13.03840017548801 142.52109512634516
38760.0 0.01693341820562 11.59711154077138 -149.13611551348183 349989.86655522976071 12.66502234504998 142.67467264005703
38790.0 0.01731678103554 11.52067263304055 -149.09643314709976 349967.91878743283451 12.47839953890292 142.75029589115854
38850.0 0.01491497302359 11.36353212950636 -149.01439053303429 350020.09663484059274 12.10539749145730 142.89922659314763
38910.0 0.01684990302791 11.20429476426986 -148.93138740976258 349981.07648743782192 11.73248214503144 143.04507035283751
38940.0 0.01753009617069 11.12312836498273 -148.88897862465339 349971.21769297029823 11.54610836552820 143.11684167488937
39000.0 0.01854133268502 10.95769392208147 -148.80235654937908 349971.58851697016507 11.17371899863420 143.25810343867786
39030.0 0.01759952570404 10.87216671043983 -148.75725164386094 350045.55706598330289 10.98746652764440 143.32758353565663
39060.0 0.01544423537863 10.78764759755260 -148.71300059374281 350010.40615844260901 10.80137142135874 143.39631033525060
39090.0 0.01956464210228 10.70167238759571 -148.66785500301103 350003.65535200759768 10.61541535607545 143.46428482323827
39120.0 0.01497232492648 10.61421957857416 -148.62180184586191 350021.42594107333571 10.42942777807851 143.53149771555766
39150.0 0.01515444788794 10.52652728114533 -148.57571332652176 349995.46314527746290 10.24344344289382 143.59795248266585
39180.0 0.01311185217251 10.43737732696935 -148.52873986423575 349999.26353025250137 10.05775635254635 143.66367090882690
39210.0 0.01291061348593 10.34672283074621 -148.48084547263755 350023.27069587260485 9.87190055708841 143.72862238853594
39240.0 0.00933355357980 10.25584013043398 -148.43292659448338 350006.49662839248776 9.68625257248954 143.79283480797648
39270.0 0.01582256812779 10.16346046011332 -148.38409792598446 350012.43652657512575 9.50061549205689 143.85629559741517
39300.0 0.01131778924880 10.06959190880376 -148.33437194105940 350043.75110187008977 9.31515704010859 143.91901877924286
39330.0 0.00290793152275 9.97673481587832 -148.28547083191543 349963.51833083853126 9.12975448578430 143.98099670139496
39360.0 0.00787958840936 9.88110465280324 -148.23478412852410 349970.29884864576161 8.94429747774910 144.04222182459583
39390.0 0.00592554031617 9.78397158402356 -148.18319636886744 350000.99704133719206 8.75901685015702 144.10271376415400
39420.0 0.00758879395702 9.68659450247838 -148.13156958746367 349988.29802488163114 8.57389306686557 144.16247274684468
39450.0 0.00000301852120 9.58769057392034 -148.07902337885889 349994.91920300573111 8.38875781456633 144.22148613551076
39480.0 0.00600100452816 9.48852863678305 -148.02642243209965 349954.93758732452989 8.20364541010957 144.27975774444749
39510.0 0.00722555617765 9.38658777798157 -147.97206326818312 350006.20482638850808 8.01884730181266 144.33731440374748
39540.0 0.00384068294012 9.28436639962904 -147.91763137642573 350006.52363869268447 7.83390126914342 144.39411673870686
39570.0 0.00548683241540 9.18190040546145 -147.86315517466920 349963.81583010964096 7.64918033736178 144.45019914688768
39600.0 0.00472815653941 9.07660929357607 -147.80689371459127 350004.65578617621213 7.46449069491959 144.50554534414627
39630.0 0.00242998521008 8.97106428328425 -147.75058156154873 350001.20653425436467 7.27999487998682 144.56017173550654
39660.0 0.00191380035588 8.86525617974846 -147.69420519165465 349950.90351742226630 7.09557505863162 144.61406853446863
39690.0 0.00132919647563 8.75659702058459 -147.63603366810366 349981.07894474174827 6.91112065702153 144.66722585063778
39720.0 0.00049203432080 8.64767958186397 -147.57780391297703 349966.42243334744126 6.72686045471168 144.71966714093577
39750.0 -0.00015696783016 8.53591500447328 -147.51779553991076 350035.81363274436444 6.54277374846173 144.77139186140025
39780.0 0.00288881461575 8.42516520370472 -147.45856445772591 349991.12107278686017 6.35869448769409 144.82238418904191
39810.0 -0.00996545156519 8.31154480761412 -147.39753882249110 350026.63151649571955 6.17465656779957 144.87264826894196
39840.0 -0.00803353890020 8.19897407895053 -147.33731305667834 349955.60394783224910 5.99094884528284 144.92221579726521
39900.0 -0.00376119324526 7.96516398254522 -147.21145227935904 350048.04809099063277 5.62351830416961 145.01915839928498
39930.0 -0.00475029196762 7.84915153728474 -147.14924973111621 349958.72451292537153 5.43997427743335 145.06655433908122
39990.0 -0.00924098402035 7.60845833116335 -147.01946696918728 350024.09025754779577 5.07339894178475 145.15921990769905
40050.0 -0.01782391032612 7.36399304668799 -146.88757993418020 350019.86808926705271 4.70709653988305 145.24900934967303
40080.0 -0.01940264419136 7.24003217840953 -146.82064514883575 350012.11917710397393 4.52424000334445 145.29285026298481
40110.0 -0.01512124179093 7.11577940040043 -146.75359508598274 349953.88634667173028 4.34140886185034 145.33596932375673
40170.0 -0.01606808239830 6.85981747263455 -146.61492080191923 350012.09751160256565 3.97620947462885 145.42009171709199
40230.0 -0.01935836978931 6.60003833104874 -146.47407119929213 350000.85540941916406 3.61139305140001 145.50136896564126
40290.0 -0.01938755276722 6.33512457709364 -146.33019125521434 349989.27270740363747 3.24719498023454 145.57983671340659
