# sod		dsTEC/dt [TECU/s]		lat		lon		h_ipp		ele		azi
30.0 -0.00434308116555 25.40738060263250 -140.27565278856233 350006.43879442196339 3.78358643256207 63.74125256987687
60.0 -0.00759684610462 25.46371494872520 -140.27860453851966 350022.91315915342420 3.76262013067411 63.53652318309300
90.0 -0.01377795848905 25.51946943552976 -140.28326979114075 349961.30366567987949 3.74108952565885 63.33220397519903
120.0 -0.01457487408844 25.57638881617558 -140.28483132227484 350004.81050288397819 3.71884055740075 63.12802651422451
150.0 -0.00950662097764 25.63335306456615 -140.28650398444697 350029.29958387650549 3.69590483297533 62.92405301889813
210.0 -0.01329427651334 25.74735840014577 -140.29017658476016 350023.90883601550013 3.64808412405617 62.51693393155576
240.0 -0.00154351739056 25.80440661748084 -140.29217575996637 349993.40041539445519 3.62318053402100 62.31376577341238
270.0 -0.00358007724546 25.86211115250067 -140.29268565250078 350004.43253035191447 3.59753120347504 62.11072165130643
300.0 -0.01328089408749 25.91981168432601 -140.29330183687378 349999.10608077701181 3.57130816936406 61.90810250769540
330.0 -0.00278618134915 25.97817969680890 -140.29243175683763 350035.53269024938345 3.54435401552345 61.70564322310018
360.0 -0.01762870513631 26.03601304836664 -140.29327028515951 349989.47227827925235 3.51669275870395 61.50339085306564
450.0 -0.00644604848695 26.21219404444847 -140.29005754920260 349986.54725583828986 3.42973071504325 60.89837235476283
480.0 -0.00711889979195 26.27207440410321 -140.28655447585490 350049.85258541256189 3.39937032391948 60.69721593446985
46620.0 0.00236629133977 29.62005910119803 -167.03004559505899 349996.02877625171095 4.18228813824462 316.01766853221801
46650.0 0.00085628142559 29.55642915854523 -166.90309719220357 349988.77690101973712 4.34162727449576 316.11632616389682
46680.0 0.00125976694228 29.49237215252316 -166.77683184225253 349954.65887486189604 4.50145682499499 316.21452802401637
46710.0 -0.00540834968219 29.42996466383554 -166.65395432959198 350012.93221902195364 4.66152325264126 316.31218418575781
46740.0 0.00250343668065 29.36715143901886 -166.53174062744770 350043.69624020718038 4.82206213141269 316.40937514661641
46770.0 -0.00004628596160 29.30394725078905 -166.41024764106115 350038.76198946218938 4.98275686234132 316.50598989105720
46800.0 0.00197115580441 29.24034986250696 -166.28942195816927 350005.10488390270621 5.14389228347139 316.60212555287671
46830.0 -0.00294012947623 29.17740649426166 -166.17057818919255 350004.85408807639033 5.30542932745090 316.69776698470685
46860.0 -0.00539728255903 29.11409212449891 -166.05242888276121 349970.13501003943384 5.46718416230978 316.79284984616913
46890.0 -0.00035317761787 29.05144714194579 -165.93621434113746 349972.11524926219136 5.62947749425368 316.88748219372883
46920.0 0.00190575175392 28.98949518610179 -165.82198750170264 350001.27140677440912 5.79191170609963 316.98152716091897
46950.0 -0.00616099087953 28.92719024120138 -165.70839225555633 350001.10059358924627 5.95478149787306 317.07508352309105
46980.0 -0.00229314124857 28.86558967576857 -165.59672145517280 350033.73318959120661 6.11802317751638 317.16812805901696
47010.0 0.00153949427146 28.80365798619385 -165.48570894928935 350031.39856705162674 6.28146801592247 317.26060261974965
47040.0 -0.00040147632090 28.74139114198087 -165.37530464041402 350000.68520805798471 6.44540476435294 317.35260269425106
47070.0 -0.00092369585375 28.67985813520474 -165.26681818494345 349999.63302071578801 6.60957539051731 317.44404035239091
47100.0 0.00010967727066 28.61800444302199 -165.15893072149379 349969.57843130640686 6.77421822505977 317.53499354344081
47130.0 -0.00805969862939 28.55690455032492 -165.05295090428774 349967.55661324318498 6.93901407843602 317.62535477423074
47160.0 -0.00076974890855 28.49655868737881 -164.94881579000327 350000.30044705979526 7.10424921726307 317.71521748529165
47190.0 -0.00792184770623 28.43591610948891 -164.84526718882663 350002.42102965526283 7.26988580714826 317.80456737727013
47220.0 -0.00079892715894 28.37605139554863 -164.74357653645149 350034.51033667474985 7.43573696573306 317.89334156781808
47250.0 -0.00291195700561 28.31589782391571 -164.64243797317999 350038.97363201528788 7.60212822291888 317.98164503063703
47280.0 -0.00094583246384 28.25547460477155 -164.54191288882157 350006.82575898710638 7.76865531175601 318.06934421842755
47310.0 -0.00278517320562 28.19584314450618 -164.44318214018810 350009.76994669996202 7.93561785717620 318.15653521088882
47340.0 -0.00087640411237 28.13594594346747 -164.34501569426132 349981.20518046338111 8.10295088754847 318.24319513131729
47370.0 -0.00402481864300 28.07686389381344 -164.24865701872685 349983.00913104601204 8.27048317802078 318.32926726261064
47400.0 -0.00618111474819 28.01752350380862 -164.15283154554260 349955.91154318023473 8.43850801584068 318.41484434079200
47430.0 -0.00136240139076 27.96008365420369 -164.05999666693171 350026.19287608377635 8.60676277839951 318.49984044706059
47460.0 -0.00687137159812 27.90132658171425 -163.96647122414021 350001.32257876079530 8.77548859354791 318.58433092434848
47490.0 -0.00039845661782 27.84341454812980 -163.87471563007043 350006.66854244656861 8.94436363948522 318.66821177215797
47520.0 -0.00211302984667 27.78634429106407 -163.78467250511278 350048.51628284249455 9.11367561366603 318.75157271034288
47550.0 -0.00247023294739 27.72797146210723 -163.69394902283639 349993.19556346442550 9.28338921581727 318.83440060867645
47580.0 -0.00277209334102 27.67153745847865 -163.60614464181356 350036.72918237745762 9.45331189425299 318.91663325596625
47610.0 -0.00360019993224 27.61380395616106 -163.51763734597640 349985.58783038426191 9.62377537847587 318.99837284368357
47640.0 -0.00502196714920 27.55802665401517 -163.43202898087918 350032.64476655330509 9.79436859777820 319.07948918806954
47670.0 -0.00190977723678 27.50096235567556 -163.34572937736576 349982.68063852377236 9.96539620237550 319.16007556908357
47700.0 -0.00152339234002 27.44585832085921 -163.26226520707880 350036.49714015237987 10.13679190070258 319.24010942973791
47730.0 0.00079691323563 27.38948504114142 -163.17813909312201 349988.45210661552846 10.30838192085429 319.31953548007431
47760.0 -0.00498272637354 27.33507979805702 -163.09680148491262 350047.51558788027614 10.48046416563538 319.39844359432004
47790.0 -0.00443333660421 27.27941206382831 -163.01479436927340 350005.12360566481948 10.65277132399811 319.47674989452651
47820.0 -0.00045279118138 27.22464147903965 -162.93439862815677 350001.94703383278102 10.82554735888348 319.55452703403262
47850.0 -0.00118531087382 27.16970274516499 -162.85449530297336 349963.88238552026451 10.99846777406732 319.63167449477908
47880.0 -0.00180010114800 27.11567289336146 -162.77618706454609 349965.00394595228136 11.17182169526797 319.70827821955686
47910.0 -0.00276404237530 27.06255872036914 -162.69946359648222 350005.22528669517487 11.34557642202900 319.78432614927760
47940.0 -0.00050913966825 27.00928769812976 -162.62320217504981 350012.26965443696827 11.51953358759552 319.85975680224658
47970.0 -0.00366560280084 26.95584929096373 -162.54735890391026 349992.08783138822764 11.69403125432831 319.93466943205976
48000.0 -0.00154049886936 26.90335177461167 -162.47310859505296 350006.89091923180968 11.86865139058246 320.00893729345040
48030.0 -0.00449673027702 26.85069953383279 -162.39927825215980 349992.80294019076973 12.04370377020371 320.08265072784508
48060.0 -0.00442629378202 26.79898668835637 -162.32699063761495 350018.71127650141716 12.21912073842417 320.15578747234213
48090.0 -0.00127687347162 26.74713730917315 -162.25514097059732 350011.79151159524918 12.39472592287818 320.22829366863760
48120.0 -0.00015193656753 26.69514187005814 -162.18369140813479 349977.15449011512101 12.57082191858672 320.30025618468858
48150.0 -0.00496763376751 26.64410409905035 -162.11377599470435 349980.97260244842619 12.74713662547943 320.37159323160120
48180.0 0.00032198544416 26.59292866048137 -162.04425252764426 349956.91796409338713 12.92391687540112 320.44237465894298
48210.0 -0.00300553234484 26.54381094462727 -161.97734726875692 350042.20988266728818 13.10083545560848 320.51250344429161
48240.0 -0.00255475272301 26.49238642278516 -161.90863723965992 349956.60112918354571 13.27818291179864 320.58206166217064
48270.0 -0.00207982611342 26.44301538039049 -161.84249570742219 349985.49277063366026 13.45592920869409 320.65103821932792
48300.0 -0.00300251500551 26.39353224301239 -161.77675467456081 349982.75865071266890 13.63387001423376 320.71937243713995
48330.0 -0.00179003744085 26.34392498184994 -161.71137391274334 349953.88481362909079 13.81234985423249 320.78716042987560
48360.0 -0.00530974071657 26.29639390546223 -161.64854809461721 350037.27034637052566 13.99094357708574 320.85427900367455
48390.0 -0.00178198883889 26.24766067337638 -161.58500553080447 350020.74604973196983 14.16996617468259 320.92081537958393
48420.0 -0.00085125016296 26.19882059079294 -161.52183091751803 349975.51842620968819 14.34934858271551 320.98674756220305
48450.0 -0.00313633926393 26.15097365990333 -161.46010437374522 349972.17744132503867 14.52891177355295 321.05202314088763
48480.0 -0.00072849184582 26.10410871963332 -161.39977929436924 350016.21458573359996 14.70896310584314 321.11672578858469
48510.0 -0.00108368338700 26.05715214696420 -161.33981774501439 350030.16668058652431 14.88922558858106 321.18077587704272
48540.0 -0.00175381400451 26.01009559300287 -161.28019184183825 350017.77909610886127 15.06994895039912 321.24424029980048
48570.0 -0.00252054320998 25.96295691998840 -161.22093482156052 349974.03728490602225 15.25080322132578 321.30702557163374
48600.0 -0.00035518917742 25.91681352470015 -161.16305722227497 349978.05089144222438 15.43208035089380 321.36920976526295
48630.0 -0.00266946007442 25.87058117991008 -161.10551033275325 349955.11114311218262 15.61375303387319 321.43078263808462
48660.0 -0.00240885556165 25.82535933660831 -161.04934908412972 349977.42270772345364 15.79561081871690 321.49168440768597
48690.0 -0.00409122729138 25.78004695549791 -160.99349394542000 349975.27558220922947 15.97800482009100 321.55200779051523
48720.0 -0.00214724054158 25.73575275895416 -160.93901433285430 350018.27772117406130 16.16050260732236 321.61163330402081
48750.0 -0.00158879757239 25.69137770178870 -160.88484193210823 350035.67266344185919 16.34342447893427 321.67064481376002
48780.0 -0.00235049433334 25.64692767236318 -160.83098259171723 350026.39674304984510 16.52669991136094 321.72902056402160
48810.0 0.00023645870690 25.60241373262570 -160.77745272900916 349987.87333429045975 16.71014716552462 321.78670962179700
48840.0 -0.00310011819136 25.55890815575783 -160.72523259461542 350001.47886527143419 16.89407842816472 321.84379222164648
48870.0 -0.00427737455382 25.51534140809508 -160.67332869846652 349986.79299127869308 17.07821171461464 321.90019099639574
48900.0 0.00041455618549 25.47278713548440 -160.62272010702230 350024.89368563517928 17.26279967076900 321.95596968456948
48930.0 -0.00250645638373 25.43017925748435 -160.57242515171808 350034.17564825620502 17.44750953096758 322.01103841380342
48960.0 -0.00129498459884 25.38750659253103 -160.52241474888737 350018.59002608992159 17.63263462240131 322.06547107000705
48990.0 0.00077075232457 25.34477274414545 -160.47269012204100 349977.75137008260936 17.81815043359731 322.11925813268152
49020.0 -0.00185141600848 25.30307029184041 -160.42426001284556 349987.60311877354980 18.00384023641513 322.17234083376525
49050.0 -0.00125473686153 25.26130340441639 -160.37609304069716 349974.58493120595813 18.19006185176377 322.22480816243274
49080.0 -0.00133322314037 25.22057344566601 -160.32921092900165 350012.37624777015299 18.37637541249443 322.27654456535151
49110.0 -0.00111084771408 25.17978747771601 -160.28259285403126 350026.35533166956156 18.56310660384375 322.32763025135779
49140.0 -0.00118732361525 25.13895119681700 -160.23624424888806 350015.55356317199767 18.75018338973180 322.37804367505515
49170.0 -0.00240382075337 25.09807563440596 -160.19018026157096 349977.61865339148790 18.93742126276005 322.42773542821385
49200.0 -0.00363139328782 25.05822277042851 -160.14534011584016 349997.22093828953803 19.12513729211864 322.47678199571749
49230.0 -0.00163810205520 25.01833187671678 -160.10077234512127 349990.67324484419078 19.31304439744143 322.52510840773607
49260.0 -0.00214623357992 24.97946569554912 -160.05741501484013 350042.44790714979172 19.50139815237064 322.57277499102651
49290.0 -0.00305081252667 24.93949609120126 -160.01336942511148 349986.08447255939245 19.68986296069016 322.61969560297229
49320.0 -0.00211906688908 24.90055543596162 -159.97052857679384 349988.13373655267060 19.87873348880159 322.66593969490964
49350.0 -0.00152842478454 24.86264363168962 -159.92888298213228 350049.24562063068151 20.06798808065234 322.71149832205526
49380.0 -0.00073453007011 24.82363358570058 -159.88654457680690 350002.51750867161900 20.25740357188133 322.75631388039750
49410.0 -0.00012577447458 24.78564757043383 -159.84538059269900 350017.13177422806621 20.44734459580286 322.80047121399048
49440.0 -0.00316149439522 24.74763964868900 -159.80447603687600 350005.52034601103514 20.63736369568898 322.84385898848780
49470.0 0.00025456865225 24.70959605771633 -159.76380230533147 349971.57515212148428 20.82779201178322 322.88655337250725
49500.0 -0.00329934531838 24.67258571281890 -159.72429867853526 349998.28889001440257 21.01855593808423 322.92853299944397
49530.0 0.00048096719764 24.63555372696275 -159.68503827760745 350000.28133196104318 21.20946814199995 322.96975005404391
49560.0 -0.00299144788235 24.59848663712477 -159.64599401524455 349981.22808528784662 21.40085061620013 323.01027687580432
49590.0 0.00018715422409 24.56245979392216 -159.60811257867633 350022.65955347288400 21.59241108447506 323.05004107286680
49620.0 -0.00324802809415 24.52534267858857 -159.56952046189048 349958.08619906660169 21.78440804587262 323.08909923190708
49650.0 -0.00282844182790 24.49032733293956 -159.53300631977115 350039.30263820756227 21.97650304393953 323.12736910699374
49680.0 -0.00028173652497 24.45422755006403 -159.49578279332587 350014.02903047669679 22.16899203022018 323.16491539005261
49710.0 -0.00191178997821 24.41810406609557 -159.45877143891607 349967.22322566714138 22.36185626253126 323.20172954198631
49740.0 -0.00107563123940 24.38302196835579 -159.42289694605620 349982.90394732914865 22.55486597967834 323.23775531265255
49770.0 -0.00190877145701 24.34791004796720 -159.38721535909096 349979.22629647795111 22.74839271799510 323.27307287259657
49800.0 -0.00002012386866 24.31279208917081 -159.35176033194739 349951.31362092308700 22.94198128495198 323.30757548534950
49830.0 0.00123461299287 24.27870106635323 -159.31740378148422 349990.28017333336174 23.13596832814272 323.34133479311043
49860.0 -0.00126278664537 24.24459175697186 -159.28324564184166 350008.46989890839905 23.33027861023666 323.37432957384829
49890.0 0.00072044206198 24.21047510051638 -159.24929901543021 350003.91185543686152 23.52472191666315 323.40651369921500
49920.0 -0.00304779400546 24.17633699932370 -159.21553872316440 349979.99998281523585 23.71962518711953 323.43795486225366
49950.0 -0.00070132397310 24.14323433122146 -159.18287169345274 350022.54037856683135 23.91469085313796 323.46858348491179
49980.0 -0.00304276274283 24.11011194016945 -159.15038568561582 350046.01285901106894 24.11018031999045 323.49845199635092
50010.0 0.00056649393490 24.07698802943623 -159.11810444076579 350046.97424739878625 24.30575224881149 323.52748227545919
50040.0 -0.00241891690504 24.04384983201475 -159.08600553528066 350028.42944710981101 24.50170380257386 323.55573383482073
50070.0 -0.00026161265631 24.01069974863707 -159.05408926958870 349990.20718178898096 24.69801920650781 323.58319833983273
50100.0 -0.00014288100391 23.97858267536404 -159.02324217468271 350020.55972147732973 24.89446194262884 323.60982113500381
50130.0 -0.00132517217465 23.94644634802885 -158.99255989368743 350033.30835596472025 25.09141051952622 323.63567705017084
50160.0 0.00018715422409 23.91431483446702 -158.96207390899784 350023.95891930256039 25.28840187339557 323.66066443687674
50190.0 -0.00193191148311 23.88217306222116 -158.93175941358339 349995.83845349121839 25.48577819056017 323.68484979605694
50220.0 -0.00100721221334 23.85105040980214 -158.90247974009904 350040.15255251247436 25.68346253574735 323.70821201231212
50250.0 -0.00220761332943 23.81890769032743 -158.87252646548885 349971.54036283772439 25.88126175687897 323.73070677008360
50280.0 -0.00171759056818 23.78777643069223 -158.84359086012293 349977.37889642547816 26.07950774151860 323.75239648287555
50310.0 0.00014187522414 23.75664876916771 -158.81483369762196 349962.89689705241472 26.27789753776968 323.77321469114696
50340.0 -0.00065805889646 23.72652928349680 -158.78708353243115 350023.88380119949579 26.47669541723374 323.79320913793782
50370.0 -0.00190474479227 23.69540218925862 -158.75866511594620 349970.88439406733960 26.67555714534453 323.81230613009097
50400.0 -0.00186852371969 23.66528420963582 -158.73124925404971 349993.64854709710926 26.87478099869880 323.83055946311907
50430.0 -0.00054837926204 23.63516139237197 -158.70398884104537 349998.72863750159740 27.07435421664713 323.84796076491602
50460.0 -0.00093677808210 23.60504699687249 -158.67689888861611 349983.96174530498683 27.27403336649416 323.86445728023773
50490.0 0.00029280601189 23.57492362127850 -158.64995351765396 349952.79110207501799 27.47420396992179 323.88011765615551
50520.0 -0.00086433002755 23.54581860151355 -158.62401245072135 349996.47870894055814 27.67439497195299 323.89484596194109
50550.0 -0.00092168311232 23.51670887625568 -158.59821667210360 350023.39153440576047 27.87495410119078 323.90870278051591
50580.0 -0.00132114669179 23.48759959725890 -158.57257045276171 350032.84748790599406 28.07580265200618 323.92166706044674
50610.0 -0.00108770650610 23.45850164387902 -158.54708529719176 350023.18461539782584 28.27674448117612 323.93369646463503
50640.0 -0.00263021929876 23.42939989267504 -158.52173918320887 349997.30459484551102 28.47811639497476 323.94484732773844
50670.0 0.00009961356351 23.40031069088656 -158.49655057286819 349952.60168763063848 28.67960997560150 323.95505670027239
50700.0 -0.00105148306976 23.37221135079886 -158.47231577085810 349988.84210742451251 28.88149229325206 323.96436697075865
50730.0 -0.00044474257942 23.34412624629078 -158.44823619750883 350006.34973671287298 29.08341621678828 323.97270927026818
50760.0 -0.00155458569561 23.31604200485143 -158.42429262974611 350007.63884057849646 29.28568100805472 323.98013099264648
50790.0 -0.00011873165240 23.28796032312681 -158.40048495306755 349992.63280819635838 29.48827695721004 323.98662343291761
50820.0 -0.00198725419021 23.25989464227025 -158.37682747974227 349959.31446471158415 29.69095356349695 323.99213612479610
50850.0 -0.00290088870057 23.23280372695855 -158.35409624449363 350010.11926178354770 29.89410336573492 323.99673046948578
50880.0 -0.00107060234052 23.20573038631763 -158.33151341225818 350042.67600341886282 30.09724721799412 324.00031705967274
50910.0 0.00022639618163 23.17768695709363 -158.30826192116794 349959.90059602167457 30.30073835865356 324.00294957908426
50940.0 -0.00129297422117 23.15062425262568 -158.28593884522226 349960.69060129392892 30.50449623241639 324.00460699172208
50970.0 -0.00153144212386 23.12454534337887 -158.26454726789072 350044.56235406827182 30.70832165390502 324.00524915472818
51000.0 -0.00082307414670 23.09749932925748 -158.24248379497502 350013.28250374831259 30.91255628039712 324.00492531470104
51030.0 -0.00162502219061 23.07047163247380 -158.22055850040266 349964.72956056427211 31.11688615646634 324.00357653357003
51060.0 -0.00086835432853 23.04440859005599 -158.19953748568508 350002.67352824565023 31.32158104943363 324.00123900123242
51090.0 -0.00051819404999 23.01836459930252 -158.17865251155072 350023.50080724991858 31.52629094480023 323.99784918541746
51120.0 -0.00061277989651 22.99232607963926 -158.15788567302258 350029.51323494967073 31.73131592318273 323.99344720998300
51150.0 -0.00106758263744 22.96629440573604 -158.13723668124817 350020.67096498794854 31.93664934867991 323.98802367235879
51180.0 -0.00095086254459 22.94028318764399 -158.11671924409177 349995.09079604968429 32.14203350624932 323.98153089114214
51210.0 -0.00105752247593 22.91427399139137 -158.09631027677875 349955.74174254387617 32.34786790646224 323.97402167770429
51240.0 -0.00004829752115 22.88923329760652 -158.07680370965082 350002.84170197509229 32.55366524076774 323.96541417783425
51270.0 -0.00029683149475 22.86419724614422 -158.05740642909896 350035.97071085404605 32.75978417774744 323.95575393571016
51300.0 -0.00047593357124 22.83823490235944 -158.03735955444859 349950.10035008005798 32.96614222395314 323.94501987526473
51330.0 -0.00007143991102 22.81323184376627 -158.01820126068310 349952.37577418982983 33.17253710459174 323.93317432769470
51360.0 -0.00044373679965 22.78916341769200 -157.99990481062531 350046.31798795051873 33.37931521032033 323.92025817625188
51390.0 -0.00150528121280 22.76418303316938 -157.98096842362662 350019.76896205358207 33.58615699117725 323.90621713617668
51420.0 -0.00063491650660 22.73921139086881 -157.96213709241911 349979.45526118483394 33.79333476517063 323.89108013230941
51450.0 -0.00043065457129 22.71518774287250 -157.94417982257431 350029.13614202197641 34.00049566661416 323.87478962852583
51480.0 -0.00135636434835 22.69025312153826 -157.92557566479815 349958.92305687349290 34.20794037979615 323.85737737959664
51510.0 -0.00109978177279 22.66624782034837 -157.90782370402624 349981.49027401115745 34.41566534647193 323.83883283073152
51540.0 -0.00140466068763 22.64226447429311 -157.89018619144827 349988.90896852966398 34.62340550217412 323.81911172105538
51570.0 -0.00023847263021 22.61828418869148 -157.87264121953112 349983.93621079623699 34.83156721938558 323.79825657046365
51600.0 -0.00053932488030 22.59433192069412 -157.85521380875647 349963.29944384936243 35.03965499159273 323.77619439459994
51630.0 -0.00088948397696 22.57129342608111 -157.83862157839471 350037.67047665361315 35.24803277625104 323.75296102816810
51660.0 -0.00049304010058 22.54736532855010 -157.82139158227776 349990.41453273128718 35.45661604239503 323.72853529237688
51690.0 -0.00122052616662 22.52436041437954 -157.80500571672866 350037.01611997652799 35.66519938278949 323.70288235535975
51720.0 -0.00050008528652 22.50046682649759 -157.78797775410521 349962.31700995564461 35.87413373879395 323.67603312354260
51750.0 -0.00051115122780 22.47749039355188 -157.77178670397285 349982.39704930502921 36.08309392845925 323.64793878908330
51780.0 -0.00077880210840 22.45452232839506 -157.75568533631278 349990.13897094782442 36.29235461628201 323.61861966398783
51810.0 -0.00108368220512 22.43158066506944 -157.73969071816251 349983.33387069310993 36.50156014058337 323.58802505578376
51840.0 0.00037128992697 22.40865156223198 -157.72378713412283 349963.91199897136539 36.71101151243052 323.55617696077229
51870.0 -0.00043870553701 22.38661240836059 -157.70869365701753 350042.81196736264974 36.92070822847406 323.52306310181950
51900.0 -0.00096595633249 22.36372064462911 -157.69298150411609 349996.88411585707217 37.13037775476084 323.48864345817208
51930.0 -0.00129498578072 22.34127185507037 -157.67770929651402 349995.07087614852935 37.34043313105850 323.45294809994374
51960.0 -0.00007848391508 22.31885287809518 -157.66254104648590 349978.88503211550415 37.55037066537717 323.41591460090626
51990.0 0.00025054435127 22.29687807761305 -157.64781374846277 350006.72588704433292 37.76055938180652 323.37756709662818
52020.0 -0.00081401858309 22.27491739641023 -157.63317325226620 350022.30482664424926 37.97091259781703 323.33788423735336
52050.0 -0.00078081484983 22.25298160929436 -157.61862884016702 350024.42750289104879 38.18122173653314 323.29683450122729
52080.0 -0.00056951127423 22.23105418905515 -157.60416288749806 350015.22365415748209 38.39184202204284 323.25443677403939
52110.0 -0.00089552338313 22.20915181450076 -157.58979044190352 349992.79108209814876 38.60244262801540 323.21064878640800
52140.0 -0.00051115240968 22.18726175658374 -157.57549774614068 349958.77395247574896 38.81330028671204 323.16548053376368
52170.0 -0.00047492897335 22.16624412301949 -157.56199993052613 350025.38050142489374 39.02405662397683 323.11888925873654
52200.0 -0.00042159900768 22.14439721370040 -157.54788220747929 349966.24329868890345 39.23501262114856 323.07088544478955
52230.0 -0.00148415274624 22.12340218282472 -157.53453985345149 350010.18873151391745 39.44617077032843 323.02145437556788
52260.0 -0.00185242178825 22.10243102645904 -157.52128616804012 350041.45138817653060 39.65725096949053 322.97056133571544
52290.0 -0.00056448119347 22.08105020682429 -157.50775564026719 350004.64186343457550 39.86867261866678 322.91822120382403
52320.0 -0.00021633365636 22.05970251584397 -157.49431856825143 349954.40452508628368 40.07992391569942 322.86438428587024
52350.0 -0.00020627231297 22.03878071000505 -157.48130077472609 349950.93203824479133 40.29137862259357 322.80906049424095
52380.0 -0.00108670072632 22.01828414307521 -157.46870279271192 349994.25077928416431 40.50294777218336 322.75222824050923
52410.0 -0.00007244569079 21.99781151385111 -157.45618892349765 350025.33409728668630 40.71441958740839 322.69385993553954
52440.0 -0.00065906467623 21.97694139373674 -157.44340159880440 349987.58339059725404 40.92615319514326 322.63395985387911
52470.0 -0.00107764516271 21.95650166324539 -157.43103770575610 349996.21521404571831 41.13781214551831 322.57249364257234
52500.0 -0.00073050458725 21.93607291387919 -157.41874246671924 349994.33599234372377 41.34967486132209 322.50945882776227
52530.0 -0.00021029661395 21.91607201637119 -157.40686918104382 350039.13603903073817 41.56138037580930 322.44482200059451
52560.0 -0.00091564488803 21.89528807541731 -157.39438997555618 349955.10469799023122 41.77322918069956 322.37857992045599
52590.0 0.00002213542821 21.87531340276961 -157.38265403509337 349978.78134102094918 41.98522665374263 322.31071453205266
52620.0 0.00013080573722 21.85536435910976 -157.37099734504483 349990.65038056299090 42.19708505581735 322.24119782401260
52650.0 -0.00125775538273 21.83542093107437 -157.35940073531305 349992.91587841324508 42.40922969095496 322.17002599790897
52680.0 -0.00030588705837 21.81550857607074 -157.34788609046592 349982.99249343760312 42.62114080568754 322.09716490868294
52710.0 -0.00035015791478 21.79560954898035 -157.33643637687541 349962.82779927831143 42.83319642987301 322.02260704355831
52740.0 -0.00033305374921 21.77611410814861 -157.32538657173146 349992.13149541895837 43.04530515348293 321.94633052385893
52770.0 -0.00082106376903 21.75664364440038 -157.31441175033416 350010.06888395454735 43.25725197777913 321.86831252514537
52800.0 -0.00062485398133 21.73679967254209 -157.30316588204917 349958.02207742538303 43.46939940421282 321.78853942886838
52830.0 0.00003320609701 21.71774339709127 -157.29265261959549 350015.67723414022475 43.68140542399933 321.70698660465564
52860.0 -0.00016401183423 21.69831739065846 -157.28186970048412 350003.11805467214435 43.89354964412426 321.62363639554161
52890.0 -0.00146603925525 21.67892094018891 -157.27116165910846 349979.08830251730978 44.10546867160298 321.53846658768543
52920.0 -0.00029783727453 21.65991346401188 -157.26084176202616 350006.10443086642772 44.31746191331466 321.45145743929152
52950.0 -0.00042562330866 21.64091745199493 -157.25058085647035 350023.49733609985560 44.52953745468216 321.36258643611040
52980.0 -0.00099211960732 21.62194741016754 -157.24039054136139 350029.93212416023016 44.74139989197529 321.27183413006981
53010.0 -0.00009760082208 21.60298300550332 -157.23025234786337 350027.45045899786055 44.95347977739757 321.17917361818519
53040.0 -0.00058359810048 21.58404985419242 -157.22018734899618 350013.66641784925014 45.16524967757684 321.08458998228264
53070.0 0.00021734061802 21.56512996006831 -157.21017916574488 349990.38004458695650 45.37709123188574 320.98805423006667
53100.0 -0.00062485516321 21.54622813610713 -157.20023100569014 349957.20283285621554 45.58891039704550 320.88954419216685
53130.0 -0.00020123986846 21.52807314061143 -157.19099261551452 350037.35570376552641 45.80048894368966 320.78904294294648
53160.0 -0.00004226047875 21.50920756402388 -157.18116376879681 349984.50890117324889 46.01219202226984 320.68651482498001
53190.0 -0.00086332542966 21.49108010534289 -157.17203940520486 350045.75358340702951 46.22367219032488 320.58194732792202
53220.0 -0.00084017949415 21.47225420180538 -157.16232918299769 349973.20269604492933 46.43520956103810 320.47530420869441
53250.0 0.00005735426665 21.45416255112328 -157.15332231522311 350015.05366155970842 46.64643854414756 320.36657689059382
53280.0 -0.00052121493495 21.43608150954412 -157.14436781446489 350047.92076686024666 46.85765668894957 320.25572566705557
53310.0 -0.00113701098891 21.41766449069455 -157.13514853063046 350008.95163960848004 47.06887451802594 320.14272219507899
53340.0 -0.00019117852507 21.39927676869308 -157.12599340959744 349959.55710771493614 47.27978899537558 320.02755809948781
53370.0 -0.00034110235117 21.38123971761378 -157.11719918486352 349964.84121287055314 47.49083499897140 319.91017776797815
53400.0 -0.00022237306253 21.36323280859768 -157.10847010651923 349959.67166702449322 47.70147784089689 319.79059035730057
53430.0 -0.00037229570675 21.34557544916136 -157.10010348591749 350009.20121578499675 47.91210186092975 319.66874028816676
53460.0 -0.00050410840562 21.32793042331754 -157.09178786635698 350049.85419080685824 48.12261015189500 319.54460522449307
53490.0 0.00019922949079 21.30997519865054 -157.08321952665278 350017.00752462167293 48.33278126444310 319.41817572471678
53520.0 -0.00068321402775 21.29202998994157 -157.07469662833844 349975.70053552743047 48.54298201068261 319.28938889020691
53550.0 -0.00005232300401 21.27444064376271 -157.06654231094319 349988.59650837443769 48.75285972452195 319.15824756279522
53580.0 -0.00055240592677 21.25686061702380 -157.05843345146678 349993.10053366795182 48.96269412132384 319.02469269094837
53610.0 -0.00048901461772 21.23930757084013 -157.05038344956318 349987.80354864615947 49.17211772923964 318.88873261634052
53640.0 -0.00022237188065 21.22176748460749 -157.04238028685086 349973.92772936541587 49.38142523485837 318.75030340282768
53670.0 -0.00034009657139 21.20455974601103 -157.03473018427084 350016.14071930106729 49.59062920476777 318.60936925913438
53700.0 -0.00048599609651 21.18737483707685 -157.02713545931263 350048.97926945518702 49.79941909256145 318.46593633086763
53730.0 -0.00000603822429 21.16987642407516 -157.01927280626265 350009.34478388540447 50.00823282276188 318.31991325698311
53760.0 0.00019620978770 21.15241035152530 -157.01146932766008 349959.79355257563293 50.21652909485374 318.17133973032958
53790.0 -0.00090659050630 21.13526906277747 -157.00401436943682 349966.95145404152572 50.42469370649449 318.02012721713879
53820.0 0.00005031026258 21.11814191926609 -156.99660498506336 349965.64983279909939 50.63262660916160 317.86625361004951
53850.0 -0.00037933852893 21.10103964690268 -156.98924882806264 349955.10825767926872 50.84010318011686 317.70971923239063
53880.0 -0.00047090467237 21.08424864685768 -156.98223410923811 350002.22516388446093 51.04749055771811 317.55042750041724
53910.0 0.00005735426665 21.06747737096091 -156.97526943587420 350040.50769691076130 51.25443118910298 317.38840104556238
53940.0 -0.00031091832100 21.05041306014386 -156.96804238567569 350005.29490558337420 51.46120319121824 317.22355286897283
53970.0 -0.00009659386043 21.03337730075506 -156.96086850025591 349960.78867516294122 51.66743765407428 317.05591272340564
54000.0 -0.00018212414333 21.01694555774456 -156.95433642752303 350040.05866220686585 51.87342509453264 316.88538731007759
54030.0 -0.00006037160597 20.99993359804402 -156.94724340086827 349979.52319474052638 52.07917744928322 316.71193200043768
54060.0 -0.00019520282605 20.98353052397214 -156.94079921146863 350042.29432570282370 52.28438116019125 316.53557149568422
54090.0 -0.00075264237922 20.96655041037381 -156.93379054068075 349965.31055074650794 52.48947333258582 316.35617036613922
54120.0 0.00042964997340 20.95017477343556 -156.92743064141595 350011.86154741980135 52.69390700890582 316.17380755595434
54150.0 -0.00014288218579 20.93352190066887 -156.92081004534731 349984.31029688380659 52.89806776309159 315.98835378873247
54180.0 -0.00061378449440 20.91716485320307 -156.91452631164395 350015.40421589091420 53.10185208350343 315.79978813667447
54210.0 -0.00021733943614 20.90055081016499 -156.90799353085930 349971.14198005478829 53.30503228860987 315.60812406967142
54240.0 0.00049807018133 20.88422079842062 -156.90178981410310 349986.34600532706827 53.50797405415370 315.41322352130595
54270.0 -0.00071943510033 20.86791136365622 -156.89563105196524 349993.15359985083342 53.71031547323977 315.21513512602581
54300.0 -0.00034110353305 20.85160904673411 -156.88950652723031 349992.54158193338662 53.91233148389295 315.01373789354670
54330.0 0.00014187404226 20.83533134891787 -156.88342869202481 349983.35045079514384 54.11365237955373 314.80908926723021
54360.0 -0.00024551308863 20.81906430566957 -156.87738649217437 349966.58101827185601 54.31456281867897 314.60106065137001
54390.0 -0.00035116605832 20.80307066755772 -156.87167085378141 350009.84497565217316 54.51507761555537 314.38959602645571
54420.0 0.00023545292712 20.78709711501487 -156.86599909984204 350044.87326617632061 54.71487221346804 314.17474714474326
54450.0 -0.00032802366845 20.77086329866171 -156.86006363167789 350005.39898350555450 54.91438475340735 313.95632323596203
54480.0 -0.00005332878379 20.75465920203585 -156.85417545528244 349957.24195480719209 55.11306404373026 313.73445439032150
54510.0 -0.00013181269887 20.73897400284271 -156.84890015981634 350037.58081894088537 55.31129318822286 313.50896137718638
54540.0 0.00054033184196 20.72279157024798 -156.84307941690864 349974.55937128141522 55.50896487152004 313.27982648087885
54570.0 -0.00065201949029 20.70713371218708 -156.83787955895781 350039.54067758936435 55.70584860481765 313.04708146765654
54600.0 -0.00050310380772 20.69098127003480 -156.83213001165763 349961.26631349977106 55.90230623603220 312.81053773149119
54630.0 0.00018212414333 20.67534283460063 -156.82699750546382 350011.54591064061970 56.09797235631572 312.57027877310173
54660.0 0.00006339012718 20.65946505784595 -156.82160637510404 349986.45812801737338 56.29311667710888 312.32614292433641
54690.0 -0.00024249574931 20.64361197459052 -156.81625709753857 349953.22786969318986 56.48736966054636 312.07822426651813
54720.0 0.00036223318148 20.62800633355600 -156.81122533212465 349981.43894191458821 56.68100795899504 311.82635253080525
54750.0 -0.00004326625852 20.61240522045940 -156.80622228398721 350002.71606774814427 56.87404619900565 311.57045955690739
54780.0 0.00028576200783 20.59682414378294 -156.80125857501199 350016.15498155448586 57.06615393285757 311.31063337921478
54810.0 -0.00086634276898 20.58124140524636 -156.79631807106691 350023.09046650025994 57.25776507645570 311.04661620549700
54840.0 -0.00030890439769 20.56568336189331 -156.79141913585289 350021.98570775520056 57.44832634311191 310.77860564902807
54870.0 0.00000503126263 20.55013098657027 -156.78654759380299 350014.00309191551059 57.63821542688373 310.50636224873540
54900.0 0.00014388796557 20.53458906617749 -156.78170634294469 349998.88931688852608 57.82732092763069 310.22987553669958
54930.0 -0.00025155131292 20.51906833622883 -156.77690248035003 349976.05991114303470 58.01541007630095 309.94920355324587
54960.0 0.00040751218143 20.50376719301662 -156.77240496032977 350016.05106472596526 58.20283783743240 309.66409736853370
54990.0 -0.00010363786449 20.48848138612211 -156.76794224956492 350048.62833431456238 58.38923668847828 309.37468815206478
55020.0 0.00007546421200 20.47298597051692 -156.76322283169620 350004.93739674426615 58.57486853985867 309.08076697518351
55050.0 -0.00017709169882 20.45751475233672 -156.75854075776056 349953.50839437823743 58.75936553470414 308.78247746117222
55080.0 -0.00031192291890 20.44246630962133 -156.75444660272504 350034.81336053926498 58.94299367411497 308.47960174642031
55110.0 -0.00018011140191 20.42700915843114 -156.74981612220768 349969.80441466905177 59.12576629989859 308.17205998136433
55140.0 0.00001006252527 20.41197872658968 -156.74578070577746 350037.16786060389131 59.30734860212561 307.85999114452954
55170.0 -0.00040348906233 20.39654368829542 -156.74120546230392 349958.24648302048445 59.48816620850381 307.54305760922239
55200.0 -0.00048398453696 20.38152960968295 -156.73722563375597 350011.87123760208488 59.66766699545188 307.22154706886238
55230.0 0.00025356523623 20.36632187652791 -156.73299008410558 349988.79677909705788 59.84621952655945 306.89514951920563
55260.0 -0.00043568819769 20.35112376315994 -156.72878074745367 349958.89264660794288 60.02370828432404 306.56386924641208
55290.0 0.00046788615116 20.33613409000715 -156.72488188932962 349992.07256453763694 60.19989928990387 306.22780291046672
55320.0 0.00040550062188 20.32114136016349 -156.72100220911324 350019.02707812748849 60.37513682647180 305.88663203897482
55350.0 -0.00002414816964 20.30616295955079 -156.71715329331352 350038.89307962451130 60.54905356020510 305.54055392915541
55380.0 0.00033003404612 20.29100502041041 -156.71304921245223 349981.70234979223460 60.72190052991192 305.18930742487584
55410.0 -0.00026060687654 20.27604786413329 -156.70925385121856 349987.90456976275891 60.89331400751867 304.83310421985209
55440.0 -0.00009257074133 20.26109484558098 -156.70548077231371 349987.61026581283659 61.06354627225905 304.47167509195356
55470.0 -0.00021834757967 20.24614424984700 -156.70172834219596 349980.92090193461627 61.23260830674992 304.10493223023821
55500.0 0.00010565415156 20.23137358595313 -156.69827583020773 350038.47066427208483 61.40032266890483 303.73294839319698
55530.0 -0.00065906467623 20.21644823010160 -156.69457871631303 350018.02659971546382 61.56652246279950 303.35580041323175
55560.0 -0.00003018639393 20.20152604916216 -156.69090138162460 349991.21902759000659 61.73146740563546 302.97318804675217
55590.0 0.00013181151699 20.18661186432876 -156.68724667092260 349957.83993146196008 61.89503865780399 302.58514033841368
55620.0 0.00055441985008 20.17187547991351 -156.68389419369922 349988.70492937881500 62.05700292721622 302.19180545091967
55650.0 0.00042864301174 20.15713419293113 -156.68055746911841 350013.53741538804024 62.21769089219579 301.79279539027431
55680.0 0.00020325260989 20.14225177155710 -156.67697600496791 349960.13046241831034 62.37673861487339 301.38839066931854
55710.0 -0.00025356287247 20.12767563547359 -156.67395590396873 350043.40851376764476 62.53438419510439 300.97828129215446
55740.0 0.00042864301174 20.11281351031488 -156.67042134659053 349976.77711515408009 62.69027133266811 300.56276353988721
55770.0 -0.00080798272256 20.09825040552043 -156.66744807555682 350046.99149695690721 62.84463668191240 300.14152198198440
55800.0 0.00062082731659 20.08339638114833 -156.66395037391410 349967.75866454374045 62.99748877996767 299.71446898569820
55830.0 -0.00030789743604 20.06883670402896 -156.66101569945613 350025.40532269328833 63.14864707847407 299.28173069053872
55860.0 0.00006137856763 20.05414978253237 -156.65783725103557 350004.55470051895827 63.29794628310017 298.84343370390008
55890.0 0.00025356405435 20.03946402549532 -156.65467519685879 349977.54337454866618 63.44563252511050 298.39922541747194
55920.0 0.00012678143624 20.02491643753348 -156.65180133021417 350016.13268589414656 63.59158510916607 297.94917592973724
55950.0 0.00030588587649 20.01038020280660 -156.64895277204965 350048.07344706077129 63.73557451142226 297.49350602706465
55980.0 0.00018011258379 19.99571013593710 -156.64584846875726 350002.06986067350954 63.87791388481989 297.03175714115258
56010.0 0.00050511182164 19.98117998581731 -156.64303662515263 350021.50419789273292 64.01824773429524 296.56432073525201
56040.0 0.00016602457566 19.96652528155328 -156.63997148417235 349962.75147987902164 64.15679859491729 296.09084209543931
56070.0 -0.00027268096136 19.95200843571765 -156.63719950045794 349969.46464936528355 64.29322278422762 295.61172891569959
56100.0 0.00055643140963 19.93749178751086 -156.63444323594959 349970.07315137796104 64.42773900466500 295.12662576794878
56130.0 0.00028676778760 19.92297318115364 -156.63170084611559 349964.67081402521580 64.56035360663007 294.63545763045818
56160.0 0.00040147632090 19.90846081376930 -156.62897739019485 349952.95807162020355 64.69088661644432 294.13842795620258
56190.0 0.00043568701581 19.89406955862876 -156.62654311392475 350007.13687714096159 64.81917778053943 293.63573450195383
56220.0 -0.00003219913536 19.87956678127967 -156.62385584246999 349982.91972716804594 64.94545701585103 293.12697807972017
56250.0 0.00032299004206 19.86516981289334 -156.62144973670686 350025.09208810515702 65.06960483023788 292.61229108573809
56280.0 0.00017508013927 19.85068246208764 -156.61880088914140 349988.22611717879772 65.19140051980631 292.09199215039837
56310.0 0.00037430963006 19.83628763384910 -156.61642657348932 350018.15771197713912 65.31113611686852 291.56555676315713
56340.0 0.00037632000773 19.82190087129542 -156.61407294156010 350041.71812288742512 65.42847212730442 291.03351826759626
56370.0 0.00045681784612 19.80741733438512 -156.61146660595713 349986.66629275027663 65.54361365663880 290.49548672290700
56400.0 -0.00002113083031 19.79303896957251 -156.60914649733479 349997.86119691282511 65.65623727871814 289.95200977031891
56430.0 0.00014489256346 19.77865837669342 -156.60683905442048 350003.09141693264246 65.76654239000833 289.40270342316200
56460.0 0.00061076715508 19.76427318143922 -156.60454232040158 350002.44434304255992 65.87453480427486 288.84752087115601
56490.0 -0.00000503126263 19.74989176690391 -156.60226144071549 349995.65087365545332 65.98004113301809 288.28676871785757
56520.0 0.00059567218529 19.73552135068372 -156.60000077629334 349982.49387826677412 66.08291170436968 287.72073783949685
56550.0 0.00015495627061 19.72114715737153 -156.59775018621662 349963.46906953863800 66.18335855762514 287.14899240091546
56580.0 -0.00015193774941 19.70684571317199 -156.59577420692173 350011.45082565210760 66.28126859327787 286.57174871641007
56610.0 0.00108670190820 19.69248176871914 -156.59355585713263 349980.10644709598273 66.37643738959105 285.98944640047000
56640.0 -0.00010464600803 19.67817712206589 -156.59160555717341 350016.11104765255004 66.46913317871466 285.40150374541633
56670.0 0.00071440501957 19.66381463830088 -156.58941210250208 349972.77649931702763 66.55904285919947 284.80862167026424
56700.0 0.00032097966439 19.64950982496682 -156.58748794158780 349996.75501601584256 66.64635353301550 284.21038658679981
56730.0 0.00116619042118 19.63521359205692 -156.58558273410350 350014.45806754752994 66.73077225985021 283.60750685732876
56760.0 -0.00021935099569 19.62091246764481 -156.58368725114903 350026.29744132887572 66.81247922743714 282.99958229837392
56790.0 0.00032601092702 19.60660386037874 -156.58179941745530 350032.35241001099348 66.89148301169232 282.38660645799979
56820.0 0.00084017949415 19.59229634374617 -156.57992447878425 350032.38505438994616 66.96762524806428 281.76900720534843
56850.0 0.00093778268000 19.57799709311575 -156.57806675465176 350026.21032199449837 67.04077443846553 281.14718126334662
56880.0 0.00068321284587 19.56369122682623 -156.57621611233557 350014.25373608246446 67.11112433433669 280.52066458924310
56910.0 0.00059869307026 19.54938367231674 -156.57437540311537 349996.38602310232818 67.17857542689018 279.88976910729582
56940.0 0.00026060687654 19.53508525301141 -156.57255133153333 349972.33093298412859 67.24294905292716 279.25506439817303
56970.0 0.00088445271433 19.52081234462492 -156.57098917860847 350016.00073256995529 67.30448808997075 278.61591843475833
57000.0 0.00061277871463 19.50650967094461 -156.56918407401929 349980.15108232293278 67.36291828415668 277.97320569855719
57030.0 0.00065403341360 19.49223089397506 -156.56764222788669 350011.97635252401233 67.41840939704012 277.32649478459274
57060.0 0.00057957379950 19.47793107098020 -156.56585923452215 349964.18941790424287 67.47071072335663 276.67665307963489
57090.0 0.00026563695729 19.46365300944078 -156.56434050742371 349984.04697955027223 67.51998456008594 276.02326888360824
57120.0 0.00114103765365 19.44936439811626 -156.56282644370086 349998.17215945851058 67.56624650645756 275.36637409516970
57150.0 0.00112996698484 19.43507400419409 -156.56132240358616 350006.35910266824067 67.60936293131869 274.70651443978693
57180.0 0.00100720984959 19.42078896254598 -156.55983267699770 350008.45377309061587 67.64922883282520 274.04418291596710
57210.0 0.00133825440300 19.40649429004050 -156.55834710743193 350004.81222544331104 67.68601994720531 273.37888575998403
57240.0 0.00031192291890 19.39219494955794 -156.55686856754693 349995.32412425521761 67.71965812337736 272.71101964398537
57270.0 0.00109877481114 19.37790178859476 -156.55540377059666 349979.75935211963952 67.75000007645377 272.04126561978620
57300.0 0.00076974772667 19.36359592179362 -156.55394001540105 349958.53875342290848 67.77726222391274 271.36893893905938
57330.0 0.00079892597706 19.34929644726841 -156.55274340644985 350004.86997773684561 67.80122122954008 270.69506002846805
57360.0 0.00144893508968 19.33498268654990 -156.55154926781546 350045.48154088109732 67.82203032064078 270.01917194569171
57390.0 0.00075867705787 19.32067601165404 -156.55011398934838 350006.42948522232473 67.83949158861887 269.34226513268095
57420.0 0.00185342993179 19.30636428897227 -156.54868327810317 349961.58270748332143 67.85375067005195 268.66390635714953
57450.0 0.00085426632040 19.29203425687863 -156.54750852410746 349984.61519597657025 67.86483350707601 267.98414238978205
57480.0 0.00103538468396 19.27769943072130 -156.54634098142833 350001.75176826212555 67.87263954972074 267.30360329258110
57510.0 0.00051014662991 19.26336690831805 -156.54518492279709 350012.86845981422812 67.87709668913541 266.62284009018367
57540.0 0.00219956354559 19.24902160621351 -156.54403013313831 350018.25248345173895 67.87836210663802 265.94131439602580
57570.0 0.00103739624351 19.23466852697249 -156.54287951468885 350017.81236270349473 67.87638468693650 265.25946986194657
57600.0 0.00155257413606 19.22031854627267 -156.54173980971208 350011.36343347933143 67.87106322675255 264.57805022607761
57630.0 0.00134931916241 19.20595267227205 -156.54059824230265 349999.24051660578698 67.86258564554495 263.89630592611854
57660.0 0.00134529604331 19.19158896568576 -156.53946625146415 349981.13958251383156 67.85078767369745 263.21534194965238
57690.0 0.00190273323272 19.17721356085100 -156.53833440661487 349957.29648349992931 67.83580524771207 262.53465617993862
57720.0 0.00139057504326 19.16280726084353 -156.53746478046213 350001.04866517800838 67.81749918951077 261.85529599688005
57750.0 0.00111588015859 19.14838712477008 -156.53659642083176 350038.99773558042943 67.79599789295644 261.17678590938840
57780.0 0.00183833614388 19.13399159745472 -156.53547586547836 349997.60173938982189 67.77133781049776 260.49914894451206
57810.0 0.00173771680059 19.11959390096332 -156.53436022553487 349950.32739140000194 67.74345554344777 259.82304394210172
57840.0 0.00159080913194 19.10510628800019 -156.53375475705300 350044.21898411493748 67.71231369431652 259.14902373484290
57870.0 0.00210900436381 19.09069747176028 -156.53264668388545 349985.20477877091616 67.67804819152298 258.47648613126955
57900.0 0.00286265370468 19.07623028357802 -156.53179042793900 349993.91563042160124 67.64063617557906 257.80586989888388
57930.0 0.00140767920883 19.06176303430524 -156.53094228558399 349996.64407321065664 67.60001981121000 257.13791830840586
57960.0 0.00222572563854 19.04727662985902 -156.53008936486705 349993.63946907967329 67.55635470869177 256.47180660758164
57990.0 0.00220559940612 19.03278923957738 -156.52924322493550 349984.67353266291320 67.50953733678517 255.80864922296712
58020.0 0.00163709391167 19.01822237830953 -156.52864341636990 350043.40115828439593 67.45968317571291 255.14788144979877
58050.0 0.00226597337585 19.00371907435240 -156.52780223552071 350022.64623073395342 67.40671110043988 254.49053442814056
58080.0 0.00205165127904 18.98920452297287 -156.52696000085663 349996.06378774903715 67.35072927580445 253.83607454473696
58110.0 0.00308401744180 18.97460208195990 -156.52636238463566 350037.11284222081304 67.29178095132599 253.18446663445042
58140.0 0.00235049433334 18.96006466889273 -156.52551833429655 349998.82219917234033 67.22983854038137 252.53634371148226
58170.0 0.00226295485465 18.94552898301423 -156.52468067040110 349954.57456985209137 67.16489594988556 251.89220995018343
58200.0 0.00263726212095 18.93089794046001 -156.52408654351333 349977.88083249516785 67.09706324606364 251.25139233688583
58230.0 0.00227905442233 18.91625270493904 -156.52349086903391 349995.28417732287198 67.02634235880035 250.61428183719840
58260.0 0.00330336961936 18.90160421732471 -156.52290050644189 350006.68966046720743 66.95271464348033 249.98156917283887
58290.0 0.00255777124421 18.88693328160948 -156.52230240291217 350012.26158691290766 66.87629865130410 249.35236004483656
58320.0 0.00221465733349 18.87225818155685 -156.52170827512850 350011.84737855754793 66.79704703786213 248.72771697665306
58350.0 0.00257890089264 18.85756501342157 -156.52110855235318 350005.55639390647411 66.71505028850964 248.10701255403461
58380.0 0.00329733257695 18.84287041454971 -156.52051388464179 349993.26653182972223 66.63027897574659 247.49120760833671
58410.0 0.00248130125244 18.82816142050225 -156.51991531170017 349975.07298145163804 66.54281694376198 246.87971305316097
58440.0 0.00247425606649 18.81343437865533 -156.51931002760372 349950.99384617246687 66.45270814855823 246.27242194613274
58470.0 0.00318162062764 18.79859127366363 -156.51894942979507 349994.05893257260323 66.35995553104442 245.66990809619750
58500.0 0.00237162279990 18.78374098990840 -156.51859191752499 350031.07110410928726 66.26457753454045 245.07260059073252
58530.0 0.00276706326027 18.76898149313358 -156.51798197868087 349989.09078872017562 66.16665371092481 244.47976925518560
58560.0 0.00343015223748 18.75409411198534 -156.51761271989398 350014.16503762453794 66.06620465684011 243.89173817410176
58590.0 0.00272480159964 18.73920030280554 -156.51724593492764 350033.18549712002277 65.96324360108071 243.30911994685846
58620.0 0.00343417772034 18.72440270176218 -156.51662419336682 349973.32414231263101 65.85784833915470 242.73097552931216
58650.0 0.00267549829871 18.70947870707309 -156.51624799734680 349980.35963908303529 65.75001956452688 242.15828290182506
58680.0 0.00302565621349 18.69453347110871 -156.51586323939296 349981.39235947001725 65.63981896916619 241.59037135165391
58710.0 0.00351165467377 18.67945305603470 -156.51572407005054 350049.15251864958555 65.52725971454706 241.02810717466727
58740.0 0.00308401625992 18.66461616246075 -156.51509121850748 349965.32804107014090 65.41239822383045 240.47086668992944
58770.0 0.00281536078142 18.64949113430585 -156.51493490308752 350020.96256177034229 65.29527316503101 239.91847980293187
58800.0 0.00405802237625 18.63448792429560 -156.51453179697654 349997.81383110396564 65.17591146351668 239.37145279469760
58830.0 0.00295824296722 18.61948013046224 -156.51412939968981 349968.61432387493551 65.05434875377922 238.83013831048009
58860.0 0.00381552780882 18.60430747073001 -156.51395907717571 350005.93509700801224 64.93063133143065 238.29377738859523
58890.0 0.00343820202132 18.58911424459852 -156.51378125799440 350037.11322983819991 64.80479224374889 237.76263019852996
58920.0 0.00339895888190 18.57406199048098 -156.51336134656725 349989.68892554473132 64.67686892857404 237.23722992678057
58950.0 0.00393224790167 18.55883313139814 -156.51316940339206 350008.61629579681903 64.54689731506467 236.71662715849709
58980.0 0.00370082045741 18.54359385670028 -156.51297566020887 350021.39089885540307 64.41491731648951 236.20170832174011
59010.0 0.00336977944963 18.52848930584722 -156.51252939100473 349955.70102878473699 64.28096029023661 235.69178837035284
59040.0 0.00401676767728 18.51322071294921 -156.51232345811792 349956.21106570586562 64.14507290995340 235.18763848664790
59070.0 0.00287070230664 18.49793156014030 -156.51210766571106 349950.55022951029241 64.00728335418798 234.68862859076748
59100.0 0.00376823606744 18.48245016206296 -156.51211892674053 350010.83005090057850 63.86762080230648 234.19454587629542
59130.0 0.00398859520666 18.46711893911287 -156.51188321467217 349992.74789023585618 63.72613040728321 233.70583682802800
59160.0 0.00387791333811 18.45160678344988 -156.51188482830915 350040.52516100369394 63.58285897453558 233.22279073394321
59190.0 0.00453999653554 18.43624187669147 -156.51163331615524 350010.02353317383677 63.43781945922687 232.74465048581629
59220.0 0.00375918050383 18.42085902549179 -156.51137169729125 349973.32455792650580 63.29105258416998 232.27162640327424
59250.0 0.00397551297831 18.40528747817201 -156.51134593465352 350002.30179020948708 63.14261366952616 231.80418388438795
59280.0 0.00433372304069 18.38968387912702 -156.51130291205249 350024.91062119230628 62.99249844719957 231.34139484230263
59310.0 0.00394231042694 18.37425436218757 -156.51101683527307 349969.52437877468765 62.84077831637486 230.88406143171440
59340.0 0.00373503115231 18.35861285587016 -156.51095438728032 349979.53988640196621 62.68745520411180 230.43151120890764
59370.0 0.00444340031135 18.34296048628075 -156.51088804699887 349983.27298129629344 62.53260170071377 229.98443131415814
59400.0 0.00436089091341 18.32728462994764 -156.51080867530638 349980.64766870345920 62.37621917854355 229.54221001376328
59430.0 0.00372094432606 18.31158100335723 -156.51071286533400 349971.62452793586999 62.21832527892886 229.10461298054224
59460.0 0.00487506184430 18.29565826323336 -156.51084414146283 350027.62915805540979 62.05897915964670 228.67203995153770
59490.0 0.00481569601810 18.27992375469635 -156.51073299723078 350005.90344646573067 61.89823464612569 228.24473340042462
59520.0 0.00451785756170 18.26416302097685 -156.51060520464287 349977.76474836003035 61.73607348006763 227.82196197327329
59550.0 0.00398758824501 18.24817131116356 -156.51070000140052 350014.39675171673298 61.57254101310973 227.40390159062596
59580.0 0.00491933388260 18.23216418066652 -156.51078820063685 350044.58670273050666 61.40770585694609 226.99096439596795
59610.0 0.00414958970157 18.21633773166348 -156.51062026022967 349997.15169769804925 61.24152720330417 226.58226577616381
59640.0 0.00404997495617 18.20028217023031 -156.51067997316923 350014.33561127260327 61.07410178762497 226.17853549535644
59670.0 0.00386483110975 18.18441774320213 -156.51048663174160 349954.06584564130753 60.90540474889158 225.77913250324372
59700.0 0.00531175345800 18.16832105954532 -156.51052125610863 349958.28011304698884 60.73552874397943 225.38467363606958
59730.0 0.00469394584450 18.15219812311794 -156.51053950456324 349955.91719793807715 60.56445127059088 224.99458187841356
59760.0 0.00461042830303 18.13581472308957 -156.51077161778753 350017.53438984788954 60.39217804840393 224.60861750842412
59790.0 0.00478349688275 18.11963800849854 -156.51075651204391 350001.91485741548240 60.21877941481806 224.22714550791326
59820.0 0.00482072728074 18.10344797645948 -156.51073286510774 349979.83279766701162 60.04431363948066 223.85037557193948
59850.0 0.00473318543828 18.08699077120559 -156.51092197904859 350021.47347254678607 59.86873466086661 223.47761652659557
59880.0 0.00456213432751 18.07074518699638 -156.51086099600539 349986.05486007127911 59.69209075749782 223.10902208766797
59910.0 0.00487908496340 18.05424340870589 -156.51102305746903 350014.37531987205148 59.51446067881267 222.74496360108867
59940.0 0.00429749960436 18.03770384559751 -156.51116063421043 350035.79700935538858 59.33577169348175 222.38461169811947
59970.0 0.00491933388260 18.02139465314698 -156.51105514554234 349980.52021215669811 59.15614113482729 222.02863523639411
60000.0 0.00550796560947 18.00480618749747 -156.51115978926373 349988.50426153000444 58.97552083910372 221.67643458474390
60030.0 0.00540432419933 17.98820129089771 -156.51125390589340 349989.84646980557591 58.79401913100094 221.32856852289584
60060.0 0.00493241611095 17.97156758069044 -156.51132809406502 349984.36312645021826 58.61159320407732 220.98450283251179
60090.0 0.00435183416792 17.95490035527084 -156.51137844906722 349971.96833284758031 58.42823745600053 220.64400241999860
60120.0 0.00489317297153 17.93794728655732 -156.51164233212026 350022.39959652535617 58.24403154835036 220.30740639916826
60150.0 0.00529867477529 17.92123867512304 -156.51166388475616 349996.48980489280075 58.05903667085532 219.97490164524407
60180.0 0.00462049082830 17.90449835252094 -156.51166145639468 349963.65917273238301 57.87318281710986 219.64584344434959
60210.0 0.00507026585223 17.88746042506043 -156.51186756223129 349993.29089233372360 57.68652032520793 219.32037143613812
60240.0 0.00503504701379 17.87040196053464 -156.51206023481427 350016.06606557685882 57.49913590847387 218.99882534401581
60270.0 0.00446754966287 17.85330317291944 -156.51222444390018 350031.63421754352748 57.31092968853932 218.68043477454677
60300.0 0.00569813599100 17.83618313033585 -156.51237371455576 350040.31266879104078 57.12203591745465 218.36581719048976
60330.0 0.00549387760134 17.81902786688838 -156.51249724451876 350041.84122030902654 56.93238677453297 218.05441770188756
60360.0 0.00432969755783 17.80185373495984 -156.51260663200227 350036.50664627552032 56.74210290614098 217.74674676224765
60390.0 0.00619822009564 17.78464847480712 -156.51269229980650 350024.07291346695274 56.55112480009783 217.44231497429323
60420.0 0.00449069323461 17.76740717545677 -156.51275005858102 350004.42827892489731 56.35943657425172 217.14089702084456
60450.0 0.00418581077414 17.75014083896878 -156.51278758003872 349977.77039451152086 56.16712594084564 216.84281211991848
60480.0 0.00537715750849 17.73256038130451 -156.51303533456149 350012.65203659702092 55.97425609743645 216.54823075867540
60510.0 0.00565084543150 17.71494039342753 -156.51325432000345 350040.11332000233233 55.78073685997869 216.25655542978822
60540.0 0.00508535964013 17.69758781505722 -156.51322309123094 349992.03357336763293 55.58662020145906 215.96791659156858
60570.0 0.00514170458137 17.67991384446211 -156.51340011066884 350005.17289087828249 55.39199923422789 215.68262870517597
60600.0 0.00544759163973 17.66219728537683 -156.51354440039009 350010.77344273682684 55.19675139987706 215.39997898676714
60630.0 0.00524232628842 17.64445735201459 -156.51366995402944 350009.23619877640158 55.00102494072716 215.12054103515678
60660.0 0.00579573799497 17.62668007521688 -156.51376563402266 350000.23926797416061 54.80473579303338 214.84380382359734
60690.0 0.00532483450448 17.60888176836279 -156.51384332011131 349984.13751507923007 54.60801431002348 214.57023696797921
60720.0 0.00553815200339 17.59105030041926 -156.51389323196079 349960.64352048467845 54.41078756751281 214.29939426393463
60750.0 0.00528056128430 17.57286027143724 -156.51413318387023 349997.07861634809524 54.21303055899222 214.03106212393334
60780.0 0.00509541861976 17.55463785354180 -156.51434811611711 350026.00931152701378 54.01483809791207 213.76554376585469
60810.0 0.00533188087230 17.53638993752548 -156.51454279855949 350047.59220839571208 53.81627480455671 213.50299726880991
60840.0 0.00537615054684 17.51842879498071 -156.51448321678944 349994.29512314964086 53.61723372537803 213.24286991289912
60870.0 0.00609055556641 17.50010611050358 -156.51461569550557 350000.60032322071493 53.41776824647736 212.98528573836091
60900.0 0.00504812924214 17.48175886304320 -156.51472699133066 349999.54504709877074 53.21797668412415 212.73053833402730
60930.0 0.00603219788375 17.46336707424634 -156.51480097129010 349990.59989685099572 53.01771775242025 212.47796843716409
60960.0 0.00550695746593 17.44461116369797 -156.51507154723618 350040.91717164963484 52.81715129020326 212.22811176906302
60990.0 0.00508435267848 17.42615239856306 -156.51508798868690 350016.66506194788963 52.61618000243772 211.98049806752678
61020.0 0.00635921222678 17.40767076765649 -156.51508231808020 349985.04878118541092 52.41494184715818 211.73556192226184
61050.0 0.00532986576711 17.38880738982230 -156.51526260687430 350012.04205380380154 52.21335334881338 211.49289686572905
61080.0 0.00569813717288 17.36989854236990 -156.51540504105253 350030.92503507249057 52.01138147831858 211.25230115456003
61110.0 0.00637028171371 17.35130789309071 -156.51530092340803 349975.92752434406430 51.80912737925497 211.01406460550692
61140.0 0.00531779168229 17.33198589613853 -156.51560672183842 350045.45178983546793 51.60665667730667 210.77833534694136
61170.0 0.00544557889830 17.31333024545535 -156.51544111924071 349974.97028910648078 51.40384860597804 210.54460151691529
61200.0 0.00564178986789 17.29392233847210 -156.51567405942862 350028.18784833978862 51.20075782301432 210.31298225570629
61230.0 0.00590440830397 17.27484568294605 -156.51566518722038 350007.93806249741465 50.99748622069257 210.08375137774618
61260.0 0.00511554367030 17.25572295160071 -156.51561412124471 349979.43638402037323 50.79387849173505 209.85630193308612
61290.0 0.00572027496485 17.23620577357894 -156.51575032810646 350008.58909881860018 50.59010342209271 209.63113463562266
61320.0 0.00574039765163 17.21664280644843 -156.51584649866354 350029.36355575360358 50.38605305736336 209.40781596189768
61350.0 0.00596075560897 17.19705030888745 -156.51591519108473 350042.25067057367414 50.18187123251058 209.18675010398889
61380.0 0.00583598691416 17.17741642545341 -156.51594611341122 350046.85999199375510 49.97746633189622 208.96756619019470
61410.0 0.00560556643155 17.15773562773470 -156.51593403887065 350042.98832333181053 49.77279828669042 208.75007350717803
61440.0 0.00508535727637 17.13801970589006 -156.51588794553425 350030.99624849855900 49.56797390343632 208.53455031327121
61470.0 0.00612778596440 17.11827553701123 -156.51581287097582 350011.09867906570435 49.36305948305147 208.32113635688009
61500.0 0.00554217630437 17.09848690649458 -156.51569476795538 349982.73847429081798 49.15792295531539 208.10935620737658
61530.0 0.00565486973248 17.07827116401294 -156.51574819346709 350010.39508074987680 48.95262013086010 207.89932494421919
61560.0 0.00634210806121 17.05802311942982 -156.51577053935841 350029.87494424544275 48.74725699535820 207.69130300723376
61590.0 0.00582190008791 17.03811615309129 -156.51553484538508 349976.41542597580701 48.54166445754406 207.48472223146922
61620.0 0.00638034305710 17.01738934544203 -156.51568519069343 350042.81588275171816 48.33601985671247 207.28005639271376
61650.0 0.00606439583722 16.99740796487302 -156.51537243341261 349972.65122702345252 48.13020673814547 207.07690449724072
61680.0 0.00616803370172 16.97659885365402 -156.51544416582405 350021.86245360970497 47.92437337130613 206.87564413162102
61710.0 0.00548482203773 16.95614614190482 -156.51526461578814 349998.67541968170553 47.71842200137817 206.67593583868688
61740.0 0.00637028289559 16.93564547699059 -156.51503654145199 349966.63133764453232 47.51230636911531 206.47759872756396
61770.0 0.00612074196034 16.91470020511580 -156.51497569831574 349989.38936363346875 47.30613834537567 206.28090091228665
61800.0 0.00629380935818 16.89372088958007 -156.51487994364015 350003.68384315632284 47.09998462555674 206.08597483321893
61830.0 0.00671037946698 16.87269123982737 -156.51473456961233 350008.87759579904377 46.89370394290987 205.89237711621550
61860.0 0.00607747570182 16.85161714664390 -156.51454384338169 350005.16814463678747 46.68735314367700 205.70021927551113
61890.0 0.00649203306919 16.83051017219500 -156.51431701949579 349992.98533372674137 46.48104094790988 205.50974820545673
61920.0 0.00640449122674 16.80935006836320 -156.51403578125993 349971.51480343472213 46.27458819798966 205.32043333289508
61950.0 0.00669931116194 16.78773301656829 -156.51391947186039 350003.92211105022579 46.06817868575887 205.13272296669797
61980.0 0.00668522315381 16.76606378534383 -156.51375112580055 350026.94313984643668 45.86168925498851 204.94624463442486
62010.0 0.00691564481830 16.74478718936053 -156.51334245766958 349979.08700318634510 45.65527139369415 204.76135249853573
62040.0 0.00719335822417 16.72259976320843 -156.51328224315202 350045.98001168295741 45.44876686147794 204.57759034085728
62070.0 0.00639543566312 16.70123000212601 -156.51277210968033 349979.76323015335947 45.24226261658512 204.39514374680198
62100.0 0.00717323080987 16.67895852634047 -156.51262319345895 350028.46454527135938 45.03585198407700 204.21420804172806
62130.0 0.00693979535170 16.65706951393562 -156.51221858913976 350005.85848534200341 44.82938683814880 204.03436536799285
62160.0 0.00664598237815 16.63513542635131 -156.51176328056735 349974.00846762210131 44.62292489288863 203.85572436989469
62190.0 0.00825892693830 16.61272461201883 -156.51146498433852 349994.65682927146554 44.41657681890589 203.67852095095157
62220.0 0.00660070219632 16.59025516642232 -156.51110525586557 350005.34574505873024 44.21015604025786 203.50225450958106
62250.0 0.00779607323165 16.56774710874974 -156.51070128983173 350006.92383323516697 44.00385116384397 203.32735291780349
62280.0 0.00730605165228 16.54518651177408 -156.51023961425932 349998.75207941140980 43.79753428142497 203.15346654718167
62310.0 0.00754250917730 16.52258954884248 -156.50973409197380 349981.52932164818048 43.59135879635313 202.98093036262981
62340.0 0.00742176596535 16.49993862924335 -156.50916779403906 349954.43918613437563 43.38516158916055 202.80931654821771
62370.0 0.00767734276113 16.47632753191760 -156.50893681229005 350038.63153612799942 43.17903070888902 202.63880275961819
62400.0 0.00810195792625 16.45359218658085 -156.50827095104302 349992.72040594182909 42.97306070151188 202.46957654923250
62430.0 0.00705852700409 16.43034301282375 -156.50773696034111 349997.06050993129611 42.76709782010986 202.30124254413013
62460.0 0.00758476965604 16.40704380765244 -156.50714523797845 349991.52336037345231 42.56120054660287 202.13390673201323
62490.0 0.00727385369880 16.38323907140579 -156.50669745302872 350036.42321198433638 42.35548105734302 201.96779513012856
62520.0 0.00789367641749 16.36031003082410 -156.50579867535689 349951.41262233071029 42.14974677576490 201.80243357737530
62550.0 0.00751534130457 16.33640331025725 -156.50523211060374 349976.26175653841347 41.94419021959190 201.63823169835248
62580.0 0.00826798486567 16.31243943897297 -156.50460042428875 349990.70449363626540 41.73867977682754 201.47486000985026
62610.0 0.00864128398844 16.28843456760453 -156.50391795884701 349995.50611746683717 41.53337002475546 201.31263626766008
62640.0 0.00720945660997 16.26437118929976 -156.50316710736342 349989.77395170833915 41.32809421143064 201.15115774713405
62670.0 0.00820358659496 16.24025857965403 -156.50235569866433 349973.93731689639390 41.12294117405822 200.99059493380835
62700.0 0.00753345479556 16.21562309380880 -156.50167913203495 350007.19182452093810 40.91800637576400 200.83112835214490
62730.0 0.00858393208555 16.19092715973870 -156.50093230250766 350029.64754602033645 40.71313150498290 200.67238240781307
62760.0 0.00797618345167 16.16666514516667 -156.49993474524811 349983.17673924192786 40.50837571069765 200.51446062372068
62790.0 0.00844406842096 16.14138431656764 -156.49925305230747 350043.59176675602794 40.30385227974338 200.35758010865558
62820.0 0.00846620621292 16.11702149789003 -156.49812619384582 349976.46925625763834 40.09936384752755 200.20129000427571
62850.0 0.00853462642086 16.09163058338514 -156.49731017044815 350015.55366388987750 39.89510604697200 200.04598363875729
62880.0 0.00864732339460 16.06617865931091 -156.49642099338215 350043.57200132496655 39.69094445151609 199.89134928761229
62910.0 0.00846218073007 16.04118143046339 -156.49529183727310 350003.72699442692101 39.48703417245367 199.73768924977418
62940.0 0.00812912816274 16.01612642725213 -156.49408755375424 349952.99381205160171 39.28320588066254 199.58462297534939
62970.0 0.00884252503877 15.99001477689379 -156.49317670298959 350006.47829789854586 39.07954893145361 199.43231445802809
63000.0 0.00820056925563 15.96385568144851 -156.49220485165986 350049.44385935738683 38.87615943197572 199.28093786235476
63030.0 0.00930739266873 15.93814113824619 -156.49097559275495 350023.94062433484942 38.67287541103724 199.13013497855096
63060.0 0.00843501285734 15.91237334993710 -156.48967429430454 349987.59997678268701 38.46975658521958 198.98000704948217
63090.0 0.00893308540243 15.88605114589254 -156.48848902004022 349997.74874115642160 38.26691700033738 198.83076315166272
63120.0 0.00885359452570 15.85966258359945 -156.48721907223444 349996.18809285387397 38.06415554446858 198.68197295824154
63150.0 0.00838671533619 15.83271073469504 -156.48605977411532 350040.42378267087042 37.86167026423843 198.53401524720852
63180.0 0.00939795066863 15.80673409071355 -156.48446922491817 349960.52729093655944 37.65932467548760 198.38659395683993
63210.0 0.00996142844609 15.77967456504443 -156.48316334948154 349982.55155204515904 37.45727387032398 198.23999747984729
63240.0 0.00936877005448 15.75254973142741 -156.48177196529969 349992.71526141185313 37.25534683849344 198.09386488476264
63270.0 0.00884252740253 15.72536899393619 -156.48030360083771 349991.53449910040945 37.05363321258077 197.94835428651069
63300.0 0.01036793130211 15.69814244555441 -156.47876767527976 349979.58411004673690 36.85222949839341 197.80363409615290
63330.0 0.00984973843400 15.67085344864233 -156.47714550430592 349955.83345164451748 36.65097084363358 197.65936137938061
63360.0 0.00946939057965 15.64244303075542 -156.47578215371985 350031.11743479780853 36.44991743597639 197.51563528247505
63390.0 0.00981955204007 15.61504956875762 -156.47400824296687 349984.83829134982079 36.24918376745192 197.37265764064733
63420.0 0.00990608337523 15.58651748909638 -156.47247807892973 350036.34812772367150 36.04856587606882 197.23001621867462
63450.0 0.01142243643871 15.55901105060629 -156.47053837798265 349966.88456125929952 35.84826360172601 197.08807681119751
63480.0 0.00969176246030 15.53036434340967 -156.46884377370611 349994.91253432538360 35.64813904955152 196.94655718425312
63510.0 0.01110547989342 15.50166738353576 -156.46707412232257 350011.56859120819718 35.44834681428095 196.80573320195350
63540.0 0.01030454235681 15.47290295122464 -156.46520940347528 350015.72433945722878 35.24871496729620 196.66526131441742
63570.0 0.01030454117493 15.44408051643502 -156.46325855064191 350007.94275514408946 35.04933320408236 196.52529431628318
63600.0 0.01133489577814 15.41521025631378 -156.46123145981929 349988.85085377190262 34.85029820881494 196.38599541947877
63630.0 0.01048565835661 15.38627548267199 -156.45910841765610 349957.33068421948701 34.65144292102730 196.24703511005205
63660.0 0.01068287510597 15.35617512731153 -156.45721744822021 350021.00453889369965 34.45282790691605 196.10851062096367
63690.0 0.01132785059219 15.32713222373895 -156.45492434578307 349965.82889279630035 34.25456782636929 195.97061726365405
63720.0 0.01093744494009 15.29690689335511 -156.45284732798032 350004.54766812454909 34.05645664411082 195.83295874716438
63750.0 0.01136809951139 15.26662758393071 -156.45068611682450 350031.27648900542408 33.85869544361935 195.69588929311550
63780.0 0.01076035324127 15.23628057397075 -156.44842378990680 350045.05219677742571 33.66114547397653 195.55913888943232
63810.0 0.01113767784690 15.20588191279957 -156.44607712097596 350046.92868319246918 33.46396041910903 195.42297209886976
63840.0 0.01129766774390 15.17541448960064 -156.44362514229368 350035.69578907452524 33.26696808353785 195.28706079665812
63870.0 0.01116082023676 15.14488783977856 -156.44107723344879 350011.96591837052256 33.07025803475269 195.15155296755103
63900.0 0.01237732210240 15.11431222267013 -156.43844381393251 349976.42110531590879 32.87392693770921 195.01660713331736
63930.0 0.01195471967871 15.08252672636269 -156.43600962499426 350032.14149154070765 32.67780610810102 194.88190556759372
63960.0 0.01255139646190 15.05182233675376 -156.43316774401256 349970.64084695465863 32.48195640274364 194.74754377279365
63990.0 0.01183296595947 15.01991884577584 -156.43054008920078 350000.99555689562112 32.28649240158703 194.61371118965542
64020.0 0.01343283301878 14.98793981593830 -156.42779525165207 350017.39663670025766 32.09120667141762 194.48002557949349
64050.0 0.01294180211400 14.95590627384082 -156.42495644084616 350021.31570954527706 31.89630105097581 194.34683086331097
64080.0 0.01232399450049 14.92380455876791 -156.42200585856449 350011.72014264669269 31.70163641082892 194.21386784476911
64110.0 0.01289551969803 14.89165068287788 -156.41896103275749 349989.74251533206552 31.50736516658055 194.08139088097388
64140.0 0.01348112817618 14.85942765848096 -156.41579997405853 349954.08918803930283 31.31331541383247 193.94908555896217
64170.0 0.01191950084027 14.82596949308156 -156.41282246765459 350007.07974415924400 31.11957642230394 193.81709552151267
64200.0 0.01486264883770 14.79245441210855 -156.40974556765775 350047.14001207333058 30.92624466041585 193.68557506848947
64230.0 0.01283816543138 14.76004893197841 -156.40626131807863 349971.96704134438187 30.73315032987560 193.55421682159746
64260.0 0.01501659814666 14.72639715541395 -156.40294998806840 349984.34905094653368 30.54035449511971 193.42311473374377
64290.0 0.01401341259805 14.69269071621690 -156.39953705410105 349983.85361658222973 30.34797143528441 193.29245297052418
64320.0 0.01398423198390 14.65890897691566 -156.39599519539240 349968.84481469448656 30.15579290915810 193.16186167556873
64350.0 0.01453663791068 14.62387470996855 -156.39262662919404 350040.59941062703729 29.96402107556420 193.03167561962556
64380.0 0.01415729938174 14.58996737678984 -156.38885523223317 349998.31905718147755 29.77251683920819 192.90164518870972
64410.0 0.01424685041999 14.55480243965155 -156.38525253388497 350042.25497660506517 29.58143103826905 192.77201551459692
64440.0 0.01415226930099 14.52077105670342 -156.38124641448877 349972.64700140617788 29.39059253855421 192.64248439312038
64470.0 0.01510615036678 14.48546746622117 -156.37739205664715 349987.93654521275312 29.20009016085810 192.51319155446953
64500.0 0.01486969165988 14.45010799498131 -156.37342759656775 349989.89925689436495 29.01002001789098 192.38428750812309
64530.0 0.01485258631243 14.41467589520804 -156.36932962689599 349977.13320504780859 28.82021164435970 192.25547395143130
64560.0 0.01574106569150 14.37917806279884 -156.36510506072614 349950.14429489616305 28.63072623428272 192.12684346597945
64590.0 0.01438369556337 14.34239890990247 -156.36102863337564 350006.95741116348654 28.44167756879273 191.99857548620935
64620.0 0.01544020989577 14.30553845586525 -156.35680643890532 350048.10433549527079 28.25285711618635 191.87031106006575
64650.0 0.01704711859539 14.26985308592429 -156.35220831131437 349978.90216971095651 28.06446696647512 191.74237685074311
64680.0 0.01627334774962 14.23286283541166 -156.34772905072720 349991.31168363243341 27.87636841619362 191.61453174198161
64710.0 0.01630252836377 14.19581511370559 -156.34312947407213 349989.89947719126940 27.68871045902602 191.48701251917376
64740.0 0.01740733903544 14.15869325296770 -156.33838525170958 349973.19733939133584 27.50132314316287 191.35952786498518
64770.0 0.01554183738259 14.12025780984402 -156.33375461577614 350037.08551127277315 27.31429470608158 191.23221399201117
64800.0 0.01889954156552 14.08301418827476 -156.32875305634579 349991.89637887384742 27.12772076150711 191.10521801712477
64830.0 0.01634780618184 14.04444379705447 -156.32384797309641 350026.01018469128758 26.94143057106981 190.97824958544408
64860.0 0.01703705843388 14.00580287632439 -156.31879944923443 350044.87608871329576 26.75548538477015 190.85140008098884
64890.0 0.01650980527464 13.96710381029301 -156.31362243568600 350049.53750548511744 26.56999830954193 190.72484470497923
64920.0 0.01836927106695 13.92832600779270 -156.30828620165769 350038.11145285982639 26.38476097903621 190.59823409748833
64950.0 0.01721113042961 13.88949095423273 -156.30281841069561 350012.45908695925027 26.19997506573237 190.47188776150568
64980.0 0.01767398413626 13.85058527728735 -156.29719814400593 349971.32568923477083 26.01550256916109 190.34557212228569
65010.0 0.01829682537616 13.81034824127178 -156.29167441078232 350008.62080971896648 25.83149040764998 190.21951640796922
65040.0 0.01627334893150 13.77003326347247 -156.28598804802499 350029.62163788732141 25.64777016734892 190.09343902284536
65070.0 0.01817205549947 13.72965018382115 -156.28015063363134 350035.16603672970086 25.46442938241623 189.96747302503269
65100.0 0.01728659582349 13.68920963209353 -156.27417518493490 350026.18882862478495 25.28156303869520 189.84176250637265
65130.0 0.01906556495930 13.64869490102287 -156.26803525024727 350001.07821413967758 25.09900047301177 189.71602405576576
65160.0 0.01906858466238 13.60811314968250 -156.26173870934039 349960.43800137564540 24.91680292244449 189.59034802916912
65190.0 0.01896896873511 13.56618039553967 -156.25551587795971 349996.00301768630743 24.73508266169455 189.46490585061753
65220.0 0.01863893587086 13.52416602451025 -156.24911480000907 350014.51412374898791 24.55363189294553 189.33935658350185
65280.0 0.01880898238374 13.43994410147945 -156.23584398620724 350005.05871068686247 24.19200462905195 189.08864952201517
65310.0 0.01969846872446 13.39773918491589 -156.22897332291100 349977.23943810071796 24.01183575134820 188.96348722942940
65340.0 0.01951131331849 13.35414826460720 -156.22212797389764 350021.90787542425096 23.83197835563594 188.83825365187153
65370.0 0.01888847562424 13.31180281711769 -156.21491346039551 349961.57077300548553 23.65251916544665 188.71307902727230
65400.0 0.01994599219076 13.26808567428642 -156.20774538189050 349975.00707071181387 23.47355242233418 188.58810476215419
65430.0 0.01989266577074 13.22429258106821 -156.20039341688116 349971.45274711679667 23.29490784794805 188.46305349285322
65460.0 0.01970048264777 13.18043084069132 -156.19286599026159 349951.56614514533430 23.11664660138312 188.33801471122871
65490.0 0.01976688775051 13.13518509464149 -156.18536946189934 350004.04690793715417 22.93887998306462 188.21315648254347
65580.0 0.01926378867031 13.00034103351888 -156.16157766667317 349972.64204757846892 22.40777063646991 187.83836592480938
65850.0 0.01969142472040 12.57610221986934 -156.08229002705733 350014.92903982102871 20.83700235050456 186.71487753316933
68400.0 0.01943383636507 7.08655908971545 -154.35768189382912 350024.33295518439263 7.83633419638703 175.70083801468266
68490.0 0.01593425695800 6.84633100544290 -154.25057557823865 349978.85767819266766 7.44342213631163 175.28801689121894
68550.0 0.01837128380838 6.68428189181784 -154.17685018167896 349971.35335831996053 7.18409040614269 175.01153254764287
68580.0 0.01948615818720 6.60177374470870 -154.13920176208268 350013.89542943146080 7.05521496799805 174.87291264069964
68670.0 0.01898204978158 6.35602750610734 -154.02377185906877 350007.46557647176087 6.67189884763120 174.45574845972598
68880.0 0.01977795723744 5.77458684551169 -153.73777570794121 350012.97696571517736 5.79634477645560 173.47367035742059
68940.0 0.01622203170726 5.60768210776208 -153.65181686267357 349979.05598119832575 5.55110966172751 173.19087099201303
68970.0 0.01795169517837 5.52278649453009 -153.60795241377883 350011.14981534332037 5.42928329328214 173.04904284787770
69000.0 0.01923360227638 5.43796216419000 -153.56360954697530 350033.77837573550642 5.30799013726690 172.90693506853151
69030.0 0.01196377287856 5.35476684007323 -153.51901082893565 349985.89905353914946 5.18732292075764 172.76469846038177
69060.0 0.01477812788021 5.27009556720704 -153.47371317728837 349990.57081553712487 5.06710314809631 172.62203558223422
69120.0 0.01029649139109 5.09946233079141 -153.38153349834241 350041.08582325465977 4.82841335800465 172.33609537509042
69150.0 0.01544926427750 5.01660297891587 -153.33504125756633 349960.59352581296116 4.70993924781625 172.19280716519850
69180.0 0.01480429115504 4.93073589805006 -153.28766189907626 349998.84175346978009 4.59200115333807 172.04922989183055
69210.0 0.01555994850982 4.84495683997552 -153.23976440444571 350027.95965416543186 4.47454597940539 171.90527233930570
69240.0 0.01220023158546 4.76082766053864 -153.19160141960907 349987.53543860930949 4.35767136976209 171.76109520225509
69270.0 0.01168706525247 4.67525547178805 -153.14277639369396 350005.64278579596430 4.24143270731891 171.61678949896239
69300.0 0.01269327168604 4.59133307166567 -153.09365042025365 349952.45937465876341 4.12568246903780 171.47210568056255
69330.0 0.01238738580955 4.50596578736343 -153.04381111828644 349955.81719258986413 4.01047567385869 171.32713365130445
69360.0 0.01238939736910 4.42071503501806 -152.99351376082203 349955.26292866840959 3.89590284902745 171.18202402793432
69390.0 0.01223444228037 4.33401776307690 -152.94244699021482 350009.36526748724282 3.78178919333503 171.03647966863716
69420.0 0.01255340920333 4.24899550729443 -152.89114439605086 349996.98740846570581 3.66830408950223 170.89078469499154
69450.0 0.01964715268210 4.16253757479091 -152.83908952273231 350041.31865759007633 3.55533907029493 170.74475346227314
69480.0 0.01024014408610 4.07776162642573 -152.78680230487703 350019.67718161921948 3.44299777463019 170.59855998722850
69510.0 0.01035283987796 3.99311213864474 -152.73401087914618 349993.13097389135510 3.33120263369555 170.45207058137095
69540.0 0.01478818922360 3.90858877781994 -152.68068893011716 349960.50618151668459 3.21990144219295 170.30519384120817
69570.0 0.01395102706877 3.82264740556235 -152.62662658570147 349987.38773501478136 3.10918973229920 170.15809076512255
69600.0 0.01150091799003 3.73684932053518 -152.57209519264930 350012.78333150409162 2.99912155511893 170.01085252567307
69630.0 0.01510011332437 3.65274279849525 -152.51728530867376 349970.29934923164546 2.88955229019822 169.86322923542761
69660.0 0.01689518202786 3.56567010788836 -152.46143716528087 350049.70119246095419 2.78053606100090 169.71531163063813
69720.0 0.01305117800529 3.39819855683642 -152.34930584577498 349951.33990091923624 2.56425652427744 169.41874804406595
69750.0 0.01497836196889 3.31158464297548 -152.29194121953597 350024.49416368082166 2.45698795385047 169.27008971705271
69780.0 0.01732282044171 3.22823902587403 -152.23459932882923 349969.47223937790841 2.35024983400109 169.12109060751214
69810.0 0.01157034634150 3.14194850529847 -152.17621406659444 350039.74468582216650 2.24414221811024 168.97192301001351
69840.0 0.01990071437269 3.05893556693540 -152.11787785256880 349983.17429958004504 2.13859021157928 168.82245503549589
70020.0 0.01644913110741 2.55522279551170 -151.75528605517573 350005.49362799990922 1.51719193920802 167.91967246652618
70320.0 0.01246355442195 1.73465400434923 -151.11029096786859 350016.06364715564996 0.52770037976379 166.39297021637313
84240.0 -0.00771084787375 21.96173638712311 -139.36305004390792 349965.04197953734547 3.79343879456603 77.30600779516186
84270.0 -0.00382961463507 22.01494781188836 -139.38645116953452 349957.30519450176507 3.81168546570154 77.09404560306024
84300.0 -0.01037095100519 22.06820452558662 -139.40832360352292 349998.90705963689834 3.82945621371066 76.88220683745637
84330.0 -0.01508401375670 22.12135019919797 -139.43032243323989 350025.98528113961220 3.84669415423085 76.67036145938120
84360.0 -0.00496763258563 22.17419743716014 -139.45410256909369 349974.95151838660240 3.86335385240429 76.45840986964744
84390.0 0.00071541198123 22.22734122894918 -139.47469281169080 350034.94324680510908 3.87950437514033 76.24653159427038
84420.0 -0.01230487759349 22.27988646358483 -139.49872731424216 349957.28361326549202 3.89518380725258 76.03482799993373
84480.0 -0.00849266732148 22.38560610633958 -139.54053022418816 350005.27320154476911 3.92481720133868 75.61123275869804
84510.0 -0.00116317308185 22.43826895879469 -139.56161931545239 350008.87402437813580 3.93887554820454 75.39961185007446
84540.0 -0.00546167728410 22.49087165672198 -139.58282634556474 349995.83296931814402 3.95231087447208 75.18784331077698
84570.0 0.00010263208472 22.54333067076475 -139.60415739157111 349969.55741316359490 3.96525166565756 74.97624165019707
84600.0 -0.00686131025473 22.59595691902893 -139.62395256173025 349990.31589283701032 3.97761290873831 74.76461626009250
84630.0 -0.00319973175487 22.64845595581750 -139.64387038964367 349997.51450219843537 3.98946471567281 74.55314098807739
84660.0 0.00415160362488 22.70086190101724 -139.66390743102943 349989.64826303813607 4.00074870381704 74.34168899317207
84690.0 0.00212510274961 22.75320142239891 -139.68406111615394 349965.50445260666311 4.01141752125245 74.13016137341346
84720.0 0.00518899632275 22.80570975765198 -139.70268118960342 349989.50925203599036 4.02154407642472 73.91873661194712
84750.0 -0.00441824281630 22.85808932734001 -139.72142225548325 350000.25707835610956 4.03116868137104 73.70751536422243
85050.0 -0.00163437795171 23.38128011581791 -139.89541438477369 350012.13792838156223 4.09517630026713 71.59798693338824
85080.0 0.00057051823588 23.43342064263592 -139.91212549749699 349979.74555716291070 4.09837665149179 71.38755539537721
85110.0 -0.01504577757893 23.48585045861031 -139.92730441792986 349994.00493667367846 4.10096708328112 71.17719261804535
85140.0 -0.01778567296648 23.53825201562649 -139.94259534184781 349991.08964918181300 4.10289764699004 70.96680097804119
85170.0 0.00538319455090 23.59094480529561 -139.95635645931233 350035.58529085293412 4.10424669089886 70.75655709440922
85200.0 -0.00405299229550 23.64317593271520 -139.97187344020892 350003.54692184831947 4.10505771083415 70.54656045445859
85260.0 -0.00541871476871 23.74790514166262 -140.00159753217432 349951.06897182483226 4.10472117336036 70.12661325458150
85290.0 -0.00592050787165 23.80073214316556 -140.01416700478151 349996.26915448158979 4.10369261339822 69.91692925101671
85500.0 -0.00289817155873 24.17034986566035 -140.10198760567891 349977.12624037917703 4.07879959360292 68.45188773806498
85530.0 0.00171155470765 24.22330214069484 -140.11380514078482 349953.36597620602697 4.07272441124518 68.24310223032974
85560.0 -0.00413449473178 24.27705550017279 -140.12246869309720 350040.00049206521362 4.06608787614265 68.03460200902163
85590.0 -0.00628777349765 24.32994382386831 -140.13450485967127 349983.29722272325307 4.05875362748240 67.82612281884168
85620.0 -0.00279020565013 24.38369820536656 -140.14338993365618 350034.67544480506331 4.05077094675818 67.61777074450383
85650.0 -0.00092369585375 24.43694928660660 -140.15401353284568 350008.50468410179019 4.04221661886382 67.40970355009064
85680.0 -0.00557336847808 24.49022286443256 -140.16474592681755 349963.10254162084311 4.03292985047682 67.20161344001593
85710.0 -0.00393425946122 24.54390129184796 -140.17395888698923 349964.95024993829429 4.02306299068675 66.99380520181843
85740.0 -0.00422404577003 24.59804956171880 -140.18165563926544 350011.50271795969456 4.01251996594767 66.78609888955238
85770.0 -0.00677678811536 24.65216596372545 -140.18946202421196 350042.30030747316778 4.00138097254892 66.57865606703477
85800.0 -0.00575046017690 24.70580240555361 -140.19900138962953 349993.12626738008112 3.98958242255600 66.37136083893685
85830.0 -0.00306087387006 24.75993964443458 -140.20702635895401 349987.57500522956252 3.97707022544959 66.16411767370278
85860.0 -0.00420794856611 24.81405689693937 -140.21515942672414 349965.36897266563028 3.96393141830565 65.95709941258049
85890.0 -0.00986583563792 24.86862403391006 -140.22177887551285 349990.25308643095195 3.95021451651736 65.75040307443119
85920.0 -0.00456414470518 24.92322715203235 -140.22850870019150 349995.94847778789699 3.93577744765703 65.54376755113275
85950.0 -0.00427435721449 24.97783816150172 -140.23534746866702 349983.78559492621571 3.92067250488378 65.33729839644337
85980.0 0.00296126030654 25.03241529644638 -140.24229292230660 349955.83686724770814 3.90498004614408 65.13115097897419
86010.0 -0.00199127967307 25.08807498682231 -140.24611618862895 350032.63932349719107 3.88853286927358 64.92502187686026
86040.0 -0.00102330941726 25.14267952401317 -140.25327875357218 349968.37556912004948 3.87149047129255 64.71921208275637
86070.0 -0.00728693356339 25.19835457044073 -140.25732109816425 350010.33761887066066 3.85375369673048 64.51354525871469
86190.0 -0.00437829882211 25.42122140759465 -140.27458394612083 349999.18346791248769 3.77622580162965 63.69309342588303
86220.0 0.00273687804822 25.47695537847877 -140.27916861601068 349952.40643410664052 3.75523750000205 63.48863185776635
86250.0 -0.00830420593825 25.53385688871771 -140.28064875175423 350010.27813240047544 3.73351120292200 63.28427226217427
86280.0 -0.01325272161688 25.59080209461077 -140.28224039379180 350049.29028155934066 3.71110226384118 63.08011945954870
86310.0 -0.00206372654574 25.64718111629328 -140.28554468112441 350009.17104761488736 3.68809459827889 62.87632617840327
86340.0 -0.00854972139064 25.70420822731067 -140.28735647483668 350010.11567555274814 3.66431462748676 62.67259371164285
86370.0 -0.00692470038191 25.76123879227985 -140.28927535370806 349994.05001537129283 3.63992899658683 62.46921880561200
