# sod		dsTEC/dt [TECU/s]		lat		lon		h_ipp		ele		azi
9960.0 -0.01681065988849 24.95797303415483 -166.01338419791290 350045.23638595920056 9.11767569784220 300.93130814292186
15540.0 -0.01929397388236 23.08148899269710 -157.35124036310810 350006.57855241652578 33.82447257312791 331.60204158547231
15570.0 -0.01973972224155 23.06562398256467 -157.32811311176704 349998.01549938227981 33.99288225710664 331.75127123282363
15600.0 -0.01973972224155 23.04969364798492 -157.30513201554157 349980.98484128341079 34.16156769277865 331.90025502483627
15660.0 -0.01906959044216 23.01862661496992 -157.26013209592830 350032.81479035969824 34.50044279865909 332.19811170655873
15780.0 -0.01851819147704 22.95570171339228 -157.17169459846434 350046.83301927056164 35.18289402459418 332.79222452723292
15870.0 -0.01861478651935 22.90833733405196 -157.10698655841847 350034.53617498558015 35.69912492810406 333.23672521522377
15930.0 -0.01883615143834 22.87612291726163 -157.06429104274486 349953.66656760778278 36.04542097758166 333.53262115422245
15960.0 -0.01974374654253 22.86042641426815 -157.04341709249422 349956.20059214252979 36.21909553515783 333.68033526783665
15990.0 -0.01906254761997 22.84466498118570 -157.02264761781913 349952.79606045223773 36.39338757068213 333.82814728258683
16020.0 -0.01952238162354 22.82934429247459 -157.00228291377599 349996.34181040897965 36.56795572853637 333.97573809708882
16050.0 -0.01916920518755 22.81396685935870 -156.98204190379340 350032.61562202125788 36.74288916041846 334.12319365233196
16080.0 -0.01665469783810 22.79803664159073 -156.96164835797089 350007.10411455761641 36.91832274823769 334.27064421196224
16110.0 -0.01779070422911 22.78205328790668 -156.94138361307014 349973.96562574431300 37.09411433068769 334.41795743386683
16140.0 -0.01686600377747 22.76699615965744 -156.92175442178706 350045.16240121796727 37.27038909956522 334.56525502793420
16170.0 -0.01809055424507 22.75090144588654 -156.90172421393916 349998.21844250150025 37.44709698793448 334.71249215832376
16200.0 -0.01582357272568 22.73524456138313 -156.88207329914499 349999.75825682189316 37.62420795439670 334.85964279164079
16230.0 -0.01636692427072 22.71953876398640 -156.86255228659451 349993.51832956168801 37.80161384841236 335.00660547434052
16260.0 -0.01693945524803 22.70426660030162 -156.84339380963772 350036.80122591461986 37.97950810997924 335.15356877142432
16290.0 -0.01636893819403 22.68796467006754 -156.82384528641265 349961.19423758797348 38.15790804462517 335.30055284600553
16320.0 -0.01764681626354 22.67259142705058 -156.80492473836264 349990.24745012167841 38.33658066309479 335.44733526344896
16350.0 -0.01608820626696 22.65716045402484 -156.78610018084834 350013.64107164833695 38.51587280019788 335.59425534133482
16380.0 -0.01696058371459 22.64168408302153 -156.76740260906465 350029.35383619181812 38.69543917894056 335.74098091206895
16410.0 -0.01648062702424 22.62616020625411 -156.74882375699181 350037.90454034321010 38.87537046420788 335.88760266782600
16440.0 -0.01539493207770 22.61058512474553 -156.73035151615468 350040.05214906483889 39.05580204705787 336.03425622997065
16470.0 -0.01602179407293 22.59496455028362 -156.71199856370211 350034.96545800473541 39.23659052840892 336.18080447852532
16500.0 -0.01589803470354 22.57929503230282 -156.69375362760141 350023.34617719613016 39.41786262520858 336.32737531232578
16530.0 -0.01616769596181 22.56357919744027 -156.67562126991663 350004.88312914222479 39.59956615276388 336.47392109331651
16560.0 -0.01518362850209 22.54781893028677 -156.65760401284439 349979.39734736364335 39.78167141971643 336.62041599258839
16590.0 -0.01524601284949 22.53249661869761 -156.63993762633066 350003.97371768206358 39.96407039700068 336.76675591160625
16620.0 -0.01485862335484 22.51712668718811 -156.62237447516947 350022.24889480415732 40.14695558803544 336.91313566159641
16650.0 -0.01469662426204 22.50123347768742 -156.60469057256174 349976.34668769501150 40.33034730342521 337.05957997085233
16680.0 -0.01561629699669 22.48625336208221 -156.58757301043261 350038.86264379695058 40.51400779631859 337.20585460852448
16710.0 -0.01436155777141 22.47027391356816 -156.57010686703774 349979.53677160479128 40.69828807789987 337.35231593781629
16740.0 -0.01521783919700 22.45520501383676 -156.55319816462216 350029.17291947547346 40.88283906948481 337.49861691218302
16770.0 -0.01409994629697 22.43915176026856 -156.53597111993437 349955.01916032284498 41.06775290717655 337.64485369989723
16800.0 -0.01403957232724 22.42399833046377 -156.51927337130294 349991.57121231965721 41.25316540570160 337.79116819178432
16830.0 -0.01389266820423 22.40880550638501 -156.50268533661028 350021.29900362715125 41.43893197716879 337.93741784725745
16860.0 -0.01421767216960 22.39356942307120 -156.48619609986406 350044.85880656074733 41.62518079310842 338.08373773250224
16890.0 -0.01431124750882 22.37782570015456 -156.46960475595978 350002.88702011294663 41.81185753695164 338.23007716773299
16920.0 -0.01253227837302 22.36204556391394 -156.45312320077085 349954.01427502930164 41.99893287713854 338.37641060602624
16950.0 -0.01343484457833 22.34669866442445 -156.43696148990568 349957.02566550858319 42.18629896198271 338.52263092165327
16980.0 -0.01218815750064 22.33131160724841 -156.42089816206655 349953.81872201338410 42.37414720087313 338.66894035548853
17010.0 -0.01132382629121 22.31634676438728 -156.40512837569099 350004.10509024281055 42.56250091845634 338.81536882391191
17040.0 -0.01123829837207 22.30134906183044 -156.38947072165226 350047.32373969256878 42.75111768627744 338.96166874935432
17070.0 -0.01038101353046 22.28584584287506 -156.37370288907312 350025.34044758602977 42.94035249534901 339.10821618662663
17100.0 -0.01075632894029 22.27031359971804 -156.35805077748614 349996.01380986999720 43.12985263284987 339.25464706790444
17130.0 -0.01065973153422 22.25474961895595 -156.34250651398642 349959.80344267003238 43.31971164526402 339.40106393816325
17160.0 -0.01084990427952 22.24006239061762 -156.32743280621131 350037.94727980438620 43.51006566061118 339.54761608073471
17190.0 -0.01085594250381 22.22442995422541 -156.31208944961983 349988.82922921888530 43.70076896878552 339.69415479710841
17220.0 -0.01199496505226 22.20921740649169 -156.29702671494152 349993.94101994391531 43.89195109910132 339.84082353125496
17250.0 -0.01079959519881 22.19397117950723 -156.28206207105038 349992.70713290944695 44.08355559513299 339.98756830443102
17280.0 -0.01203219426837 22.17914447319093 -156.26737659497334 350045.81524496991187 44.27555349304837 340.13436398277338
17310.0 -0.01156431048097 22.16338811795575 -156.25244189717534 349970.25670383684337 44.46783718542498 340.28109999339068
17340.0 -0.01251819272865 22.14849830647202 -156.23795437088918 350010.51699746772647 44.66059679725799 340.42798746209399
17370.0 -0.01142042133352 22.13357193195009 -156.22355401701085 350045.03501548618078 44.85385866070755 340.57506229571050
17400.0 -0.01152708008298 22.11817326482214 -156.20908915073153 350011.29629781097174 45.04737578271146 340.72206173027467
17430.0 -0.01159047139204 22.10273768016364 -156.19470636787568 349972.03441702015698 45.24150686691519 340.86938475507759
17460.0 -0.01113969058833 22.08772328081672 -156.18060044757712 349987.25858774408698 45.43589579146436 341.01664773296739
17490.0 -0.01036994640730 22.07268095195169 -156.16659274883321 349996.02838040888309 45.63063742838151 341.16396072099866
17520.0 -0.01060841430999 22.05760595721898 -156.15267251846615 349998.94522001314908 45.82586807875365 341.31148180024996
17550.0 -0.00941304563842 22.04250480904109 -156.13885094940758 349995.34814864210784 46.02144099638800 341.45905526897400
17580.0 -0.00936776545659 22.02737295563192 -156.12511777302950 349985.80716721713543 46.21748693923445 341.60683446927732
17610.0 -0.01073217722502 22.01221340146515 -156.11147733909900 349970.05479664076120 46.41394730973192 341.75476185745106
17640.0 -0.01085594132193 21.99746290914095 -156.09808708356169 350010.39253217540681 46.61079351683931 341.90281292765053
17670.0 -0.01072312402516 21.98268866988752 -156.08479567272263 350044.18785819597542 46.80791827598500 342.05087320647533
17700.0 -0.01139828590531 21.96745166225482 -156.07143693533254 350009.55044772289693 47.00551019749284 342.19916452329392
17730.0 -0.01171020882421 21.95218625980134 -156.05816395012698 349969.02449759747833 47.20359859318033 342.34772982498316
17760.0 -0.01066275123731 21.93776154201041 -156.04529112934242 350047.45722415391356 47.40193207242734 342.49628896719560
17790.0 -0.01101592885518 21.92244406133370 -156.03219593687774 349994.79488605260849 47.60087269602491 342.64526790109460
17820.0 -0.01050779496670 21.90753639596857 -156.01934862607567 349998.40185937378556 47.80006122824253 342.79426036960052
17850.0 -0.01005198408223 21.89260618115840 -156.00659390174883 349995.72249480895698 47.99959375091049 342.94338539813452
17880.0 -0.00895924631350 21.87764840134538 -155.99392142013846 349987.30984590109438 48.19960655931677 343.09281165351064
17910.0 -0.00937279671922 21.86266979340163 -155.98134193130298 349972.55565516650677 48.39995198091646 343.24237546790727
17940.0 -0.00874592999646 21.84808541614082 -155.96898210130254 350015.72222732100636 48.60076183132418 343.39224202367336
17970.0 -0.00892402983882 21.83305699465446 -155.95657111720899 349989.21770882420242 48.80197537802142 343.54234995726569
18000.0 -0.00879020203476 21.81800780066737 -155.94424929707955 349956.53084927052259 49.00356440222866 343.69267573764364
18030.0 -0.00873788257638 21.80335816093844 -155.93215529939522 349981.35813679639250 49.20542183835839 343.84310044327816
18060.0 -0.00904376608911 21.78868241898951 -155.92014046953182 350000.57018043380231 49.40773489664858 343.99385907660161
18090.0 -0.00861914974211 21.77397976933310 -155.90820231310758 350014.28029061853886 49.61053561140422 344.14500294359271
18120.0 -0.00902263762256 21.75926162009261 -155.89635909380510 350021.49724326096475 49.81356842301433 344.29623189075193
18150.0 -0.00807479241729 21.74451303033888 -155.88458426015927 350023.61682583298534 50.01719828161095 344.44800391032641
18180.0 -0.00875900986106 21.72974998005517 -155.87290364050892 350019.25225003063679 50.22106321807873 344.59988644791446
18210.0 -0.00854267738658 21.71496892402882 -155.86130995957004 350008.77630556561053 50.42526036760341 344.75200940318172
18240.0 -0.00797517767190 21.70016459110271 -155.84979326446404 349992.69531570188701 50.62992579066486 344.90455434989229
18270.0 -0.00821465608188 21.68534392009958 -155.83836389012077 349970.45187492109835 50.83491102511240 345.05734857040113
18300.0 -0.00817843146367 21.67090211894902 -155.82712714788201 350007.78473934158683 51.04034871816916 345.21057161789940
18330.0 -0.00723964182201 21.65643867543142 -155.81596876681505 350039.45393744856119 51.24617601616843 345.36415810519685
18360.0 -0.00770350249032 21.64155838365192 -155.80477900746575 349999.85555576253682 51.45236506194784 345.51808603393573
18390.0 -0.00791581184570 21.62666680106737 -155.79368000517789 349953.86068956926465 51.65880950374213 345.67223172629497
18420.0 -0.00756464578738 21.61254341235741 -155.78287450815520 350033.62177673354745 51.86569401502240 345.82684605635876
18450.0 -0.00846318769172 21.59760978032440 -155.77192444586294 349976.52060562185943 52.07305365437308 345.98199075405881
18480.0 -0.00769343996505 21.58344821794536 -155.76127609958920 350044.86464300192893 52.28062899715380 346.13734249496252
18510.0 -0.00806171255270 21.56847968865454 -155.75048214853422 349976.22382178902626 52.48878726906000 346.29339783411808
18540.0 -0.00765117948630 21.55427708629770 -155.73998226510707 350033.52666093409061 52.69716425297844 346.44969345788928
18570.0 -0.00731208869469 21.53928737804064 -155.72936147761561 349952.43363805115223 52.90585792552771 346.60637269345449
18600.0 -0.00762803827832 21.52504717041057 -155.71901127581401 349998.57282053586096 53.11500381621691 346.76363310629341
18630.0 -0.00765218644796 21.51079069562249 -155.70873939630286 350038.97164609655738 53.32445284017193 346.92129173841397
18660.0 -0.00863222960670 21.49613329912183 -155.69844212177676 350007.36447301134467 53.53433817579545 347.07954588913674
18690.0 -0.00785443445995 21.48146119306947 -155.68822133838094 349970.00285259634256 53.74459486749807 347.23832607143646
18720.0 -0.00728190111888 21.46715162668974 -155.67816964974074 349993.74377175606787 53.95519539159673 347.39761272359715
18750.0 -0.00703337069092 21.45283063251856 -155.66819953474683 350011.53240965027362 54.16603403098590 347.55727696068845
18780.0 -0.00710179208073 21.43849048469246 -155.65829840688568 350023.96362509857863 54.37729288319769 347.71758969258622
18810.0 -0.00796209780730 21.42412990757185 -155.64846349307487 350031.15192555636168 54.58900967359536 347.87862565581213
18840.0 -0.00726580273308 21.40976125743823 -155.63871212913944 350032.25519351661205 54.80092150922098 348.04003454630964
18870.0 -0.00705450152123 21.39536825223099 -155.62901937057796 350028.44427530094981 55.01339708242573 348.20236003336498
18900.0 -0.00703437647070 21.38096796518246 -155.61940934333748 350018.56179549079388 55.22607054361795 348.36510260124180
18930.0 -0.00725876109278 21.36655638365326 -155.60987513255853 350002.92419578786939 55.43904042059193 348.52842251980888
18960.0 -0.00671239102653 21.35212779034780 -155.60040751318775 349981.94840071909130 55.65244132163379 348.69253755789720
18990.0 -0.00685829055165 21.33768946916060 -155.59101606749044 349955.17385297175497 55.86612373848927 348.85725327502075
19020.0 -0.00626362296425 21.32359223340554 -155.58176650495204 349991.11244321987033 56.08022097563101 349.02278934230270
19050.0 -0.00678383211943 21.30947916710744 -155.57258495920763 350021.68051379732788 56.29466599466902 349.18907237357661
19080.0 -0.00680496294974 21.29499935744059 -155.56340125270472 349978.46657280717045 56.50943154584174 349.35608672868779
19110.0 -0.00615696539667 21.28086520567694 -155.55436678806126 349997.71127124223858 56.72441266927767 349.52369816493240
19140.0 -0.00654334792967 21.26671426719965 -155.54539633108948 350011.72791318129748 56.93978832850889 349.69220312726219
19170.0 -0.00607445836249 21.25219842186130 -155.53642000806911 349951.96501224022359 57.15559866900201 349.86169319048719
19200.0 -0.00512862471677 21.23837029746938 -155.52765568650472 350023.64439780730754 57.37157783996486 350.03178649650715
19230.0 -0.00597383665544 21.22383058787068 -155.51881430176675 349952.95364350546151 57.58809492234899 350.20308532285731
19260.0 -0.00502397989063 21.20997121845235 -155.51017790890023 350014.15910468529910 57.80478321151393 350.37504729279470
19290.0 -0.00545463682568 21.19576020399720 -155.50154804494809 350000.89958507753909 58.02174138077127 350.54785461485312
19320.0 -0.00507529475111 21.18153421892170 -155.49297972772831 349982.43216053117067 58.23910258975620 350.72175119611688
19350.0 -0.00544658585996 21.16763511465549 -155.48454004228876 350027.65832981467247 58.45671713686254 350.89652996401310
19380.0 -0.00522320819953 21.15338605569366 -155.47610296381040 349998.42114967200905 58.67471789379897 351.07243950531949
19410.0 -0.00450679043853 21.13912713821598 -155.46773190049691 349963.74056753329933 58.89303574487012 351.24940330411710
19440.0 -0.00520811559351 21.12518820210926 -155.45948157464406 349993.18111320957541 59.11164359760728 351.42741213155574
19470.0 -0.00441421969720 21.11124220317318 -155.45130186423344 350017.04791474528611 59.33043736548510 351.60632675086521
19500.0 -0.00451987030313 21.09728109091211 -155.44318131732373 350035.81014602351934 59.54959213723380 351.78647694392129
19530.0 -0.00448364923055 21.08330312125535 -155.43511694117490 350049.57524445932359 59.76915009264114 351.96797683249781
19560.0 -0.00417172276601 21.06900174717881 -155.42707773421057 349987.59757911320776 59.98884307155783 352.15040757684216
19590.0 -0.00343518468199 21.05500116682355 -155.41913667302614 349990.82812400348485 60.20903907863962 352.33444597042626
19620.0 -0.00382860767342 21.04099750267555 -155.41126741182188 349988.38174918666482 60.42937153352469 352.51949864942787
19650.0 -0.00435082957002 21.02698632185493 -155.40346337161782 349980.51836073677987 60.64993867078528 352.70577712959175
19680.0 -0.00334060001735 21.01327272142650 -155.39575776598596 350038.02685698680580 60.87087146312474 352.89356013260038
19710.0 -0.00436290247296 20.99923973376305 -155.38807454181386 350019.72380625922233 61.09202026490655 353.08262723789682
19740.0 -0.00303169325590 20.98519453797352 -155.38044830651680 349996.29445061273873 61.31351671914746 353.27326555606822
19770.0 -0.00427033291351 20.97114087469647 -155.37288307920502 349967.56671621371061 61.53528959376407 353.46539736095747
19800.0 -0.00457621879000 20.95738280492463 -155.36541628635368 350004.33372748736292 61.75731173013729 353.65902412209459
19830.0 -0.00420392308325 20.94361882003054 -155.35801491037984 350035.69987339898944 61.97947999392170 353.85400308244942
19860.0 -0.00430353664676 20.92954270060947 -155.35063460469041 349991.02733186539263 62.20196457342472 354.05070887447954
19890.0 -0.00399564039261 20.91575078363599 -155.34334047602582 350012.41640942264348 62.42480906827797 354.24928701796347
19920.0 -0.00363340366549 20.90195642134340 -155.33611387991289 350028.29458412528038 62.64774381877464 354.44927545420870
19950.0 -0.00358510732621 20.88785026554067 -155.32890264469268 349968.17222836986184 62.87113370630949 354.65144828859803
19980.0 -0.00383766441891 20.87432482787462 -155.32181670132869 350045.22107795346528 63.09461350226742 354.85515139051029
20010.0 -0.00398557550358 20.86021453063542 -155.31473500020314 349974.14820849429816 63.31828012543326 355.06063692640595
20040.0 -0.00297434135301 20.84666507728042 -155.30775852832724 350041.14371768198907 63.54226128108469 355.26823167132886
20070.0 -0.00336072388601 20.83254123677854 -155.30079200159156 349959.61020656675100 63.76640761183654 355.47770235208839
20100.0 -0.00308401862368 20.81897048978755 -155.29392566853446 350016.47895414568484 63.99084834860263 355.68938933401461
20130.0 -0.00282944642579 20.80510970000031 -155.28709154048872 349996.47495428845286 64.21550998961658 355.90321794023146
20160.0 -0.00333758031427 20.79124274658655 -155.28031477385434 349971.25318361073732 64.44036487990812 356.11920796667641
20190.0 -0.00243401069294 20.77764816838548 -155.27361980527533 350012.67635712493211 64.66531080683934 356.33721697077749
20220.0 -0.00249639267658 20.76403992958184 -155.26697482259053 350049.20851415488869 64.89051156038730 356.55768222292028
20250.0 -0.00186852135593 20.75014728625595 -155.26036044332545 350008.69796681031585 65.11601114748453 356.78079500525990
20280.0 -0.00157269800471 20.73625741909159 -155.25381121863566 349962.66667118854821 65.34153938952076 357.00604343122785
20310.0 -0.00237967376561 20.72261574159127 -155.24731857326947 349984.27211542520672 65.56745507052695 357.23433295996369
20340.0 -0.00105752129405 20.70897252918305 -155.24088761582681 350000.54466424044222 65.79339583210384 357.46493738345220
20370.0 -0.00139661208567 20.69532297126016 -155.23451207151385 350011.68687847815454 66.01945588949441 357.69816786120788
20400.0 -0.00258695304024 20.68166067598920 -155.22818395035114 350017.94867947883904 66.24575800655933 357.93442043746393
20430.0 -0.00120945667970 20.66799344389684 -155.22191161889842 350019.04750644043088 66.47215323127091 358.17345245980619
20460.0 -0.00162200248752 20.65431469901269 -155.21568693135421 350015.23390054982156 66.69876652360973 358.41568128580911
20490.0 -0.00114304921319 20.64062841443649 -155.20951383562374 350006.36987990885973 66.92552168548629 358.66104440070114
20520.0 -0.00135837590790 20.62693608904426 -155.20339341742451 349992.41160789597780 67.15238971528373 358.90959402827809
20550.0 -0.00111588134047 20.61324310010011 -155.19733110526172 349973.18439012300223 67.37926901287170 359.16119693549638
20580.0 -0.00097601885776 20.59978362554197 -155.19131953005223 350022.15033746790141 67.60631463360004 359.41638198838893
20610.0 -0.00028374808452 20.58606782700362 -155.18534893669948 349993.14862625766546 67.83356923832423 359.67541076655198
20640.0 -0.00099714968808 20.57259266461876 -155.17943890659765 350032.10909926239401 68.06076323439189 359.93771608098501
20670.0 0.00038135245224 20.55886144567547 -155.17356603510362 349993.10307486914098 68.28824475939456 0.20438810085201
20700.0 -0.00071943746409 20.54536626144999 -155.16775043071507 350022.22673796396703 68.51565613438147 0.47461680130556
20730.0 -0.00060573471056 20.53186445811473 -155.16198568048341 350046.33401650562882 68.74308652569324 0.74880366465046
20760.0 -0.00023042166449 20.51812159655927 -155.15626842925451 349992.01039165444672 68.97065097714166 1.02744992627344
20790.0 -0.00149220016632 20.50460387004431 -155.15059919319256 350006.18976198881865 69.19820068681308 1.31031405734201
20820.0 -0.00039342535518 20.49107414892222 -155.14497325255195 350015.53409743215889 69.42585321810485 1.59793084347007
20850.0 -0.00055341407031 20.47753652219107 -155.13939452701990 350019.92303436063230 69.65352859750398 1.89026937034759
20880.0 -0.00070836797716 20.46399243931459 -155.13386402837381 350019.31974440254271 69.88119472664508 2.18744148322637
20910.0 -0.00026865666038 20.45044727646782 -155.12838696736713 350013.57883706502616 70.10874961675695 2.48934309512952
20940.0 -0.00027972378354 20.43689265310187 -155.12295375442397 350002.94666513241827 70.33633564437042 2.79664460341730
20970.0 -0.00006339012718 20.42332590921391 -155.11756103748579 349987.49645472411066 70.56399088906252 3.10972215416886
21000.0 -0.00031192528266 20.40976178697456 -155.11222399365712 349966.83013664744794 70.79144734284422 3.42795317735294
21030.0 -0.00029984765220 20.39638648958881 -155.10690707182357 350015.73716543894261 71.01903506198367 3.75270087460982
21060.0 -0.00029985001596 20.38280588741989 -155.10165817751869 349985.24297774489969 71.24640297388234 4.08306306060199
21090.0 -0.00020224564823 20.36942346806873 -155.09644141266591 350024.08565354254097 71.47363090953320 4.41958822170664
21120.0 -0.00058058194303 20.35582901210397 -155.09128130927741 349983.71056362614036 71.70082118844242 4.76294721783129
21150.0 0.00031292988055 20.34242906703585 -155.08615158682215 350012.77707783970982 71.92782384989904 5.11292651405525
21180.0 -0.00021230935538 20.32901615662437 -155.08106104233229 350037.06073485314846 72.15474336032237 5.47025127678246
21210.0 -0.00005836004642 20.31540410654851 -155.07603433240072 349981.80715273879468 72.38149329527964 5.83496408387976
21240.0 -0.00065604497315 20.30197763224744 -155.07103191590107 349996.22807689849287 72.60803465743352 6.20729099738325
21270.0 -0.00072446636296 20.28854917346326 -155.06607852020991 350005.61695254687220 72.83426232291583 6.58720143524453
21300.0 -0.00017306857972 20.27511031246068 -155.06116495268498 350010.16827682778239 73.06029869857616 6.97559847160656
21330.0 -0.00035720191885 20.26165815636330 -155.05628778757443 350009.94160558190197 73.28617083948924 7.37305689119435
21360.0 0.00005534034334 20.24820779276648 -155.05146194435468 350004.61383797880262 73.51161241590881 7.77891494887236
21390.0 0.00004930448281 20.23473943095791 -155.04666675626359 349994.60420606471598 73.73692221808423 8.19496330833990
21420.0 0.00028576200783 20.22127292821191 -155.04192191597346 349979.50085356552154 73.96175706422802 8.62021317976186
21450.0 0.00002414935152 20.20797277269690 -155.03719267503016 350034.54271102976054 74.18617889367870 9.05546781131159
21480.0 0.00000100577977 20.19449008002890 -155.03252844728843 350009.67285130452365 74.41026743039541 9.50168905677936
21510.0 0.00015696901204 20.18100532973083 -155.02790904260277 349979.80242386367172 74.63386734094911 9.95875531587857
21540.0 0.00089149790027 20.16767339084246 -155.02329511369715 350020.35048899333924 74.85705861332836 10.42771986507053
21570.0 -0.00007848509696 20.15417207152875 -155.01875305533724 349980.71919180080295 75.07974163714513 10.90878890452530
21600.0 0.00040046935925 20.14082402204318 -155.01421929156328 350011.50569730345160 75.30186173751311 11.40241442620077
21630.0 0.00025155131292 20.12731856000645 -155.00976498889528 349961.89703305531293 75.52330337044869 11.90873621764949
21660.0 0.00045580970259 20.11395805050383 -155.00531306740137 349982.86465768795460 75.74415413236471 12.42906228975052
21690.0 0.00008955340201 20.10058265646150 -155.00089368262798 349999.06452827248722 75.96441613528273 12.96432946141280
21720.0 0.00061277753275 20.08720780030698 -154.99652152373591 350010.24950863327831 76.18382141616547 13.51389230230182
21750.0 0.00045782480777 20.07381329748023 -154.99217636253005 350016.73116741236299 76.40261187783712 14.08024737380692
21780.0 0.00067013179940 20.06041930943252 -154.98787745014164 350018.20061986427754 76.62045028863773 14.66236001697705
21810.0 0.00009257074133 20.04702039608174 -154.98361898003390 350014.74371039215475 76.83736207146873 15.26149393667179
21840.0 0.00034412087237 20.03360973589983 -154.97939388033575 350006.45464842393994 77.05338308465471 15.87913032937569
21870.0 0.00005433456356 20.02019551782233 -154.97520962337455 349993.21832958329469 77.26834046966911 16.51537585626458
21900.0 0.00076169676095 20.00677049720381 -154.97105876521130 349975.12915671989322 77.48226499902047 17.17186722587139
21930.0 0.00093677690022 19.99333913028483 -154.96694515303147 349952.12539958022535 77.69502662157250 17.84915177861546
21960.0 0.00005735426665 19.98002755006595 -154.96282507836580 350000.12240558024496 77.90653373403150 18.54811894318771
21990.0 0.00077276506600 19.96671091764733 -154.95874596570164 350043.20536360796541 78.11664123644003 19.26926450818954
22020.0 0.00068824410850 19.95326136299606 -154.95474555265278 350005.45884296298027 78.32536925360914 20.01460460278871
22050.0 0.00063390836306 19.93980036271861 -154.95077574095765 349962.84480503108352 78.53266305977945 20.78572367904793
22080.0 0.00079590863774 19.92645770571606 -154.94680308642697 349991.28047038242221 78.73823947597013 21.58209724582072
22110.0 0.00044876806228 19.91309340600721 -154.94285397870055 350014.95843128673732 78.94222991294502 22.40738333741782
22140.0 0.00043971131679 19.89972791333616 -154.93894727183840 350033.67298649158329 79.14429089711787 23.26056526306423
22170.0 0.00158577786931 19.88635564680065 -154.93507725469436 350047.47879231162369 79.34436902944618 24.14368286898927
22200.0 0.00071943628221 19.87286653912964 -154.93128825183766 349980.21019036695361 79.54240865638951 25.05907006307637
22230.0 0.00102129667583 19.85947790771580 -154.92748595688417 349984.20238339621574 79.73818764208994 26.00722960405790
22260.0 0.00127989317470 19.84607647769743 -154.92371346031274 349983.32090909965336 79.93163267284896 26.99071066510341
22290.0 0.00036022044005 19.83266682335196 -154.91997460322369 349977.52402185648680 80.12254170281611 28.01057668571972
22320.0 0.00057253097731 19.81934244525475 -154.91621573209878 350043.14083767775446 80.31073718131420 29.06834615334031
22350.0 0.00140164216642 19.80592147925745 -154.91254934957749 350027.47993406560272 80.49599935784892 30.16497981005450
22380.0 0.00045279236326 19.79249047283152 -154.90891364874778 350006.90439809951931 80.67821147696750 31.30342833553127
22410.0 0.00105550973450 19.77904586320664 -154.90530496727396 349981.42425312288105 80.85719415213211 32.48605626824624
22440.0 0.00060976019342 19.76560373269979 -154.90173760427049 349950.95117168966681 81.03261626074078 33.71225367166110
22470.0 0.00059567336717 19.75222166239664 -154.89813380311941 349992.05256139766425 81.20439347601545 34.98703606388850
22500.0 0.00040348788045 19.73883638510143 -154.89456879532821 350028.20390663202852 81.37214946231995 36.30894928419193
22530.0 0.00114405499297 19.72536923831770 -154.89109669478015 349982.91169977001846 81.53567255471593 37.68057661101557
22560.0 0.00049605862178 19.71196190995270 -154.88759203922115 350009.20373605936766 81.69473022920216 39.10473177318541
22590.0 0.00038738949465 19.69854702910357 -154.88412098036429 350030.55111864581704 81.84899976413267 40.58156677493076
22620.0 0.00119838955653 19.68505243670520 -154.88073827280604 349970.39010046608746 81.99821622182179 42.11378820055204
22650.0 -0.00008854762223 19.67161486787097 -154.87732460256575 349981.83400276489556 82.14205037619089 43.70181753542359
22680.0 0.00028978749069 19.65816813978232 -154.87394187977432 349988.31662801932544 82.28017911004164 45.34642263921718
22710.0 0.00004628596160 19.64471757075234 -154.87059444396226 349989.82754510268569 82.41226657617209 47.04730821752779
22740.0 0.00106657685766 19.63125476241053 -154.86727438874883 349986.36988867726177 82.53798877519807 48.80641006855957
22770.0 0.00072446754484 19.61777592782484 -154.86397797453623 349977.93239622190595 82.65699069841767 50.62449186123326
22800.0 0.00037028296532 19.60429746305257 -154.86071936158780 349964.50731201376766 82.76892241043964 52.49793650195974
22830.0 0.00067415728226 19.59084323376275 -154.85741249348195 350022.75998883880675 82.87341112207226 54.42997296278726
22860.0 0.00066509935488 19.57734123710010 -154.85420856583377 349999.34564975742251 82.97013268305849 56.41496629860322
22890.0 0.00022539158374 19.56383353986762 -154.85103583696232 349970.92625501472503 83.05874115895405 58.45198074055424
22920.0 0.00074559719327 19.55034979274540 -154.84781886488321 350014.19229731243104 83.13887564468237 60.53975089755900
22950.0 0.00067013179940 19.53682224138594 -154.84470171213511 349975.73977888282388 83.21024789761184 62.67323015588193
22980.0 0.00030588587649 19.52331378968671 -154.84153891580166 350008.96853180602193 83.27251839637351 64.84999476133447
23010.0 0.00039543927849 19.50976432661999 -154.83847400368711 349960.43816142808646 83.32543388364000 67.06443754751953
23040.0 0.00089451642148 19.49623433753667 -154.83536662635842 349983.59965776372701 83.36875859179025 69.31109524644033
23070.0 0.00062485279945 19.48269805998315 -154.83229116914532 350001.74196426849812 83.40233193478961 71.58314491910731
23100.0 0.00087741107402 19.46914713024907 -154.82923998515417 350014.82236856501549 83.42591669696830 73.87605512491352
23130.0 0.00073452888823 19.45557753972744 -154.82620925184355 350022.80628925561905 83.43933456514739 76.18399019668894
23160.0 0.00070836679528 19.44200599648217 -154.82321302457535 350025.76865915767848 83.44267722865956 78.49683704486232
23190.0 0.00103739860727 19.42841094091981 -154.82023233837739 350023.58079336490482 83.43566632137684 80.81173911087261
23220.0 0.00127989199282 19.41481363178799 -154.81728511927173 350016.35450026951730 83.41856358890830 83.11768411859750
23250.0 0.00054737584602 19.40120811393075 -154.81436584310305 350004.04950414877385 83.39136612531662 85.40899034532988
23280.0 0.00084319919724 19.38758729470377 -154.81146805775381 349986.60678274463862 83.35407978884334 87.68030042200058
23310.0 0.00135737012813 19.37395967158688 -154.80859865401561 349964.07580688782036 83.30697303135780 89.92389842063564
23340.0 0.00112594268386 19.36031457063227 -154.80567304653718 350013.11318479571491 83.25011507644652 92.13529020878057
23370.0 0.00125272530198 19.34665989928953 -154.80284964710145 349980.28665866795927 83.18380305558222 94.30840259883803
23400.0 0.00107764398083 19.33298814848356 -154.79997332522572 350019.03971609473228 83.10831159040073 96.43843042700978
23430.0 0.00095589498911 19.31931893881863 -154.79720505312469 349975.98129722103477 83.02401819947599 98.52066489747399
23460.0 0.00111185585761 19.30562391864465 -154.79437938033624 350004.43917057756335 82.93107982117903 100.55294123528232
23490.0 0.00175180244496 19.29190745522759 -154.79157112627675 350027.64175637438893 82.82972889130579 102.53299837525047
23520.0 0.00131611542916 19.27820656089984 -154.78887525191413 349969.07897385396063 82.72061689829772 104.45662991546163
23550.0 0.00085527328206 19.26446223066828 -154.78611158050467 349981.85982603952289 82.60365557755591 106.32489144805842
23580.0 0.00106154795879 19.25071311313243 -154.78337825167711 349989.52180855814368 82.47960688413710 108.13437849113757
23610.0 0.00126077390394 19.23695313921764 -154.78066978226818 349991.99028574209660 82.34869328519993 109.88537077027304
23640.0 0.00009760082208 19.22317516682710 -154.77797983073802 349989.16676340159029 82.21110062184535 111.57851840952291
23670.0 0.00088546085786 19.20938776354242 -154.77531519346061 349981.14181769918650 82.06733548626516 113.21337155888664
23700.0 0.00119738259488 19.19558304196073 -154.77266892417629 349967.80226242076606 81.91754908306943 114.79128444229885
23730.0 0.00063189680351 19.18172605935312 -154.76996017199318 350025.75530601013452 81.76215840198105 116.31277413641007
23760.0 0.00095086372647 19.16789508529554 -154.76735840114532 350001.86940493062139 81.60148616430939 117.77896048087408
23790.0 0.00105852707382 19.15405822577281 -154.76478339282897 349972.78533639293164 81.43593667717155 119.19090691973493
23820.0 0.00131712239081 19.14015860915280 -154.76214168290815 350014.86676815804094 81.26559963222286 120.55068715937452
23850.0 0.00135133190384 19.12628615736584 -154.75960123490293 349975.02094882354140 81.09063208734533 121.86012135634324
23880.0 0.00190575175392 19.11235809520427 -154.75700300253541 350006.45816712174565 80.91167404969499 123.11996983901170
23910.0 0.00094885216692 19.09845809873534 -154.75450233052337 349955.90510088764131 80.72845206028043 124.33309081865532
23940.0 0.00257387081189 19.08449634256142 -154.75194180439900 349976.55475434940308 80.54168559588028 125.50021505199788
23970.0 0.00203957719422 19.07052100094512 -154.74940320226409 349991.85305294673890 80.35144148755438 126.62344756131812
24000.0 0.00226295367277 19.05652488953776 -154.74688027224141 350001.66165578644723 80.15774771027620 127.70482295274348
24030.0 0.00165520622077 19.04251664635092 -154.74437973495191 350006.11289722751826 79.96098896925479 128.74576133579643
24060.0 0.00230219681219 19.02848827484626 -154.74189468736512 350005.04873379040509 79.76115010061301 129.74822683731267
24090.0 0.00262317529470 19.01444497706899 -154.73942902515961 349998.54464048892260 79.55851427682629 130.71370757922006
24120.0 0.00221465615161 19.00038781702492 -154.73698325036437 349986.60530483443290 79.35325798267479 131.64379543644017
24150.0 0.00286667682378 18.98632202973001 -154.73456125135598 349969.31863215751946 79.14564698224729 132.53994931372429
24180.0 0.00202750192752 18.97215633728000 -154.73206406691580 350022.65049363579601 78.93562018908571 133.40386940154613
24210.0 0.00265839295126 18.95804938116614 -154.72967096967253 349994.17406813241541 78.72319084570420 134.23706442991005
24240.0 0.00213315489721 18.94384974194422 -154.72721160806228 350036.46945979539305 78.50889327910689 135.04061630767956
24270.0 0.00312929525987 18.92970977207233 -154.72485260745472 349996.88907588738948 78.29230278587525 135.81620545152603
24300.0 0.00203253437204 18.91556550207067 -154.72251903382733 349951.98005964327604 78.07404348245697 136.56478478734641
24330.0 0.00226798493540 18.90131317975266 -154.72011131836217 349977.54389164038002 77.85406100607098 137.28767461908024
24360.0 0.00230722689294 18.88703730158288 -154.71771652218251 349997.37658659368753 77.63227220372249 137.98610282895257
24390.0 0.00278215586629 18.87274657626969 -154.71534130864819 350011.65309580136091 77.40896731063560 138.66108770663720
24420.0 0.00270769743407 18.85843290474965 -154.71297879606084 350020.16932206135243 77.18403114617428 139.31373781969015
24450.0 0.00185846001254 18.84410162048113 -154.71063291797833 350023.02733598183841 76.95766327716389 139.94500730557664
24480.0 0.00213818379608 18.82975375113604 -154.70830413419876 350020.23350395821035 76.72995607705971 140.55584119024783
24510.0 0.00163810205520 18.81539451069112 -154.70599625437686 350011.89905030000955 76.50109700758003 141.14713049720842
24540.0 0.00171960449149 18.80101577867715 -154.70370239796395 349997.80876305606216 76.27095245129769 141.71975913927517
24570.0 0.00138554378062 18.78661269218832 -154.70141831603789 349977.81647692434490 76.03946281032091 142.27453333599223
24600.0 0.00207479366890 18.77220317977345 -154.69915797771978 349952.35961422696710 75.80710586935281 142.81221013299267
24630.0 0.00151836344115 18.75763829531481 -154.69680471691453 349996.30974326562136 75.57339162416100 143.33351932935142
24660.0 0.00182726547508 18.74306074133018 -154.69447328582424 350034.64545611944050 75.33889277136399 143.83916801489363
24690.0 0.00155659961891 18.72859610945100 -154.69225712463532 349991.81158340722322 75.10350073016674 144.32981855637459
24720.0 0.00155760421681 18.71397607853116 -154.68995266160735 350018.38532374799252 74.86708434971736 144.80607702023093
24750.0 0.00199329123262 18.69947624541403 -154.68776470088736 349963.90041548758745 74.62988890628677 145.26856158893651
24780.0 0.00139158200491 18.68481585289867 -154.68548742292526 349978.68281879741699 74.39175641965942 145.71780514454636
24810.0 0.00210900436381 18.67013521375111 -154.68322408918576 349987.54669395182282 74.15284919943372 146.15436208388701
24840.0 0.00147107051789 18.65543532166191 -154.68097511706139 349990.49978169891983 73.91322174754997 146.57874684585889
24870.0 0.00164011361475 18.64072136988591 -154.67874424775317 349987.67666061315686 73.67302510348929 146.99147522039453
24900.0 0.00202649614775 18.62598532013612 -154.67652473379559 349978.81968326866627 73.43209778642807 147.39296195416949
24930.0 0.00187858388120 18.61122210019164 -154.67431219274775 349963.74810110870749 73.19034710169075 147.78360472412618
24960.0 0.00217038529520 18.59629215075340 -154.67201852114482 350017.83718164637685 72.94822411540481 148.16394170321959
24990.0 0.00157068408140 18.58148520201925 -154.66982912787805 349990.60999914817512 72.70521411102646 148.53420284742035
25020.0 0.00208988863869 18.56650526865793 -154.66755673988075 350032.35834796912968 72.46186303858717 148.89492900478473
25050.0 0.00259097615934 18.55167004460608 -154.66540118981578 349993.37821180373430 72.21803930286495 149.24643250665090
25080.0 0.00234244336762 18.53664236205455 -154.66315034900481 350022.76022394280881 71.97359247745425 149.58899242120347
25110.0 0.00227704168090 18.52159459324365 -154.66091366382773 350046.05946904234588 71.72874609134658 149.92300637107374
25140.0 0.00297635291256 18.50669339955554 -154.65878838930612 349988.53985181543976 71.48332440830576 150.24870924061355
25170.0 0.00261210698965 18.49159734229136 -154.65657055680674 349999.30403750017285 71.23747311853674 150.56644332598972
25200.0 0.00213415949510 18.47647947764297 -154.65436437960753 350003.85535154026002 70.99122898064161 150.87649786229974
25230.0 0.00317558240335 18.46134497286289 -154.65217353762208 350002.35237351711839 70.74472469025507 151.17919114819651
25260.0 0.00219855776581 18.44618589260244 -154.64999139838204 349994.49450683034956 70.49778976388069 151.47470112721891
25290.0 0.00324199105174 18.43099694989576 -154.64781342528929 349980.06423101946712 70.25031509595706 151.76321483203000
25320.0 0.00315344461139 18.41579668365689 -154.64565379632717 349959.70189722720534 70.00273801764075 152.04515252319092
25350.0 0.00241690416361 18.40036694275085 -154.64338748226280 350006.45566670410335 69.75453559344749 152.32049463709447
25380.0 0.00273888960777 18.38491963423883 -154.64113767733062 350047.05687331315130 69.50623787272366 152.58968940043528
25410.0 0.00257185807046 18.36964877364473 -154.63900581364967 350007.48279616795480 69.25770315406126 152.85287122041228
25440.0 0.00240986015954 18.35435216620619 -154.63687939592754 349961.34988874942064 69.00877359669576 153.11015344152426
25470.0 0.00249136377771 18.33883247818373 -154.63465745091133 349982.56863030325621 68.75966086672162 153.36181745882004
25500.0 0.00295723364180 18.32328191800513 -154.63243999733317 349997.02912715822458 68.51018184922252 153.60794649489523
25530.0 0.00286164674303 18.30770623267748 -154.63023114360669 350004.92384092230350 68.26047433633578 153.84877240813324
25560.0 0.00203152859226 18.29210635541935 -154.62803122039887 350006.26254684012383 68.01056585191000 154.08446714392394
25590.0 0.00298742121761 18.27648744349374 -154.62584386515306 350001.22729394771159 67.76057876966354 154.31524463917472
25620.0 0.00224584714343 18.26083626009098 -154.62365830350780 349989.25636759866029 67.51021946817939 154.54110043758195
25650.0 0.00216434825279 18.24516867629372 -154.62148656181731 349970.96809119172394 67.25985127717800 154.76235945907749
25680.0 0.00232030793942 18.22923773630587 -154.61920227815236 350018.46727288328111 67.00900804201423 154.97891319640527
25710.0 0.00294516073886 18.21351562407951 -154.61704186254286 349986.59350487496704 66.75820977126112 155.19115950873817
25740.0 0.00171759056818 18.19754078529053 -154.61478026783143 350020.94854698888958 66.50731034319368 155.39914561090208
25770.0 0.00261411973108 18.18176644563964 -154.61263133368061 349975.46849097125232 66.25614970343673 155.60290401340518
25800.0 0.00228207057977 18.16573544576320 -154.61038117095111 349996.04853186104447 66.00493260726341 155.80265606620628
25830.0 0.00273889078965 18.14967100497363 -154.60813286600776 350009.47349648270756 65.75347312594687 155.99841034883363
25860.0 0.00205466861837 18.13357901185418 -154.60589060985052 350015.96740039903671 65.50190545517935 156.19034250086375
25890.0 0.00245212063829 18.11746037170060 -154.60365468930317 350015.54027923475951 65.25025197397490 156.37856460709253
25920.0 0.00233338898589 18.10132022322336 -154.60142870546969 350008.39604755211622 64.99862853654911 156.56323612935702
25950.0 0.00326412884370 18.08514535241380 -154.59920188121313 349993.90430591814220 64.74674385668686 156.74429017729412
25980.0 0.00330236265771 18.06869764672144 -154.59687406242165 350044.81537253409624 64.49495320732917 156.92201015553536
26010.0 0.00313332074273 18.05246139455555 -154.59465251122367 350015.91853074450046 64.24279189660892 157.09622535323879
26040.0 0.00301760997529 18.03620844523186 -154.59244294880639 349980.40972780156881 63.99077198321133 157.26730037134848
26070.0 0.00275196829048 18.01966961843491 -154.59012666078829 350009.69561671931297 63.73874518572777 157.43523277321225
26100.0 0.00386684385118 18.00309447693297 -154.58780996824609 350031.44145659822971 63.48655130018959 157.60000942048998
26130.0 0.00308703714488 17.98649209872110 -154.58549954832247 350046.04793629981577 63.23439004299810 157.76181478720088
26160.0 0.00336474700511 17.97012471027980 -154.58330200229199 349981.63130319677293 62.98207453915334 157.92061492064218
26190.0 0.00333053867397 17.95345959153663 -154.58099437748274 349981.42378547973931 62.72973700787199 158.07655168382126
26220.0 0.00243098980797 17.93648931746915 -154.57857617979184 350045.11648360360414 62.47739630868774 158.22970126935374
26250.0 0.00332248770825 17.91976883684487 -154.57627920296088 350030.38670585025102 62.22516331619883 158.38018948906898
26280.0 0.00342109431011 17.90301143303835 -154.57397864303974 350007.86165070906281 61.97275048749910 158.52791509469964
26310.0 0.00320576879728 17.88623317988392 -154.57168667842853 349978.32525283657014 61.72050635921942 158.67313368543705
26340.0 0.00280228091683 17.86912549728986 -154.56927093449491 350011.42803687322885 61.46796903281366 158.81564053972761
26370.0 0.00349555392421 17.85199357529257 -154.56686404934919 350037.33864671178162 61.21564374909109 158.95577648229795
26400.0 0.00295019200150 17.83512340558975 -154.56457586062635 349985.11621841881424 60.96338124512197 159.09350994385269
26430.0 0.00380244794423 17.81792480633602 -154.56216904612316 349995.55960339866579 60.71102222769336 159.22880139144024
26460.0 0.00287371964597 17.80069699277417 -154.55976577107364 349998.44898793287575 60.45876238450340 159.36181128719807
26490.0 0.00353177854242 17.78343135554217 -154.55735876766880 349993.28241367451847 60.20641487909794 159.49248085745248
26520.0 0.00269763490880 17.76613407630123 -154.55495243070055 349980.35395207535475 59.95411080471744 159.62093066406413
26550.0 0.00397249445711 17.74849955779098 -154.55243013881011 350029.64787658490241 59.70186638540888 159.74721440427629
26580.0 0.00331544606794 17.73114309053479 -154.55002884963773 350001.34594519436359 59.44978837062156 159.87143597720930
26610.0 0.00347341849600 17.71375304357391 -154.54762524364475 349965.06500135082752 59.19770557862917 159.99353924031840
26640.0 0.00344826336471 17.69600985640413 -154.54509739482722 349990.09440903924406 58.94551033812169 160.11350278778590
26670.0 0.00345430040712 17.67824135376949 -154.54257662347314 350007.59765199478716 58.69359684981136 160.23159062558258
26700.0 0.00357101931808 17.66042368717766 -154.54004351956576 350016.16727369837463 58.44145582824049 160.34754934038244
26730.0 0.00292906235306 17.64258047906722 -154.53751631381806 350017.12171611655504 58.18958562487942 160.46170007912326
26760.0 0.00431259457414 17.62470484021946 -154.53498903986255 350010.02787932660431 57.93783675827881 160.57399262560463
26790.0 0.00314137052657 17.60678944609926 -154.53245536176058 349994.41257667355239 57.68605154065705 160.68437089489763
26820.0 0.00352070905550 17.58884353758564 -154.52992211406314 349970.78020361904055 57.43442188831193 160.79297758651029
26850.0 0.00270870321384 17.57052499673450 -154.52726280835216 350007.30932907201350 57.18276171919874 160.89973826359216
26880.0 0.00393124094002 17.55216824453077 -154.52460058081229 350035.33949369844049 56.93120122753658 161.00475830555305
26910.0 0.00348649954247 17.53411289456923 -154.52205506441123 349986.39687125198543 56.67975442682121 161.10807570011485
26940.0 0.00348649717871 17.51568918125896 -154.51939105263389 349997.84793984703720 56.42852425009107 161.20977830388895
26970.0 0.00387590177856 17.49722537404445 -154.51672101953775 350000.55616614408791 56.17734291258062 161.30979837663381
27000.0 0.00331846340727 17.47871648504971 -154.51404041708429 349994.15864052437246 55.92610298263426 161.40810187546802
27030.0 0.00404695407121 17.46018132533911 -154.51136377811426 349979.79263637121767 55.67519238929487 161.50493680611331
27060.0 0.00469193310307 17.44124381479238 -154.50855068384229 350023.71049721166492 55.42410711723628 161.60004106329117
27090.0 0.00307294913675 17.42262925913024 -154.50586068830947 349991.61125096399337 55.17333904973454 161.69372031117652
27120.0 0.00470702334534 17.40398129784608 -154.50316729075109 349950.96576070506126 54.92273892585950 161.78591343791291
27150.0 0.00373805203728 17.38493265986039 -154.50034280031559 349968.66407498344779 54.67215103148801 161.87655506534065
27180.0 0.00484487545038 17.36584736615250 -154.49751496902886 349977.58184144645929 54.42176389863464 161.96577540630622
27210.0 0.00461344800611 17.34671666626789 -154.49467615400761 349977.09318613912910 54.17139257426979 162.05349112739469
27240.0 0.00423410829530 17.32754706931229 -154.49183102992492 349967.57772195991129 53.92116664297053 162.13979747901507
27270.0 0.00554720638513 17.30796900305308 -154.48885759757354 350015.89943882729858 53.67109826196059 162.22472214213980
27300.0 0.00434378438408 17.28872576164345 -154.48600337791208 349988.50613925792277 53.42128690603941 162.30834182545485
27330.0 0.00509240246232 17.26906618861437 -154.48301708831156 350018.39299664739519 53.17156842758803 162.39058272930569
27360.0 0.00482374580194 17.24973386065477 -154.48013885672398 349971.87153536360711 52.92183592523111 162.47140320998983
27390.0 0.00482978284435 17.22961321368393 -154.47701533982996 350049.49120369181037 52.67247134443076 162.55103868921759
27420.0 0.00464866448079 17.21019791820775 -154.47411752527464 349984.08237844519317 52.42297620820770 162.62922413543379
27450.0 0.00591145348992 17.18998389325232 -154.47097228245258 350042.13500399701297 52.17383616403355 162.70625259403550
27480.0 0.00539224893264 17.17050263883448 -154.46806634987729 349958.83713738061488 51.92490243956653 162.78205651691724
27510.0 0.00404695643497 17.15019801410600 -154.46489914799139 349997.30280768312514 51.67602150194551 162.85656539015517
27540.0 0.00542646080942 17.12985131962194 -154.46172454919733 350026.16120933368802 51.42737872745030 162.92990023188167
27570.0 0.00455206943848 17.10945374222088 -154.45853465974722 350044.71836674027145 51.17879052221512 163.00197270188340
27600.0 0.00523629042789 17.08941067311833 -154.45545878988887 349988.14551241323352 50.93038600958231 163.07287102231706
27630.0 0.00503504583191 17.06892806933599 -154.45224826072868 349987.11070069391280 50.68217571142236 163.14261583087281
27660.0 0.00499178311903 17.04800342543368 -154.44890599913694 350041.49001869838685 50.43425587477613 163.21127573143445
27690.0 0.00529062262769 17.02743406814333 -154.44567456135061 350020.59745223913342 50.18646611260218 163.27877404526131
27720.0 0.00477041701815 17.00681372244465 -154.44242440367151 349989.09639822226018 49.93870023309843 163.34506449871026
27750.0 0.00613382300681 16.98575020291858 -154.43904521789065 350012.87603831011802 49.69133437086697 163.41037230911320
27780.0 0.00626966118854 16.96462540173359 -154.43564110745319 350025.21412674244493 49.44387576236308 163.47443264579368
27810.0 0.00557437425785 16.94388009237860 -154.43235773702196 349963.73490622080863 49.19680394503957 163.53752805430537
27840.0 0.00654737223065 16.92225812970498 -154.42881050786929 350020.39789732731879 48.94997081317300 163.59958717595285
27870.0 0.00526748141971 16.90100125593494 -154.42537059576540 350002.01562233921140 48.70322513700125 163.66053678982780
27900.0 0.00587522887170 16.87970267007050 -154.42191929951537 349973.46110544726253 48.45674927844302 163.72049089250982
27930.0 0.00563776438503 16.85792718599453 -154.41832153807255 349997.52809462789446 48.21036115612866 163.77935841023034
27960.0 0.00588327983742 16.83610301400704 -154.41470880177258 350010.82292204909027 47.96418950209717 163.83722253585358
27990.0 0.00586416056666 16.81423097702310 -154.41108105355065 350013.34972856752574 47.71824335154003 163.89409891128460
28020.0 0.00613181026538 16.79231619985385 -154.40744190575143 350005.46460043359548 47.47261588333208 163.95005001783275
28050.0 0.00525238881369 16.77035106763266 -154.40378416766245 349986.48819943517447 47.22715053131655 164.00499814575448
28080.0 0.00653731088726 16.74833053369066 -154.40010277348023 349955.93493822962046 46.98174193113292 164.05889418222537
28110.0 0.00583296957484 16.72539190262819 -154.39615692478981 350040.52217271551490 46.73676051435942 164.11195490885117
28140.0 0.00647894965896 16.70326976227885 -154.39243742394720 349987.44540577847511 46.49171935547721 164.16391732123427
28170.0 0.00573234904967 16.68021990990815 -154.38845111053905 350048.74046854116023 46.24709194737111 164.21505513544676
28200.0 0.00723863604224 16.65801381135491 -154.38470552917454 349974.36344693507999 46.00273097890575 164.26529474890344
28230.0 0.00644474014593 16.63485586518206 -154.38067824828775 350012.35268761217594 45.75848759774952 164.31456166583874
28260.0 0.00760590166823 16.61164750094246 -154.37663423630966 350038.93455663789064 45.51454124344093 164.36296437274905
28290.0 0.00657655284480 16.58883527876088 -154.37269461890978 349991.66651215776801 45.27071145705877 164.41041039605622
28320.0 0.00796310240520 16.56551766305327 -154.36860557509283 349994.45476910192519 45.02712660536253 164.45697925061694
28350.0 0.00732014084228 16.54168831102322 -154.36436627758354 350046.79932247381657 44.78379434441030 164.50268291077788
28380.0 0.00692469920003 16.51827052184669 -154.36024043434824 350026.38748885225505 44.54080490483891 164.54757908324726
28410.0 0.00819151251014 16.49479887795369 -154.35609074176458 349993.91826896090060 44.29800556507070 164.59159009943457
28440.0 0.00723863604224 16.47080094361791 -154.35178101838952 350009.61667600832880 44.05529187088830 164.63466510096305
28470.0 0.00766627327421 16.44675892506315 -154.34745793411562 350014.06916994787753 43.81302862264651 164.67701381992478
28500.0 0.00802448215471 16.42264802448301 -154.34309881129673 350004.95762362517416 43.57073482680429 164.71837582841633
28530.0 0.00896025209328 16.39849325914242 -154.33872479188668 349984.47866061143577 43.32887796432346 164.75901739375561
28560.0 0.00783028392655 16.37381066104909 -154.33419678043256 350011.97743788361549 43.08731161727644 164.79886360530182
28590.0 0.00811504133649 16.34906504494980 -154.32963879088945 350026.28813612274826 42.84588935686070 164.83783953274931
28620.0 0.00798423323551 16.32426621925999 -154.32505860751451 350028.24108181055635 42.60478776457317 164.87604925519449
28650.0 0.01002381161161 16.29940518711610 -154.32044728343286 350016.91420754231513 42.36382808770553 164.91339967102027
28680.0 0.00758778817725 16.27448921048667 -154.31581035332349 349992.90739460475743 42.12313832900996 164.94996757282701
28710.0 0.00893207844078 16.24951911730985 -154.31114762821812 349956.22199251875281 41.88272484909402 164.98576215488069
28740.0 0.00862015670376 16.22351890388362 -154.30619599227424 350025.32125439308584 41.64267502747614 165.02083730247605
28770.0 0.00906489691942 16.19843887394229 -154.30148093454272 349962.97277864627540 41.40283998859267 165.05511599740839
28800.0 0.00910615043651 16.17230710560582 -154.29646267493990 350004.32767130155116 41.16311625000873 165.08854630541268
28830.0 0.00903974297001 16.14612455170183 -154.29142498309571 350033.18663295637816 40.92386303325863 165.12133204194160
28860.0 0.00929431162226 16.11986622528040 -154.28634412349362 350047.00944327004254 40.68460535024855 165.15321558733191
28890.0 0.00864128635220 16.09355747875549 -154.28124216867045 350048.20808442588896 40.44580468576700 165.18445694132788
28920.0 0.01066174427565 16.06719104266557 -154.27611149903274 350035.98589634988457 40.20731559559182 165.21498043512875
28950.0 0.00863927361077 16.04075966724327 -154.27094442026637 350009.52737654745579 39.96899410291491 165.24471118429040
28980.0 0.00949857237568 16.01427329254199 -154.26574903170012 349969.74521350767463 39.73101398020130 165.27374970001753
29010.0 0.00948850866853 15.98670122904143 -154.26024419178242 350030.45667168498039 39.49319824792820 165.30200268014585
29040.0 0.01019788360735 15.96008975983876 -154.25497861731250 349962.31684643868357 39.25567453208159 165.32954490063062
29070.0 0.01119302173588 15.93239207976042 -154.24940801017087 349994.61294851452112 39.01844796743111 165.35638338427529
29100.0 0.01135300690536 15.90463503833320 -154.24380787767177 350012.97227469366044 38.78160316634818 165.38256889329492
29130.0 0.01066274887355 15.87681130382216 -154.23817026066709 350016.53988677635789 38.54499508654870 165.40802538777587
29160.0 0.01220828136930 15.84891582147649 -154.23248924235369 350004.68003297410905 38.30852126507102 165.43270026246032
29190.0 0.01202515144619 15.82096860275127 -154.22678253567804 349979.41388955246657 38.07253538837949 165.45679237314832
29220.0 0.01181988609487 15.79241833881867 -154.22088729892081 349994.09881649259478 37.83656853127260 165.48004682953658
29250.0 0.01304644930390 15.76381250460013 -154.21496398183373 349994.87911905068904 37.60107619132756 165.50271840033446
29280.0 0.01283715965161 15.73461338733534 -154.20886602348858 350036.64729137346148 37.36591396622829 165.52473096675158
29310.0 0.01341471834591 15.70640495074195 -154.20300078714490 349951.22096728999168 37.13094034813697 165.54600994751931
29340.0 0.01300922008779 15.67707143706603 -154.19682217876931 349962.29258452262729 36.89632634105000 165.56665294943545
29370.0 0.01307764265949 15.64766454985767 -154.19059719391322 349957.22704893723130 36.66189679421282 165.58656668222596
29400.0 0.01369343871344 15.61711422226224 -154.18405256964721 350046.81424737628549 36.42777893652242 165.60582444776810
29430.0 0.01401643111926 15.58757266422255 -154.17774615003336 350010.58544666040689 36.19397673783850 165.62443152426792
29460.0 0.01406271589898 15.55797157312348 -154.17140300693976 349959.45166964828968 35.96057211986054 165.64243607910163
29490.0 0.01496528092242 15.52720783324108 -154.16472808979773 350000.79028919525445 35.72732560782044 165.65970905187129
29520.0 0.01402246816167 15.49638089720936 -154.15801722705669 350026.80310730170459 35.49453606191437 165.67641803886011
29550.0 0.01480529457105 15.46546790422384 -154.15124661067458 350034.76005918625742 35.26178505916383 165.69233517329025
29580.0 0.01433237952101 15.43449490325787 -154.14444054887551 350027.54241075739264 35.02952275143611 165.70771132030336
29610.0 0.01474190326199 15.40345452488249 -154.13759047759382 350004.20058492664248 34.79760565038988 165.72247003496622
29640.0 0.01539493207770 15.37233957740742 -154.13068788320757 349963.78160224016756 34.56589454315613 165.73653713212218
29670.0 0.01547140206947 15.34004531869562 -154.12345633080577 350014.03927807416767 34.33455794608612 165.75000804451409
29700.0 0.01327586400674 15.30766946718365 -154.11616918602621 350046.35508122295141 34.10342235333732 165.76278952147052
29730.0 0.01551064520889 15.27634303179973 -154.10911960871519 349955.64234295021743 33.87261475917737 165.77495397938634
29760.0 0.01397215671720 15.24382483107962 -154.10173450494077 349954.08983844146132 33.64213803794750 165.78650532545421
29790.0 0.01435552191088 15.21010813523151 -154.09401576742403 350041.08787168934941 33.41207161333220 165.79748965939805
29820.0 0.01551466950987 15.17744395644847 -154.08653004279384 350004.97892152611166 33.18227785171912 165.80783322790143
29850.0 0.01516149071012 15.14470017589051 -154.07898331284966 349950.54341087024659 32.95265630859910 165.81748268497051
29880.0 0.01483447636708 15.11075434782870 -154.07110499243461 349984.19095732364804 32.72355020994854 165.82662963525922
29910.0 0.01582860280643 15.07671592926707 -154.06315589677450 349997.85903282370418 32.49450224795558 165.83502351715592
29940.0 0.01533053498886 15.04261136918937 -154.05516176681988 349994.70712374616414 32.26595660204177 165.84291166576372
29970.0 0.01789736297857 15.00843325776752 -154.04711343064130 349973.69623094145209 32.03777093570407 165.85021739311762
30000.0 0.01576923816212 14.97301592137310 -154.03870878305503 350036.27352382149547 31.80980851544381 165.85686696112907
30030.0 0.01805533658851 14.93868297008253 -154.03054250475333 349978.29029676038772 31.58223515778502 165.86295386050946
30090.0 0.01947710262359 14.86744676557793 -154.01343061232723 350008.88910804875195 31.12786740190559 165.87323184531778
30150.0 0.01903537738349 14.79590302055199 -153.99608178020176 349964.61789221595973 30.67495802788163 165.88122553572930
30210.0 0.01839744590133 14.72167252238922 -153.97787606328345 350042.82038982771337 30.22323847025216 165.88679889255729
30240.0 0.01821230323679 14.68562866112216 -153.96898169128301 349953.75225201621652 29.99800073091340 165.88877923730084
30300.0 0.01968236797490 14.60970997002616 -153.95007272316542 350011.66155236680061 29.54819192816943 165.89081402658479
30330.0 0.01870433873947 14.57223214075591 -153.94067403280079 349962.13566044624895 29.32391794820253 165.89103611737664
30360.0 0.01787422058871 14.53346594581733 -153.93089743701782 349989.81435454636812 29.09988294758278 165.89062904221836
30420.0 0.01752406031016 14.45567980185840 -153.91113029067927 349983.34189475420862 28.65284969445450 165.88811007385439
30510.0 0.01873150543031 14.33593644473184 -153.88031735646646 350010.57809668313712 27.98487670529455 165.88007905991168
30570.0 0.01838838915583 14.25485638711393 -153.85918162147698 349985.33450530003756 27.54119179987910 165.87185408155159
30600.0 0.01845983143061 14.21296333710340 -153.84819497981778 350036.36255492083728 27.31998985553382 165.86696794651124
30660.0 0.01763474217872 14.13012331724380 -153.82626362682083 349974.60022770892829 26.87829680272540 165.85533456297736
30690.0 0.01810665144899 14.08796079820117 -153.81502748609174 349958.81953666545451 26.65809807854436 165.84875263128095
30720.0 0.01990977111819 14.04445863884673 -153.80338737510718 350013.17328174784780 26.43815280714402 165.84156183166155
30750.0 0.01967331359317 14.00211575018330 -153.79197838370089 349952.11996823363006 26.21862150781372 165.83385291399765
30780.0 0.01757537753440 13.95842801865653 -153.78016095693454 349960.32478917576373 25.99933651781700 165.82553263004885
30870.0 0.01856548085466 13.82430659203497 -153.74354950304630 350030.98369102086872 25.34378432865684 165.79737388199857
30900.0 0.01796679014816 13.77899263082572 -153.73105665599181 350037.97072622831911 25.12600379905238 165.78690684425570
30960.0 0.01814790614796 13.68808000736109 -153.70577942731268 349979.62471910752356 24.69143028739697 165.76428916347817
30990.0 0.01996309990198 13.64120096894652 -153.69266300902444 350003.05853959452361 24.47452563750450 165.75207656227488
31020.0 0.01970651850830 13.59423640216303 -153.67946027814247 350003.62715668696910 24.25815582192226 165.73942034801269
31170.0 0.01939358744587 13.35281698671995 -153.61058929830094 349986.38280139490962 23.18153249090933 165.66792378373168
31980.0 0.01901827439980 11.81957845893970 -153.13814227987356 349998.90601204242557 17.52729194074817 165.05175613664562
32220.0 0.01971758681334 11.27801376933688 -152.95820427926432 350014.35901989601552 15.90517886479495 164.79563754406612
32250.0 0.01849404094364 11.20789493331320 -152.93438785412349 349973.61976279597729 15.70415057025306 164.76126659450165
32280.0 0.01746167478088 11.13626881822896 -152.91001306948027 349975.11512099392712 15.50353600932092 164.72638780072330
32370.0 0.01859667302836 10.91649609007959 -152.83459692735079 350001.36919856257737 14.90412303922921 164.61867064655257
32400.0 0.01818312498640 10.84160632645479 -152.80868939182093 350017.17782990634441 14.70519995278273 164.58177964189176
32430.0 0.01646553205446 10.76658120872680 -152.78254718251503 349994.89439007267356 14.50644151318782 164.54422941320317
32490.0 0.01875766634138 10.61338680095548 -152.72891608314089 349998.70056175533682 14.11049267543021 164.46779582011064
32520.0 0.01719000078118 10.53519421520799 -152.70138804388168 350019.89728966448456 13.91304983709607 164.42875959693413
32550.0 0.01818412958429 10.45688577119217 -152.67364631014348 350006.72712239995599 13.71606936955394 164.38924183703082
32580.0 0.01720710612863 10.37845187857198 -152.64566964136472 349956.75781436450779 13.51939387131732 164.34914662945553
32610.0 0.01739325339107 10.29706463018989 -152.61670037735541 350015.73366896901280 13.32314602359619 164.30854789794228
32640.0 0.00984873147234 10.21555569746453 -152.58750055846212 350038.86930732056499 13.12732148245045 164.26744260515187
32670.0 0.01323259656634 10.13535475666383 -152.55846367581972 349955.95405111089349 12.93198104789724 164.22586749466203
32700.0 0.01545932798465 10.05218557635943 -152.52840986490395 349979.24692181684077 12.73701581895136 164.18375566354771
32730.0 0.01703403873079 9.96888598256804 -152.49809813407362 349964.12040788866580 12.54233484013835 164.14105070338286
32760.0 0.01725137816693 9.88405058630403 -152.46717255857615 349986.28626103978604 12.34823925969620 164.09793677050322
32790.0 0.01356263179434 9.79907662608655 -152.43596727104372 349967.85165069065988 12.15432125638762 164.05416281320379
32820.0 0.01282709830822 9.71256202975605 -152.40413645574958 349985.74166896846145 11.96097788341406 164.00997246169442
32850.0 0.01053194313633 9.62592843798107 -152.37205298994948 349967.30240542162210 11.76807745324878 163.96528434383541
32880.0 0.01102800293999 9.53629481257125 -152.33890228357274 350049.64707319810987 11.57550277799415 163.92002542444484
32910.0 0.01223645383992 9.44941857488657 -152.30629120891524 349956.82381423562765 11.38339925327581 163.87428506241307
32940.0 0.01249404337713 9.35953788117687 -152.27260025234983 349963.82716712448746 11.19161159332329 163.82796631513261
32970.0 0.01023108852248 9.26809541652785 -152.23823717974381 350002.71049125958234 11.00026181276058 163.78114426129946
33000.0 0.01210564928458 9.17653184465708 -152.20359845910144 350004.23324131593108 10.80934484910941 163.73381522290228
33030.0 0.00864530947130 9.08340740882233 -152.16828417757952 350037.99181867484003 10.61891944128621 163.68601540694888
33180.0 0.00373271821339 8.60723963908108 -151.98482841900972 350038.30766453221440 9.67264869130797 163.43898346334467
33210.0 0.00448565960822 8.51049177738738 -151.94691694669243 349980.03504637815058 9.48472265427966 163.38806452393848
33240.0 0.00282643026835 8.41070531051376 -151.90785093657402 350016.13230495061725 9.29713362108271 163.33657291324337
33270.0 0.00332349348802 8.31080320689582 -151.86847627575145 350015.01561414729804 9.11002455685697 163.28459857407546
33300.0 0.00258192177761 8.21077571866852 -151.82876629692430 349973.77733003627509 8.92324231330757 163.23204335867294
33330.0 0.00267147163397 8.10770869514045 -151.78789369507140 350027.62961403094232 8.73690820354797 163.17898369320358
33360.0 0.00249941356155 8.00452345011460 -151.74669123333931 350043.27408687863499 8.55101648222626 163.12541527243567
33390.0 -0.00065805771458 7.90122672650364 -151.70516511059611 350022.08516733348370 8.36562387809569 163.07137386063701
33420.0 0.00237765984231 7.79781274267221 -151.66329590911917 349962.13471649214625 8.18062819652293 163.01679326812214
33450.0 0.00444340031135 7.69133885798996 -151.62020949702838 349992.90563704352826 7.99594101303570 162.96161558433914
33480.0 0.00622740189167 7.58476240753940 -151.57680030997139 349988.87913240492344 7.81185334177300 162.90602765125715
33510.0 0.00207781100823 7.47658243333518 -151.53256778632752 350007.05709825176746 7.62796977486670 162.84977326207510
33540.0 -0.00497266384827 7.36830097067872 -151.48800136848732 349990.33981746993959 7.44467571504011 162.79310092373709
33570.0 0.00072446872672 7.25843557647849 -151.44264156442401 350001.15128257311881 7.26184246529387 162.73592679444388
33600.0 -0.00881837686914 7.14845137932360 -151.39689706672249 349971.93942651059479 7.07935760006207 162.67817686581921
33630.0 -0.00892101249949 7.03540758292744 -151.34991222996544 350035.37467583920807 6.89736166988855 162.61994187386381
33660.0 -0.00957202266437 6.92372215478941 -151.30296677881265 349993.82611279655248 6.71570368700586 162.56112229162065
33690.0 -0.00915948158406 6.80897166066030 -151.25475832665680 350043.83676710817963 6.53450422456575 162.50179608494869
33720.0 -0.00688545842437 6.69559377086605 -151.20660245828239 349991.89567314088345 6.35375688834381 162.44195832958067
33750.0 -0.00285560851874 6.57915216771828 -151.15717522974535 350032.34419014956802 6.17351644478740 162.38164443335319
33780.0 -0.00521616537735 6.46260106232991 -151.10733860017791 350034.34226762317121 5.99368398130856 162.32078842973601
33810.0 -0.00381653358860 6.34593580607518 -151.05707236046891 349996.03956431243569 5.81417236134067 162.25933152045999
33840.0 -0.00310917257309 6.22769662847512 -151.00597594951881 349988.27826606575400 5.63526755955172 162.19746248714372
33870.0 -0.00006137738575 6.10785036627538 -150.95396639583174 350001.63472360838205 5.45658040272586 162.13492181068494
33900.0 -0.00545161830447 5.98642775915881 -150.90110700380302 350045.21062565315515 5.27849045110763 162.07196122742778
33930.0 -0.00626161022282 5.86639635362886 -150.84827670737073 349988.96190058346838 5.10087055190628 162.00849544037709
33960.0 -0.00782122836294 5.74328156350907 -150.79408161508357 350020.88970334455371 4.92361064448585 161.94444977981831
33990.0 -0.01253731081753 5.62007427966963 -150.73945366762055 350017.53951537702233 4.74684887511947 161.87991597901993
34020.0 -0.01028844278913 5.49676475092180 -150.68435904279221 349975.44478647690266 4.57043644196931 161.81479295840387
34050.0 -0.01299714482109 5.37037868591876 -150.62789069861282 350024.17431107815355 4.39449313519660 161.74916041619863
34080.0 -0.01471171686807 5.24390146602107 -150.57096294377430 350037.26458343863487 4.21901194429380 161.68301281318480
34110.0 -0.01867214078599 5.11734051594038 -150.51358295867823 350016.41179873980582 4.04404571796755 161.61638528066834
34140.0 -0.01442394448257 4.99069061455989 -150.45572680476002 349959.44062914699316 3.86949877942953 161.54921199534309
34170.0 -0.01694750384999 4.86095241200828 -150.39642934500156 349990.07585186138749 3.69528529614689 161.48143317995624
34200.0 -0.01573905295007 4.73114417384141 -150.33668138546068 349990.12951455917209 3.52168620914867 161.41323994217342
34350.0 -0.01956665484371 4.06888548969069 -150.02653681474169 349964.97790336236358 2.65995919246032 161.06400775115068
34380.0 -0.01394398306471 3.93260457163762 -149.96179619174296 350008.05339871626347 2.48891698358391 160.99253464220169
34440.0 -0.01864195321019 3.65984749432748 -149.83073250571013 349998.10879311244935 2.14826502471857 160.84804373562406
