# sod		dsTEC/dt [TECU/s]		lat		lon		h_ipp		ele		azi
9780.0 0.01649471148673 12.86601541906445 -166.96288602107779 350014.85811222437769 6.59727743713680 241.99977474557880
9810.0 0.01942176346213 12.94314035557273 -166.90540225209230 350035.48345066048205 6.72846169713307 242.16233042617694
9870.0 0.01945496719538 13.09631045441655 -166.78994060118183 349991.82351862825453 6.99037411785515 242.48912262873051
9930.0 0.01507797553241 13.24640086649421 -166.67655418574896 349954.06248502619565 7.25117640511350 242.81794142643446
10140.0 0.01882508313330 13.74737674969252 -166.29790119550884 350013.57948670536280 8.15658253184657 243.98528952777173
10260.0 0.01585677882269 14.01981869217713 -166.08955153825121 349969.34663633164018 8.66857272631353 244.66372389565538
10350.0 0.01712731269065 14.21664585786964 -165.93931805435565 350013.63655376154929 9.04996585674252 245.17794446606462
10380.0 0.01076437754225 14.28113401289623 -165.88987320778404 350020.37611799780279 9.17664546933563 245.35039652202448
10410.0 0.01002481857327 14.34529641630721 -165.84029026764347 350000.56588961742818 9.30306387970978 245.52335409780011
10440.0 0.00725372746638 14.40911447164898 -165.79057724503937 349951.81260592117906 9.42909342158538 245.69675696017183
10470.0 0.00510045224616 14.47123638625210 -165.74347925119542 350012.77341058384627 9.55496597548400 245.87071247452295
10500.0 0.00700519703842 14.53305708278553 -165.69624447674676 350049.34019072260708 9.68064118209807 246.04520170625295
10530.0 0.00247123754529 14.59523267493431 -165.64750151021684 349990.94539255090058 9.80594232434063 246.22014071645049
10560.0 0.00816334003952 14.65575998741771 -165.60137850909848 350045.42948922142386 9.93117840691286 246.39567527990494
10590.0 0.00198423448712 14.71663823222502 -165.55374806111482 350004.97973011154681 10.05602881322655 246.57165267605103
10620.0 0.01249907463976 14.77652845499495 -165.50737484457363 350006.01268712896854 10.18056461407946 246.74810558366170
10650.0 0.00793996001534 14.83612422594892 -165.46086605066873 349983.93406814709306 10.30492614725085 246.92510080846392
10680.0 0.01210262839962 14.89474932930728 -165.41561987948299 350004.10474653728306 10.42897132740653 247.10256930936384
10710.0 0.00862820530572 14.95308339041244 -165.37024278778040 350001.06896644365042 10.55281091260436 247.28056408931894
10740.0 0.00491631536139 15.01112229872487 -165.32473624765331 349974.51814849302173 10.67642302904447 247.45907415220728
10770.0 0.00663692681453 15.06821815325799 -165.28049589100888 349992.13783311937004 10.79976485563334 247.63807796837574
10800.0 0.00663793141243 15.12500478165841 -165.23613949002578 349983.67169677466154 10.92271109757536 247.81751274209461
10830.0 0.01223544924202 15.18087958253549 -165.19304779215011 350022.07930675614625 11.04548923073746 247.99749002840599
10860.0 0.00688746998392 15.23647776292960 -165.14983042666606 350038.41715614032000 11.16806306128962 248.17799169360401
10890.0 0.00316853958117 15.29177517477822 -165.10649902856585 350029.55780786834657 11.29025335336885 248.35892741113855
10920.0 0.00833942359481 15.34681046545970 -165.06303385113696 350001.19365014694631 11.41237049618339 248.54045225695609
10950.0 0.00043870553701 15.40093079459003 -165.02085537901510 350016.93744376581162 11.53409334378240 248.72240400001903
10980.0 0.00334563009811 15.45476521911343 -164.97856173436071 350009.24856503028423 11.65549393993899 248.90481765887972
11010.0 0.00040248091880 15.50833037328542 -164.93614411450633 349980.70573824457824 11.77671210724161 249.08776365295682
11040.0 0.00053731332075 15.56101196792506 -164.89501477955884 349998.64086113963276 11.89760613191109 249.27116889916283
11070.0 -0.00203857141445 15.61342850877005 -164.85376597190117 349995.69497571606189 12.01828740648243 249.45508977394752
11100.0 -0.00034713821170 15.66499097600446 -164.81380436143604 350041.58727511391044 12.13873260221139 249.63951375734092
11130.0 0.00004427203830 15.71686817509402 -164.77232404366794 349995.78751689754426 12.25889976089648 249.82441836561540
11160.0 -0.00421297982874 15.76787880115988 -164.73214425853243 349996.49682476744056 12.37866393537614 250.00973715696193
11190.0 -0.00083011815076 15.81863503742580 -164.69184558522323 349977.67198076844215 12.49825226616773 250.19558798782236
11220.0 -0.00125976812416 15.86856725786790 -164.65283933586599 350009.47170895058662 12.61763065538926 250.38195264774990
11250.0 0.00235049433334 15.91822677008162 -164.61373066325558 350018.60402334202081 12.73661751916808 250.56873409782384
11280.0 -0.00716920769077 15.96765081243102 -164.57449952409664 350010.38566115964204 12.85552438529146 250.75609708721538
11310.0 -0.00769243536715 16.01679900068078 -164.53516719923471 349979.55073178838938 12.97402985868753 250.94386952028327
11340.0 -0.00105651315051 16.06513591916408 -164.49714169343025 349998.73065652977675 13.09220690581974 251.13208887018266
11370.0 -0.00085829416702 16.11323139717208 -164.45900350926556 349999.34183060284704 13.21019473277714 251.32082926970025
11400.0 -0.00156665978042 16.16106734260661 -164.42076223097794 349979.16592491883785 13.32785212595556 251.51001346456303
11430.0 -0.00847123747556 16.20812858481579 -164.38382575101963 350011.90451129432768 13.44529102809521 251.69970134185087
11460.0 -0.00641857805298 16.25547185573880 -164.34536701474144 349953.84663241729140 13.56248669637128 251.88987874394002
11490.0 -0.00885057718637 16.30152385025568 -164.30963617921827 350020.24944685585797 13.67939808242829 252.08052223258346
11520.0 -0.01143954060428 16.34783639866074 -164.27239466582969 349993.42753176484257 13.79590176915444 252.27156217894321
11550.0 -0.01371960080639 16.39340620825692 -164.23646164716254 350021.43178499490023 13.91222226801408 252.46312180148314
11580.0 -0.01428810630084 16.43924721629679 -164.19900433456988 349959.14564309362322 14.02832865441447 252.65518345556751
11610.0 -0.01281300911821 16.48383263729254 -164.16429136144131 350021.56592709012330 14.14403717946166 252.84764306310223
11640.0 -0.01323762782897 16.52870256786533 -164.12804623579632 349995.88146369531751 14.25966024858621 253.04067542112813
11670.0 -0.01348314209949 16.57283139259978 -164.09313018380010 350022.85992256086320 14.37487651051113 253.23409822054725
11700.0 -0.01239241589031 16.61720327603074 -164.05669795267107 349957.74165382795036 14.48975979832180 253.42795150809511
11730.0 -0.01342578901472 16.66039298514738 -164.02300467596228 350022.52047579642385 14.60444859632334 253.62231322894945
11760.0 -0.01223444228037 16.70382379391525 -163.98779615579315 349995.35691863391548 14.71880232332788 253.81710183401202
11790.0 -0.01488277270636 16.74656351413627 -163.95390972588672 350025.06887654028833 14.83293338185861 254.01238086059374
11820.0 -0.01718094403569 16.78954195769705 -163.91850186291410 349963.99020337313414 14.94681565994797 254.20813439895645
11850.0 -0.01827871424893 16.83137705639409 -163.88584675668304 350033.37613593693823 15.06040906462535 254.40433806168193
11880.0 -0.01351533887108 16.87343062609509 -163.85168203070219 350009.73136404156685 15.17359182285202 254.60091898899782
11940.0 -0.01212174767038 16.95644892631758 -163.78447900235764 349989.57013539690524 15.39936278718454 254.99558165307414
11970.0 -0.01353848362471 16.99739834003899 -163.75145708452320 349990.39739218167961 15.51173754121814 255.19353501836270
12000.0 -0.01473989052056 17.03815140365956 -163.71833003416100 349977.53134165331721 15.62402291141558 255.39205114377603
12030.0 -0.01417541169085 17.07824958114040 -163.68654731768444 350021.46323070395738 15.73589789366741 255.59093716653166
12060.0 -0.01653194306660 17.11813269433311 -163.65467807186855 350048.61826135683805 15.84743712607573 255.79023582974042
12090.0 -0.01327988830772 17.15822600817279 -163.62128545117145 349985.62333340384066 15.95877826213268 255.99002898820703
12150.0 -0.01516752775253 17.23694205160960 -163.55709128112937 349961.94780536647886 16.18055956872982 256.39090823831748
12180.0 -0.01964513994067 17.27559434797045 -163.52628614537522 350003.31594559922814 16.29108507280949 256.59204388242580
12210.0 -0.01911285670068 17.31404346294297 -163.49539432824412 350029.28145233634859 16.40131890576798 256.79361228894084
12240.0 -0.01796880407147 17.35227539476198 -163.46442467736603 350038.24756995681673 16.51114105134688 256.99553733330089
13110.0 -0.01893777774328 18.35345703220117 -162.63506922577557 349994.64931516535580 19.57648670823573 263.03662906951001
18750.0 -0.01968438071633 21.87584632417935 -158.62437994604173 350005.70781862735748 34.77817444354015 308.24269848560942
18780.0 -0.01943987458935 21.88494625025146 -158.60458148194206 350028.99698090832680 34.84658640827657 308.50078048847672
18810.0 -0.01993995751212 21.89393570887608 -158.58478200301246 350049.84767539612949 34.91486072000619 308.75880614720313
18870.0 -0.01989165999096 21.91091560608623 -158.54415844528702 349980.71732419356704 35.05153372610509 309.27557522871876
18930.0 -0.01996008138077 21.92815941578511 -158.50445347975759 350010.99663606379181 35.18800075189775 309.79265908527498
18960.0 -0.01986449093636 21.93662362560026 -158.48458225873918 350023.59263245388865 35.25619307213567 310.05137234354481
19080.0 -0.01872647416768 21.96872074279499 -158.40403527973191 349950.84981431532651 35.52893346052728 311.08772985697772
19110.0 -0.01940163722971 21.97665848263644 -158.38410731659883 349955.42164347600192 35.59706799254944 311.34710784619995
19170.0 -0.01971758563146 21.99222121984162 -158.34421612328455 349960.10937318112701 35.73334402882090 311.86631082463589
19260.0 -0.01981217029610 22.01478122529251 -158.28430485310727 349955.90062009636313 35.93775494774644 312.64616283044523
19290.0 -0.01969243050017 22.02209173907719 -158.26431779481547 349951.49403785262257 36.00588876356417 312.90637952498884
19320.0 -0.01932717879749 22.02966717059747 -158.24477119699947 349999.67841438576579 36.07398014155289 313.16665123607129
19350.0 -0.01809659010560 22.03714324275301 -158.22520587510212 350046.81475429702550 36.14212382321264 313.42714725782116
19380.0 -0.01887136791302 22.04414324234008 -158.20519139141348 350038.18660006485879 36.21027823781277 313.68779051662500
19410.0 -0.01729866872643 22.05103800954346 -158.18517263193775 350028.03666250780225 36.27842642653276 313.94854778024813
19440.0 -0.01706020082374 22.05782429523670 -158.16516057665478 350015.92532303370535 36.34649753059564 314.20928553809557
19470.0 -0.01879791526058 22.06450801322874 -158.14513722488749 350002.66662929765880 36.41462147175710 314.47024082317733
19500.0 -0.01628944613541 22.07109024882764 -158.12509945437824 349988.42191755864769 36.48282431671760 314.73146139282414
19530.0 -0.01805030650775 22.07756310904844 -158.10507349887808 349972.10253961384296 36.55093047088582 314.99261760185811
19560.0 -0.01552171115017 22.08393785123211 -158.08502311849060 349955.28180869761854 36.61919366567118 315.25418284677278
19590.0 -0.01539090659484 22.09097307912149 -158.06582598634606 350046.09601084142923 36.68736731986024 315.51569194861293
19620.0 -0.01533153958676 22.09713562522496 -158.04578596519136 350025.76534472778440 36.75552110807942 315.77727273919567
19650.0 -0.01568572416628 22.10319628724744 -158.02573563539369 350004.42531065084040 36.82374947283500 316.03910298826861
19680.0 -0.01549052015835 22.10915079689468 -158.00569024886127 349981.47078473400325 36.89195367449665 316.30099260836408
19710.0 -0.01621196918199 22.11500309589207 -157.98563685360617 349957.46886559948325 36.96022618494346 316.56311720902772
19740.0 -0.01636189300809 22.12153464986152 -157.96639920012484 350042.36009396705776 37.02852539889103 316.82539560190628
19770.0 -0.01391681755574 22.12718096081189 -157.94634172555260 350015.76442456245422 37.09683524592820 317.08779484414083
19800.0 -0.01308669704122 22.13271981080460 -157.92629711075165 349987.35911234002560 37.16508753669576 317.35017918760769
19830.0 -0.01422169647058 22.13815636661554 -157.90624746862284 349957.90089465305209 37.23340682071460 317.61279000641662
19860.0 -0.01474693452463 22.14428548830974 -157.88698676708336 350038.17406374122947 37.30182035301209 317.87568086210530
19890.0 -0.01383531511946 22.14951524058201 -157.86694195214471 350006.00285596214235 37.37015554911686 318.13850871467116
19920.0 -0.01397316367886 22.15464672481091 -157.84687868582844 349973.39119989890605 37.43865985657953 318.40176377905209
19950.0 -0.01321750396032 22.16047185741225 -157.82761665912807 350049.83795201499015 37.50709301533691 318.66496581847821
19980.0 -0.01333019975218 22.16539306915042 -157.80757604637063 350013.97870337963104 37.57552320331724 318.92824806180363
20010.0 -0.01462317160960 22.17021283692760 -157.78753123234091 349977.19373868033290 37.64404167913125 319.19179333920937
20040.0 -0.01275263751224 22.17533193574765 -157.76788145711996 349994.54132553003728 37.71255250001379 319.45540620808742
20070.0 -0.01442092477948 22.18035183577021 -157.74822474122547 350011.03321222402155 37.78114571425039 319.71926875875198
20100.0 -0.01292469794842 22.18486411618414 -157.72818917745931 349970.68611908610910 37.84977976715085 319.98329553907928
20130.0 -0.01242763354687 22.19008874993534 -157.70891456211879 350040.61893623881042 37.91843944064172 320.24745395276756
20160.0 -0.01356565149743 22.19439368339554 -157.68890105158476 349997.39643646683544 37.98705922217597 320.51160603456441
20190.0 -0.01415226811911 22.19859702311441 -157.66888874880738 349953.19336652196944 38.05575821663535 320.77599747009589
20220.0 -0.01356062023479 22.20352282542324 -157.64961166961189 350020.06922192778438 38.12456468356650 321.04068791157283
20250.0 -0.01302431387570 22.20752136639003 -157.62961627007044 349973.34735928289592 38.19330934141424 321.30532051250202
20280.0 -0.01273854950411 22.21224946867817 -157.61033608600684 350038.33211612142622 38.26223296951456 321.57040275772022
20310.0 -0.01340163848132 22.21604618194116 -157.59034794382868 349989.55031432118267 38.33110192952092 321.83543899023130
20340.0 -0.01267918604167 22.22015523886982 -157.57073366828664 349995.55461573693901 38.39998275924145 322.10056800198544
20370.0 -0.01297601399078 22.22416590481951 -157.55111617694882 350000.79979212675244 38.46896341608044 322.36597778279042
20400.0 -0.01176957583229 22.22807509643854 -157.53151083297681 350004.74741140194237 38.53795084333726 322.63146742458605
20430.0 -0.01171624823038 22.23188577683185 -157.51190440021543 350007.90152437705547 38.60703249996560 322.89722568243383
20460.0 -0.01229883818732 22.23517637162206 -157.49195549816881 349953.65093012060970 38.67616697501012 323.16316267974941
20490.0 -0.01055609366973 22.23920723163345 -157.47271281406930 350011.02789293043315 38.74533986651581 323.42924622266258
20520.0 -0.01128357855390 22.24229342727875 -157.45279791818558 349954.08195876795799 38.81448835156641 323.69533613821000
20550.0 -0.01051282622933 22.24612580057695 -157.43357216485771 350009.26592342462391 38.88372600915014 323.96168241149655
20580.0 -0.01011537420941 22.24901405456474 -157.41366277012531 349950.72757367044687 38.95308190815746 324.22835108496787
20610.0 -0.01010833256910 22.25264843387234 -157.39445552045902 350003.75262938812375 39.02239039106595 324.49497105237651
20640.0 -0.00949253415139 22.25576316059648 -157.37489822941455 349999.91518535465002 39.09188514856056 324.76206757358955
20670.0 -0.00982558790060 22.25877584459581 -157.35536665385615 349994.51560463942587 39.16133949789347 325.02912915775477
20700.0 -0.00916853714768 22.26211672118861 -157.33617889676844 350044.71579912584275 39.23081818243675 325.29630034160425
20730.0 -0.00916048736384 22.26450386960261 -157.31633788712935 349980.60629838518798 39.30040572941262 325.56377439093131
20760.0 -0.00879020321664 22.26764927219170 -157.29716559742781 350028.96487347874790 39.37001207031346 325.83134480189608
20790.0 -0.00850746091189 22.26983725665974 -157.27735250523301 349962.77001006435603 39.43972189446058 326.09920719839624
20820.0 -0.00919972695762 22.27278856511335 -157.25819174034257 350009.49573677219450 39.50949403717934 326.36726710568456
20850.0 -0.00884051584298 22.27521022859745 -157.23872575177120 349998.20754921250045 39.57931487615217 326.63549278697866
20880.0 -0.00780009753263 22.27753171832927 -157.21928532795363 349985.52530377823859 39.64912429764401 326.90374186014066
20910.0 -0.00717826325439 22.28019041143224 -157.20016276285082 350029.21099584363401 39.71903026198452 327.17226861513808
20940.0 -0.00835049308173 22.28188397341012 -157.18042461116366 349957.93453477974981 39.78906243869159 327.44114579902930
20970.0 -0.00854972020876 22.28434766107548 -157.16133200459905 349999.56469027977437 39.85905914922101 327.70998754765895
21000.0 -0.00705450152123 22.28671841373145 -157.14222810719963 350041.01667673420161 39.92924653168679 327.97933745837787
21030.0 -0.00835753472204 22.28811561841994 -157.12255222804572 349966.33589875511825 39.99940523252312 328.24866773791791
21060.0 -0.00755458562587 22.29029003174588 -157.10349619688947 350005.26081055402756 40.06959803309781 328.51812886635093
21090.0 -0.00741371618151 22.29236993091001 -157.08444326704580 350043.58842205721885 40.13990588737926 328.78791951971289
21120.0 -0.00661579598422 22.29347347081763 -157.06482642480523 349965.77839440759271 40.21024183277625 329.05782744772546
21150.0 -0.00757168860957 22.29536100059028 -157.04580230746404 350002.29885953664780 40.28068759053944 329.32805536690125
21180.0 -0.00745899518146 22.29715326870808 -157.02679073795667 350037.96725774183869 40.35120235591667 329.59850401650488
21210.0 -0.00765520378728 22.29796580112422 -157.00722804739507 349957.33162493444979 40.42177324950211 329.86914217078004
21240.0 -0.00761898153283 22.29956479785197 -156.98826293936622 349990.74054691009223 40.49234289411631 330.13982522601492
21270.0 -0.00725171827059 22.30106964086419 -156.96930651445902 350023.46775257587433 40.56301352440952 330.41081179856803
21300.0 -0.00669427871742 22.30203677324809 -156.95007877871052 349997.82269678544253 40.63381518584770 330.68218167097319
21330.0 -0.00703437647070 22.30290613476523 -156.93088826596190 349970.70701991859823 40.70459057380721 330.95353367595118
21360.0 -0.00645882697218 22.30412764882174 -156.91196720959840 350001.23624556511641 40.77555775721239 331.22543036715081
21390.0 -0.00599396288786 22.30525320354923 -156.89307800166830 350030.43424873705953 40.84650513398881 331.49732712822316
21420.0 -0.00763206139742 22.30583734356146 -156.87394607179337 350000.56494674272835 40.91749333913021 331.76938059624337
21450.0 -0.00616702792194 22.30632716288178 -156.85482813818356 349969.98995885625482 40.98859959315342 332.04179500849654
21480.0 -0.00617910318864 22.30716939853144 -156.83599867266548 349996.42968660872430 41.05974017431463 332.31435219439606
21510.0 -0.00644172162473 22.30791871812645 -156.81717968380954 350022.23796982876956 41.13099361748725 332.58726221030969
21540.0 -0.00595471974844 22.30857458357456 -156.79837881076838 350047.20098369196057 41.20231960390539 332.86042080510020
21570.0 -0.00600402304937 22.30823754850814 -156.77909660279136 349954.60987331345677 41.27370595964582 333.13379731667385
21600.0 -0.00642964753991 22.30870475486182 -156.76035304831203 349977.36228087637573 41.34509808046402 333.40724489681162
21630.0 -0.00461042948491 22.30907951201878 -156.74162376274131 349999.42191804293543 41.41659235158370 333.68102652409198
21660.0 -0.00692369460214 22.30936235178530 -156.72290366184822 350020.94291668850929 41.48821895061852 333.95522936405274
21690.0 -0.00573637216877 22.30955135638989 -156.70422091566593 350041.13348558545113 41.55982538841732 334.22943635276357
21720.0 -0.00561562895682 22.30919720096349 -156.68530024423382 350002.49112884700298 41.63162108758198 334.50422967671705
21750.0 -0.00599697786342 22.30874875590878 -156.66642221102600 349962.44416331313550 41.70340267376907 334.77904731790562
21780.0 -0.00657152276405 22.30866026308356 -156.64780881222103 349979.98327332548797 41.77522843289776 335.05405230189342
21810.0 -0.00529263655100 22.30848047313399 -156.62920941290201 349996.89910714235157 41.84717167189966 335.32945459340567
21840.0 -0.00536206490247 22.30820866026123 -156.61063926947159 350012.77885313611478 41.91915206623077 335.60502990818708
21870.0 -0.00490625401800 22.30784581282478 -156.59208486726237 350028.00515875406563 41.99124472025234 335.88099590582971
21900.0 -0.00517189215717 22.30739168494946 -156.57355396382800 350042.37383809033781 42.06340994237068 336.15724312421690
21930.0 -0.00510447536526 22.30639107797802 -156.55483056854209 349996.87316188588738 42.13563622588779 336.43374151634777
21960.0 -0.00547375373268 22.30529831059011 -156.53614885880839 349950.08865062333643 42.20787178599546 336.71034195657677
21990.0 -0.00591044534638 22.30457046417183 -156.51770537647252 349961.53363052848727 42.28020701515679 336.98731183130116
22020.0 -0.00497165806849 22.30375261133673 -156.49927618212408 349972.40514250844717 42.35267195720062 337.26474605377155
22050.0 -0.00481468787457 22.30284388613570 -156.48088958608696 349981.96211214456707 42.42511943365400 337.54221102151604
22080.0 -0.00488914985243 22.30184585373977 -156.46250785076248 349991.20765207707882 42.49774957310125 337.82030928227965
22110.0 -0.00487707340385 22.30075746775671 -156.44416848004258 349999.16586553305387 42.57036776880816 338.09846078598355
22140.0 -0.00463155913334 22.29957935344951 -156.42586126742816 350006.11609590519220 42.64302973255090 338.37683519187988
22170.0 -0.00460640518393 22.29831207020145 -156.40757322386517 350012.40174589212984 42.71580465453730 338.65564836995344
22200.0 -0.00457521301022 22.29695547188288 -156.38931951058314 350017.64036550372839 42.78861578709256 338.93466970767963
22230.0 -0.00481871335743 22.29551006149846 -156.37108660189952 350022.18482096213847 42.86153453187464 339.21412474794778
22260.0 -0.00451785874358 22.29397589180085 -156.35288235602229 350025.84116744622588 42.93452198253492 339.49389857856255
22290.0 -0.00441120117600 22.29235316383300 -156.33470922910553 350028.55509773362428 43.00756725998363 339.77396181657593
22320.0 -0.00454804513750 22.29064205287402 -156.31657721473030 350030.08654737565666 43.08062145650687 340.05416301656925
22350.0 -0.00401878160059 22.28884295878064 -156.29847004795474 350030.84853839594871 43.15376880668920 340.33477402305527
22380.0 -0.00430756212962 22.28695606984309 -156.28038205927058 350030.98365338519216 43.22703892868314 340.61589787682237
22410.0 -0.00340902140717 22.28498157458530 -156.26234165358886 350029.80201743822545 43.30029051128841 340.89708374895611
22440.0 -0.00411940094388 22.28291966434684 -156.24431113837687 350028.22789534274489 43.37371366097512 341.17895532009084
22470.0 -0.00395237177033 22.28077068460072 -156.22632786653489 350025.36073731258512 43.44712315043616 341.46091383039936
22500.0 -0.00502800419161 22.27853489762403 -156.20838158363060 350021.45793041493744 43.52057186676732 341.74313582844127
22530.0 -0.00386080917253 22.27621240033013 -156.19045941304594 350016.83175051212311 43.59412465446020 342.02584327401695
22560.0 -0.00363642336857 22.27380361510168 -156.17257639300183 350011.12989508453757 43.66770854874377 342.30879899181667
22590.0 -0.00358711888576 22.27130856203527 -156.15471900898839 350004.67554344516248 43.74139094422823 342.59223669894391
22620.0 -0.00373804967352 22.26872759761643 -156.13689520205227 349997.28562827873975 43.81513389724065 342.87603577422959
22650.0 -0.00355995219492 22.26606102420747 -156.11910731410444 349988.91064263228327 43.88892711506343 343.16016754417262
22680.0 -0.00317256388215 22.26330939035251 -156.10136513001288 349979.33219918701798 43.96272463695686 343.44447819263792
22710.0 -0.00372899410990 22.26047252289592 -156.08365272676281 349968.92084769904613 44.03660435037750 343.72924406871925
22740.0 -0.00381351624927 22.25755040816807 -156.06596416053640 349957.81170503888279 44.11059512622356 344.01457673280930
22770.0 -0.00418983625700 22.25500486443703 -156.04846991948943 350005.78149176668376 44.18456214653376 344.30000739984581
22800.0 -0.00317759278102 22.25191355885568 -156.03084559069893 349992.89852574467659 44.25868467735987 344.58618168511265
22830.0 -0.00397350378252 22.24919931286797 -156.01340966838043 350039.21861943881959 44.33278756314308 344.87248140173034
22860.0 -0.00328223878905 22.24594092306344 -155.99587597971322 350023.99193863384426 44.40692058713715 345.15909024822082
22890.0 -0.00330135687793 22.24259859139186 -155.97837109181921 350007.96680425945669 44.48114399032310 345.44623645751153
22920.0 -0.00366862250393 22.23917329592859 -155.96090989341377 349990.82092898152769 44.55538882645767 345.73367603945599
22950.0 -0.00270870321384 22.23566457778090 -155.94347890294068 349972.84784825239331 44.62971814269004 346.02165117876075
22980.0 -0.00313332074273 22.23207310097058 -155.92608612651415 349953.87604410573840 44.70409515766976 346.31003526580628
23010.0 -0.00216535166880 22.22885934494698 -155.90885396686849 349994.68913689162582 44.77851012179857 346.59880037595599
23040.0 -0.00349958058895 22.22556387850230 -155.89166634670667 350034.36467513721436 44.85292010437277 346.88779026337534
23070.0 -0.00277410608245 22.22172613043801 -155.87439298572977 350012.29969938751310 44.92739643073705 347.17728581402309
23100.0 -0.00307093639532 22.21780594277768 -155.85714785542436 349989.44981315080076 45.00196686907764 347.46740750595910
23130.0 -0.00192285828325 22.21380560734919 -155.83995937992131 349965.23039039317518 45.07650379863878 347.75766783469896
23160.0 -0.00277511068035 22.21018193492133 -155.82289669639960 350001.49397775810212 45.15117472644614 348.04873516117163
23190.0 -0.00291698708637 22.20647827543191 -155.80588466160904 350036.50748080946505 45.22581535061254 348.33997112748625
23220.0 -0.00203555407512 22.20223520780311 -155.78881189553798 350009.29419757798314 45.30047203950270 348.63156683902969
23250.0 -0.00280026581164 22.19791125464112 -155.77177233868059 349981.19239507801831 45.37520014152309 348.92375697352594
23280.0 -0.00213214675367 22.19350793535184 -155.75478070524042 349951.90974592790008 45.44993499726359 349.21629045894764
23310.0 -0.00359617681314 22.18994075280286 -155.73800942737179 350044.39605519082397 45.52473492643985 349.50941823230829
23340.0 -0.00211604836787 22.18537729367143 -155.72108940475729 350013.22212988883257 45.59956453490426 349.80300739438280
23370.0 -0.00262719959568 22.18073496038465 -155.70421403635663 349980.93124384433031 45.67441457066202 350.09703079942682
23400.0 -0.00252658025239 22.17647238424490 -155.68747743089844 350008.84313248470426 45.74924523048875 350.39132970624513
23430.0 -0.00307194217510 22.17213033519097 -155.67077419683520 350035.85321379732341 45.82412103562795 350.68618954104966
23460.0 -0.00230119103241 22.16725153927300 -155.65401852166008 350000.47966393362731 45.89906825821596 350.98174009478225
23490.0 -0.00317256270027 22.16229671119217 -155.63732354814331 349963.68865977972746 45.97396726541317 351.27747435864933
23520.0 -0.00364447315241 22.15817419203119 -155.62079999430946 350049.56729761324823 46.04897277677952 351.57408423031347
23550.0 -0.00287774512883 22.15306329718436 -155.60418317917919 350010.74235346913338 46.12393222468543 351.87091042870782
23580.0 -0.00327217862754 22.14787605766942 -155.58761611072106 349970.70347946882248 46.19888821678113 352.16815170713983
23610.0 -0.00254569715939 22.14306622903691 -155.57115219763404 349991.52440292667598 46.27389088638221 352.46604933320202
23640.0 -0.00244205811302 22.13818008399521 -155.55473472287022 350011.19178817234933 46.34888016539954 352.76434487582617
23670.0 -0.00217440959618 22.13276202598965 -155.53828989104272 349967.98631401825696 46.42390922327017 353.06329828380501
23700.0 -0.00291899864592 22.12817576780942 -155.52200713206878 350047.62149850651622 46.49894430678442 353.36277004567449
23730.0 -0.00224886684652 22.12260607032433 -155.50565203165206 350002.14615638833493 46.57397661370872 353.66273381025013
23760.0 -0.00203857023257 22.11696279801423 -155.48935455877805 349955.31116749346256 46.64896958118222 353.96302826934914
23790.0 -0.00189870893174 22.11214896628127 -155.47319929975879 350031.67677958589047 46.72398065718744 354.26394334588571
23820.0 -0.00190575175392 22.10635342575946 -155.45697544105747 349982.83077476173639 46.79903418270658 354.56561852271966
23850.0 -0.00149018860677 22.10093759192678 -155.44086030562042 349994.76184557285160 46.87401939926982 354.86752649831539
23880.0 -0.00114908625560 22.09544392239345 -155.42476732429157 350005.92241233587265 46.94907709203093 355.17038343766575
23910.0 -0.00163709391167 22.08942768889462 -155.40869364624271 349953.35933788679540 47.02406741567033 355.47350840175426
23940.0 -0.00128492325545 22.08423872946840 -155.39274592551826 350024.30492850393057 47.09902883423538 355.77710800081985
23970.0 -0.00176387771166 22.07807503823918 -155.37676136487443 349969.43237353488803 47.17400590865662 356.08143019128840
24000.0 -0.00142780425937 22.07273728552813 -155.36089414822379 350038.22740846127272 47.24894350628265 356.38620890191515
24030.0 -0.00144088530584 22.06642764630681 -155.34500181359883 349980.97680846508592 47.32388917823795 356.69171330629763
24060.0 -0.00219755080416 22.06094131859333 -155.32921101973298 350047.66386927850544 47.39881109864601 356.99779693666619
24090.0 -0.00075666549832 22.05448757631130 -155.31341572345337 349987.94126625731587 47.47370086530407 357.30443423164826
24120.0 -0.00243803381204 22.04841084085066 -155.29770169070099 349989.48263607081026 47.54852528532314 357.61146123967995
24150.0 -0.00161797818654 22.04226136187070 -155.28202889854339 349989.89817353338003 47.62333443803347 357.91917226659831
24180.0 -0.00203655749114 22.03603810397336 -155.26639044861378 349989.28178299777210 47.69815025302443 358.22771683133482
24210.0 -0.00211302866479 22.02974640938201 -155.25081444034649 349987.21453271340579 47.77287183713739 358.53654657256209
24240.0 -0.00137045235648 22.02382353383957 -155.23527408893906 350047.12179894465953 47.84762476913126 358.84640254042165
24270.0 -0.00156766556020 22.01694523622301 -155.21977580425587 349979.78628034330904 47.92228302951909 359.15658145435236
24300.0 -0.00200134101646 22.01088337859531 -155.20434311652591 350037.04447765834630 47.99688051729874 359.46729793650354
24330.0 -0.00188059662263 22.00386520689984 -155.18894075043914 349967.17293818853796 48.07145582895752 359.77880666067011
24360.0 -0.00186047275397 21.99766159659444 -155.17359548863197 350022.05016774684191 48.14595915450624 0.09083363860411
24390.0 -0.00134227752210 21.99094535164721 -155.15828860200372 350012.71663142647594 48.22043191236419 0.40365740726517
24420.0 -0.00216434588903 21.98415995633442 -155.14303006412919 350002.09856215398759 48.29484452750145 0.71712417916828
24450.0 -0.00104443906570 21.97730604353793 -155.12782160895597 349990.16678346320987 48.36918894701967 1.03120914933505
24480.0 -0.00123461535663 21.97038571627122 -155.11267180415723 349976.80427420698106 48.44343549584579 1.34574564348342
24510.0 -0.00080697457902 21.96383340092093 -155.09755286021928 350025.52239355910569 48.51762656555935 1.66103213698096
24540.0 -0.00138353222107 21.95677283996680 -155.08248273453182 350009.78155620303005 48.59178114681961 1.97722847037493
24570.0 -0.00067214454083 21.94964823595468 -155.06747810723692 349992.50689272116870 48.66580931546184 2.29376451153351
24600.0 -0.00101224111222 21.94288650998187 -155.05248119895202 350037.62163550686091 48.73982004257973 2.61140663005402
24630.0 -0.00047392319357 21.93519191145561 -155.03759206725758 349954.24927722942084 48.81370236071415 2.92942861859323
24660.0 -0.00165319466122 21.92829927104968 -155.02270887439482 349996.51544981263578 48.88748514373590 3.24805318407900
24690.0 -0.00074559719327 21.92133685935553 -155.00786303330375 350037.59972088783979 48.96120059844304 3.56754164463975
24720.0 -0.00140063520477 21.91387695919737 -154.99310033184801 350013.66277678404003 49.03480467140934 3.88761183451679
24750.0 -0.00038537675322 21.90634969339774 -154.97838095905811 349988.42088105715811 49.10833208832627 4.20855168312048
24780.0 -0.00078886463367 21.89918660078238 -154.96367592839201 350025.53112459089607 49.18175589047265 4.53019970415999
24810.0 -0.00054637006625 21.89152872343181 -154.94905845785684 349997.49409591406584 49.25506832429259 4.85253177736299
24840.0 -0.00138956926348 21.88380869246117 -154.93450232588967 349967.92552823666483 49.32824340027462 5.17537842555045
24870.0 -0.00086231728612 21.87645002878144 -154.91994923966183 350000.86713464464992 49.40131548449956 5.49904194704021
24900.0 -0.00130303320080 21.86902264165965 -154.90543157793411 350032.57816392555833 49.47430005291155 5.82369269823814
24930.0 -0.00133422892014 21.86110920284561 -154.89102686966632 349998.76424172427505 49.54711937386155 6.14873816813459
24960.0 -0.00138554259874 21.85312735827241 -154.87665462730953 349963.68947440292686 49.61986428077377 6.47497021045795
24990.0 -0.00076270372261 21.84550902255331 -154.86229459716174 349991.07095737475902 49.69244021173831 6.80163926242427
25020.0 -0.00157571534404 21.83782724928847 -154.84798652710248 350017.01465995609760 49.76487051889396 7.12897607295295
25050.0 -0.00097400848009 21.83007918259194 -154.83371880417036 350041.62565027549863 49.83718056490259 7.45724839250743
25080.0 -0.00099714732432 21.82184916028702 -154.81956749400121 350000.54111380409449 49.90933253686163 7.78616565015918
25110.0 -0.00128693599688 21.81355558167194 -154.80546227475418 349958.00447707902640 49.98135386530903 8.11602504409572
25140.0 -0.00054938740557 21.80561838976361 -154.79134371013839 349978.23920481465757 50.05322062067228 8.44665700250948
25170.0 -0.00123058869189 21.79761869958771 -154.77727578560734 349997.00218734052032 50.12492530229505 8.77803796858756
25200.0 -0.00128693481500 21.78955908350082 -154.76326654166766 350014.21420566830784 50.19644579595460 9.10999558569773
25230.0 -0.00147610296240 21.78143606610973 -154.74930273639126 350029.98407225962728 50.26780831872998 9.44283886125300
25260.0 -0.00108368102324 21.77324776288317 -154.73537723631790 350044.35921910125762 50.33902375757067 9.77674195762877
25290.0 -0.00089149908215 21.76459044864801 -154.72159727082061 349992.56657911278307 50.41002814810164 10.11109290804970
25320.0 -0.00152238774213 21.75627903379643 -154.70777013163328 350003.90951824188232 50.48089253364396 10.44670883860125
25350.0 -0.00047392201169 21.74791081941695 -154.69400742526901 350013.61079209949821 50.55154024065852 10.78281663649381
25380.0 -0.00044071709656 21.73907464687224 -154.68038650473358 349957.07988166809082 50.62198857104614 11.11965489301477
25410.0 -0.00045077962183 21.73058548354130 -154.66672368872861 349963.67893845401704 50.69225556689781 11.45749739775009
25440.0 -0.00071742472266 21.72203800005384 -154.65311719322381 349968.67563827708364 50.76231019276401 11.79604500215639
25470.0 -0.00101626659508 21.71342852303309 -154.63955431587695 349972.15218790527433 50.83217194602525 12.13560384707997
25500.0 -0.00103437890419 21.70475980548366 -154.62604310634035 349974.03822747431695 50.90182039211066 12.47599589395629
25530.0 -0.00067516188015 21.69603256133847 -154.61258493961023 349974.31394224055111 50.97124824451238 12.81719796770721
25560.0 -0.00100922259101 21.68724958869932 -154.59918757952906 349972.91886593680829 51.04043747829326 13.15903476639832
25590.0 -0.00026262198173 21.67840711064426 -154.58583837094744 349969.92705240566283 51.10940536343500 13.50181446135998
25620.0 -0.00028576082595 21.66950286454969 -154.57252973135061 349965.37164966762066 51.17815843765409 13.84572846003688
25650.0 -0.00119738377676 21.66054604399131 -154.55928876695410 349959.07440327666700 51.24664752506199 14.19013840159842
25680.0 0.00033003522800 21.65152539077135 -154.54608073295904 349951.23197839315981 51.31492211867082 14.53588597179111
25710.0 -0.00098809294258 21.64284727070939 -154.53282505073639 350006.76794863771647 51.38292504237163 14.88217464278213
25740.0 -0.00034311509260 21.63371758892753 -154.51973759984668 349995.50991658028215 51.45066699580500 15.22925044750071
25770.0 -0.00061781115914 21.62492126143645 -154.50657664089152 350047.81033016275615 51.51815821308580 15.57739259356111
25800.0 -0.00082709962956 21.61567718361614 -154.49359057797676 350033.20133564155549 51.58537502815899 15.92629326952349
25830.0 -0.00068522440542 21.60637485804055 -154.48065038015858 350016.90709553007036 51.65232834289409 16.27626697561826
25860.0 -0.00048096601576 21.59701733927553 -154.46776404959124 349998.87516581825912 51.71900174212916 16.62712685224416
25890.0 0.00033405952898 21.58760536516953 -154.45493283983819 349979.08861055318266 51.78538812814499 16.97884985591329
25920.0 -0.00018816000386 21.57814194141610 -154.44216423719394 349957.50551759637892 51.85147380592414 17.33125769650210
25950.0 0.00027871918564 21.56900707366637 -154.42931294679533 349999.62289892975241 51.91726699201104 17.68466012376600
25980.0 0.00038537557134 21.55981127988124 -154.41649964104701 350040.07915807049721 51.98276872589589 18.03925868157799
26010.0 -0.00016099331302 21.55018337935255 -154.40388887073556 350013.22551890462637 52.04794644378617 18.39439212145647
26040.0 0.00013483240196 21.54049508988951 -154.39131334245559 349984.62895955145359 52.11282624549673 18.75092533745305
26070.0 -0.00078182062961 21.53075893613715 -154.37880596823172 349954.16271119657904 52.17737217811259 19.10803896743687
26100.0 0.00052926353691 21.52134855050209 -154.36621218607857 349987.50186157412827 52.24158777609163 19.46598583873926
26130.0 0.00025155131292 21.51188020103662 -154.35366118821793 350019.09240834880620 52.30547498294703 19.82504968345448
26160.0 -0.00024953975337 21.50198499335734 -154.34131505522063 349983.15817874763161 52.36901814930742 20.18491407123888
26190.0 0.00010866912713 21.49240792687537 -154.32886507848633 350011.13310547731817 52.43221891136565 20.54590096650470
26220.0 -0.00001408564437 21.48277683298373 -154.31646625103653 350037.29435526859015 52.49506546122868 20.90781439538619
26250.0 0.00010363904637 21.47272291736257 -154.30427592980570 349995.78780085407197 52.55755088515970 21.27063112473096
26280.0 0.00023947604622 21.46262189442771 -154.29214969456152 349952.35440995637327 52.61966608753343 21.63416987738213
26310.0 0.00046486762996 21.45320234509911 -154.27975426683031 350038.82915493566543 52.68140993693284 21.99874069889069
26340.0 -0.00046889193094 21.44299240231252 -154.26772026931846 349991.62973131053150 52.74277725836395 22.36455466333616
26370.0 0.00052523805405 21.43310244091244 -154.25559191061913 350008.44615155365318 52.80375380898170 22.73092823572318
26400.0 -0.00005634612311 21.42315253151955 -154.24349629175919 350023.38932388927788 52.86434040757663 23.09874738425315
26430.0 -0.00008049665651 21.41279594728471 -154.23163545746121 349970.35782312974334 52.92452414826388 23.46717107869921
26460.0 -0.00025155131292 21.40310971147938 -154.21949045083812 350047.52021703124046 52.98430084386072 23.83645800612965
26490.0 -0.00073654162966 21.39265189719048 -154.20773407589493 349990.57016243599355 53.04366369009045 24.20689522051544
26520.0 0.00023444714735 21.38250392590547 -154.19586283915015 349997.76588418520987 53.10260575443441 24.57815790279220
26550.0 0.00009961238163 21.37230227180483 -154.18403657454795 350003.00169569626451 53.16111875177984 24.95057422789440
26580.0 0.00020929083418 21.36205054434890 -154.17226317531075 350006.26309058535844 53.21919613571835 25.32393892527675
26610.0 -0.00048599727839 21.35174947464937 -154.16054368051581 350007.53744613472372 53.27683120050824 25.69822818937291
26640.0 -0.00041958626625 21.34140239938153 -154.14888504684868 350006.81857999414206 53.33401974925917 26.07325783395747
26670.0 -0.00010766571111 21.33100134822014 -154.13726840186581 350004.07609539944679 53.39074762305636 26.44954084489234
26700.0 0.00025255945646 21.32055626206438 -154.12571571844038 349999.31972589064389 53.44701689008312 26.82648636776282
26730.0 -0.00003320491513 21.31005432022583 -154.11419749495278 349992.49514336511493 53.50280494413006 27.20489941092333
26760.0 0.00052322531262 21.29950992197664 -154.10274543699984 349983.63472099229693 53.55812167169317 27.58392046709580
26790.0 0.00002314475362 21.28891911248646 -154.09134993524333 349972.71348956134170 53.61295533837630 27.96381269572863
26820.0 0.00023343782193 21.27861619060997 -154.07980236060388 350026.18838349636644 53.66729076323497 28.34486480949976
26850.0 0.00087942263357 21.26792775582733 -154.06850916578401 350011.11755634751171 53.72112965963553 28.72674468992469
26880.0 0.00017507895739 21.25718905252664 -154.05726231439152 349993.91815729252994 53.77445410257885 29.10978492285325
26910.0 0.00019721674936 21.24673749242669 -154.04586504653858 350041.18079032283276 53.82726300985907 29.49377140288161
26940.0 0.00069428233279 21.23557320788784 -154.03493207677397 349953.13693594187498 53.87954991450732 29.87867957980719
26970.0 -0.00018111836356 21.22503028625802 -154.02364750329670 349996.20117028802633 53.93131538964135 30.26432296663589
27000.0 0.00040348906233 21.21443323119539 -154.01240217067669 350037.12403914239258 53.98253047244557 30.65121584130476
27030.0 0.00035015909666 21.20346608287449 -154.00143057436395 350009.26223875302821 54.03321368880089 31.03875747284242
27060.0 0.00065202067217 21.19244523144618 -153.99049491683556 349979.13429740630090 54.08331891687315 31.42776334372213
27090.0 -0.00037229570675 21.18170876451979 -153.97940914263819 350013.61477856151760 54.13288045922737 31.81735776008843
27120.0 0.00140969195026 21.17092598051616 -153.96837677729388 350045.94773691240698 54.18187862049645 32.20780706568064
27150.0 -0.00001006252527 21.15977298099094 -153.95760893358110 350009.24994271714240 54.23028956404806 32.59940009921475
27180.0 0.00064699059141 21.14857872756804 -153.94690035248010 349970.32753751240671 54.27812430366406 32.99179811938745
27210.0 0.00028978749069 21.13765315910199 -153.93601385603495 349995.98090090695769 54.32535480639405 33.38533644834617
27240.0 0.00022740196141 21.12668121186388 -153.92517852396006 350019.41378707438707 54.37198612267353 33.77979234557191
27270.0 0.00082810659121 21.11566358461829 -153.91439520406149 350040.61634350288659 54.41801210030136 34.17514017786537
27300.0 0.00039745083804 21.10429398696413 -153.90390182975835 349992.65912197809666 54.46343836457337 34.57119147548634
27330.0 0.00056448119347 21.09318523010204 -153.89321963675710 350009.30211681313813 54.50822072895078 34.96845919321334
27360.0 0.00113902373034 21.08173048879496 -153.88283453663777 349956.72733279038221 54.55239519788289 35.36633467380405
27390.0 -0.00006339249094 21.07052943486128 -153.87224913668263 349968.71798339951783 54.59589095400380 35.76564008458636
27420.0 0.00027771222399 21.05929014258212 -153.86172743408315 349978.48368271905929 54.63876831551671 36.16548665015321
27450.0 0.00092872829826 21.04800807819896 -153.85126006049251 349985.94900480192155 54.68099927179991 36.56614238556534
27480.0 0.00034412205425 21.03667828101678 -153.84083707442207 349991.02445092797279 54.72255113227836 36.96789451213154
27510.0 0.00102029089606 21.02530716401344 -153.83047012150740 349993.78206901159137 54.76344487591135 37.37039868024554
27540.0 0.00002414935152 21.01388883525690 -153.82014761278543 349994.11484529450536 54.80364197323214 37.77399100275564
27570.0 0.00089954768411 21.00242766952616 -153.80987727003668 349992.06748464144766 54.84315431185533 38.17844059343125
27600.0 0.00086734618500 20.99092435710725 -153.79965983835262 349987.63167605269700 54.88197616484237 38.58372045397248
27630.0 0.00061479263794 20.97938259129766 -153.78950154074198 349980.84926285501570 54.92011850068214 38.98964064739673
27660.0 0.00150930669566 20.96779690721143 -153.77939178424688 349971.61254194565117 54.95754253503802 39.39650889444866
27690.0 0.00050008292276 20.95616384295467 -153.76932385251490 349959.83948552329093 54.99421798759054 39.80451993643292
27720.0 0.00109475051016 20.94477924308373 -153.75906246587456 350013.02134393434972 55.03021132963351 40.21296547124252
27750.0 0.00083615637505 20.93305911393030 -153.74909251571390 349996.29605247080326 55.06541407862050 40.62276183673185
27780.0 0.00091061480728 20.92158340095160 -153.73892423609902 350044.52909547369927 55.09991662769963 41.03301090113359
27810.0 0.00085426868416 20.90978828989405 -153.72907181268715 350022.98967333696783 55.13368160675486 41.44398035979383
27840.0 0.00082810540933 20.89794908725800 -153.71926478553712 349998.86264690104872 55.16666655129267 41.85595356615701
27870.0 0.00176287193189 20.88607251853751 -153.70951449916026 349972.25429154466838 55.19890404941440 42.26858173025260
27900.0 0.00121146942113 20.87442262911530 -153.69953945724646 350010.42186092957854 55.23034381896461 42.68219919823854
27930.0 0.00129800548381 20.86272964836088 -153.68961371357702 350046.07073737401515 55.26100598701556 43.09656753327241
27960.0 0.00161395152180 20.85072813210731 -153.68001172735362 350011.75783409550786 55.29088547399125 43.51165790345401
27990.0 0.00029481638956 20.83869214944759 -153.67046935234012 349974.94222420733422 55.31999943149488 43.92727944823685
28020.0 0.00145497331397 20.82687793798387 -153.66069890188624 350002.95414188224822 55.34829890647191 44.34373250495747
28050.0 0.00109374354851 20.81501572323548 -153.65096759508950 350028.25473183207214 55.37574672025789 44.76120810731288
28080.0 0.00157672348757 20.80286173396014 -153.64157950677057 349983.62214456964284 55.40243394690710 45.17899559230617
28110.0 0.00067516188015 20.79091568847635 -153.63194406935966 350003.62884448282421 55.42821996438855 45.59800677242500
28140.0 0.00079691559939 20.77893550463402 -153.62236973452326 350021.16082540061325 55.45322682737959 46.01734018668496
28170.0 0.00037531422795 20.76666480123691 -153.61313382799705 349968.53943934570998 55.47740761333977 46.43726107497423
28200.0 0.00109777021324 20.75485191742571 -153.60336771731608 350048.25009590201080 55.50071010965116 46.85804661040306
28230.0 0.00157370142073 20.74250310956505 -153.59423160234107 349990.22545021586120 55.52317922738398 47.27934586850566
28260.0 0.00046889311282 20.73035914661882 -153.58484983313127 349996.96294371038675 55.54475275913926 47.70148872070968
28290.0 0.00039141379563 20.71817581076735 -153.57551813239925 350000.99637598544359 55.56545989142234 48.12423078219974
28320.0 0.00034311509260 20.70595373977920 -153.56623706888502 350002.31879258435220 55.58529640186592 48.54754144221305
28350.0 0.00068220588422 20.69369682291914 -153.55701238169527 350001.00597573537380 55.60428594605316 48.97123023559148
28380.0 0.00068824529038 20.68139918011391 -153.54783419112519 349996.88811152614653 55.62236965377443 49.39558771842235
28410.0 0.00039342417330 20.66905696658728 -153.53869603854963 349989.83967667911202 55.63950355069792 49.82079958778183
28440.0 0.00113399483146 20.65691625758244 -153.52931837909054 350047.86599256005138 55.65580430213026 50.24615836283046
28470.0 0.00078685071036 20.64426373960859 -153.52057756811166 349967.49577082227916 55.67109852295787 50.67256400483183
28500.0 0.00078383455292 20.63203980117882 -153.51129083414207 350019.82731828000396 55.68554120479623 51.09911895961155
28530.0 0.00170249678027 20.61955097410093 -153.50236025725644 350001.70729339122772 55.69907581293574 51.52608388673427
28560.0 0.00101727355673 20.60702095589192 -153.49347297701462 349980.61966042499989 55.71164056669677 51.95372756102889
28590.0 0.00016904191498 20.59467740359342 -153.48432943361772 350024.43722836021334 55.72329329949717 52.38169986851525
28620.0 0.00095488920933 20.58207043120294 -153.47553771116355 349997.55662802606821 55.73395987696286 52.81032351892880
28650.0 0.00073251614680 20.56942783061578 -153.46679658438518 349967.78666538652033 55.74367929745060 53.23935041321592
28680.0 0.00066912601962 20.55696378415768 -153.45779128674602 350002.83847248181701 55.75244841172178 53.66874854446984
28710.0 0.00079993293872 20.54446413392003 -153.44883931960771 350035.09968234226108 55.76029762850292 54.09832959357875
28740.0 0.00142981700080 20.53171383311474 -153.44024961863511 349996.64031613618135 55.76715857718090 54.52837215422159
28770.0 0.00159483461480 20.51892243023602 -153.43170060796587 349955.03037996590137 55.77298070010635 54.95905518386607
28800.0 0.00107563242128 20.50630934031969 -153.42289249564885 349978.43336968217045 55.77790691803222 55.38968079400173
28830.0 0.00123260143332 20.49364625385169 -153.41411483221617 349998.50926982890815 55.78173091056792 55.82112949169461
28860.0 0.00131007838675 20.48095239193844 -153.40539551516125 350015.81882871687412 55.78464145432372 56.25251588887467
28890.0 0.00057454135498 20.46822209621058 -153.39672576997773 350030.16594473458827 55.78657247494210 56.68409408953485
28920.0 0.00140265149184 20.45544948308808 -153.38809667014723 350041.33938764128834 55.78745295031743 57.11612250753744
28950.0 0.00144591538660 20.44264207379077 -153.37951872703951 350049.55008833110332 55.78735405901066 57.54825536943066
28980.0 0.00156263547944 20.42960233148011 -153.37131222628508 349986.79078266490251 55.78618990810247 57.98080572476359
29010.0 0.00152037381882 20.41671873726534 -153.36282408571643 349988.70912930928171 55.78400993176220 58.41352460449577
29040.0 0.00202347999030 20.40379914752648 -153.35438417161544 349987.54799165297300 55.78081224382910 58.84637934508702
29070.0 0.00042964879152 20.39084760291036 -153.34599776701018 349983.41670280694962 55.77663413970735 59.27918591870851
29100.0 0.00169646091974 20.37803878177428 -153.33731862835205 350043.83309025876224 55.77139831235879 59.71220914710028
29130.0 0.00095790654866 20.36500432289465 -153.32901315201300 350033.12416191957891 55.76504792211411 60.14562018119032
29160.0 0.00174073295804 20.35194304385990 -153.32076711614133 350019.54293729178607 55.75775239595213 60.57873773897163
29190.0 0.00152641440687 20.33883489804897 -153.31255224900798 350002.37442155275494 55.74927279058772 61.01241538686141
29220.0 0.00112191720100 20.32569982224933 -153.30439580113412 349982.27972673811018 55.73983198232613 61.44578882351145
29250.0 0.00163910783498 20.31253191058370 -153.29628913328878 349959.03059468325227 55.72935454848578 61.87910388490236
29280.0 0.00174475844090 20.29949158093215 -153.28787769314840 350000.11586897633970 55.71776067687468 62.31260704014574
29310.0 0.00199832367713 20.28641527314132 -153.27951469243641 350038.04317388590425 55.70513507672806 62.74596081038142
29340.0 0.00183632222057 20.27313389474537 -153.27153836504198 350004.79464414808899 55.69138041971149 63.17946641380538
29370.0 0.00021532787659 20.25981957308875 -153.26361013664703 349968.27687488775700 55.67655701017007 63.61287733628694
29400.0 0.00135334582715 20.24662960535719 -153.25537878004644 349996.19048280268908 55.66066435286803 64.04616131277189
29430.0 0.00124769285746 20.23340645554213 -153.24719809477256 350020.94033847004175 55.64374660616002 64.47914101977034
29460.0 0.00183028636004 20.21999191657981 -153.23941355252080 349974.57013636361808 55.62571820563818 64.91206617174541
29490.0 0.00080999546399 20.20668777898690 -153.23131180465967 349992.27593361865729 55.60651638966444 65.34509943080540
29520.0 0.00103337076065 20.19335576778417 -153.22326659066715 350006.93712308257818 55.58633685969244 65.77758333288600
29550.0 0.00127687347162 20.17983068701317 -153.21560874728817 349950.06599018070847 55.56490884777507 66.21033753093779
29580.0 0.00105349817495 20.16656648077399 -153.20728956050948 350025.41986576560885 55.54248903366828 66.64252786723462
29610.0 0.00092671319307 20.15298415898391 -153.19973705832601 349962.09740928281099 55.51899293408871 67.07439052010490
29640.0 0.00093878845977 20.13964037206670 -153.19150089174852 350030.41876667551696 55.49433249040437 67.50615886958089
29670.0 0.00106355833646 20.12599015336345 -153.18403829740095 349960.11873025912791 55.46860584363397 67.93750783974967
29700.0 0.00176991475407 20.11256876717145 -153.17588641032972 350021.36316741723567 55.44170468148651 68.36872505426108
29730.0 0.00201643362248 20.09897858422794 -153.16814386386443 350011.49634935893118 55.41370037277649 68.79957002305166
29760.0 0.00129599274238 20.08535460700145 -153.16044710735892 349998.12991264369339 55.38459384731275 69.23001212927923
29790.0 0.00183732800035 20.07182545775180 -153.15243197265320 350048.97250172775239 55.35443591504563 69.65988322666048
29820.0 0.00226597337585 20.05801126134321 -153.14519698107318 349961.03191508725286 55.32313350874561 70.08941708607829
29850.0 0.00166325718649 20.04440033169514 -153.13725750974197 350004.31949681043625 55.29061833062283 70.51876755712362
29880.0 0.00093375719714 20.03076021632468 -153.12937190692273 350044.36309938319027 55.25711160812372 70.94730789535446
29910.0 0.00168438683493 20.01695515123626 -153.12188728659692 350012.72609912604094 55.22231200308538 71.37581772553111
29940.0 0.00212007385073 20.00312580830021 -153.11445809782950 349977.81417555548251 55.18650905877368 71.80350160163071
29970.0 0.00118732006961 19.98937505723976 -153.10669940973133 350006.79482111614197 55.14960959017456 72.23058497494371
30000.0 0.00120543356060 19.97558211798581 -153.09897711476677 350031.85654053650796 55.11151789282741 72.65728741681914
30030.0 0.00221465615161 19.96165104979009 -153.09167997276199 349985.89599765837193 55.07234513361296 73.08330017576441
30060.0 0.00152540626333 19.94778471617123 -153.08404108051062 350003.40590924583375 55.03197256541343 73.50889593800653
30090.0 0.00120342081917 19.93388251903161 -153.07644536681067 350017.17483086884022 54.99048254711312 73.93384374126019
30120.0 0.00190877027513 19.91984846325482 -153.06927566454965 349959.82674680463970 54.94787735520920 74.35811588214274
30150.0 0.00145597909375 19.90588221689323 -153.06177257202222 349966.27272808086127 54.90421404217911 74.78155566824579
30180.0 0.00135736776437 19.89187817493188 -153.05430928294879 349968.79887750651687 54.85939282906662 75.20438053949691
30210.0 0.00203655985490 19.87783167503199 -153.04687996816284 349967.15704503096640 54.81334026509803 75.62673547920066
30240.0 0.00116317308185 19.86375965235915 -153.03950439799422 349962.09092919528484 54.76630185046216 76.04803052608501
30270.0 0.00149018860677 19.84964007114985 -153.03215618179749 349952.55187912378460 54.71794733139966 76.46900027542519
30300.0 0.00106959537887 19.83557571936129 -153.02447118831972 350006.74330417998135 54.66859755427421 76.88889544548829
30330.0 0.00121147178489 19.82139551960910 -153.01721926658587 349989.85616096854210 54.61815104024006 77.30792996073502
30360.0 0.00125876116251 19.80725213315858 -153.00961213524440 350035.96674147062004 54.56650506582975 77.72630921460510
30390.0 0.00094381854053 19.79299994440382 -153.00244181521001 350011.07166559994221 54.51378311991008 78.14374416638798
30420.0 0.00162904649159 19.77870903546884 -152.99530772104066 349981.94189394079149 54.45985663906731 78.56049160051860
30450.0 0.00148716890369 19.76445362932325 -152.98782174068057 350015.93492639064789 54.40481863000908 78.97633319834573
30480.0 0.00130001822524 19.75016102881711 -152.98037696618249 350045.89350898470730 54.34867252454782 79.39124525845506
30510.0 0.00085728602349 19.73577284276896 -152.97337517457220 350004.96380141936243 54.29148102567112 79.80508437546621
30540.0 0.00231728941821 19.72134544701735 -152.96640780115581 349959.63582484144717 54.23306341473394 80.21820209211377
30570.0 0.00198322870735 19.70700843371089 -152.95869257171233 350044.54422604944557 54.17364772939619 80.63012238987733
30600.0 0.00208888049515 19.69250671660344 -152.95180164570195 349990.71045145858079 54.11291297280583 81.04146614444041
30630.0 0.00204863275784 19.67803477376730 -152.94456176846529 350000.11870444007218 54.05120695474842 81.45153134781997
30660.0 0.00149521986941 19.66352841355056 -152.93736428558930 350005.42900821007788 53.98842090912110 81.86052096859777
30690.0 0.00166728148747 19.64898092063086 -152.93020139424416 350006.26452972367406 53.92444625156645 82.26862725909976
30720.0 0.00154452317034 19.63440090231149 -152.92308237189710 350003.02883152198046 53.85941694173877 82.67558149943127
30750.0 0.00225792477389 19.61977989042228 -152.91599752123500 349995.25079337134957 53.79319594362317 83.08162542653520
30780.0 0.00143685982298 19.60512445232424 -152.90895380665970 349983.23262588214129 53.72588564095019 83.48655427243058
30810.0 0.00191983858017 19.59047111129298 -152.90154376779864 350033.65154330618680 53.65749021410288 83.89034879245428
30840.0 0.00105249003141 19.57574916099304 -152.89458580914416 350013.27677059080452 53.58807682285664 84.29287897865605
30870.0 0.00147710637842 19.56099067735851 -152.88766568203724 349988.44804917927831 53.51753514244338 84.69433088538570
30900.0 0.00258594962423 19.54621887937349 -152.88036732170744 350025.44165607821196 53.44578281033993 85.09483285816145
30930.0 0.00153949190770 19.53139253704498 -152.87352952507320 349991.97513704281300 53.37310682941349 85.49387740235321
30960.0 0.00213818379608 19.51651929222244 -152.86671748862565 349953.38263357896358 53.29912717353974 85.89210363522845
30990.0 0.00197115580441 19.50164224631746 -152.85954236094739 349977.32686845492572 53.22421856102633 86.28886519449645
31020.0 0.00123561995452 19.48672887910379 -152.85240761511682 349996.85428097564727 53.14826479961492 86.68435248360719
31050.0 0.00175381282263 19.47177233777957 -152.84530565554709 350011.55044402275234 53.07115149137150 87.07874349752940
31080.0 0.00179607566514 19.45678142175304 -152.83824554738842 350021.86169773433357 52.99302290896954 87.47179329308368
31110.0 0.00267247859563 19.44174742958736 -152.83121778186342 350027.26668621320277 52.91373350155868 87.86372667110648
31140.0 0.00236659390102 19.42667715745920 -152.82422925383796 350028.10430570691824 52.83339503480137 88.25435553922158
31170.0 0.00203555171136 19.41157093388665 -152.81727999049039 350024.35601769853383 52.75201223545947 88.64366573400004
31200.0 0.00230118985053 19.39643304281322 -152.81037413699116 350016.22880232986063 52.66965641324525 89.03154222651301
31230.0 0.00186248549540 19.38125668214858 -152.80350426653769 350003.29946588072926 52.58621280657418 89.41815525055553
31260.0 0.00193895548717 19.36603679592820 -152.79666486322259 349985.23572587314993 52.50159489641361 89.80362460504477
31290.0 0.00211504258810 19.35079150229670 -152.78987437203352 349963.04289599228650 52.41610813198994 90.18748905358528
31320.0 0.00268052956135 19.33548751528832 -152.78268504431503 350001.26858818531036 52.32934995265494 90.57033537807683
31350.0 0.00253161151502 19.32015251162260 -152.77554209957086 350035.18298910371959 52.24171920566790 90.95157490724415
31380.0 0.00173067161465 19.30479421499381 -152.76886233580157 349998.46497579943389 52.15309276725211 91.33138512377452
31410.0 0.00168941809756 19.28939609552375 -152.76221538548788 349956.62462917622179 52.06335104132057 91.70992990527398
31440.0 0.00184236044486 19.27392632125621 -152.75475766655362 350041.67333522439003 51.97264735561412 92.08698875940817
31470.0 0.00279422995111 19.25845218738748 -152.74818306622143 349989.89806232787669 51.88082836493655 92.46276934954653
31500.0 0.00292302412878 19.24291948062228 -152.74121979166262 349998.95436470955610 51.78801434129989 92.83710114787007
31530.0 0.00304075000140 19.22734889866459 -152.73429402773294 350003.06027326174080 51.69421018465832 93.20997503894274
31560.0 0.00235451981620 19.21174474754589 -152.72740976414136 350002.43917859811336 51.59949049148936 93.58129086859755
31590.0 0.00320174213254 19.19610017370485 -152.72055982914296 349996.63310703076422 51.50373678973529 93.95120350270082
31620.0 0.00225691781224 19.18040999772416 -152.71373880637944 349985.27756211906672 51.40685871697047 94.31982425083046
31650.0 0.00302565857725 19.16469271166850 -152.70696474189810 349969.47461225558072 51.30917779294011 94.68673826426595
31680.0 0.00365855879678 19.14888183405762 -152.69978099333372 350012.99398605618626 51.21027138076889 95.05247989000654
31710.0 0.00304075118328 19.13308314697294 -152.69307496076240 349986.59759875200689 51.11055953946286 95.41651831798637
31740.0 0.00304075000140 19.11724971309279 -152.68640735292786 349955.15963856317103 51.00991273396171 95.77901786981096
31770.0 0.00238571080802 19.10132402541574 -152.67933643284104 349983.33181296195835 50.90820677531918 96.14012852908910
31800.0 0.00244407085445 19.08536020261252 -152.67230393728585 350006.39012863207608 50.80560274578094 96.49965402478004
31830.0 0.00245010907874 19.06934910924495 -152.66530069421572 350023.70533549413085 50.70194024208834 96.85778488176265
31860.0 0.00332751778900 19.05329800088465 -152.65833347108773 350035.69696886464953 50.59734710788569 97.21436826247214
31890.0 0.00314137170845 19.03720712069260 -152.65140219651744 350042.33756824210286 50.49182805019134 97.56939972082959
31920.0 0.00252959759171 19.02108079537920 -152.64451071278765 350043.86731611471623 50.38546010272615 97.92279331120486
31950.0 0.00327620292852 19.00491213156921 -152.63765208443775 350039.79259734228253 50.27812177887552 98.27468906563847
31980.0 0.00341505844958 18.98869583248986 -152.63082098370285 350029.71503178030252 50.16971918691113 98.62518982902054
32010.0 0.00401073299863 18.97245075648696 -152.62403508784953 350014.83837616909295 50.06058754011636 98.97392595118168
32040.0 0.00373603693209 18.95615211997236 -152.61727053065474 349993.46802983991802 49.95028659373267 99.32138026497314
32070.0 0.00399362646930 18.93982453411900 -152.61055035765455 349967.20207875221968 49.83925469748063 99.66707841309766
32100.0 0.00290793152275 18.92337978092621 -152.60342520905047 349999.92641973588616 49.72735644820509 100.01117145075590
32130.0 0.00304779164170 18.90688574198193 -152.59632854368354 350026.53179559763521 49.61446365901504 100.35379577600118
32160.0 0.00350058755060 18.89043783428946 -152.58971183931922 349983.30480414628983 49.50074388979914 100.69477838599653
32190.0 0.00254569715939 18.87385733625588 -152.58268070516183 349998.22918372880667 49.38603042265355 101.03429286293056
32220.0 0.00284454021369 18.85723505370875 -152.57568422968066 350007.39918503072113 49.27045773537696 101.37220356992093
32250.0 0.00236558812125 18.84057118923872 -152.56872229169900 350010.78210549615324 49.15403001041468 101.70851011273166
32280.0 0.00322589266594 18.82387008783995 -152.56179859264361 350008.63532159198076 49.03682592422734 102.04313968406079
32310.0 0.00279724729043 18.80712482920519 -152.55490641625175 350000.42876099981368 48.91872164048250 102.37621809456739
32340.0 0.00267046703608 18.79033000641595 -152.54804051314326 349985.72846171446145 48.79962005883682 102.70783975597895
32370.0 0.00180613819041 18.77339953279849 -152.54077122332501 350029.63911361526698 48.67986779896955 103.03767802668143
32400.0 0.00328727005169 18.75651597667871 -152.53396852781117 350002.65069401450455 48.55900942308691 103.36616598453867
32430.0 0.00225993633344 18.73960196965033 -152.52720869245917 349970.37941901478916 48.43749972572177 103.69288224666010
32460.0 0.00337179100918 18.72253602879801 -152.52003551785222 349995.77862600982189 48.31519604878111 104.01796640466181
32490.0 0.00304276156095 18.70541895616783 -152.51288967915221 350014.55366542376578 48.19196776381676 104.34154079510368
32520.0 0.00198021254990 18.68826028426853 -152.50577951306789 350027.34386433474720 48.06798770448458 104.66345422116467
32550.0 0.00331343096275 18.67105047648020 -152.49869611579209 350033.40024435799569 47.94308357846035 104.98386371121366
32580.0 0.00409424699447 18.65379725591279 -152.49164615142425 350033.23473511449993 47.81739559986647 105.30264990157228
32610.0 0.00369277067357 18.63650078593459 -152.48462944778234 350026.80885153543204 47.69092714648820 105.61981570750359
32640.0 0.00330840088200 18.61916542930372 -152.47764957303971 350014.39776318054646 47.56375782485160 105.93530015153779
32670.0 0.00326010336084 18.60178424815929 -152.47070000993932 349995.43384401965886 47.43576207985692 106.24921551600572
32700.0 0.00304276392471 18.58435173012193 -152.46377557431995 349969.44555458892137 47.30683993156186 106.56164785697118
32730.0 0.00457118752737 18.56674917350442 -152.45644029475733 350000.69622923620045 47.17734727215093 106.87231068226481
32760.0 0.00491329684019 18.54908358702679 -152.44912315573711 350024.17044106684625 47.04681578098047 107.18158971619386
32790.0 0.00466979649298 18.53152436611197 -152.44230037856286 349979.09286808688194 46.91571211351341 107.48911487600277
32820.0 0.00339594036069 18.51377873845507 -152.43505721959630 349990.22892075311393 46.78389081718309 107.79501100513319
32850.0 0.00370987602102 18.49598032195955 -152.42784033825572 349994.19667093176395 46.65121743873485 108.09938864584659
32880.0 0.00368874637259 18.47813882845047 -152.42065792339093 349991.69072261173278 46.51786898612486 108.40211664285516
32910.0 0.00394230924506 18.46024453115207 -152.41350117636154 349981.89708213694394 46.38366831830090 108.70333603925015
32940.0 0.00354284684747 18.44214793657111 -152.40592072599802 350027.61207618098706 46.24876055463050 109.00294255029920
32970.0 0.00424316504079 18.42416133957516 -152.39882793355383 350004.23504082672298 46.11314804670906 109.30094163204309
33000.0 0.00346536871216 18.40613440498568 -152.39177065552201 349974.38168158195913 45.97691071369614 109.59728273464439
33030.0 0.00356900894041 18.38789452543020 -152.38428537973147 349999.40714812744409 45.83992187457052 109.89206538234141
33060.0 0.00320476065374 18.36959628012698 -152.37682338731014 350016.65448288433254 45.70207900383426 110.18536742688589
33090.0 0.00451484022237 18.35125958542667 -152.36940145114994 350027.66501189768314 45.56374532383722 110.47693929544879
33120.0 0.00417071816812 18.33285819686440 -152.36199677705559 350030.25916480273008 45.42444179854160 110.76712220802426
33150.0 0.00474425374333 18.31441827211668 -152.35463140199366 350026.49598750937730 45.28464550170838 111.05559263650962
33180.0 0.00406305363889 18.29593162428502 -152.34729797632184 350015.65617231559008 45.14420680271019 111.34246280683078
33210.0 0.00382659847763 18.27739077536923 -152.33998982098211 349997.06445267982781 45.00298893823841 111.62783119190657
33240.0 0.00434780986694 18.25880561800487 -152.33271499359171 349971.47437698766589 44.86117211119861 111.91158478443742
33270.0 0.00575247173645 18.23997875059350 -152.32500477766567 349999.20751526672393 44.71857503094116 112.19384936532119
33300.0 0.00447157278197 18.22110042012124 -152.31732511867793 350019.48198483698070 44.57534697226512 112.47453440997795
33330.0 0.00340399132641 18.20236364735599 -152.31013638598534 349971.23548712767661 44.43148909685334 112.75364719123715
33360.0 0.00309106026398 18.18319405298475 -152.30206002581420 350037.80327904038131 44.28708111623570 113.03114620094121
33390.0 0.00345128188591 18.16436183505054 -152.29493300903621 349974.70326274912804 44.14199577380237 113.30711903973670
33420.0 0.00365151715648 18.14507328232585 -152.28690590388015 350024.81355397868901 43.99612833160795 113.58163559114166
33450.0 0.00414254333374 18.12594373622346 -152.27937896551944 350007.37735564541072 43.84984760825958 113.85447984120187
33480.0 0.00371993972817 18.10674812364340 -152.27186839969798 349980.84260314889252 43.70266585198092 114.12595162315617
33510.0 0.00323997831031 18.08730391403632 -152.26393361147143 350007.84354633465409 43.55506838573547 114.39576991452924
33540.0 0.00411537664290 18.06780653863609 -152.25602913092632 350026.99078219011426 43.40690194868900 114.66403484225125
33570.0 0.00343417772034 18.04824844273391 -152.24814838136962 350037.55524560343474 43.25802797768997 114.93083349728185
33600.0 0.00444641883256 18.02863970757330 -152.24029932260902 350040.35113881807774 43.10862901441580 115.19606912778916
33630.0 0.00458728591316 18.00897023942893 -152.23247330871746 350034.41917736828327 42.95852028129544 115.45985309460806
33660.0 0.00507227622990 17.98924849398845 -152.22467693012123 350020.43613384198397 42.80785454423885 115.72210729620153
33690.0 0.00350762919091 17.96947453003144 -152.21690986491265 349998.34036775864661 42.65663166318597 115.98284018557258
33720.0 0.00540130804189 17.94965276836817 -152.20917533992542 349968.46284333243966 42.50493071398564 116.24201799879603
33750.0 0.00491430261996 17.92931474443576 -152.20053865532569 350049.21085393801332 42.35262436787306 116.49971729149453
33780.0 0.00601609831607 17.90937234166352 -152.19285164383581 350001.56771779432893 42.19960600033789 116.75600029516593
33810.0 0.00588629599487 17.88915389387289 -152.18473766876440 350005.98425317369401 42.04624850136853 117.01068124104820
33840.0 0.00491631772515 17.86886298617084 -152.17663869534553 350000.35461953561753 41.89205722202948 117.26402180660905
33870.0 0.00490725861590 17.84828532921171 -152.16811117493938 350046.20414742454886 41.73752381385655 117.51577946211795
33900.0 0.00452087726478 17.82813685220611 -152.16054329263480 349965.36528385244310 41.58249190873239 117.76604286176534
33930.0 0.00438705182448 17.80743863997466 -152.15206752490568 349993.25168747920543 41.42682161747294 118.01488846064419
33960.0 0.00473419358182 17.78668393957858 -152.14362207107934 350012.53162202984095 41.27069708315523 118.26223395777659
33990.0 0.00473218084039 17.76586248313088 -152.13519832716355 350022.16473725251853 41.11393065938431 118.50817721538370
34020.0 0.00506020214508 17.74498298736336 -152.12680288995176 350022.89079681038857 40.95667802197655 118.75265127054202
34050.0 0.00540633812264 17.72404548530325 -152.11843538862064 350014.63765430543572 40.79893766091585 118.99566522568576
34080.0 0.00473821670092 17.70305442647699 -152.11009895840442 349997.75555826816708 40.64078767140822 119.23719189223131
34110.0 0.00457722456977 17.68200289653217 -152.10178769626509 349971.50827478524297 40.48210110612398 119.47729767909740
34140.0 0.00446151143858 17.66061957552826 -152.09302989039028 349993.31098572630435 40.32276976639031 119.71603754753892
34170.0 0.00501190698769 17.63918558739484 -152.08430812872899 350006.80929055251181 40.16316928878899 119.95325282497924
34200.0 0.00537514476706 17.61794400025855 -152.07606708071037 349951.40817219018936 40.00279976001607 120.18917025297489
34230.0 0.00625155006131 17.59611041043938 -152.06692746913023 350003.21175310947001 39.84215747898366 120.42358196071166
34260.0 0.00558946686387 17.57421228888329 -152.05781561626799 350045.39917506184429 39.68108346086665 120.65656582811859
34290.0 0.00399563802885 17.55279915921987 -152.04965960876748 349962.19282991159707 39.51943692388967 120.88818845235541
34320.0 0.00631494018849 17.53077231553021 -152.04059838680897 349984.65021751355380 39.35740298422495 121.11838031818320
34350.0 0.00539728137715 17.50867327806573 -152.03155767841960 349996.46998495329171 39.19479169514341 121.34722675054017
34380.0 0.00545161712259 17.48651103466037 -152.02254409923344 349998.46089516766369 39.03176113805694 121.57467073535449
34410.0 0.00664195689529 17.46428559546728 -152.01355722159363 349990.53965798020363 38.86830839994778 121.80072160086291
34440.0 0.00616702792194 17.44200144212144 -152.00460009265234 349973.07725086435676 38.70451032195133 122.02535770961558
34470.0 0.00509642676330 17.41935738114778 -151.99519907474107 350002.01091130543500 38.54024074134618 122.24863621732825
34500.0 0.00558443560124 17.39663653559961 -151.98581678312516 350019.66102425102144 38.37539017890555 122.47060524281598
34530.0 0.00513566872084 17.37415978418239 -151.97693731813467 349971.66396861057729 38.21033587778183 122.69113029569667
34560.0 0.00508334453494 17.35100049643319 -151.96713455150334 350024.43120873812586 38.04457411067882 122.91040629590677
34590.0 0.00530269907627 17.32839016270193 -151.95830191365266 349955.18245473876595 37.87860436549515 123.12825646453176
34620.0 0.00609256948972 17.30510636122803 -151.94855984643198 349988.01903028693050 37.71226549391918 123.34474864362841
34650.0 0.00556129202950 17.28174553667565 -151.93883798889146 350009.35074736550450 37.54541621232580 123.55994035639354
34680.0 0.00727284910090 17.25831837781134 -151.92914410828385 350020.20482380967587 37.37824207965070 123.77377337214267
34710.0 0.00469293651909 17.23481426656094 -151.91946957618410 350019.36064951494336 37.21055136462552 123.98632144503260
34740.0 0.00589837244345 17.21124247450786 -151.90982104336285 350007.70299956854433 37.04250411938634 124.19753643507376
34770.0 0.00489015445033 17.18760299080488 -151.90019801637331 349985.13674616813660 36.87409602140580 124.40742757101735
34800.0 0.00565084661338 17.16390033322740 -151.89060345847869 349952.05536466930062 36.70540244509377 124.61597788649991
34830.0 0.00593258077459 17.13947715245972 -151.88009492060618 350017.94977543037385 36.53629836551079 124.82323615152208
34860.0 0.00528257520761 17.11562326263438 -151.87054068108705 349961.13756220880896 36.36667329448565 125.02924409565932
34890.0 0.00660271375587 17.09105436438554 -151.86008341285597 350004.27531690243632 36.19690510804364 125.23388876642952
34920.0 0.00612174892199 17.06639235433472 -151.84963755395196 350033.79874725546688 36.02648754176393 125.43733620473738
34950.0 0.00692872586477 17.04200152132940 -151.83969292054749 349998.15351270511746 35.85592201620305 125.63943746932307
34980.0 0.00673352067496 17.01754251154514 -151.82977376834776 349951.14643945731223 35.68504563286440 125.84025110875238
35010.0 0.00657353550548 16.99232655394720 -151.81893695717693 350000.50013788137585 35.51371695453437 126.03982633982157
35040.0 0.00654536185298 16.96703540031545 -151.80812697550692 350038.07829739246517 35.34212153779996 126.23811488577238
35070.0 0.00510045106428 16.94200375835758 -151.79780341039509 350008.48240021243691 35.17006633023841 126.43517987299846
35100.0 0.00660472649730 16.91690073362604 -151.78750463885888 349967.03150796983391 34.99771298054505 126.63098108203556
35130.0 0.00559952938914 16.89102526556729 -151.77629363573695 350021.21005009301007 34.82505576995720 126.82552740102851
35160.0 0.00729699608866 16.86577896271062 -151.76604625399912 349955.97054273914546 34.65216844396892 127.01880578898073
35190.0 0.00682508563652 16.83974796666895 -151.75488398458407 349985.32912599854171 34.47892742038444 127.21085745499323
35220.0 0.00647291379843 16.81362717917347 -151.74373812067515 350000.86358149908483 34.30522144998674 127.40171819942306
35250.0 0.00648901454799 16.78743880072123 -151.73262478898960 350005.03124269004911 34.13142821576757 127.59129424269294
35280.0 0.00718430029679 16.76115372486239 -151.72152154848322 349994.32748029567301 33.95704003068373 127.77972547607176
35310.0 0.00731611535943 16.73480143940798 -151.71044996296732 349972.07896818313748 33.78255917284979 127.96688787041089
35340.0 0.00749521743592 16.70763698120154 -151.69846684455433 350042.71595515869558 33.60782136635076 128.15283140924242
35370.0 0.00828508903124 16.68111909382933 -151.68743722399074 349993.67288713529706 33.43268532684935 128.33759773698654
35400.0 0.00720643808876 16.65378246068241 -151.67549761528471 350037.08992038667202 33.25733623762532 128.52114736543285
35430.0 0.00829313763320 16.62710241311147 -151.66451015395324 349961.17134764231741 33.08158013707865 128.70353369167631
35460.0 0.00629481750171 16.59959271658221 -151.65261097423030 349976.76088166981936 32.90557994957584 128.88472358138205
35490.0 0.00892100895385 16.57199896445839 -151.64073484496939 349978.69645511731505 32.72932858716398 129.06472540971004
35520.0 0.00771155227416 16.54432578754264 -151.62888458910152 349967.41913871280849 32.55289804568626 129.24352943511846
35550.0 0.00828408325147 16.51579642238871 -151.61611999915655 350045.56305386219174 32.37616644581230 129.42117007613555
35580.0 0.00649303884897 16.48793978985901 -151.60430503774671 350004.77372983377427 32.19902200040583 129.59767765572229
35610.0 0.00816132611621 16.46001339675743 -151.59252121630718 349951.58655092213303 32.02184150337931 129.77297547515334
35640.0 0.00851450373408 16.43120310183514 -151.57981190222225 349984.90147316921502 31.84411681109813 129.94717976981684
35670.0 0.00686432759406 16.40231390602443 -151.56713319903810 350005.03789899591357 31.66635014392136 130.12018882250919
35700.0 0.00789367523561 16.37333647713500 -151.55447748070145 350010.70954919885844 31.48837618185809 130.29204474654878
35730.0 0.00989099076921 16.34426287061897 -151.54183816088980 350000.78041340596974 31.31005406026693 130.46278230223265
35760.0 0.00857085222095 16.31510450771013 -151.52922303428576 349976.55227748677135 31.13156828194134 130.63236977824386
35790.0 0.00884252740253 16.28504184126787 -151.51569044139723 350037.67303907964379 30.95272433940969 130.80085168176129
35820.0 0.00919469569499 16.25569711188509 -151.50311286754609 349982.59664048347622 30.77368615758897 130.96820123863674
35850.0 0.00954888263827 16.22544879656338 -151.48962450845443 350013.28467721492052 30.59444531605222 131.13442619249645
35880.0 0.01009323878120 16.19510998994917 -151.47616079746149 350029.00280292052776 30.41507197385373 131.29951957917334
35910.0 0.00959114311701 16.16467397945515 -151.46271601796420 350028.74095309525728 30.23544617348511 131.46350973546532
35940.0 0.01030252961538 16.13413447173918 -151.44928476338225 350011.52456580568105 30.05545578896415 131.62642193904995
35970.0 0.00853060330176 16.10351461488354 -151.43588342945125 349980.23426975961775 29.87547614193706 131.78819473723254
36000.0 0.00985376155310 16.07194289130503 -151.42155823519934 350029.83045977447182 29.69499946383340 131.94892295995638
36030.0 0.00997450712880 16.04112810841147 -151.40819285150860 349965.77003253996372 29.51452714249755 132.10852491156237
36060.0 0.01093643797844 16.00937348855989 -151.39391848423216 349984.50024160742760 29.33389310945605 132.26703548445278
36090.0 0.01164279321417 15.97751234168211 -151.37965905872659 349985.71939792577177 29.15295714993541 132.42448318962465
36120.0 0.00891296035190 15.94555638487628 -151.36542244116524 349970.83867541048676 28.97190283335264 132.58084322028313
36150.0 0.01078349444926 15.91262983041492 -151.35027043639914 350035.70560572389513 28.79053542458352 132.73615196523411
36180.0 0.00898540840645 15.88046755187524 -151.33606835985725 349986.20940785575658 28.60901961355956 132.89038838591290
36210.0 0.01090323306331 15.84733609622641 -151.32095777624738 350016.95202389825135 28.42734569021068 133.04355951672659
36240.0 0.00957806207054 15.81410469411128 -151.30587035560242 350030.89531381987035 28.24558191721340 133.19566073693437
36270.0 0.00962837233312 15.78076668500796 -151.29080030355237 350026.96227730903774 28.06361044021779 133.34671494593888
36300.0 0.01203923945432 15.74731569228149 -151.27574202625507 350004.09471950028092 27.88131897099704 133.49674278061354
36330.0 0.01189434452709 15.71377540832587 -151.26071218025808 349965.41771198809147 27.69908087321453 133.64569643605580
36360.0 0.01074525945337 15.67921878451893 -151.24476069770580 350001.81440182961524 27.51638946504892 133.79365134648626
36390.0 0.01108736876619 15.64456469506218 -151.22883724261229 350021.56235435046256 27.33374464940966 133.94054383513887
36420.0 0.01056716079289 15.60980345601356 -151.21293371869785 350023.13809475209564 27.15097986991373 134.08640217002363
36450.0 0.01191849387861 15.57492699222994 -151.19704320685554 350005.21782337967306 26.96795575844085 134.23124919039978
36480.0 0.01180982356960 15.53994734070134 -151.18117368051907 349969.33564074803144 26.78485474437542 134.37506624559137
36510.0 0.01056615501312 15.50393442002056 -151.16439131446739 350007.43430319428444 26.60148214193213 134.51788230558657
36540.0 0.01283011564754 15.46780890701771 -151.14762844188593 350026.49990094732493 26.41800320467671 134.65968153246226
36570.0 0.01241153279731 15.43157080294471 -151.13088406971301 350026.35121219698340 26.23440697933462 134.80047020373203
36600.0 0.01192553906456 15.39522499812180 -151.11416082567459 350007.51994203217328 26.05075979472799 134.94024568205614
36630.0 0.01269528324559 15.35876487417771 -151.09745278611817 349968.85764889232814 25.86694604834210 135.07902600903563
36660.0 0.01053898832228 15.32124353364388 -151.07983203518651 350001.40901118982583 25.68285344414016 135.21682755292943
36690.0 0.01082374336845 15.28361699539101 -151.06223856812767 350015.74020510539412 25.49885298700202 135.35361477230899
36720.0 0.01263088615675 15.24585379009432 -151.04464791966174 350006.98813909105957 25.31443968683078 135.48944548428256
36750.0 0.01235216933487 15.20798642425490 -151.02708319068202 349979.79168400727212 25.13011141559875 135.62427229103375
36780.0 0.01241455131851 15.16904732841173 -151.00861574521718 350023.41378290485591 24.94570135733611 135.75811737644270
36810.0 0.01038403205166 15.12997744771997 -150.99015954808237 350044.86256595514715 24.76107115755778 135.89099842738938
36840.0 0.01207646867043 15.09078919511095 -150.97172271594417 350045.80751599837095 24.57640193815503 136.02290231003587
36870.0 0.01218815631876 15.05147078239938 -150.95329531114163 350024.24805054627359 24.39149930240065 136.15385120236908
36900.0 0.01227066571670 15.01203367359083 -150.93488473328969 349981.72265729960054 24.20652889553429 136.28383401152888
36930.0 0.01315008835028 14.97149897098743 -150.91557208730080 350007.35826839227229 24.02147856951281 136.41285623172757
36960.0 0.01394901432734 14.93084214686265 -150.89627866165250 350011.75603551138192 23.83641269979526 136.54091691044493
36990.0 0.01256548447003 14.89005664215835 -150.87699833921812 349993.68808464892209 23.65121805497323 136.66802974852874
37020.0 0.01360388649331 14.84913589103611 -150.85772496803060 349951.90194215159863 23.46578246637652 136.79420718283140
37050.0 0.01560824603097 14.80710926943741 -150.83756035414632 349978.15093557629734 23.28047425166611 136.91942474268490
37080.0 0.01507093271022 14.76493184601018 -150.81739576812950 349978.44440171029419 23.09479062364588 137.04372418925149
37110.0 0.01594331370349 14.72263708924076 -150.79725505533727 349957.84744591917843 22.90922696947710 137.16707290090872
37140.0 0.01433137137748 14.67920695700309 -150.77621525972063 350001.64438475575298 22.72361641299229 137.28948746058370
37170.0 0.01648465132522 14.63563295160806 -150.75518399990500 350020.54909015819430 22.53782175307975 137.41098086514819
37200.0 0.01853931994359 14.59192789080296 -150.73416957887619 350016.38501989934593 22.35202267066825 137.53154495367960
37230.0 0.01976487737284 14.54807972986186 -150.71316154193809 349986.96950467675924 22.16602526427728 137.65119566786470
37260.0 0.01404259203032 14.50307626107237 -150.69125565582280 350019.82762678712606 21.97999542436671 137.76992627421842
37290.0 0.01495320683760 14.45793361662602 -150.66936352955443 350028.26930976938456 21.79391985711005 137.88774147173996
37320.0 0.01110648685508 14.41265695049667 -150.64748764291122 350012.90575343091041 21.60786097962583 138.00464174497719
37350.0 0.01458292505416 14.36723974062199 -150.62562161282699 349972.42393321264535 21.42170802550359 138.12063691197116
37380.0 0.01416434220393 14.32063516902483 -150.60284925958558 349990.01669897790998 21.23534907084156 138.23573577971931
37410.0 0.01637698561411 14.27390117234162 -150.58009942834695 349984.53379829227924 21.04914947987353 138.34992392590860
37440.0 0.01632265223243 14.22595668208251 -150.55643695948100 350034.11586398258805 20.86260909753759 138.46322841532668
37470.0 0.01614254083052 14.17892830825817 -150.53370413205849 349976.13409458473325 20.67622045158780 138.57563011241388
37500.0 0.01772429558073 14.13070579867016 -150.51007517921377 349976.14913046639413 20.48981677886945 138.68714042634053
37530.0 0.01481233857512 14.08126911518286 -150.48554387613893 350031.53471335023642 20.30326214839872 138.79776807175386
37560.0 0.01831694806294 14.03274701736521 -150.46193274915638 349978.00084660295397 20.11673469447084 138.90750939995098
37590.0 0.01895387731096 13.98300393643750 -150.43741788474230 349978.82320267800242 19.93004118789335 139.01637460399166
37620.0 0.01515243514651 13.93311207257916 -150.41291391865590 349952.89535477943718 19.74334763955456 139.12436098559743
37650.0 0.01855340795172 13.88199643932372 -150.38751489745869 349981.70055659767240 19.55663965880393 139.23147244593193
37680.0 0.01745966203945 13.83072976874696 -150.36212873443162 349983.53941568173468 19.36997771093397 139.33771070082227
37710.0 0.01834612985897 13.77930557818185 -150.33674868251572 349957.00546831544489 19.18325356669602 139.44308208866747
37740.0 0.01891966543418 13.72663068436451 -150.31046518546651 349981.41499420441687 18.99635564841230 139.54759205298024
37800.0 0.01829380449120 13.61971733706163 -150.25702599779646 350025.93045455683023 18.62262791795639 139.75402551739606
37830.0 0.01553580034018 13.56547319162412 -150.22986923003333 350045.17621850594878 18.43579030278151 139.85595581065135
37860.0 0.01666375458359 13.51106749835846 -150.20272035143603 350035.33262483496219 18.24896680838293 139.95703283688292
37890.0 0.01513935528192 13.45649176222397 -150.17557080111732 349994.56886725686491 18.06202286969415 140.05726138511173
37920.0 0.01782894040688 13.40065123981011 -150.14753067734307 350004.06258334778249 17.87513499324886 140.15664193059368
37950.0 0.01622605600824 13.34463444096931 -150.11948802883248 349981.61259654443711 17.68811077284369 140.25517934147513
37980.0 0.01726244647197 13.28733872649990 -150.09055366780217 350007.68708511069417 17.50111623415869 140.35287468472075
38040.0 0.01825959616005 13.17224189541439 -150.03270240649297 349968.34332706313580 17.12722841302944 140.54575126260718
38070.0 0.01940365115302 13.11331330491894 -150.00288500610264 349979.61788456607610 16.94028802111436 140.64093848504663
38100.0 0.01872144290504 13.05419931233421 -149.97306128839759 349957.13668660633266 16.75320361817549 140.73529504625762
38160.0 0.01974575928396 12.93318866638018 -149.91163674258735 349971.76205892488360 16.37918549087580 140.92152679128617
38280.0 0.01903638552702 12.68330686603022 -149.78433585174696 349990.27187248133123 15.63143921680310 141.28414061553153
38400.0 0.01920039499749 12.42236835678741 -149.65075384070681 349990.40240399353206 14.88371024828226 141.63375129003751
38580.0 0.01701693338334 12.00763292517599 -149.43690969401609 350040.28279508370906 13.76287273412751 142.13412763097872
38610.0 0.01814589458841 11.93722630588380 -149.40079413015155 349957.42584443837404 13.57614310435132 142.21474746142570
38640.0 0.01927586157325 11.86424879156387 -149.36290494668268 349983.40238368324935 13.38952026732984 142.29458274447751
38670.0 0.01862786638394 11.79105473819113 -149.32499657433365 349969.66577198728919 13.20281382837008 142.37362873591715
38760.0 0.01627334774962 11.56545499686032 -149.20768322153756 349990.24870560597628 12.64319024324081 142.60608789603819
38820.0 0.01394297846681 11.40997196165911 -149.12646161810792 350045.39492182806134 12.27025789648634 142.75717135751088
38880.0 0.01288847569397 11.25241109381063 -149.04429299263722 350012.92611819785088 11.89753089934773 142.90516485786722
38970.0 0.01846586729114 11.00896124730176 -148.91695158462645 349981.00336010102183 11.33899423511016 143.12140336945114
39030.0 0.01671809032904 10.84063369378094 -148.82843490120766 350031.29054841957986 10.96683709345483 143.26173991683629
39060.0 0.01862484786273 10.75612585565952 -148.78413746083166 349993.81430730782449 10.78083398915074 143.33076729146404
39090.0 0.01904443531086 10.67015808933334 -148.73894066640023 349983.75312045402825 10.59491808111662 143.39903855256296
39120.0 0.01434747094516 10.58272788437390 -148.69284818639835 350001.39943295810372 10.40914225250262 143.46655889147556
39150.0 0.01643836654550 10.49382000229184 -148.64585239581339 350044.24326619040221 10.22340880919880 143.53332382971192
39180.0 0.01416836768679 10.40466237246566 -148.59881544400935 350041.57944632787257 10.03760831909331 143.59932736982267
39210.0 0.01618782101235 10.31527295255595 -148.55174923402396 349996.97076986357570 9.85193107752576 143.66458366892385
39240.0 0.00758074535506 10.22315649236855 -148.50291445452018 350046.02107004169375 9.66640882667330 143.72909681284395
39270.0 0.01214992014100 10.13205173916817 -148.45491596035114 349984.67304097581655 9.48099365105708 143.79286522601075
39300.0 0.00731711995732 10.03819127153143 -148.40513394790784 350012.25494161155075 9.29555697783103 143.85588090827900
39330.0 0.00884856444494 9.94409138190946 -148.35531843545559 349997.08847487252206 9.11026851488899 143.91815784828546
39360.0 0.00309307300541 9.84847632724421 -148.30458461404038 350002.08512971457094 8.92494007762959 143.97968306375049
39390.0 0.00933959062221 9.75135438619034 -148.25294481408031 350029.96581380348653 8.73973715038947 144.04047062406502
39420.0 0.00704343321619 9.65398366193113 -148.20126244629250 350013.42832150310278 8.55464054277950 144.10052056443627
39450.0 0.01009826886196 9.55637052326472 -148.14953891222211 349953.52923282422125 8.36970138181388 144.15983863640386
39480.0 0.00339694732235 9.45469421578132 -148.09516986839205 350046.26966952066869 8.18482455851870 144.21841842149718
39510.0 0.00335468684360 9.35529243098512 -148.04246829985323 349958.61374128703028 7.99990121982545 144.27625162111789
39540.0 0.00710481060194 9.25309376955351 -147.98798995448604 349958.15887123905122 7.81511969073563 144.33335554405548
39570.0 -0.00382659729575 9.14808758972564 -147.93173825743270 350044.60115962848067 7.63051111109486 144.38973452573450
39600.0 0.00154754287342 9.04538206130063 -147.87715794754786 349954.61586175020784 7.44602754925015 144.44538579063058
39630.0 -0.00106456411623 8.93856218008731 -147.81992381222955 350012.25342759862542 7.26154110164825 144.50029869944254
39660.0 0.00005232300401 8.83148249766388 -147.76263527734403 350024.75690217316151 7.07722153164114 144.55449015025343
39690.0 -0.00212611089314 8.72412709003024 -147.70527234896508 349987.94155235122889 6.89288093340001 144.60794338433394
39720.0 -0.00063994540547 8.61393069359621 -147.64612697315229 350034.98821882810444 6.70868464665558 144.66067528343802
39750.0 0.00098105012040 8.50475987783653 -147.58777457739075 349970.79848813172430 6.52461263654841 144.71268516172029
39780.0 0.00142176603508 8.39274014765407 -147.52763913102743 349990.38386517670006 6.34071430875890 144.76397926874822
39810.0 -0.00188764062669 8.28044708645809 -147.46742781574540 349962.14951326791197 6.15689713472797 144.81454939631675
39840.0 -0.00527351728024 8.16527028659935 -147.40541212415673 350011.99132284615189 5.97305287634978 144.86438502196452
39870.0 -0.00259500282408 8.04982194065771 -147.34332245466567 350015.34272363223135 5.78936788157161 144.91350648345266
39930.0 -0.00587049898844 7.81550743346521 -147.21719937337835 350011.66234409995377 5.42251941957684 145.00961669657400
39960.0 -0.01224752332684 7.69661871684539 -147.15314367509379 350000.08099139947444 5.23918250105160 145.05658849679352
39990.0 -0.01393895180207 7.57614727985420 -147.08814857770966 350006.04245863016695 5.05602840805578 145.10285316787318
40020.0 -0.01619888931739 7.45538388779087 -147.02304712752027 349961.10059810616076 4.87287123839313 145.14839043513777
40050.0 -0.01679959158344 7.33171412593460 -146.95614459955451 349996.37923023849726 4.68987614972426 145.19321995589993
40080.0 -0.01672815403619 7.20776210404808 -146.88914368486988 349984.07936277147382 4.50702229729502 145.23734031786887
40110.0 -0.01954451705174 7.08221398884886 -146.82119263264923 349988.83600537106395 4.32435740164861 145.28075821576954
40140.0 -0.01952842102971 6.95505609824372 -146.75227936398335 350008.18372510932386 4.14179150499855 145.32346378217198
40170.0 -0.01615964617797 6.82759765514651 -146.68324080331342 349975.93863237276673 3.95921701635216 145.36544433071217
40230.0 -0.01943584910650 6.56653183496256 -146.54142880878848 350024.40075969696045 3.59462534592234 145.44730499707094
