# sod		dsTEC/dt [TECU/s]		lat		lon		h_ipp		ele		azi
1650.0 0.01954049405730 28.98419436319678 -168.77172761903887 349996.04354134853929 3.47247179079346 310.16392678257199
1680.0 0.01751500412791 28.95048609637797 -168.64148767475024 349964.44040978793055 3.60945430559237 310.30594696060905
1710.0 0.01923963888482 28.91795031971291 -168.51468130949195 350038.51591408159584 3.74684361150192 310.44763805760834
1740.0 0.01415729925247 28.88302250537977 -168.38554619621047 349964.96534286160022 3.88447282465768 310.58890836492043
1800.0 0.01240348458315 28.81498165602694 -168.13461980208757 350012.00770901143551 4.16104065104423 310.87050020377063
1830.0 0.01856447556425 28.78008546031991 -168.00999080353066 350001.56530810613185 4.29974043453011 311.01069015542203
1860.0 0.01774743739812 28.74461683685887 -167.88588547738550 349972.42427041567862 4.43887895061206 311.15056135549105
1890.0 0.01983430582588 28.71040656728660 -167.76517255205067 350045.88886995427310 4.57831797887647 311.29003815329639
1920.0 0.01585074166025 28.67381044773462 -167.64214882451611 349974.54503368679434 4.71816666179683 311.42917779459185
1950.0 0.01675230100548 28.63849893043396 -167.52248240100960 350007.97561359778047 4.85840586083555 311.56796859510717
1980.0 0.01644440238756 28.60264626099937 -167.40334846096283 350019.89999968837947 4.99899512416104 311.70638757360490
2010.0 0.01399228169387 28.56625465961923 -167.28477529151556 350007.07285789866000 5.13981055996089 311.84436745586731
2040.0 0.01757537640792 28.52933416509095 -167.16671626240921 349975.01473113801330 5.28108158533362 311.98202927036084
2070.0 0.01603085229578 28.49375889775893 -167.05195686429175 350048.49652206338942 5.42276836893879 312.11935031529487
2100.0 0.01597148621104 28.45579633553798 -166.93497514433159 349971.34999927878380 5.56469907949436 312.25623807535032
2130.0 0.01721616135984 28.41920403044066 -166.82124940385904 350002.89242208190262 5.70717753833326 312.39285231354154
2160.0 0.01633371985420 28.38211066058500 -166.70807083158667 350009.46439904253930 5.84989298982399 312.52902709126352
2190.0 0.01383732621734 28.34452239678384 -166.59542674477041 349992.58074156194925 5.99291406647789 312.66479763497296
2220.0 0.01854334524178 28.30644620996104 -166.48329039740352 349955.39360527787358 6.13638124912937 312.80023676835174
2250.0 0.01656715935662 28.26979269504004 -166.37440515934506 350021.52568751014769 6.28015452294032 312.93526938580248
2280.0 0.01486868591704 28.23171519596221 -166.26466481540297 350003.05066679231822 6.42434504511756 313.06995268697870
2310.0 0.01810564629708 28.19316892875168 -166.15543708224996 349962.74041857104748 6.56893179063272 313.20427423559687
2340.0 0.01408284010004 28.15512090972245 -166.04807284116487 349963.36106764525175 6.71387437798134 313.33821154497286
2370.0 0.01592016976241 28.11758319000092 -165.94258219667367 350002.27027685381472 6.85904829249863 313.47169832657534
2400.0 0.01509810061988 28.07960277642126 -165.83757521116749 350020.77690557576716 7.00468372101761 313.60485367308723
2430.0 0.01469260010880 28.04021220623187 -165.73173457851195 349953.61381130293012 7.15074317899128 313.73765655346295
2460.0 0.01975280321416 28.00232855369953 -165.62907361293668 349989.35702932998538 7.29704976463992 313.87001360042086
2490.0 0.01694649853189 27.96402145682349 -165.52687249425466 350006.48470726050436 7.44391277994522 314.00208435307144
2520.0 0.01699882112963 27.92529292004335 -165.42519196134828 349997.87732842378318 7.59101635309587 314.13370341185532
2550.0 0.01776051805679 27.88614801754938 -165.32401954850019 349964.96305516920984 7.73843085806321 314.26490622860302
2580.0 0.01804225535736 27.84856134548770 -165.22593139917134 350040.37885506357998 7.88629811817975 314.39576492522247
2610.0 0.01318832419564 27.80860287358240 -165.12574175323670 349961.72641912568361 8.03447627883968 314.52620488128719
2640.0 0.01253630356040 27.77022125078621 -165.02862343836264 349991.00514478608966 8.18307856447460 314.65628326674675
2670.0 0.01343081953868 27.73145108393736 -164.93198031434216 349997.83769491408020 8.33208201897328 314.78598688454673
2700.0 0.01143652186148 27.69229646148311 -164.83582053115595 349981.22731619700789 8.48144633676971 314.91529371108146
2730.0 0.01003286654735 27.65375858125175 -164.74144230342264 350004.02944948058575 8.63104636746226 315.04413838067734
2760.0 0.00655944801442 27.61484961521439 -164.64751988989457 350005.61139481514692 8.78111308319080 315.17263812306635
2790.0 0.00724064852513 27.57557350761536 -164.55406049735933 349985.07652907352895 8.93161140909062 315.30077353086256
2820.0 0.00723964237602 27.53693848351855 -164.46235669508101 350004.62563604954630 9.08235924590318 315.42845032993921
2850.0 0.00408116605880 27.49794876529571 -164.37108436208800 350004.74874191544950 9.23367151937722 315.55582791337793
2880.0 0.00214522820642 27.45961725955939 -164.28154963156859 350045.21414620429277 9.38522711245041 315.68274130536884
2910.0 0.00130102260153 27.41993347761196 -164.19123511828155 349994.81160641461611 9.53709818571642 315.80922618363365
2940.0 0.00093878893991 27.38091975044264 -164.10261233646219 349989.11492413934320 9.68942794058339 315.93535400303688
2970.0 -0.00016904232125 27.34157219919241 -164.01445591734256 349958.81306930538267 9.84207263569571 316.06105056214949
3000.0 -0.00163206394171 27.30291097968104 -163.92797710954790 349973.04929224215448 9.99514761589019 316.18637301826692
3030.0 -0.00275498832597 27.26392736362078 -163.84194057367705 349964.51132863480598 10.14862794717472 316.31130739980966
3060.0 -0.00397953934758 27.22564607651658 -163.75757345090960 349999.68402719870210 10.30247340517384 316.43583211149172
3090.0 -0.00366057242462 27.18705510231566 -163.67366635739489 350009.06030474510044 10.45655819115517 316.55988264324759
3120.0 -0.00448767279285 27.14815660627853 -163.59018198237231 349996.89826734550297 10.61111407617868 316.68357443483961
3150.0 -0.00449169738930 27.10895445759991 -163.50712617369311 349962.43403585907072 10.76610845980653 316.80688965455158
3180.0 -0.00404594888237 27.07048210179447 -163.42572924755146 349970.20460526458919 10.92135391419816 316.92973305664691
3210.0 -0.00294717333256 27.03171586935192 -163.34473061026193 349958.23767857532948 11.07717113447963 317.05226397161545
3240.0 -0.00683212956672 26.99369400660320 -163.26537231436748 349988.94633117504418 11.23323362590307 317.17431772084149
3270.0 -0.00362636143424 26.95539144414945 -163.18644249225460 349995.48029070906341 11.38961538148999 317.29593020799774
3300.0 -0.00365755397728 26.91784504113791 -163.10909941189331 350049.23114910069853 11.54646101545458 317.41717225487702
3330.0 -0.00211101725297 26.87899193633380 -163.03099987665001 350009.86960469186306 11.70362485163200 317.53797000684892
3360.0 -0.00542444917600 26.84090553266756 -162.95448206970414 350017.38601898960769 11.86122440874068 317.65838062542707
3390.0 -0.00216032144031 26.80255475044344 -162.87836989115874 350002.27689106483012 12.01923272560495 317.77838934511385
3420.0 -0.00298440291801 26.76498460050523 -162.80383036985265 350033.45821135118604 12.17760966498302 317.89797496115023
3450.0 -0.00165520659011 26.72611980342018 -162.72855562567167 349969.42442205362022 12.33622876521157 318.01707374621361
3480.0 -0.00108267620374 26.68908798691764 -162.65597910084517 350023.88542340043932 12.49532260854041 318.13579942231888
3510.0 -0.00392117952276 26.65076544924073 -162.58263754706124 349986.38787239789963 12.65486113569317 318.25413568443088
3540.0 -0.00546972839756 26.61324758636592 -162.51085647507497 349994.10133629757911 12.81465145491332 318.37198624029054
3570.0 -0.00615797235833 26.57548876038826 -162.43943746929500 349982.24503198266029 12.97502017796789 318.48951044515599
3600.0 -0.00487606777181 26.53854666433666 -162.36956019744099 350016.21148202009499 13.13563529720264 318.60654378036156
3630.0 -0.01135099438554 26.50032643443811 -162.29894506714473 349955.37167058419436 13.29657298509110 318.72312269036553
3660.0 -0.00753043553568 26.46397996454272 -162.23095226971574 350015.76393080409616 13.45797869458339 318.83931675983143
3690.0 -0.00655844186531 26.42636183064862 -162.16222169672088 349981.14327318407595 13.61970507187209 318.95505272234510
3720.0 -0.00972597404162 26.38957740540484 -162.09497599412634 349996.54088779166341 13.78187186299454 319.07038775931170
3750.0 -0.00871976938087 26.35257869443778 -162.02809709310228 349989.91014817915857 13.94445002804540 319.18530628578992
3780.0 -0.00949555311580 26.31642554582951 -161.96269344758284 350032.93587200343609 14.10739952145805 319.29978744523544
3810.0 -0.00886667527670 26.27901266181668 -161.89657129430316 349978.96969158761203 14.27059320523861 319.41376821604763
3840.0 -0.01083581774874 26.24350952824102 -161.83299353397746 350049.53667548298836 14.43426448202001 319.52736067159293
3870.0 -0.01075934620575 26.20568976598515 -161.76758031608227 349953.01678369846195 14.59838590180300 319.64054998285548
3900.0 -0.00779204878293 26.16979418367279 -161.70472264849451 349978.32989381253719 14.76275896934692 319.75323872574381
3930.0 -0.00843501337442 26.13370285656088 -161.64218914295054 349984.68915229476988 14.92771636234400 319.86558637013019
3960.0 -0.00843803211722 26.09742582607717 -161.58002427820716 349966.88806094974279 15.09292042130548 319.97742840920279
3990.0 -0.01045647862887 26.06202678750284 -161.51928736255800 350000.17498173378408 15.25844894185474 320.08880119226643
4020.0 -0.00982860686501 26.02644467049693 -161.45887964885040 350013.05086393561214 15.42444946516396 320.19977436900189
4050.0 -0.00905483557604 25.99068565877141 -161.39882029314992 350003.22095803543925 15.59077229474859 320.31027453569232
4080.0 -0.00819050577009 25.95474984768917 -161.33909338989713 349972.40500870347023 15.75753945744671 320.42035890698810
4110.0 -0.00843702582038 25.91970588922197 -161.28075414511099 349995.20487217605114 15.92471977996790 320.53001104561770
4140.0 -0.00931443630346 25.88449370213166 -161.22274671405600 349996.34104697033763 16.09227331292050 320.63921039645777
4170.0 -0.01065973190356 25.84911917787160 -161.16508667582065 349973.93507158476859 16.26007222748659 320.74789456098750
4200.0 -0.01038503812691 25.81464632588848 -161.10878201180367 350007.19317043107003 16.42835075317024 320.85617402823391
4230.0 -0.01090122106055 25.78001261165618 -161.05278897668515 350020.26795158535242 16.59708411922567 320.96403539245256
4260.0 -0.01358175017870 25.74522582265539 -160.99713230341348 350010.24100144021213 16.76606808263696 321.07138000147870
4290.0 -0.01124232444587 25.71028008068718 -160.94177040116642 349981.75154809188098 16.93564153743756 321.17836752951769
4320.0 -0.01326781437063 25.67625549827826 -160.88776389565729 350006.99105198401958 17.10546103056005 321.28483332342489
4350.0 -0.01477108409775 25.64208485621648 -160.83407425826718 350010.55636360216886 17.27560632747492 321.39081394612668
4380.0 -0.01189032015225 25.60776683845024 -160.78068338423881 349994.40816617198288 17.44622648128883 321.49637850036709
4410.0 -0.01384135105385 25.57330804052046 -160.72760897456629 349956.43501197267324 17.61716970654597 321.60145367259395
4440.0 -0.01560220906243 25.53977774002908 -160.67583715796644 349976.35037607513368 17.78856036371739 321.70609671981890
4470.0 -0.01547643355371 25.50610987726296 -160.62436143533935 349976.08598546776921 17.96036508882682 321.81029031137217
4500.0 -0.01604192052695 25.47337848077410 -160.57417826604234 350033.73088015615940 18.13254403225827 321.91401414092616
4530.0 -0.01598154833004 25.43944899166553 -160.52331312533593 349990.50697808619589 18.30496865937864 322.01720634456217
4560.0 -0.01623410557047 25.40645833436547 -160.47371851859285 350007.04784888308495 18.47787402964104 322.11997588376005
4590.0 -0.01652389261796 25.37333904129034 -160.42440461541329 350004.31950407847762 18.65123812286036 322.22231071992468
4620.0 -0.01621599392617 25.34009955729357 -160.37539470856427 349979.59472947474569 18.82485079959008 322.32411086547813
4650.0 -0.01653596692438 25.30780328035048 -160.32761967130756 350017.29204223211855 18.99905732127635 322.42553628537456
4680.0 -0.01497131885124 25.27432086101715 -160.27917381994573 349953.03722806274891 19.17350829635849 322.52642201207357
4710.0 -0.01552875611452 25.24286520491272 -160.23294409197888 350029.01579959131777 19.34828550537136 322.62680480927355
4740.0 -0.01463222783802 25.21022126999862 -160.18601694975641 350005.85696268174797 19.52353954331147 322.72675324985312
4770.0 -0.01624819254446 25.17746693985347 -160.13937435296344 349962.01197968889028 19.69911648083797 322.82619401001017
4800.0 -0.01651383046202 25.14567138835253 -160.09395016214617 349980.54958331864327 19.87514306417641 322.92518439181310
4830.0 -0.01646855138821 25.11376702334240 -160.04879114532613 349980.00228658132255 20.05158367805082 323.02370612025055
4860.0 -0.01675129480096 25.08175730015292 -160.00390115304376 349959.84654342196882 20.22839857541004 323.12173907807585
4890.0 -0.01619385746382 25.05071859765083 -159.96022836508135 350000.98739997297525 20.40545850004901 323.21922184075504
4920.0 -0.01905248479923 25.01957522933404 -159.91680373736463 350024.31236155331135 20.58299934065138 323.31626188820803
4950.0 -0.01801710018914 24.98832989458474 -159.87362904446914 350029.53237766772509 20.76100190011032 323.41284848790667
4980.0 -0.01939861922558 24.95699160894859 -159.83072630104610 350014.09776090830564 20.93924998924956 323.50888019788306
5010.0 -0.01817306194406 24.92555129257350 -159.78805874965977 349982.02573270536959 21.11809538815200 323.60451735269669
5040.0 -0.01868119538933 24.89509095372247 -159.74657616851124 350013.18088332749903 21.29718261894371 323.69959449309533
7440.0 -0.01991379615784 22.84861277632553 -157.51365799410178 349991.80011431220919 36.85625043906050 329.49542608431454
7470.0 -0.01877980339467 22.82718610194707 -157.49577951571314 349954.68811319395900 37.06570876833680 329.54166336693936
7500.0 -0.01890155401148 22.80669626207336 -157.47864305210103 350015.93256770540029 37.27534970123858 329.58706076444116
7530.0 -0.01979103902259 22.78525192603438 -157.46099827929004 349955.85231028031558 37.48557462771779 329.63178070722751
7560.0 -0.01979506391451 22.76474092910969 -157.44408833942759 349994.81336154043674 37.69598115552524 329.67564883125590
7590.0 -0.01955156223769 22.74422363719260 -157.42729563549122 350022.20046973973513 37.90666856415503 329.71870085436012
7620.0 -0.01933422191514 22.72369409749098 -157.41060974918807 350038.99208813719451 38.11780043222399 329.76099899090445
7650.0 -0.01786717584597 22.70316049401439 -157.39404074343017 350044.16694148350507 38.32920345197276 329.80246473509106
7680.0 -0.01818614291666 22.68261753708808 -157.37757925981239 350038.59666625503451 38.54102500501091 329.84315318057247
7710.0 -0.01897903170358 22.66206849182066 -157.36122825165043 350021.95371949952096 38.75320880259649 329.88303440140106
7740.0 -0.01787120059015 22.64151590209215 -157.34498957620406 349994.01947586424649 38.96571578923184 329.92208561092184
7770.0 -0.01858661198044 22.62096639278609 -157.32887073097834 349954.03436368238181 39.17841022626634 329.96024391779986
7800.0 -0.01876068560126 22.60131860595139 -157.31343741851470 350017.95260736066848 39.39153385212305 329.99760278563247
7830.0 -0.01793861634792 22.58075432432936 -157.29752495180634 349957.00219300389290 39.60509264397395 330.03415760249459
7860.0 -0.01709239818628 22.56109871733579 -157.28230665341948 349999.14168287999928 39.81881597581523 330.06978944211619
7890.0 -0.01914203687162 22.54142737104509 -157.26717784902576 350032.08319175336510 40.03311280217002 330.10465993518068
7920.0 -0.01913197493729 22.52131050649037 -157.25187745623182 349995.62559831980616 40.24757338939511 330.13859267478858
7950.0 -0.01842461318311 22.50164204922106 -157.23696922659497 350006.07008085213602 40.46229930291525 330.17162219305294
7980.0 -0.01757336420203 22.48196635081567 -157.22215745169586 350006.54270212445408 40.67745572260969 330.20380876496097
8010.0 -0.01718496877987 22.46229168410515 -157.20745169918268 349996.10159451700747 40.89286658898411 330.23507224531414
8040.0 -0.01770718919913 22.44305420238507 -157.19312158394408 350034.15623326692730 41.10868196557698 330.26546623965544
8070.0 -0.01785711361617 22.42337221126290 -157.17861143650376 350003.36453609727323 41.32484255549151 330.29495825843992
8100.0 -0.01811168359803 22.40369145390375 -157.16420297977652 349961.96535862237215 41.54130931021005 330.32352404718904
8130.0 -0.01773435677638 22.38489241057212 -157.15045192723747 350027.43365201726556 41.75794554654087 330.35109947471574
8160.0 -0.01699680862827 22.36521461667323 -157.13624423829015 349965.02782250475138 41.97499347916688 330.37777478330645
8190.0 -0.01712560295367 22.34640289947228 -157.12267350407876 350011.45468286424875 42.19246250747522 330.40354483294595
8220.0 -0.01711352842565 22.32759596768786 -157.10920587545985 350047.13979253731668 42.41007436708575 330.42828754236922
8250.0 -0.01597651743674 22.30791601937429 -157.09528068302600 349954.74228106439114 42.62824564859809 330.45216285990523
8280.0 -0.01698574032323 22.28910643401657 -157.08199792365352 349970.76594841666520 42.84655910622156 330.47499218562922
8310.0 -0.01637899924195 22.27029942213830 -157.06881116559103 349976.61771221645176 43.06511857640437 330.49680823710315
8340.0 -0.01563038293653 22.25148858105113 -157.05571099661282 349973.13203122001141 43.28409079023085 330.51766862394578
8370.0 -0.01515042314375 22.23268225575263 -157.04270653975470 349959.44104458577931 43.50329683838974 330.53749117102132
8400.0 -0.01599060411526 22.21429659108694 -157.03005114484552 349996.82615713495761 43.72288944494163 330.55632723781764
8430.0 -0.01553076863434 22.19590955388511 -157.01748306385204 350024.78385297860950 43.94280617304469 330.57414123099431
8460.0 -0.01513331764857 22.17710498055502 -157.00474463668658 349982.29687404911965 44.16300792989219 330.59090684956152
8490.0 -0.01541706765364 22.15872818012800 -156.99236243371959 349990.25826930161566 44.38335703013821 330.60655825922618
8520.0 -0.01368237040839 22.14034920337933 -156.98006270645251 349989.14516654890031 44.60409604491410 330.62118151776576
8550.0 -0.01411503875526 22.12238140276171 -156.96809971998462 350040.33194457832724 44.82523782152405 330.63477023734197
8580.0 -0.01490490916871 22.10359793962267 -156.95572181705799 349958.57135947234929 45.04649624124054 330.64719888988787
8610.0 -0.01518362820662 22.08563073665925 -156.94392540857595 349991.38747623655945 45.26829556970441 330.65862440179399
8640.0 -0.01302531891680 22.06767210872808 -156.93222118289009 350014.22342298552394 45.49021086812219 330.66886586873221
8670.0 -0.01317624970455 22.04971813315015 -156.92060319651554 350027.58654373139143 45.71234820360556 330.67795328298826
8700.0 -0.01350829723078 22.03176221274160 -156.90906248092085 350032.24522343184799 45.93487577941178 330.68594052933946
8730.0 -0.01395505210842 22.01381275312522 -156.89760776253706 350027.40051495656371 46.15761171964861 330.69274289339478
8760.0 -0.01202112670201 21.99586369863647 -156.88623078233786 350013.75433900300413 46.38071135768747 330.69840837996179
8790.0 -0.01194767390182 21.97791846914461 -156.87493439475566 349991.02776782959700 46.60410896013533 330.70289754836443
8820.0 -0.01345396222401 21.95997934496073 -156.86372007984042 349959.06551755499095 46.82776531332321 330.70618123677713
8850.0 -0.01217105141451 21.94284293411144 -156.85307937591440 350042.99152708798647 47.05154164999554 330.70819127800110
8880.0 -0.01233405643482 21.92491554500466 -156.84202695475415 349992.77037058770657 47.27568073910382 330.70900813262762
8910.0 -0.01131074642662 21.90738211117276 -156.83128943601943 349997.02412831969559 47.50019887224698 330.70862312213154
8940.0 -0.01313499515331 21.88986079267485 -156.82063808411465 349991.68221611715853 47.72480183921445 330.70690693623607
8970.0 -0.01193157462962 21.87272103815985 -156.81028919999014 350042.01336285658181 47.94992157200196 330.70401145992741
9000.0 -0.01181083008805 21.85481964971406 -156.79955011625489 349955.88472731132060 48.17512524079248 330.69975342872743
9030.0 -0.01152708023071 21.83769845309475 -156.78936353031850 349987.86752872727811 48.40052106521766 330.69415877773901
9060.0 -0.01303035003170 21.82057578240830 -156.77924545377189 350011.76739540696144 48.62627859874080 330.68727611091003
9090.0 -0.01152708037845 21.80346009145456 -156.76920425561468 350026.85005329363048 48.85221285293610 330.67901748520791
9120.0 -0.01230990767424 21.78634510205221 -156.75923199006556 350033.76499406807125 49.07848167399745 330.66942591648643
9150.0 -0.01292268624114 21.76923428748121 -156.74933149538148 350032.24829769600183 49.30501583825618 330.65845706953024
9180.0 -0.01288344398813 21.75212983837647 -156.73950415825749 350022.16137776803225 49.53177589557472 330.64607775098210
9210.0 -0.01272748267641 21.73503826074098 -156.72975600060036 350002.98227776959538 49.75862188144137 330.63221657568806
9240.0 -0.01244976986148 21.71794960891601 -156.72007522031967 349975.67475465591997 49.98579654720413 330.61694632427452
9270.0 -0.01187019620972 21.70123130936265 -156.71068648332010 350005.23491544369608 50.21331957878831 330.60025449067757
9300.0 -0.01276068714834 21.68452501569106 -156.70137499092243 350025.90373690426350 50.44088840402852 330.58200758050060
9330.0 -0.01219821899177 21.66744854906973 -156.69189637671948 349974.16231701523066 50.66894254060592 330.56234939235156
9360.0 -0.01233606828984 21.65111251212683 -156.68294155370415 350043.96074429154396 50.89704104136224 330.54109432298037
9390.0 -0.01076840258191 21.63406174781389 -156.67361227180362 349974.66769526526332 51.12529414130270 330.51826227839030
9420.0 -0.01266912233452 21.61773203473560 -156.66478854605708 350028.56732960045338 51.35387255695665 330.49389427434460
9450.0 -0.01068186843978 21.60105294711247 -156.65581391563609 350008.54815730080009 51.58258799430470 330.46789816994789
9480.0 -0.01096461192641 21.58437767313825 -156.64690219780871 349980.69074735604227 51.81160064653110 330.44030955768017
9510.0 -0.01072614165996 21.56806113093103 -156.63827331557621 350010.78523945994675 52.04083754730686 330.41107769670145
9540.0 -0.01162065749049 21.55174989490388 -156.62970928125571 350032.94787366688251 52.27025883252379 330.38016364240917
9570.0 -0.01122320606151 21.53545042163270 -156.62121583953987 350046.70525539387017 52.49972316803226 330.34749150813474
9600.0 -0.01114069784545 21.51880762674489 -156.61256788844977 349986.48094443976879 52.72947298460498 330.31312329469574
9630.0 -0.01051785719650 21.50251311157539 -156.60419285240755 349985.12755908444524 52.95953123804944 330.27704036444641
9660.0 -0.01116384053078 21.48657424594307 -156.59610067713055 350042.00263888202608 53.18958667059960 330.23910452981318
9690.0 -0.01239543470698 21.47028847386232 -156.58784678530114 350025.34560804627836 53.42008619188750 330.19944688686115
9720.0 -0.01095656243804 21.45401837586105 -156.57966304918151 350000.23627764452249 53.65058046403301 330.15787961870996
9750.0 -0.01170316600203 21.43775948942041 -156.57154405737688 349967.08356709498912 53.88118150681546 330.11441364180752
9780.0 -0.01164883114299 21.42183696992583 -156.56368959075391 349993.73216510750353 54.11206090852679 330.06907891867337
9810.0 -0.01152204911582 21.40592286726628 -156.55589768160633 350012.57967848982662 54.34302680065169 330.02177769798908
9840.0 -0.01188830807563 21.38968271261772 -156.54795528630368 349956.66138977278024 54.57424144589961 329.97253447479994
9870.0 -0.01103001509048 21.37410355452708 -156.54048209886344 350028.29152703844011 54.80562778896505 329.92128986910092
9900.0 -0.01159147746728 21.35788058057335 -156.53265881625495 349957.03843256086111 55.03714527370249 329.86799660444888
9930.0 -0.01206540006992 21.34231827089314 -156.52530742794909 350013.31839199829847 55.26865092995177 329.81257237568525
9960.0 -0.01081971847653 21.32643629636400 -156.51780637370231 349994.59354704245925 55.50038642589514 329.75506373275249
9990.0 -0.01079858794169 21.31055723749749 -156.51035773415543 349968.73478149902076 55.73237773917701 329.69544239128857
10020.0 -0.01181988609487 21.29500962556537 -156.50317401704501 350003.06069000624120 55.96430451681428 329.63356478377921
10050.0 -0.01121113168122 21.27945524837914 -156.49603425364447 350030.95335760340095 56.19662068229527 329.56954223981529
10080.0 -0.01077947044375 21.26360396918050 -156.48875908098969 349982.49967744480819 56.42886815534302 329.50318499216547
10110.0 -0.01103806487432 21.24807344301731 -156.48173978124879 349995.02401391975582 56.66116035618134 329.43449045439093
10140.0 -0.00981854507842 21.23254424640856 -156.47477004878687 350000.65074143745005 56.89366928343891 329.36347225667572
10170.0 -0.01067281258070 21.21702498497930 -156.46785735330141 349998.82173910923302 57.12619909895201 329.29002491097327
10200.0 -0.01105718266774 21.20150884141417 -156.46099450148733 349990.04202071670443 57.35891367284795 329.21415618842241
10230.0 -0.01037396982187 21.18629813503264 -156.45437738916777 350043.24398338235915 57.59173135969717 329.13579469211828
10260.0 -0.01034982076582 21.17079529208442 -156.44762001979169 350020.15379180572927 57.82461046493758 329.05488086234624
10290.0 -0.01062149624287 21.15530761842330 -156.44092165319225 349989.41851272899657 58.05740595930713 328.97132303929772
10320.0 -0.01054301232779 21.13982499766835 -156.43427209853925 349951.74712385423481 58.29035807565123 328.88514518136952
10350.0 -0.01030454147040 21.12492510905377 -156.42804865977581 350046.48949343059212 58.52349535700598 328.79630390376155
10380.0 -0.01049773303237 21.10946009885287 -156.42150415408992 349994.48998292069882 58.75648780221588 328.70464927817773
10410.0 -0.01061445253427 21.09427848828011 -156.41518826178736 350005.91539272386581 58.98979565983801 328.61026192719100
10440.0 -0.00973402412093 21.07911102003565 -156.40892937162042 350009.88893444929272 59.22295162405261 328.51295058819295
10470.0 -0.01034881439510 21.06395290996001 -156.40272236701836 350006.75542408600450 59.45606987124810 328.41269218467511
10500.0 -0.00886566920146 21.04879690998806 -156.39655995761902 349996.99945307336748 59.68932206081452 328.30947584995562
10530.0 -0.00945027396812 21.03365167228646 -156.39044936928016 349980.11665074527264 59.92250777580469 328.20318507843234
10560.0 -0.00963843426745 21.01851022807415 -156.38438360823301 349956.56701168138534 60.15579171729547 328.09380217323269
10590.0 -0.00948247221706 21.00364683479978 -156.37854798650025 349996.68842867761850 60.38908688493617 327.98123851353148
10620.0 -0.00950058423070 20.98878813499833 -156.37275935159911 350030.08037639781833 60.62234971179252 327.86541610303101
10650.0 -0.00852557203912 20.97367478319528 -156.36684188009647 349985.64134783670306 60.85543241753518 327.74622934622562
10680.0 -0.00901559361849 20.95883038828586 -156.36114838258109 350005.41166617441922 61.08857273223305 327.62366853668573
10710.0 -0.00864229183650 20.94398557200045 -156.35549542959083 350018.83839211612940 61.32180094648551 327.49766660499034
10740.0 -0.00841891388060 20.92889642342272 -156.34971691426099 349954.02889849804342 61.55477661465800 327.36806582306247
10770.0 -0.00909105901237 20.91406232737708 -156.34415217892524 349954.20967410970479 61.78796508092364 327.23489894184650
10800.0 -0.00909810213003 20.89949630873133 -156.33881616640835 350018.56943345069885 62.02088910636982 327.09797397359921
10830.0 -0.00903471170738 20.88468391337038 -156.33334953175321 350004.93692402262241 62.25366192538355 326.95723633679916
10860.0 -0.00923494579606 20.86987375440724 -156.32792277716965 349984.94057728257030 62.48645480842251 326.81263800053387
10890.0 -0.00915948099312 20.85532074676928 -156.32271734481949 350029.72912992723286 62.71906117978232 326.66404626011081
10920.0 -0.00921482222287 20.84052291946432 -156.31737681472865 349996.61200339347124 62.95164524308569 326.51140419869904
10950.0 -0.00868354594453 20.82573279417574 -156.31207916018602 349956.90564594790339 63.18411341948856 326.35459786322645
10980.0 -0.00957101836194 20.81119099868094 -156.30699747639542 349982.44530826620758 63.41641903107954 326.19352115185825
11010.0 -0.00888176847366 20.79666008643454 -156.30196296306838 350001.22232213616371 63.64841038350957 326.02804735032049
11040.0 -0.00949152837162 20.78212990767618 -156.29696628921567 350013.79537431150675 63.88032094121029 325.85811573415947
11070.0 -0.00888478699487 20.76759894357235 -156.29200561935454 350020.25956222414970 64.11218128229794 325.68362193718417
11100.0 -0.00770551493628 20.75308196368682 -156.28709303259575 350019.88213346339762 64.34363930035062 325.50439841366676
11130.0 -0.00818949947324 20.73855875720848 -156.28221070845160 350013.71214324235916 64.57516323644796 325.32040283410839
11160.0 -0.00800536465676 20.72404985164254 -156.27737558293026 350000.73737145680934 64.80626482485083 325.13144397393182
11190.0 -0.00823578484390 20.70955018977092 -156.27258275665073 349981.24208115134388 65.03705566087709 324.93741861377561
11220.0 -0.00692268764048 20.69527106287008 -156.26799158903484 350028.28531324304640 65.26770207094242 324.73822117387880
11250.0 -0.00745698273550 20.68078126653355 -156.26327581450857 349996.21112624090165 65.49799088562483 324.53369503332465
11280.0 -0.00768136617570 20.66629478375420 -156.25859567908969 349957.97159579396248 65.72808349296606 324.32372237319669
11310.0 -0.00715411478928 20.65202663868575 -156.25411803127443 349986.34147717151791 65.95787769655001 324.10815142053326
11340.0 -0.00722153069479 20.63776243490857 -156.24967835035508 350008.49375212471932 66.18732156673663 323.88683292375248
11370.0 -0.00714405315042 20.62350841581430 -156.24528129891729 350024.16245528776199 66.41625749450344 323.65960806283169
11400.0 -0.00756364000761 20.60925444437431 -156.24091790651556 350033.83749290276319 66.64491166351790 323.42633794370818
11430.0 -0.00756766549047 20.59499878367511 -156.23658624349909 350037.61042391415685 66.87331231965418 323.18685954079655
11460.0 -0.00757470831265 20.58075645448546 -156.23229821514585 350034.82490638084710 67.10109374781675 322.94099333502709
11490.0 -0.00732818796689 20.56650694909932 -156.22803638161832 350026.41359603125602 67.32872311755359 322.68857877553870
11520.0 -0.00603320336805 20.55227099111133 -156.22381730080616 350011.47853645868599 67.55569937831962 322.42942910279942
11550.0 -0.00682609200723 20.53804339587245 -156.21963616146792 349990.27387278061360 67.78212852944229 322.16336571934306
11580.0 -0.00783430940941 20.52381668560806 -156.21548633036082 349963.13998637907207 68.00816937957589 321.89019443335508
11610.0 -0.00640046781217 20.50978486527868 -156.21153183329830 350003.50841329433024 68.23359876928862 321.60972365189184
11640.0 -0.00660673953420 20.49575009442692 -156.20760749957682 350038.07951932307333 68.45857115727185 321.32174123092329
11670.0 -0.00636525074654 20.48153640608921 -156.20356003934472 349992.75343370623887 68.68297223896474 321.02603956859627
11700.0 -0.00598993622312 20.46750812851276 -156.19970317578120 350015.28721192292869 68.90674107694960 320.72240418648897
11730.0 -0.00587623494695 20.45348884269045 -156.19588468542761 350031.58385970164090 69.12971066376301 320.41062902820249
11760.0 -0.00686935915216 20.43929633179940 -156.19194169437154 349967.89524395670742 69.35209462436629 320.09045597730648
11790.0 -0.00581787519599 20.42544495608255 -156.18833486543556 350046.82389196287841 69.57391416181089 319.76163168157279
11820.0 -0.00650511293378 20.41126685507171 -156.18446026975485 349970.95362008735538 69.79478677236355 319.42396560202502
11850.0 -0.00608451941041 20.39741378960738 -156.18091404875463 350038.23198768123984 70.01517134223762 319.07711243428588
11880.0 -0.00563273341786 20.38324471838510 -156.17710159870560 349950.45321828871965 70.23455120688448 318.72090145652442
11910.0 -0.00700318429699 20.36940566995618 -156.17362662421183 350005.54663596861064 70.45302082364171 318.35504057446701
11940.0 -0.00500486180174 20.35540458660911 -156.17002723046079 349980.42092344630510 70.67072480351695 317.97920219643203
11970.0 -0.00596679353779 20.34156528707087 -156.16661179415431 350023.89749582763761 70.88742522957277 317.59314915240486
12000.0 -0.00575247203192 20.32757058635163 -156.16307322957081 349986.99277180712670 71.10326233190719 317.19652801333120
12030.0 -0.00576857130412 20.31372894473786 -156.15971388086189 350018.97305741999298 71.31810373543357 316.78905520587546
12060.0 -0.00580076955307 20.29988850956406 -156.15638454901406 350045.12336039263755 71.53187297736099 316.37042498943606
12090.0 -0.00556028684066 20.28591266782113 -156.15294182573697 349990.31627791374922 71.74438770888429 315.94037077391158
12120.0 -0.00544155489280 20.27207957259046 -156.14967346884222 350004.71006394550204 71.95583978771356 315.49846072550406
12150.0 -0.00545463505286 20.25824159747956 -156.14642902296856 350013.51700596697628 72.16623510126666 315.04431303959711
12180.0 -0.00504007945830 20.24441425676709 -156.14322014769786 350016.23198646679521 72.37516940415060 314.57774488153984
12210.0 -0.00510950692336 20.23057648939455 -156.14003000008199 350013.55968456249684 72.58308039056706 314.09813397945470
12240.0 -0.00433472941141 20.21674938964498 -156.13687454340450 350004.82329355180264 72.78943164901303 313.60536588565105
12270.0 -0.00535804001055 20.20292753546778 -156.13374910102803 349990.21656315959990 72.99429592264801 313.09899469509821
12300.0 -0.00452691460266 20.18922713680787 -156.13079135025461 350045.33705593924969 73.19779221066528 312.57851096253029
12330.0 -0.00520610285208 20.17540670669917 -156.12771918066434 350019.28122833278030 73.39966030615659 312.04364313293956
12360.0 -0.00530471063582 20.16158515443941 -156.12467079958458 349987.58483163267374 73.60001386885841 311.49385052980301
12390.0 -0.00488109859124 20.14776671327881 -156.12164903449099 349950.12859846185893 73.79869303839331 310.92877624058889
12420.0 -0.00527653727879 20.13406586415164 -156.11879661456607 349982.43928034324199 73.99559543933358 310.34801963053343
12450.0 -0.00540432479027 20.12037036950283 -156.11597483362320 350008.89465035405010 74.19051436169430 309.75127517187934
12480.0 -0.00498272578260 20.10655828479976 -156.11303120614872 349954.25870546139777 74.38370696413595 309.13779483021710
12510.0 -0.00583196202224 20.09296769462323 -156.11040028615579 350045.07757366448641 74.57473878662555 308.50747713417655
12540.0 -0.00538721944282 20.07915496671450 -156.10750397554236 349979.15331224352121 74.76397165536993 307.85940501686753
12570.0 -0.00468589517425 20.06545524881954 -156.10477935139016 349983.04529188666493 74.95084769745011 307.19363260063938
12600.0 -0.00581988764195 20.05175838358001 -156.10208134024936 349981.20666923094541 75.13540679585276 306.50958169306432
12630.0 -0.00438000900230 20.03815032105962 -156.09954225071965 350049.74514569807798 75.31772982655687 305.80658139058329
12660.0 -0.00478249080750 20.02435918249997 -156.09675287249112 349960.74299863073975 75.49752857615114 305.08442432649258
12690.0 -0.00468186969139 20.01074604512088 -156.09426004438322 350018.08358475752175 75.67487733827484 304.34242241758676
12720.0 -0.00363843611000 19.99704279278463 -156.09165252634261 349993.83890530467033 75.84958150289980 303.58025286382338
12750.0 -0.00468388272829 19.98334179723595 -156.08906910888928 349963.92068217881024 76.02150461479411 302.79752872976724
12780.0 -0.00452792067791 19.96972883065251 -156.08665011634756 350004.29968225490302 76.19041041092356 301.99405282685655
12810.0 -0.00390910521634 19.95610404762648 -156.08424711870867 350039.30315808951855 76.35650222481277 301.16887514581464
12840.0 -0.00416568690548 19.94240933517833 -156.08173642384733 349992.38039267994463 76.51932400892406 300.32221318531134
12870.0 -0.00416669357167 19.92877592554562 -156.07937386348308 350016.31321962270886 76.67917781199971 299.45288404585784
12900.0 -0.00391212344207 19.91507980815660 -156.07690490467209 349958.22679192945361 76.83549019633924 298.56143059607007
12930.0 -0.00355693337825 19.90145521273517 -156.07459419250802 349970.72659850586206 76.98825770058707 297.64732138945760
12960.0 -0.00389501839009 19.88782313888636 -156.07230078041539 349977.76672863960266 77.13751144212304 296.70991376014712
12990.0 -0.00333858698046 19.87419249614547 -156.07003090012557 349979.16214201878756 77.28293744121194 295.74938821542673
13020.0 -0.00419989819133 19.86055546439265 -156.06777835925362 349975.08022382855415 77.42456130261370 294.76515053871867
13050.0 -0.00296729734895 19.84691647409756 -156.06554605676888 349965.43286336492747 77.56215628780041 293.75726824922612
13080.0 -0.00392319174712 19.83327702955840 -156.06333471332559 349950.19580133166164 77.69555436031048 292.72573246305075
13110.0 -0.00359114466409 19.81969202576443 -156.06127983216032 350005.72578710410744 77.82449934314579 291.67088082943917
13140.0 -0.00343820113491 19.80604632393054 -156.05910695257040 349979.40339207369834 77.94913300137435 290.59188126348351
13170.0 -0.00288579491266 19.79245091651094 -156.05709003952055 350023.88577374815941 78.06900356689019 289.48983074431055
13200.0 -0.00268757267900 19.77879654925253 -156.05495232487951 349986.53292040992528 78.18434449237361 288.36362131320158
13230.0 -0.00326513373707 19.76518845524702 -156.05297019787977 350020.01511110737920 78.29460732164395 287.21494489385742
13260.0 -0.00251651802259 19.75157767564750 -156.05100841768328 350047.92649438697845 78.39975999522127 286.04381055545275
13290.0 -0.00228408479855 19.73792459532815 -156.04893189990528 349993.79476093593985 78.49979959251090 284.85011445046416
13320.0 -0.00255676546444 19.72430481557245 -156.04700533919265 350010.66064426768571 78.59442717756457 283.63506314191784
13350.0 -0.00193694422309 19.71067567661906 -156.04509311852345 350022.06993268430233 78.68364391878065 282.39870131555267
13380.0 -0.00175783919190 19.69701831665586 -156.04307026009192 349951.29327384568751 78.76723685627731 281.14212435796384
13410.0 -0.00168941780209 19.68340438031477 -156.04132121404427 350028.28405405674130 78.84505349752212 279.86631412233021
13440.0 -0.00108066338844 19.66976965952743 -156.03946619066662 350022.98828609567136 78.91687709690825 278.57276616045374
13470.0 -0.00228207264806 19.65612296845522 -156.03762212462064 350012.27387957740575 78.98282302851170 277.26128781411410
13500.0 -0.00105752099858 19.64248044667281 -156.03580037598297 349995.91850338969380 79.04252945644134 275.93448126485521
13530.0 -0.00142579181341 19.62882194621222 -156.03398594190966 349974.19294578675181 79.09619710155434 274.59176682446338
13560.0 -0.00129297333476 19.61517555717453 -156.03231997372239 350023.54915825463831 79.14340853020917 273.23653017861614
13590.0 -0.00229716466314 19.60151997773506 -156.03054606529341 349990.60731937643141 79.18417087628086 271.86970630913663
13620.0 -0.00089552190578 19.58785664542494 -156.02878432769111 349952.18867532629520 79.21851602164951 270.49206440865601
13650.0 -0.00150327024419 19.57419229563415 -156.02716555787731 349984.94906389806420 79.24625923654946 269.10609966251252
13680.0 -0.00190776360894 19.56051546063008 -156.02555823827569 350012.23259131889790 79.26745182749482 267.71265726208907
13710.0 -0.00166023807435 19.54683078199313 -156.02396536261421 350033.98456538841128 79.28199250573680 266.31391790694300
13740.0 -0.00205265735429 19.53315050694717 -156.02226394800292 349973.41576264239848 79.28983730628686 264.91178162589932
13770.0 -0.00137246332509 19.51946176058267 -156.02070551303987 349984.01605028472841 79.29090868548444 263.50867458808978
13800.0 -0.00174978940806 19.50575794292837 -156.01915522141485 349989.15416826307774 79.28536331149820 262.10479332655183
13830.0 -0.00192386347209 19.49205525351629 -156.01762436764369 349988.67931979987770 79.27304163239363 260.70369702571236
13860.0 -0.00209491812850 19.47833337713225 -156.01609798290934 349982.76722180936486 79.25416515613594 259.30488152392456
13890.0 -0.00141170469169 19.46458908706950 -156.01471345402572 350048.00463232863694 79.22855924773926 257.91253807868122
13920.0 -0.00145295968613 19.45086394245376 -156.01322187878586 350030.89360906090587 79.19633355184094 256.52770223270363
13950.0 -0.00219151376175 19.43712788689011 -156.01173963483694 350008.26752378791571 79.15761054867392 255.15112220915591
13980.0 -0.00167432460513 19.42338995006044 -156.01027283226790 349980.06031981017441 79.11238856433629 253.78540067608208
14010.0 -0.00141572958361 19.40960537514018 -156.00893601003366 350023.07962795160711 79.06080715262287 252.43109945928327
14040.0 -0.00194901860338 19.39584936896767 -156.00749049176176 349983.77579565439373 79.00292107969503 251.09017664146620
14070.0 -0.00127486132113 19.38204709531312 -156.00617798807849 350015.63901520892978 78.93882251851562 249.76411093927652
14100.0 -0.00203857052804 19.36828640700971 -156.00476187915464 349965.15681921504438 78.86859196219739 248.45480775495071
14130.0 -0.00144491019776 19.35446503274521 -156.00347124751542 349985.86384576000273 78.79242035093404 247.16170485393840
14160.0 -0.00116317219544 19.34064165007520 -156.00219727381662 350000.94334802031517 78.71035344122647 245.88769730682949
14190.0 -0.00188160299334 19.32679577998089 -156.00092497639417 350010.47563771624118 78.62260196429335 244.63134424705100
14220.0 -0.00090055287295 19.31294954084759 -155.99966978663267 350014.37013560067862 78.52921479472096 243.39599193133648
14250.0 -0.00191380153776 19.29909692551387 -155.99842705295703 350012.65129868127406 78.43035752468339 242.18164660005363
14280.0 -0.00175683311666 19.28523016075004 -155.99719087205040 350005.33759916294366 78.32619025311381 240.98802841041277
14310.0 -0.00246721383525 19.27135831758067 -155.99596735069696 349992.40127116627991 78.21683509301374 239.81666008857800
14340.0 -0.00149622624012 19.25747321583890 -155.99475029792640 349973.85613815207034 78.10245068126730 238.66703213856499
14370.0 -0.00208686864013 19.24350850687741 -155.99365993124368 350026.27133660949767 77.98317368801274 237.54000295381195
14400.0 -0.00186349068424 19.22960506756926 -155.99246232892716 349996.45291857793927 77.85915034713629 236.43594124655590
14430.0 -0.00188260906859 19.21570042269638 -155.99127869280801 349961.00140928477049 77.73053006088296 235.35561366296423
14460.0 -0.00138353133466 19.20170015629465 -155.99021456452567 349996.43612623773515 77.59745650991272 234.29752404114441
14490.0 -0.00175783919190 19.18769469763236 -155.98916438165293 350026.18634098768234 77.46008227195811 233.26340471713598
14520.0 -0.00170853559550 19.17374904291607 -155.98799740145583 349973.77174457069486 77.31852814863933 232.25102677805089
14550.0 -0.00193291903570 19.15971709724265 -155.98696080164953 349992.15607931651175 77.17296246741259 231.26258356283464
14580.0 -0.00176991416313 19.14567551846703 -155.98593390673778 350004.84284798894078 77.02352026915266 230.29724451073514
14610.0 -0.00125272471104 19.13161651646250 -155.98491081652418 350011.81238356232643 76.87031943481969 229.35399667576189
14640.0 -0.00176689534646 19.11754920679582 -155.98389765173050 350013.07535785343498 76.71351479837246 228.43347983342497
14670.0 -0.00074760993470 19.10346532588870 -155.98288817462827 350008.60547525063157 76.55321184343784 227.53457345904548
14700.0 -0.00109072591371 19.08936986031197 -155.98188556772826 349998.40752097312361 76.38955066156055 226.65742830650649
14730.0 -0.00088344782096 19.07526409399946 -155.98089037990391 349982.48019089922309 76.22265953735227 225.80179374826099
14760.0 -0.00078081455436 19.06104514480794 -155.98001992818919 350037.05764089617878 76.05268472521180 224.96780601424746
14790.0 -0.00094180786739 19.04691300921687 -155.97903617120133 350009.60954400990158 75.87967979019544 224.15370676720087
14820.0 -0.00037632030320 19.03277826130294 -155.97806420548568 349976.45211045630276 75.70383195344614 223.36056012247988
14850.0 -0.00026060746748 19.01850275450744 -155.97720163525688 350013.57810122240335 75.52514632544410 222.58606387796743
14880.0 0.00036223436336 19.00422054456554 -155.97635079364798 350044.91566149704158 75.34384283758804 221.83175663100806
14910.0 -0.00012678232265 18.99004856426575 -155.97539468319934 349994.40697267372161 75.15999448712132 221.09661263600537
14940.0 -0.00014589952512 18.97573566719282 -155.97455212396761 350014.07895746454597 74.97365333080653 220.37950106529931
14970.0 0.00018514148266 18.96141124815461 -155.97371676958886 350027.91885794792324 74.78496848259189 219.68072590793295
15000.0 -0.00000201244596 18.94719871205866 -155.97277083749040 349959.96789531689137 74.59397799347558 218.99912664653937
15030.0 0.00015093108322 18.93270791987373 -155.97205202254133 350037.92705733235925 74.40080116351962 218.33465836349663
15060.0 -0.00004628566613 18.91847286766686 -155.97111544028976 349958.32243367191404 74.20553123861033 217.68695035040975
15090.0 0.00007445931863 18.90395508353381 -155.97040923571171 350024.48856041021645 74.00829282788217 217.05597939602148
15120.0 0.00039845750423 18.88955257246239 -155.96958978713880 350008.89258055854589 73.80905768098650 216.44016392748398
15150.0 -0.00004527959089 18.87514429453286 -155.96877942569154 349987.47285684384406 73.60802428269884 215.84030616241341
15180.0 0.00089250368005 18.86056029899324 -155.96807281410693 350035.62474632076919 73.40510097711284 215.25439632393102
15210.0 0.00002716728178 18.84611835902149 -155.96726553075473 350002.30099549517035 73.20053558889559 214.68367292258995
15240.0 0.00077175869528 18.83166608506813 -155.96646295778743 349963.09072923939675 72.99434707610752 214.12722794547227
15270.0 0.00068925047922 18.81703804930985 -155.96576837555617 349993.34441126510501 72.78653302396539 213.58408457749755
15300.0 0.00049002157937 18.80239533798645 -155.96507825638804 350017.60028754454106 72.57723273932976 213.05447843098580
15330.0 0.00102834127084 18.78772953021419 -155.96438620420466 350035.75017516035587 72.36643087709386 212.53742453849773
15360.0 0.00050913966825 18.77304585750965 -155.96369557562889 350047.84140205755830 72.15422892977496 212.03289091700458
15390.0 0.00065705134386 18.75851460230288 -155.96289859611636 349978.66369598638266 71.94069206077575 211.54057057531850
15420.0 -0.00017608562358 18.74380623772853 -155.96221576753661 349978.77177485078573 71.72592710783081 211.06045389234521
15450.0 0.00170149218238 18.72889770245256 -155.96163561162052 350047.78499434795231 71.50984666243232 210.59123929589438
15480.0 0.00097400582086 18.71415225885557 -155.96095379814298 350035.66548845823854 71.29265669097890 210.13362406012439
15510.0 0.00070635582667 18.69937686757817 -155.96026282114323 350017.26096922811121 71.07419589708338 209.68594474053916
15540.0 0.00097299945015 18.68459436041676 -155.95957867123647 349992.88394155446440 70.85473294976367 209.24927913251310
15570.0 0.00150930699113 18.66979839256273 -155.95889641325013 349962.43781783990562 70.63424859975044 208.82289641855115
15600.0 0.00126479938680 18.65479206716547 -155.95831660558633 350000.56399632152170 70.41270272157365 208.40601349875965
15630.0 0.00161093388701 18.63976801979848 -155.95773846394573 350032.48730707727373 70.19022900494116 207.99886929813229
15660.0 0.00155760451228 18.62491252009830 -155.95704938697469 349983.42185539100319 69.96677522969098 207.60067235873677
15690.0 0.00219352591224 18.60984424158625 -155.95646525716552 350002.77941321209073 69.74243245986784 207.21144395375649
15720.0 0.00200838472505 18.59475628094258 -155.95588019398252 350015.86208304110914 69.51724735854242 206.83096620617525
15750.0 0.00201643391795 18.57965436341864 -155.95529793550824 350022.75895145721734 69.29131565260434 206.45927303302213
15780.0 0.00160187802792 18.56452404263377 -155.95470764769789 350023.20130818244070 69.06451012201049 206.09531202717494
15810.0 0.00212812304363 18.54938192910094 -155.95412093327445 350017.47426236514002 68.83704413592841 205.73971943509139
15840.0 0.00284353384298 18.53420676461293 -155.95352200409548 350005.16976750362664 68.60870820675319 205.39112464983654
15870.0 0.00199932857050 18.51902156769728 -155.95292711878133 349986.70501385815442 68.37978851306310 205.05049276433633
15900.0 0.00240684163834 18.50381991548361 -155.95233122810808 349961.95059779472649 68.15024019167778 204.71724505774031
15930.0 0.00282139782383 18.48837367426824 -155.95183217193198 350004.70662432350218 67.91999823959378 204.39075973095524
15960.0 0.00272279004009 18.47290681560463 -155.95133189325807 350041.01794446725398 67.68919441966653 204.07128489497657
15990.0 0.00305081223120 18.45763671601001 -155.95072029367375 349996.88252949900925 67.45775177880863 203.75818567658797
16020.0 0.00267046703608 18.44211979540947 -155.95020808888819 350020.09533664491028 67.22575639103273 203.45152737958333
16050.0 0.00335770477387 18.42681191173256 -155.94958903756441 349963.13067565485835 66.99324328780811 203.15116330373965
16080.0 0.00299647737216 18.41125840336424 -155.94907306090829 349973.47407414112240 66.76030175642083 202.85716154061456
16110.0 0.00418178676863 18.39567363013053 -155.94854599816941 349977.06160742696375 66.52677814836129 202.56866284201885
16140.0 0.00252959818265 18.38007427892261 -155.94801962855195 349974.25362354982644 66.29289292401954 202.28625343402169
16170.0 0.00445245557950 18.36443894243302 -155.94747784280491 349964.53877576999366 66.05840312142890 202.00878846813168
16200.0 0.00336374211175 18.34854519526936 -155.94703897298493 350021.65758997667581 65.82360964637540 201.73714084333756
16230.0 0.00393526671834 18.33287500509813 -155.94649409165908 349998.92620209604502 65.58845039774583 201.47084626773068
16260.0 0.00363541729333 18.31692647568590 -155.94604025512811 350042.47814747877419 65.35284397634759 201.20940381691187
16290.0 0.00432969844424 18.30120865062980 -155.94548116997410 350006.36260573752224 65.11692225005621 200.95306331029963
16320.0 0.00365252264078 18.28546445207475 -155.94491152840692 349963.47328420449048 64.88059149905703 200.70130652728091
16350.0 0.00484688789634 18.26943989149314 -155.94443555129399 349986.69574418477714 64.64393600298530 200.45422692538756
16380.0 0.00498473763762 18.25339011425332 -155.94395260749704 350003.09479613043368 64.40698339354128 200.21172729626872
16410.0 0.00476840398125 18.23732079307986 -155.94346645969381 350012.80583523865789 64.16981919645892 199.97389613760262
16440.0 0.00504913472645 18.22121755355818 -155.94296599877507 350015.42432540282607 63.93227214200198 199.74001870698379
16470.0 0.00530169241009 18.20509716658225 -155.94246322351199 350011.38766904268414 63.69456892906931 199.51063550779190
16500.0 0.00499580564719 18.18893807114259 -155.94194163884708 350000.07867893856019 63.45644294657730 199.28477211700448
16530.0 0.00618111533913 18.17276367596488 -155.94141821386617 349982.13264604564756 63.21820721238542 199.06322245280143
16560.0 0.00531376679037 18.15656740673217 -155.94088760852185 349957.35195827018470 62.97978773914620 198.84560546170269
16590.0 0.00593861988529 18.14005962924118 -155.94044199421944 349997.47032920364290 62.74109217087887 198.63150860826457
16620.0 0.00626462992591 18.12352606703530 -155.93998896401175 350030.56096760183573 62.50225334155866 198.42117661819000
16650.0 0.00596679353779 18.10724531353732 -155.93942354086764 349984.56759077589959 62.26316589886601 198.21417673500846
16680.0 0.00663390711145 18.09065127934520 -155.93894577501524 350003.29365871846676 62.02391403885119 198.01061824543424
16710.0 0.00609759986594 18.07402960713304 -155.93845777871599 350014.87414728943259 61.78452049571866 197.81043684292766
16740.0 0.00561059739872 18.05738594711430 -155.93796334271377 350019.46798032149673 61.54506843862742 197.61373110113462
16770.0 0.00625658043754 18.04070596395641 -155.93745116163791 350016.60212917253375 61.30537479877673 197.41989441050998
16800.0 0.00596679324232 18.02400651478177 -155.93693349555949 350006.79308232571930 61.06567140173722 197.22942538703597
16830.0 0.00619117727346 18.00726588691440 -155.93639340045306 349989.31504673510790 60.82567463701247 197.04147888815473
16860.0 0.00627469186023 17.99020121342910 -155.93594440948908 350035.94312366843224 60.58570726044151 196.85678077057744
16890.0 0.00621331388355 17.97341607808203 -155.93538850462886 350004.28217631485313 60.34568684672553 196.67501058621752
16920.0 0.00598691740645 17.95659889226173 -155.93481559861729 349965.18193162046373 60.10551361285548 196.49582074472491
16950.0 0.00654334881608 17.93944452730920 -155.93432774623213 349989.63418534584343 59.86532157346038 196.31944688493982
16980.0 0.00644977199950 17.92225340936043 -155.93382187731928 350006.39722592663020 59.62499711036547 196.14551933886870
17010.0 0.00596779931756 17.90503144942777 -155.93330199573919 350015.65049723070115 59.38462519154830 195.97415521368697
17040.0 0.00700519703842 17.88777971448283 -155.93276840787544 350017.40907111205161 59.14422513088270 195.80531181675423
17070.0 0.00664195659982 17.87050383427163 -155.93222494349024 350011.85579847823828 58.90387842885033 195.63909125340535
17100.0 0.00652423102267 17.85318951495308 -155.93166006033078 349998.44851763173938 58.66339416067652 195.47496892638449
17130.0 0.00643970976971 17.83552286935606 -155.93117993079807 350047.77818728517741 58.42300813146974 195.31340575903604
17160.0 0.00768639684739 17.81814101189907 -155.93057959345634 350018.90168207790703 58.18242435980952 195.15365606422412
17190.0 0.00668824226595 17.80073962200058 -155.92997087901807 349982.79880679585040 57.94197326502690 194.99638722230455
17220.0 0.00692067578546 17.78297309967633 -155.92944079892240 350008.83147881552577 57.70156626744464 194.84132353680658
17250.0 0.00731812632804 17.76516714077993 -155.92888938464134 350026.79769125673920 57.46109851157320 194.68816589598390
17280.0 0.00717625139937 17.74733133811349 -155.92832357135288 350037.04301637597382 57.22070508906079 194.53713908039242
17310.0 0.00765118037271 17.72945684482295 -155.92773587988853 350039.19284463021904 56.98026639285290 194.38792076494747
17340.0 0.00796612181281 17.71154971992035 -155.92713049311595 350033.45876657776535 56.73986854833149 194.24063104542151
17370.0 0.00824584707370 17.69361100717152 -155.92650767712547 350019.85792664252222 56.49952833445519 194.09524144035743
17400.0 0.00858493786532 17.67564631781394 -155.92587131231690 349998.59762073308229 56.25932588534767 193.95185375581224
17430.0 0.00784437119601 17.65764683431886 -155.92521388233249 349969.29249394778162 56.01914076930210 193.81015963197541
17460.0 0.00907093514371 17.63924770720363 -155.92462135651050 350000.34289701655507 55.77890863721886 193.66997505271053
17490.0 0.00979037083498 17.62082286510501 -155.92401737489743 350023.63818822987378 55.53889680865696 193.53178066601339
17520.0 0.00906087306165 17.60271326248296 -155.92329223901461 349969.74167864304036 55.29876627193066 193.39484741511865
17550.0 0.00877913520707 17.58384684754889 -155.92273357543590 350044.76485077105463 55.05885368083374 193.25978817945438
17580.0 0.00962032269702 17.56568355848889 -155.92197731662847 349975.17527289036661 54.81906558933169 193.12636371017106
17610.0 0.00985476807155 17.54673837403049 -155.92137339943471 350033.29360530897975 54.57929342054338 192.99431464510207
17640.0 0.01041421800239 17.52813279181234 -155.92066185886503 350015.19547464232892 54.33967314869875 192.86385347276752
17670.0 0.01014958623393 17.50948728710095 -155.91992395021165 349988.56099614780396 54.10008049832659 192.73469704438551
17700.0 0.01040013132387 17.49042704549575 -155.91925180061409 350021.21109254378825 53.86060287419776 192.60696535169347
17730.0 0.00977225926455 17.47132893326923 -155.91855723272607 350045.32167278882116 53.62125496347578 192.48064009962624
17760.0 0.00987187371447 17.45258476143179 -155.91775713616298 349993.82623852882534 53.38211560491760 192.35582055688337
17790.0 0.01065771953147 17.43341597101626 -155.91701823580266 350001.02579482831061 53.14306202575697 192.23223772698336
17820.0 0.01094247531632 17.41420142926019 -155.91624858956905 349999.22326868120581 52.90402716402379 192.10973160235400
17850.0 0.01112057368132 17.39496037258020 -155.91546330555389 349989.30269813071936 52.66528107388323 191.98874703668972
17880.0 0.00986483030135 17.37527172520212 -155.91472724134576 350036.79727203771472 52.42647750750648 191.86862689203841
17910.0 0.01119704515045 17.35595019326135 -155.91388800613194 350009.22033741511405 52.18795759277840 191.74993807126819
17940.0 0.01059533503633 17.33659500031581 -155.91302536991091 349973.09946308378130 51.94962430626551 191.63246865293485
17970.0 0.01086298532599 17.31679417451716 -155.91221681581501 349994.33526467904449 51.71136668672351 191.51598945379263
18000.0 0.01145060876159 17.29695653410685 -155.91138443731472 350006.77684398088604 51.47332124458860 191.40070115712118
18030.0 0.01080361920432 17.27707309057251 -155.91052007772646 350009.93818822409958 51.23536012337109 191.28635022750979
18060.0 0.01101693448722 17.25715026104502 -155.90962837932736 350004.10828536190093 50.99757250071279 191.17305541944734
18090.0 0.01154317950292 17.23718904763687 -155.90870950586677 349989.30642074905336 50.75997111491105 191.06080471188693
18120.0 0.01114673518333 17.21719505143804 -155.90776749570236 349965.79426621645689 50.52263350954706 190.94969362352646
18150.0 0.01129665915717 17.19674029556263 -155.90687676833545 349998.53733535390347 50.28543582238190 190.83948360931990
18180.0 0.01169109191721 17.17623429991308 -155.90594940004820 350021.50093105342239 50.04830908357293 190.73003268712677
18210.0 0.01158040901450 17.15569646302840 -155.90500110542948 350035.68115115165710 49.81152497772820 190.62175510553845
18240.0 0.01251718591473 17.13510203429865 -155.90401012893938 350039.71465776581317 49.57473235488990 190.51405087685686
18270.0 0.01062552083932 17.11447556033984 -155.90299663492146 350034.88931797351688 49.33827535777498 190.40744809464240
18300.0 0.01232198190680 17.09381013007179 -155.90195403626774 350020.80212709493935 49.10205431008426 190.30175575672271
18330.0 0.01213482797818 17.07309793723338 -155.90087489509909 349996.98636713996530 48.86595682351801 190.19676807680136
18360.0 0.01257554551795 17.05234883924603 -155.89976694042460 349963.95254153292626 48.63011959986142 190.09267486220423
18390.0 0.01198691571163 17.03067545307551 -155.89878012474665 350049.65011361241341 48.39441268785076 189.98924608597855
18420.0 0.01347609898183 17.00983608518944 -155.89760152840481 349997.11887948494405 48.15892593456020 189.88659743687384
18450.0 0.01137011240055 16.98851425087003 -155.89646901367243 349999.11821539048105 47.92367088354628 189.78472137683724
18480.0 0.01377594752044 16.96715472606137 -155.89530746915531 349991.69171634130180 47.68872372817464 189.68370921093617
18510.0 0.01292570476234 16.94529996924658 -155.89418621382802 350037.93497030250728 47.45396042592440 189.58334642173614
18540.0 0.01319436171819 16.92384067181812 -155.89294462331080 350010.11018655914813 47.21931067717851 189.48350484395149
18570.0 0.01481334450263 16.90234987128709 -155.89167712497056 349973.11785536818206 46.98504687140893 189.38457259116802
18600.0 0.01368136448088 16.88034641331632 -155.89043722397270 349988.59499128442258 46.75081474930003 189.28599573654171
18630.0 0.01483849978165 16.85830648837010 -155.88916887346224 349994.51205065101385 46.51696025755378 189.18826956366243
18660.0 0.01410799519440 16.83622313146806 -155.88786511731479 349990.41749107837677 46.28338175474413 189.09121937635672
18690.0 0.01510313155011 16.81408855696437 -155.88651817181395 349975.79461116995662 46.04996613292361 188.99465786349401
18720.0 0.01561830855624 16.79191272827362 -155.88513610577726 349951.21390854381025 45.81684996827968 188.89876504704549
18750.0 0.01626429189053 16.76875013575094 -155.88385808483642 350040.79392040614039 45.58390169976591 188.80332927764033
18780.0 0.01493610163788 16.74647557423961 -155.88239204269061 349995.14190910570323 45.35121222468575 188.70846347396306
18810.0 0.01415830530925 16.72368545014826 -155.88096029270480 350001.36553061287850 45.11879180353325 188.61416280289862
18840.0 0.01644037751411 16.70085358654195 -155.87949300277245 349997.42246420960873 44.88671520597283 188.52051430073408
18870.0 0.01532248446635 16.67749381433510 -155.87805380719698 350044.44267739169300 44.65485888620034 188.42732273914854
18900.0 0.01569679217585 16.65503434803461 -155.87642067870246 349956.92547070328146 44.42315164502073 188.33447073571850
18930.0 0.01580546233713 16.63157954723671 -155.87489883312034 349982.63986330945045 44.19186580313863 188.24232408559826
18960.0 0.01554485560833 16.60805967966608 -155.87331978060436 349996.46833887603134 43.96064540056824 188.15036641959978
18990.0 0.01540298038419 16.58449981974115 -155.87170572853429 350000.01797277573496 43.72983717989357 188.05906523436502
19020.0 0.01602380888265 16.56089294815005 -155.87004930409248 349992.78649380896240 43.49933806309843 187.96825873754332
19050.0 0.01547140251267 16.53723130106572 -155.86834233173855 349974.20571773126721 43.26903475940499 187.87777443680093
19080.0 0.01566761244811 16.51303099161106 -155.86666211471314 350005.46815255191177 43.03906343744597 187.78778367315772
19110.0 0.01631460200538 16.48877223483800 -155.86492927356019 350025.01189800072461 42.80929150198527 187.69808953380470
19140.0 0.01554284316237 16.46496051060127 -155.86308148832055 349973.03810489736497 42.57981076178083 187.60880220794684
19170.0 0.01554988642776 16.44010119634050 -155.86132225420224 350030.24006300140172 42.35063030919244 187.51991857376055
19200.0 0.01739124094511 16.41619867766759 -155.85938564589188 349956.41404695902020 42.12182341598080 187.43152155778623
19230.0 0.01578131357655 16.39123666279553 -155.85753094485230 349990.80482390616089 41.89326754791928 187.34343164928805
19260.0 0.01582156160934 16.36621205387538 -155.85561785337578 350012.90669218171388 41.66489093608065 187.25554000774662
19290.0 0.01506791463222 16.34114477023219 -155.85366446324795 350024.09311362635344 41.43696518580680 187.16819336000560
19320.0 0.01639207954975 16.31600957060486 -155.85164540883969 350022.49689887929708 41.20913376460555 187.08090624578514
19350.0 0.01709944159940 16.29083180790208 -155.84958413334590 350009.90081511624157 40.98174336794316 186.99412259491729
19380.0 0.01423175840490 16.26560440842174 -155.84747279559886 349985.74934267625213 40.75468989880812 186.90769095104150
19410.0 0.01653496084913 16.23980079543608 -155.84536585372703 350008.11256260238588 40.52786030026273 186.82145086414113
19440.0 0.01621700014915 16.21394555772033 -155.84320803102236 350018.65753974672407 40.30139008859953 186.73556604521718
19470.0 0.01516249767178 16.18855277383734 -155.84092723381963 349958.29852044209838 40.07514609183670 186.64985152760633
19500.0 0.01491195302504 16.16205978853760 -155.83871525353501 350002.55364113952965 39.84922089235981 186.56441496587055
19530.0 0.01596343624254 16.13550975525107 -155.83644694986450 350034.41021515615284 39.62362249891866 186.47925428449082
19560.0 0.01557302926082 16.10943817240661 -155.83406659466948 349996.42562989331782 39.39842261901182 186.39444856441361
19590.0 0.01661042624301 16.08277924632163 -155.83168587210761 350003.73564326670021 39.17350012756374 186.30983126575725
19620.0 0.01543618544705 16.05605585626158 -155.82923793520300 349997.90678279194981 38.94878294581986 186.22530039680936
19650.0 0.01438369497243 16.02875176222811 -155.82680041721088 350037.75675305258483 38.72454142237767 186.14118638724929
19680.0 0.01552473144420 16.00191208381467 -155.82422878917728 350006.45236418396235 38.50041937038619 186.05702939277162
19710.0 0.01614354720124 15.97502827682084 -155.82160700079012 349963.44114111457020 38.27676272993141 185.97325334162588
19740.0 0.01539493104355 15.94700764062913 -155.81904016540813 350021.65893378015608 38.05346672226150 185.88971513210396
19770.0 0.01662753159046 15.92000932715335 -155.81629100831177 349952.97961412370205 37.83041885398993 185.80626420532940
19800.0 0.01528827332824 15.89186827638207 -155.81359466114802 349984.92210414353758 37.60775377887530 185.72305761069165
19830.0 0.01469159388582 15.86366084932523 -155.81082684697276 350003.12655116990209 37.38533811962636 185.63992014552832
19860.0 0.01580345018664 15.83539438253046 -155.80799387790069 350008.13048261124641 37.16326510003948 185.55695720236136
19890.0 0.01397517597708 15.80706992505205 -155.80509558515627 349999.96238148771226 36.94154171161804 185.47416730099613
19920.0 0.01532852150876 15.77869315872796 -155.80213668903755 349979.04193891212344 36.72023804189807 185.39162598426807
19950.0 0.01639711081238 15.74969835372725 -155.79915968806779 350000.15652669593692 36.49923468605024 185.30917753255429
19980.0 0.01527418635426 15.72063410814612 -155.79610448805983 350006.94407721515745 36.27845946466695 185.22672549588114
20010.0 0.01386147514411 15.69152073004838 -155.79299133669613 350001.07224233541638 36.05818101550946 185.14458637878809
20040.0 0.01540499312562 15.66233266292526 -155.78979161226411 349980.28682661987841 35.83804425416992 185.06232166848000
20070.0 0.01527619865248 15.63253008274381 -155.78658152646915 350001.57561241462827 35.61839376599094 184.98033832249814
20100.0 0.01546737762075 15.60266750735286 -155.78330098877677 350009.09042996913195 35.39912437128973 184.89850003742112
20130.0 0.01577829505535 15.57273728403778 -155.77994030371150 350002.09406695980579 35.18012440371582 184.81666444591369
20160.0 0.01550158861113 15.54274987864310 -155.77650942210937 349981.44207644835114 34.96152747484807 184.73498281335114
20190.0 0.01474391659436 15.51212216449719 -155.77304394122999 350000.34420348796993 34.74320030929049 184.65328796256262
20220.0 0.01548247066998 15.48143152443479 -155.76950216909825 350004.94514292851090 34.52523664775000 184.57168333154939
20250.0 0.01489987834928 15.45010117448510 -155.76592960550374 350049.01411711052060 34.30764251940387 184.49016772532366
20280.0 0.01654200411452 15.41987040812743 -155.76219388077888 349971.79455672390759 34.09048634782388 184.40881346621765
20310.0 0.01638403020911 15.38841572262981 -155.75846620856345 349987.07467713858932 33.87365069343250 184.32747394266312
20340.0 0.01628642835288 15.35688810933730 -155.75464816350191 349986.86377568356693 33.65706344829707 184.24605721792651
20370.0 0.01710145389763 15.32530808312470 -155.75076128298699 349972.99290842935443 33.44099115697875 184.16486791215002
20400.0 0.01836826573038 15.29247451016232 -155.74685949761366 350048.66263854969293 33.22508046852521 184.08348532280812
20430.0 0.01748280561119 15.26076059007264 -155.74280055121415 350004.56128909531981 33.00967410571152 184.00230203551936
20460.0 0.01776655517306 15.22839601884018 -155.73870154077053 349998.45473027788103 32.79466672153011 183.92118729453600
20490.0 0.01841253880282 15.19596090221332 -155.73450988522498 349976.71005671750754 32.57994769170248 183.84000556071473
20520.0 0.01945295415848 15.16287040291040 -155.73027551640422 349992.37743466813117 32.36564943288111 183.75890310509794
20550.0 0.01810262759121 15.12970684726001 -155.72594523435180 349992.01463743951172 32.15163902898819 183.67771936621250
21630.0 0.01966526351386 13.75023971528125 -155.50669276043868 349950.86758581921458 24.70480809949143 180.72397779728402
21750.0 0.01990775859836 13.57101541538873 -155.47286832571478 349950.04515735153109 23.90950333983558 180.38734825203937
21810.0 0.01988964695406 13.47827013115207 -155.45508043145094 350008.47794306371361 23.51432856999106 180.21806918844086
21840.0 0.01996913738759 13.43176943268705 -155.44594234810515 350005.90853093191981 23.31725225250035 180.13305627213524
21870.0 0.01849705976031 13.38520220905882 -155.43666562939785 349984.43989315163344 23.12073418264600 180.04802441655519
21900.0 0.01756330204610 13.33721393628829 -155.42723608138360 350030.83531962800771 22.92467009927877 179.96285642128259
21930.0 0.01938352602861 13.29048904058400 -155.41763964088923 349968.06641813367605 22.72895503239347 179.87743466216924
21960.0 0.01939560063050 13.24234118180505 -155.40788663833177 349972.76832284592092 22.53371549012381 179.79189183333324
21990.0 0.01940868130764 13.19275233897785 -155.39795405354366 350042.56285935081542 22.33882190167321 179.70608392707470
22020.0 0.01778768548630 13.14444062427053 -155.38786393023059 350004.59454057272524 22.14436899731230 179.62010927611965
22050.0 0.01598657929720 13.09469226771736 -155.37759953154855 350032.15071067400277 21.95035863073866 179.53396588115069
22080.0 0.01393090334785 13.04486943654929 -155.36717407143311 350039.15461768303066 21.75685058538359 179.44771422445888
22110.0 0.01552372507348 12.99496484058163 -155.35657313494897 350024.48347692377865 21.56373947292333 179.36123675254433
22140.0 0.01358074395572 12.94497401331315 -155.34578641686889 349987.37669644597918 21.37095532006660 179.27445428355855
22170.0 0.01716383868823 12.89354542002341 -155.33482569282808 350015.48843738622963 21.17875020501867 179.18763451693374
22200.0 0.01642629076173 12.84202046417098 -155.32366118686446 350019.58258075267076 20.98678604839968 179.10040961428865
22230.0 0.01558409734426 12.79042702136000 -155.31233403389541 350003.44533197395504 20.79539079085110 179.01312886911538
22260.0 0.01526814923798 12.73875795335751 -155.30082966440261 349965.94930512644351 20.60446078128189 178.92567692697710
22290.0 0.01388461775558 12.68562197670535 -155.28910547849233 349989.39111478161067 20.41389272269718 178.83793898088010
22320.0 0.01461612863968 12.63240925596792 -155.27720008655487 349991.16619146708399 20.22381143514041 178.75004563100728
22350.0 0.01132885799705 12.57911060893514 -155.26509493151113 349969.80162331648171 20.03408854743250 178.66185521287144
22380.0 0.01318429934065 12.52434295087846 -155.25276726851453 350008.95642642863095 19.84481871060372 178.57346590346225
22410.0 0.01177058183367 12.46949454197524 -155.24024571177662 350025.56720785610378 19.65600305079639 178.48487533209675
22440.0 0.01389166124257 12.41457150745242 -155.22753700547037 350020.40438923891634 19.46769960849386 178.39614232102889
22470.0 0.01206238117937 12.35956677015131 -155.21462564208312 349992.27360253501683 19.27980566317798 178.30715296491491
22500.0 0.01190641949832 12.30307346684395 -155.20145752841614 350021.57741303183138 19.09225192236835 178.21782933686359
22530.0 0.01237631706130 12.24651082464861 -155.18810473206375 350029.61830116435885 18.90528700310936 178.12843512122049
22560.0 0.01163373801990 12.18985267875684 -155.17451839440770 350012.26338510029018 18.71857682705004 178.03860792952344
22590.0 0.01223746080157 12.13312719684031 -155.16074336027683 349973.66108106914908 18.53244557229078 177.94869268254922
22620.0 0.00992117775408 12.07491473383771 -155.14671191999130 349992.56450284458697 18.34679030566463 177.85857541558266
22650.0 0.01096058710835 12.01661588474601 -155.13245505458590 349987.13257935177535 18.16150947638023 177.76814365724755
22680.0 0.01190742572130 11.95682485049016 -155.11793304183573 350038.39015038497746 17.97672615094388 177.67752634017265
22710.0 0.01129766560175 11.89836497627604 -155.10323585941120 349985.69986825436354 17.79231327201698 177.58658360687099
22740.0 0.01151098103237 11.83840828205358 -155.08826117272312 349988.80048626475036 17.60836532758624 177.49541373918339
22770.0 0.01193761181976 11.77837374685707 -155.07306388898874 349968.40710308402777 17.42488274796158 177.40401396232517
22800.0 0.01260271316906 11.71684055482925 -155.05758576387214 350003.52832997590303 17.24192183605538 177.31244162774789
22830.0 0.01118798936523 11.65522418303384 -155.04187089655542 350014.13541251420975 17.05938258411689 177.22058599666491
22860.0 0.01126043609017 11.59352041430067 -155.02590692010756 349999.35052175167948 16.87719644311288 177.12837010046363
22890.0 0.01091329551471 11.53175130743125 -155.00973052116566 349962.62500939145684 16.69560842883772 177.03605446773651
22920.0 0.01404158573348 11.46845449947919 -154.99321349618941 349976.46331997960806 16.51428869939326 176.94328091049894
22950.0 0.00886566905372 11.40509011100306 -154.97647497001586 349967.83166334126145 16.33355746219974 176.85039107640563
22980.0 0.01148180108303 11.34021044602723 -154.95941785267806 350011.83575582597405 16.15331260061178 176.75727198821372
23010.0 0.01061646512797 11.27524498349786 -154.94209918933311 350030.14261205773801 15.97345437249879 176.66381309086196
23040.0 0.01123930585079 11.21020556315817 -154.92453702922342 350024.57477449905127 15.79410403123698 176.57014203977479
23070.0 0.00903068659386 11.14508321517128 -154.90670910082306 349993.40473839081824 15.61513593676906 176.47612031013571
23100.0 0.01204930053917 11.07843807814315 -154.88854009242687 350013.40068346913904 15.43664433202676 176.38184653874058
23130.0 0.01358879366569 11.01171693754678 -154.87011270726293 350008.79350857250392 15.25862898156491 176.28731752100720
23160.0 0.00867650253141 10.94492610597420 -154.85143466385912 349980.50479847006500 15.08114445853768 176.19258930972973
23190.0 0.01166392419222 10.87660325336740 -154.83239141826675 350001.69059060234576 14.90409350124338 176.09755391824592
23220.0 0.01211168521898 10.80819591463542 -154.81306095882152 349996.36942285578698 14.72740836070368 176.00213507621024
23250.0 0.01110548055823 10.73826645236728 -154.79338201258523 350042.29144339077175 14.55133032325618 175.90659093559182
23280.0 0.01084587975694 10.66970661305516 -154.77349633182536 349986.36113899294287 14.37553399793875 175.81056639064911
23310.0 0.00838973430060 10.59962330438575 -154.75325242854888 349981.24434487242252 14.20033542818491 175.71440081672739
23340.0 0.01221129952117 10.52946956822859 -154.73273236843019 349951.53458812925965 14.02563340467658 175.61798186592765
23370.0 0.00800033306173 10.45777096308076 -154.71180542017635 349968.74054636526853 13.85133004788760 175.52120053217615
23400.0 0.00720543142258 10.38600342363037 -154.69059769555821 349961.41475234273821 13.67754474227299 175.42418355226758
23430.0 0.00714807774687 10.31268644976754 -154.66896830113825 350000.13158301170915 13.50415336011511 175.32679331148299
23460.0 0.00591145219724 10.23929780288196 -154.64704392609102 350013.57408511824906 13.33124981778026 175.22912904175672
23490.0 0.00940499478350 10.16583928344722 -154.62482267560006 350001.85936660040170 13.15883324279534 175.13118708815671
23520.0 0.00224584876852 10.09231731091770 -154.60231284838019 349965.99548879452050 12.98695648776032 175.03302236113888
23550.0 0.00888176832593 10.01724648272571 -154.57936822475756 349976.03184360079467 12.81552506080465 174.93452926843702
23580.0 0.00637732501603 9.94209844203561 -154.55609536614975 349959.00800197571516 12.64447206424892 174.83563200791147
23610.0 0.00323696026924 9.86541276139458 -154.53240645470112 349990.05872127134353 12.47403493596588 174.73658706547616
23640.0 0.00059466699646 9.78864298300872 -154.50836378928395 349992.41218802705407 12.30389293353331 174.63704140975079
23670.0 0.00040851903228 9.71033165173463 -154.48388946038642 350042.07079281471670 12.13435775400146 174.53733305981314
23700.0 0.00255475360942 9.63344292479885 -154.45923356850307 349996.15019306913018 11.96532917999720 174.43734997587606
23730.0 -0.00021834643472 9.55499627047184 -154.43409826917792 349994.00737914443016 11.79671124124916 174.33698437691194
23760.0 -0.00211001114080 9.47499873882782 -154.40849736996904 350037.17810207791626 11.62862140027460 174.23636241216897
23790.0 -0.00251048057391 9.39642287489967 -154.38269107285910 349983.64282103162259 11.46093712970627 174.13534699769588
23820.0 -0.00239174840444 9.31479969692429 -154.35625380005942 350044.23761352803558 11.29375193754629 174.03403819171078
23850.0 -0.00615595998623 9.23461030585958 -154.32962601240925 350010.06815867964178 11.12706434163333 173.93243187190882
23880.0 -0.00506322170043 9.15436818332540 -154.30266911990057 349951.91184927336872 10.96092548407175 173.83058194841661
23910.0 -0.00602515339954 9.07106845020656 -154.27504539329968 350005.94400200061500 10.79524365839599 173.72838491364305
23940.0 -0.00615998476735 8.98770023876726 -154.24704411967539 350032.58976205345243 10.62995286536835 173.62576522913915
23970.0 -0.01335837273987 8.90578856458243 -154.21887727285784 349967.91204188205302 10.46528658129590 173.52297836496365
24000.0 -0.01048364613225 8.82080046365889 -154.18998311387435 350011.50605845637619 10.30092889725199 173.41967245115853
24030.0 -0.00687841493738 8.73576695643859 -154.16074863281943 350032.04498905595392 10.13718698890644 173.31618499267555
24060.0 -0.01495924436015 8.65068169035600 -154.13115028854955 350027.85813240427524 9.97396171024772 173.21240396756500
24090.0 -0.01864698432509 8.56553875498683 -154.10116486734191 349997.31258094962686 9.81115904112457 173.10822253314328
24120.0 -0.01749085521036 8.47884049750629 -154.07063892001381 350010.32372739538550 9.64889447040441 173.00376655751845
24150.0 -0.01921548996727 8.39208579301800 -154.03971456380643 349996.84175895433873 9.48704715329764 172.89889914496979
