sod		dsTEC/dt		lon		lat		h_ipp			elev		azi
30.0		-0.01234009288629116		-156.44961246835032		22.13873633005184		349993.914654566		44.10234631153377		336.7102002296867
60.0		-0.011537142608248825		-156.4348898276096		22.123818194561743		349994.5357530741		44.29545891307616		336.83597746189713
90.0		-0.01239442863173515		-156.42047367115782		22.10931532055609		350049.5000840761		44.48888397189882		336.9615774433482
120.0		-0.011855102569554143		-156.4057399780282		22.093899561223584		349975.05356261507		44.68269094203844		337.0870683774768
150.0		-0.012299845148975513		-156.39150886156085		22.079337054721996		350016.95292114466		44.876890654291856		337.21246371050137
180.0		-0.011985911852409565		-156.37715893725334		22.064301826341275		349991.21773576085		45.07159562290629		337.33787410098984
210.0		-0.010920337228881452		-156.36290532680144		22.04924092312225		349958.65069497656		45.26665746899191		337.46316206770234
240.0		-0.011095418550032135		-156.34894545832466		22.034591085966998		349981.24012865964		45.462064503565124		337.5883195222118
270.0		-0.01093845190174916		-156.33508201879894		22.01991653327651		349997.0021223873		45.65776984742499		337.71330435572656
300.0		-0.010874053631036322		-156.32129814899045		22.005209266433518		350006.9637143593		45.854003022953286		337.8383413503863
330.0		-0.011020958935930324		-156.3076082243784		21.99047749091081		350010.2196399886		46.05056419229933		337.96324159521123
360.0		-0.010824749148226759		-156.29400129785623		21.975716198606296		350007.4267035816		46.2476026222723		338.08815376658987
390.0		-0.010539994102052797		-156.28048576397623		21.960930549795123		349998.05282448884		46.44499977624002		338.2129667285056
420.0		-0.010070095209459302		-156.26706504599525		21.946123157843356		349981.8752961047		46.642704930338574		338.3376343074897
450.0		-0.01047962131419945		-156.25373390521787		21.931292002087957		349959.1991632497		46.84078838150791		338.46222900089754
480.0		-0.010336740310285062		-156.2406734178422		21.91686188512612		349993.189476043		47.03926030616684		338.5867649386833
510.0		-0.010738215449306228		-156.2276897445711		21.902401649562048		350021.4665388707		47.238234537105605		338.71135955024243
540.0		-0.01066576975851404		-156.21461510828723		21.887496102586983		349979.98229608405		47.43755962189342		338.8358674158226
570.0		-0.010230081560826831		-156.2018084716008		21.872990999767275		349995.3491749512		47.637226187632805		338.96028318811454
600.0		-0.010435349275904188		-156.1890928463127		21.85846576556429		350004.1049363399		47.837185749564235		339.0845621061364
630.0		-0.010334727568855317		-156.17645195563264		21.843912024512434		350007.2032162016		48.037668774572026		339.2089405515384
660.0		-0.01054905084754671		-156.16389968031507		21.829338251201154		350003.8023779867		48.238473823139756		339.33322065871414
690.0		-0.009172560266777454		-156.15142529093663		21.814739094266425		349994.521234747		48.43975293190713		339.4575614443773
720.0		-0.009314436672796782		-156.13903703903233		21.800119939545326		349978.8566019498		48.64138436819767		339.5818445211706
750.0		-0.009986581213623327		-156.1269039898769		21.785894603862292		350020.92555652466		48.84331793009743		339.70602301679446
780.0		-0.009022636440678774		-156.11468758745582		21.771236942890805		349992.5064363731		49.04562471743631		339.8301744902514
810.0		-0.009515677723134773		-156.10255458642646		21.756559921986756		349957.8220465202		49.248314224834935		339.95431402333867
840.0		-0.010025821989284164		-156.09065756560526		21.742266127566957		349982.02973462734		49.45150154080376		340.07856698890174
870.0		-0.008553746873499841		-156.07884277435184		21.72795259320648		350000.06518406235		49.65503217660006		340.2027790189653
900.0		-0.009229914533426122		-156.06711046885945		21.71362018278737		350011.9005162632		49.85889909645006		340.3269479577976
930.0		-0.009883947947024586		-156.0554637835512		21.699271491217225		350017.3440940436		50.06305221016571		340.45102617687104
960.0		-0.009042760309336597		-156.0438869972558		21.68489779643118		350017.27859400865		50.267722784075715		340.5752636930093
990.0		-0.008086867683990901		-156.03239352457211		21.670507818692048		350010.9238461405		50.47270786589011		340.6994524185177
1020.0		-0.009480458884693796		-156.02097284741427		21.656095876651563		349998.8608564967		50.678162189117714		340.823763461406
1050.0		-0.008846552885392786		-156.0096330830178		21.641667574633495		349980.61530190427		50.88396084376634		340.9480702931983
1080.0		-0.008103973031444046		-155.9983772687021		21.627225502022636		349956.0045056287		51.09005417908901		341.07232535846623
1110.0		-0.008419920251319617		-155.9873455783792		21.613159347361474		349991.15995757		51.2965140454079		341.1966122659631
1140.0		-0.0084259561118491		-155.97638869298305		21.599073938238224		350020.49991205055		51.503349224657185		341.32094743020025
1170.0		-0.007821228362940075		-155.96535702088542		21.58457635741995		349978.3226017365		51.710675978839966		341.44546565895763
1200.0		-0.008567833699748307		-155.95454595775232		21.570452612875066		349996.16080972366		51.918336838755565		341.5700024592961
1230.0		-0.008172394421256621		-155.94381209079575		21.55631306787478		350008.0075455634		52.12632711974387		341.69455948698834
1260.0		-0.0077155765751366545		-155.93315851789865		21.542160386906545		350013.6820413135		52.33459513134287		341.8190860422974
1290.0		-0.00900854961443031		-155.92257004797173		21.52798552993009		350013.9981585108		52.5433727604445		341.94384833764775
1320.0		-0.008139188324245391		-155.91205965627617		21.51379744126335		350008.2352488702		52.75245565337103		342.06862658006037
1350.0		-0.007636088062160171		-155.90161702962888		21.499590122622337		349996.9365529744		52.96200113906721		342.19360619949083
1380.0		-0.008157301815233223		-155.89138045273958		21.48574600990518		350046.6416060161		53.17188116510848		342.31865150278685
1410.0		-0.008126107277771862		-155.880961910288		21.471137810743684		349956.2310085958		53.38204666196636		342.44371435114334
1440.0		-0.007378499706828326		-155.87087448204701		21.457265972184015		349994.1366221644		53.592570162272814		342.5688857037478
1470.0		-0.008557769992599579		-155.8608568564699		21.443377392412778		350026.41358279064		53.8034596990202		342.6941838618827
1500.0		-0.007074625389891597		-155.85077758140278		21.42909812676617		349985.9752544649		54.01483260130577		342.8197550060602
1530.0		-0.007546533478275209		-155.84089587911268		21.415176168951177		350007.10707394313		54.2265284967515		342.9454231508604
1560.0		-0.006891496648661563		-155.83096549078806		21.400874924954607		349954.74164449517		54.43854505603932		343.07119463650685
1590.0		-0.007093743478774487		-155.82123244566426		21.386930713999714		349964.0118908873		54.65082899838217		343.19701553401836
1620.0		-0.007464024080334293		-155.811559781117		21.372966507964293		349968.0735782953		54.863612610141544		343.3231715370316
1650.0		-0.006390405582366459		-155.80196005804547		21.358991455042094		349966.2638431536		55.07669027406254		343.44942941427564
1680.0		-0.00666912476801094		-155.79242316180134		21.34499925305314		349959.08806355484		55.29022177590093		343.5759918190791
1710.0		-0.006204258319931744		-155.78306985139113		21.331352572187683		350014.43252961896		55.504075974718745		343.7027127310533
1740.0		-0.0053449583731358		-155.77367552035608		21.31733877966855		349995.6610341994		55.718204411752716		343.82954367870497
1770.0		-0.006078482663470501		-155.76445966246106		21.303666630554506		350039.72457042616		55.932680212554615		343.95658472914477
1800.0		-0.005177929199583976		-155.75520043762913		21.289628616039952		350009.68931655213		56.14751061678508		344.08385689895096
1830.0		-0.006060371536242423		-155.746001773267		21.275574888698156		349974.3306480758		56.36281388201626		344.21152032148103
1860.0		-0.005349989635770226		-155.73697860343424		21.261860056983796		350002.0341832768		56.578426835287125		344.33938594520924
1890.0		-0.00582190008791359		-155.72802238376343		21.248133565920458		350024.1503987564		56.79434949215439		344.4674660570111
1920.0		-0.005932583138351434		-155.71903390056238		21.2340549101636		349971.411165338		57.010526996007485		344.59570345448276
1950.0		-0.005731339724253692		-155.71020493708636		21.220303048766603		349982.6038667355		57.22719175599648		344.72440762840745
1980.0		-0.005997986006959331		-155.701443919396		21.206542075608223		349988.12599316984		57.44413706043228		344.853329899878
2010.0		-0.006143885532078397		-155.6927409214993		21.19276539527671		349988.4449968133		57.661524963442645		344.9826940147182
2040.0		-0.00645882815405891		-155.68410370787274		21.178979231055358		349983.1734728664		57.87922131153397		345.11234234054376
2070.0		-0.006319971451124138		-155.67562970046566		21.16551957637767		350041.84883538354		58.09717828257566		345.24222659573127
2100.0		-0.00580177503737589		-155.66702966900638		21.15138318758494		349955.67518992256		58.315469476032035		345.37245840448276
2130.0		-0.006514168497397957		-155.65867952858852		21.137900162052357		350003.56668778975		58.53410128081897		345.5030627766779
2160.0		-0.005620660219455478		-155.65038233309915		21.124398686434304		350046.5095930435		58.75319269964957		345.63421733543805
2190.0		-0.006207275659256548		-155.64205851733223		21.110560924410386		350013.9383247914		58.97257789099977		345.7657181932895
2220.0		-0.006077476883695567		-155.63379961517128		21.09671668019841		349975.75228869356		59.19225918217916		345.8975854674147
2250.0		-0.006685223153809272		-155.6256948507078		21.083190250366428		350002.1270207064		59.41218015732425		346.0297588856803
2280.0		-0.006033202481640553		-155.6176413855077		21.06964632274165		350023.57452784944		59.63257299715573		346.16257756861563
2310.0		-0.007134998177744945		-155.60965103278988		21.0560944072078		350039.5424432708		59.85323010016758		346.29577510411195
2340.0		-0.006801944428536352		-155.60163203063055		21.04221239591607		349979.8203003751		60.07431553169933		346.42960164781925
2370.0		-0.005678010940464515		-155.59375746711927		21.028639244487252		349985.2245387314		60.29569222571786		346.56388661823235
2400.0		-0.006484989065126094		-155.58594634855447		21.015060124328333		349985.1042004209		60.51731301309583		346.69858294496447
2430.0		-0.006300853362241249		-155.57819414445441		21.001472127568753		349979.65168893803		60.739251804382576		346.83381734873103
2460.0		-0.00617004644314558		-155.57057676041163		20.988182254171267		350039.93721439317		60.961514057741454		346.96962087400567
2490.0		-0.005418412207462678		-155.56293278638222		20.97456965032289		350024.2483350793		61.184219273759794		347.1061936559451
2520.0		-0.0058289440919777604		-155.55534940679902		20.960951155312646		350003.1185358856		61.40719910673009		347.24331508083657
2550.0		-0.006073451400836077		-155.54782606206373		20.94732692616191		349976.56352244783		61.63045812598843		347.3810160141687
2580.0		-0.005615627774941176		-155.5404367967094		20.933998318542578		350015.9094475452		61.853938369690425		347.5192338367376
2610.0		-0.005135668720838583		-155.5330247720904		20.920356357060232		349978.8925968548		62.077871332271705		347.65834545339635
2640.0		-0.005668956558730353		-155.52574227475029		20.90700536368081		350008.03572230786		62.3020487671412		347.79806423841217
2670.0		-0.005095420983522936		-155.5184415605824		20.893347856934515		349960.5108362371		62.52663639320227		347.9386743347879
2700.0		-0.005036053975444523		-155.5112657002223		20.87997649624283		349979.4074011175		62.75149435602536		348.0799910193004
2730.0		-0.005176922237929165		-155.50414857494417		20.866599608493303		349992.9630561592		62.97657613398145		348.22197039326363
2760.0		-0.004946502937199189		-155.4970857583072		20.8532141637336		350001.35148109216		63.20195571757486		348.36475961503095
2790.0		-0.004925370925006678		-155.49007671699312		20.839820267762082		350004.58405683003		63.427637513676856		348.5083991590153
2820.0		-0.005414387906483064		-155.48311454704051		20.8264127719073		350002.926891448		63.6537411752319		348.65311910992165
2850.0		-0.005326847245907722		-155.47620841296438		20.812999731668473		349995.9993659165		63.88009604964388		348.7986803600597
2880.0		-0.005564310550701867		-155.46935763064505		20.799581148262266		349983.8208653135		64.10670881662813		348.94512924821476
2910.0		-0.0053650834236735005		-155.46256514938307		20.786160048018516		349966.2682264857		64.3335199641412		349.09240261044755
2940.0		-0.006215325443095653		-155.45587354100937		20.772998303498007		350016.451832992		64.56075968253599		349.24092702243854
2970.0		-0.005459666906433136		-155.4491816577747		20.75955927016706		349988.7917293962		64.78821936524656		349.39039325957776
3000.0		-0.006427635980357302		-155.4425368396512		20.746109916544714		349956.16284069605		65.01606587243602		349.54113074163513
3030.0		-0.005238301987437323		-155.43599834183806		20.732922440854672		349991.15398652107		65.24415670223303		349.6929400531079
3060.0		-0.006449770226685119		-155.4295140745023		20.719729346513148		350020.9705310166		65.47244592741896		349.8457842623688
3090.0		-0.0051588111107010864		-155.423079709897		20.706527488185483		350045.7673215382		65.70100727301228		349.9998394507218
3120.0		-0.00581888156670891		-155.41664664625554		20.693058417641648		349992.4004923152		65.92984389744322		350.1551614441749
3150.0		-0.005588461084099059		-155.41030557760507		20.679836210013914		350007.3227675576		66.15907510022977		350.31202186823225
3180.0		-0.005807813261665126		-155.40401618867602		20.66660828470179		350017.12791518494		66.38852814284621		350.4701621336802
3210.0		-0.006197214315867575		-155.39777767925662		20.65337448613345		350021.83750454616		66.61821157165977		350.62965211500295
3240.0		-0.0046315591333388		-155.39159298483565		20.64013790826651		350021.3398761209		66.84806427022869		350.79043219931117
3270.0		-0.005299680555065605		-155.38544953555345		20.626888113109597		350016.0724046724		67.0783142496394		350.95299687288826
3300.0		-0.004806639272609606		-155.37935817920825		20.613635075596548		350005.64103915915		67.30875285711132		351.1170128558375
3330.0		-0.004719099793914141		-155.3733096294652		20.600371157435102		349990.36041365005		67.5395473259787		351.28287260934445
3360.0		-0.004080160168218951		-155.36734992500686		20.587343397495903		350043.7926251143		67.77055263860846		351.45036335410293
3390.0		-0.005114537890525949		-155.36140267492237		20.574071757197714		350018.28567016963		68.00172330420338		351.6194626804021
3420.0		-0.0040962573721374075		-155.35550342494687		20.560795367581015		349987.72461150214		68.23313223112314		351.7903899304417
3450.0		-0.0046939470263816455		-155.3496517191552		20.54751434364404		349952.11647300795		68.46478097758973		351.9632272046208
3480.0		-0.003847726944179354		-155.3438750033765		20.53445384477844		349985.8188004354		68.69678770142858		352.13830689335356
3510.0		-0.004568167824280772		-155.3381458176892		20.521386979248682		350014.53724724613		68.92897778617883		352.31535244074513
3540.0		-0.004558107662771676		-155.33243142530907		20.508087603037744		349963.9896348156		69.16136118327302		352.49447190247065
3570.0		-0.0043608909134133		-155.32679951760713		20.495012931833745		349982.60837388784		69.39387498833501		352.6756183776076
3600.0		-0.004126444947943958		-155.3212049328719		20.481924141888502		349996.5446873596		69.62674370903078		352.8593841003561
3630.0		-0.004576218789999754		-155.31565827193495		20.468831351760812		350005.4536895398		69.85975852753674		353.04541242519355
3660.0		-0.00431762229113322		-155.3101503374909		20.455726642487026		350009.61212684214		70.09308666725912		353.23419092594486
3690.0		-0.0028968655814680835		-155.30468848668616		20.442617230690754		350008.78289601393		70.32658020551769		353.42549871662436
3720.0		-0.004351832986039509		-155.2992746656443		20.429505428579436		350002.90165919997		70.56019368934474		353.61934364694196
3750.0		-0.0029471734802928285		-155.29390470552693		20.416387897876668		349992.08757954836		70.79399825483074		353.816014415446
3780.0		-0.004154620964200639		-155.2885781975949		20.40326475227193		349976.3446187023		71.02799317387243		354.01564095186154
3810.0		-0.0034532922635827274		-155.28331071508913		20.39033448873522		350030.81594213285		71.26229412873019		354.2186508191776
3840.0		-0.002827434866240944		-155.2780658177846		20.3771951442051		350005.3787359586		71.49672470215077		354.4247581068096
3870.0		-0.0035106488939911484		-155.27286559791182		20.36405278576066		349974.95153255854		71.7312953264822		354.6341377360075
3900.0		-0.0034754312374300493		-155.26773188704374		20.351107370056315		350014.6185840424		71.96594079211953		354.8467765284277
3930.0		-0.0031252709588884377		-155.26263178121988		20.33814650650872		350049.66619349364		72.20087991857211		355.0634173562993
3960.0		-0.0037913808210653737		-155.25755872784666		20.32498865354307		350004.49717928376		72.43590465607616		355.28369362694997
3990.0		-0.002654366286520007		-155.25252262054565		20.311822418420356		349954.51807590295		72.67117838934497		355.5082385302948
4020.0		-0.003420089712211127		-155.24754557003325		20.29884199564632		349974.9584163083		72.90655086998427		355.7368450327335
4050.0		-0.0037199385462883656		-155.24261254677143		20.28585788412047		349990.46175791323		73.14197569567368		355.96958619805054
4080.0		-0.003116215395274398		-155.23771946366605		20.272866648411902		350001.1279707905		73.37752039258403		356.20687205138944
4110.0		-0.003934260643099884		-155.23286595744008		20.25986840485758		350006.95805803686		73.61318046918224		356.44892653897546
4140.0		-0.0038597998471181965		-155.22804565577079		20.24685743808871		350008.10047415923		73.84906662417629		356.69634003841287
4170.0		-0.002613115133189179		-155.2232671987078		20.23384256663153		350004.331061271		74.0850002140145		356.94884592615284
4200.0		-0.003400971623328238		-155.21852945576424		20.220823179758977		349995.6719432073		74.32099013731174		357.2067475566076
4230.0		-0.004201910341820703		-155.213835318556		20.20780259462251		349982.0497511374		74.55696745732106		357.4701164487248
4260.0		-0.0031886610860665876		-155.20917318502757		20.194769925308783		349963.7294705352		74.79314126316966		357.73994983406175
4290.0		-0.0035247357202396125		-155.20455919269105		20.18189965965469		350016.4396020621		75.02930324011702		358.015909546815
4320.0		-0.004227065473112953		-155.19997135540322		20.168852645735555		349988.4877566807		75.26560959194639		358.2988881814111
4350.0		-0.002824417526916141		-155.19542806518896		20.155962186946034		350031.70068883616		75.50190595476161		358.58874893672237
4380.0		-0.0038165335885978692		-155.19092179154146		20.142909870566502		349993.9265314471		75.7381424034134		358.88571465564144
4410.0		-0.0037531434614197193		-155.18645361175325		20.12985377764285		349951.2756674569		75.97437883717762		359.19043219750023
4440.0		-0.0033184622253873215		-155.18202458321193		20.116945408868702		349979.98983510304		76.21060342910393		359.50332905973914
4470.0		-0.003781317113916647		-155.17762520522862		20.10402243201306		350004.05108395685		76.44691650210846		359.8253077094189
4500.0		-0.003850745465384034		-155.17326402425738		20.091093841146694		350023.27457227465		76.68313501436965		0.15620899415421483
4530.0		-0.00409525277424235		-155.16893981652183		20.078158868431995		350037.67904715426		76.91926139158207		0.49661249818023045
4560.0		-0.003964445855146681		-155.1646576906991		20.065079863540742		349970.7633654373		77.15521885315832		0.8468091358292992
4590.0		-0.004334730002346117		-155.16040277711178		20.05213048172414		349975.56831952743		77.391198079287		1.2082813372244197
4620.0		-0.003590138588847508		-155.15618627430268		20.039177546103797		349975.5073080305		77.62698722227717		1.580846494334062
4650.0		-0.00391011129158257		-155.1519944915444		20.026345758903883		350047.3137821136		77.86272577413567		1.9659156925810628
4680.0		-0.00390910432992776		-155.14784919067665		20.013243145930137		349961.10920130555		78.09825023655245		2.363595045063921
4710.0		-0.00390004876631372		-155.1437308585589		20.00039964328175		350023.2705680914		78.33349973301748		2.774485491463606
4740.0		-0.0031514342337153737		-155.13965272190626		19.98741974222168		350003.98612483405		78.56851623783867		3.1997638396063874
4770.0		-0.004221028430703593		-155.1356087533569		19.97443422622614		349979.8791157603		78.80327060750903		3.6403551044449354
4800.0		-0.0032128104375839022		-155.13158363205147		19.961557306087066		350027.8344485741		79.03783904791125		4.097852735015481
4830.0		-0.0035146731949707625		-155.1276032545821		19.94855521591106		349994.1599669624		79.2720255537424		4.572486709617016
4860.0		-0.003853762804708837		-155.12365798900163		19.93554982908402		349955.6264360575		79.5058119280457		5.065518465417916
4890.0		-0.0035700147201896846		-155.11973907190975		19.922656870300575		349989.1013796292		79.73910022623605		5.577856608829149
4920.0		-0.0036625854615195746		-155.11584541860796		19.9097476829933		350017.9006158011		79.9720401527792		6.1120671285916055
4950.0		-0.0036535287160256585		-155.11198671769844		19.896832815691706		350041.8773316536		80.20440277128971		6.668549111239489
4980.0		-0.0030648993529149666		-155.10816830226605		19.883799211912105		349984.11962355673		80.43628448958583		7.249933500998562
5010.0		-0.0027097078117389295		-155.10436996973905		19.87086607425157		349998.5325972093		80.6674936421825		7.857133138004147
5040.0		-0.002832467310755246		-155.10060658025841		19.85792857542554		350008.10547244735		80.89793342075417		8.491827753678269
5070.0		-0.0025567666463154454		-155.0968742296214		19.84498303458552		350012.8815128822		81.12759570183395		9.156586528780066
5100.0		-0.0026151243289792942		-155.0931726612993		19.83202961174712		350012.8564622402		81.35640055859238		9.853736099125255
5130.0		-0.0024038231171322083		-155.08949578553126		19.819062243840875		350008.08902363665		81.5843568214049		10.586679992292607
5160.0		-0.0021945322829551145		-155.08585198671935		19.806090283993488		349998.4774978403		81.811220305942		11.357008359578057
5190.0		-0.002140197719391003		-155.08223984322774		19.79311266459764		349984.03272177186		82.03690281779471		12.167939112544573
5220.0		-0.002336407507094567		-155.0786419112288		19.780215857639295		350041.9943061285		82.2612344650526		13.022315174707401
5250.0		-0.0022126434101831928		-155.0750872351286		19.76722009917158		350017.94321551174		82.48424974776542		13.925584005172668
5280.0		-0.0029179940480209654		-155.07156575503768		19.754221656904374		349989.0271864543		82.70564322711977		14.880234287784818
5310.0		-0.003194699310355824		-155.0680687775448		19.741211585074435		349955.3152556997		82.92537597831938		15.892279299219293
5340.0		-0.003252054758884368		-155.06458011356523		19.72827015884079		349994.113299666		83.14314636674916		16.965383133659966
5370.0		-0.0037471040552506064		-155.06112311142059		19.715321914373348		350028.08051020186		83.35872027931516		18.10461589778374
5400.0		-0.004046955253087598		-155.05771868745632		19.70229636258335		349979.8216335224		83.57191419090807		19.31667409585943
5430.0		-0.004018781600590669		-155.05431780715446		19.689329856868603		350004.14538352564		83.78246035359088		20.6081756904798
5460.0		-0.0038658380714074324		-155.0509384995006		19.676346785691518		350023.682673282		83.99012999384955		21.98774336750566
5490.0		-0.0040560119985815135		-155.0476160110602		19.663298084001795		349960.89496595785		84.19446906449153		23.461418323534286
5520.0		-0.003680695406867776		-155.04426809278323		19.650358292797804		350048.22022252996		84.39511160628733		25.038102316548756
5550.0		-0.0039835651259094475		-155.0410066924913		19.637302127520183		349975.6924436381		84.5915918305038		26.72627666563729
5580.0		-0.004141538735847233		-155.03773831386232		19.624285872683497		349975.8410976883		84.78353172897145		28.538813868333015
5610.0		-0.003965451634921616		-155.03449993274694		19.611264406360778		349971.1218359573		84.97027565911303		30.48380493379946
5640.0		-0.004131475028698506		-155.03125253194378		19.598273533027736		350039.1169087123		85.15127700689413		32.5749779570634
5670.0		-0.002892838916728717		-155.02806330954763		19.58522892817681		350024.69077517465		85.32576818833701		34.821665295682195
5700.0		-0.0036545356776804695		-155.0249040054614		19.572180315337288		350005.38141666166		85.49296326741309		37.23470445595403
5730.0		-0.0029552232641319328		-155.02177079518012		19.559123874933476		349981.19399574585		85.65202447611664		39.82626834094777
5760.0		-0.0024903568160527384		-155.0186634800973		19.546059812973027		349952.12282602675		85.80199756555449		42.6062955065247
5790.0		-0.00314740638709613		-155.01554238912288		19.533013101357614		349995.7793956436		85.9418563368432		45.5851041114577
5820.0		-0.0024692271676199804		-155.01244820876008		19.519956701533683		350034.5510795852		86.07045771584656		48.76459125713673
5850.0		-0.003134327704382353		-155.0094143440152		19.506863512354485		349990.8041618513		86.18664281912244		52.146270431136266
5880.0		-0.0023746436848603456		-155.0063743385169		19.493791442070723		350019.7856271751		86.2892285542762		55.72445701684435
5910.0		-0.0022589281899081993		-155.00338836008845		19.480680399744877		349966.21886499226		86.37700199715667		59.492766993004444
5940.0		-0.0027056846926391915		-155.00039372099567		19.467584403962114		349985.3788018003		86.4488621079546		63.42885502173559
5970.0		-0.0025597863494000016		-154.9974174574741		19.454471147211763		349999.60844256077		86.50374242959		67.51029750670581
6000.0		-0.0028405147308345974		-154.99446669995524		19.441349119555095		350008.9125192426		86.5408511037613		71.70013317373567
6030.0		-0.00190877027512634		-154.991542820993		19.42822031330767		350013.2913562907		86.55961322316023		75.95766376366062
6060.0		-0.0020375632709123868		-154.98864203246066		19.415080842115586		350012.7290504677		86.55966756490088		80.24016329752604
6090.0		-0.002647325828095466		-154.98576417017333		19.40193093489194		350007.21806363016		86.54098425508684		84.50168561533178
6120.0		-0.0019480110507871765		-154.9829033197264		19.38876423184619		349996.72370190267		86.50373387323391		88.69971201179855
6150.0		-0.0017397283601447702		-154.98006774179493		19.37559060009522		349981.2741913507		86.44860421103745		92.79035847230105
6180.0		-0.0017699135721915673		-154.97725573556062		19.362408520709348		349960.8574642753		86.37636794858166		96.73991459891305
6210.0		-0.0017739390550510577		-154.9744278675056		19.3492142669006		350013.1203035824		86.28807235988701		100.52068691360941
6240.0		-0.0016753312713118087		-154.9716579233522		19.336008607880395		349982.7212348329		86.18459652554282		104.11657696802966
6270.0		-0.0016240140470725006		-154.96886975885235		19.322784663708763		350024.9692736268		86.06730949975568		107.5134446901343
6300.0		-0.002189501020320689		-154.966141197717		19.30955628482093		349984.5501778703		85.93719285595274		110.70835272155841
6330.0		-0.001377493996784439		-154.96339182180887		19.296303204348753		350016.7381400475		85.79558091911176		113.70017827182923
6360.0		-0.0020063710972107783		-154.96066644283297		19.28304044469306		350043.9202128826		85.64362455617666		116.49361672222471
6390.0		-0.0019500249740967983		-154.9580070504731		19.26978829346227		349988.479296905		85.48226992048012		119.09716236676682
6420.0		-0.0016602374834085336		-154.95532256165902		19.256501327727257		350005.5781898638		85.31247224978127		121.52057813068089
6450.0		-0.00210095576185029		-154.95265229381715		19.24319454085356		350017.5577164758		85.13494329069562		123.77536406691105
6480.0		-0.0019459994912373077		-154.9500045027199		19.229877967383153		350024.4906808138		84.95069646113723		125.8720100453977
6510.0		-0.0017890316610744564		-154.9473773971508		19.216549938692907		350026.35373891145		84.7603919745893		127.82227314129898
6540.0		-0.0027640447390627943		-154.94477391083038		19.203214316784916		350023.1761045968		84.56474565094834		129.63724792573856
6570.0		-0.002127116672917473		-154.9421838532398		19.1898595712924		350014.83183115814		84.3640317830003		131.32829847618078
6600.0		-0.0025185292866697906		-154.9396162520063		19.176496708911397		350001.42105804756		84.15900541073198		132.90499759298226
6630.0		-0.00218044545670665		-154.93706250366196		19.16311603206442		349982.8276459249		83.9498638120534		134.3771242064116
6660.0		-0.00192185132159987		-154.93447922813053		19.14967696933027		350036.5663473597		83.73720561111962		135.75309050701816
6690.0		-0.0014901886067721526		-154.93196826904423		19.136277481433567		350007.7716535935		83.52141645137047		137.04092010900638
6720.0		-0.00211403680832382		-154.92947582903898		19.12286693810886		349973.83771108463		83.30269826495633		138.24803588948794
6750.0		-0.0018061358266477237		-154.92694971497636		19.1093877782413		350012.11771484		83.08132345004805		139.38110087217999
6780.0		-0.0009277213366085199		-154.92443513859575		19.095885702823857		350045.1021807045		82.85736736476967		140.4461955333479
6810.0		-0.0012517183403231958		-154.92199344008415		19.08243438306891		349995.60059969407		82.63128876135615		141.44876770436773
6840.0		-0.0023424445495039267		-154.9195170794683		19.068907875795517		350018.2227842873		82.40322892487167		142.39384606050714
6870.0		-0.000979036197088075		-154.91711564657024		19.05543987404354		349958.4248539619		82.17344949897368		143.28600357814517
6900.0		-0.001416738318084905		-154.9146714385628		19.041883424105443		349970.5606599692		81.94181515173449		144.12929415439513
6930.0		-0.0019771916649389157		-154.91224698074794		19.02831589196055		349977.49771700986		81.70872830423983		144.92752625512344
6960.0		-0.002143215058715806		-154.90983364776864		19.014727404580118		349979.0692264885		81.47406658493472		145.68399728640884
6990.0		-0.0013352335180390467		-154.90743866653253		19.001127006598463		349975.4016781524		81.2381559751108		146.4018881969973
7020.0		-0.0011108500778385542		-154.90506322686042		18.987516554773514		349966.5156611474		81.00113613470968		147.08404864287178
7050.0		-0.002506456383730948		-154.90270357942325		18.973891992192986		349952.33263882156		80.76299388570057		147.73298602167594
7080.0		-0.002410865939316502		-154.90030229026732		18.96016486137364		350009.87102358416		80.52381398387543		148.3510364335565
7110.0		-0.002105987024484715		-154.89796773918283		18.946503292546744		349984.90718174446		80.2835066072734		148.94020573719976
7140.0		-0.0018805966226294118		-154.8955930669127		18.93273728418433		350031.625275502		80.04238477554058		149.50262079220033
7170.0		-0.001360388649331295		-154.8932923416392		18.91905087792589		349996.03515069466		79.80045779579572		150.04003098580625
7200.0		-0.0014388725644127209		-154.89101074216921		18.90535651001371		349955.19248478394		79.55787345524092		150.55415247523214
7230.0		-0.00209391175778612		-154.88867866309732		18.891539691198897		349985.692218096		79.31439981561694		151.04624303743523
7260.0		-0.002910950043956795		-154.88636372519377		18.87770881474722		350010.8208358316		79.0703465963403		151.5179071792057
7290.0		-0.0011893339929199798		-154.8841177182526		18.86396231921607		349953.6113790665		78.82551287510204		151.97019210849345
7320.0		-0.001974173143734236		-154.881766554164		18.84998398601391		350044.4766977038		78.5801538933085		152.40446114416142
7350.0		-0.0009347641587928137		-154.87955407082694		18.83621519167003		349976.54044871684		78.33434425162926		152.8218312857617
7380.0		-0.0018564472711120976		-154.87729384317754		18.822317934722438		349979.81228871737		78.0880154579983		153.22320163689864
7410.0		-0.0009830616799475656		-154.8750467025996		18.80840387184813		349977.5796070453		77.84120267589742		153.6094950438121
7440.0		-0.0016662745258178928		-154.87274420312377		18.794343758213248		350046.1901281392		77.59377273809302		153.9814010380122
7470.0		-0.0012265632090309475		-154.87058240895678		18.780515796521282		349956.31227781065		77.3459966350493		154.33994884012594
7500.0		-0.0012859302171093602		-154.86830809024025		18.766422038188047		350013.8514548261		77.09784489937115		154.68581737257517
7530.0		-0.00046386066830425993		-154.86611324085175		18.752442703339383		349989.48893235996		76.8494324023203		155.0197800251166
7560.0		-0.0015022638734707478		-154.86392490618954		18.73844074459043		349959.39588854555		76.60050275275394		155.34218660652272
7590.0		-0.0012406500352794114		-154.8616873587795		18.724290795812		350000.0863605514		76.35133482760635		155.65388843770444
7620.0		-0.0012064393403731235		-154.85945566698717		18.710113639015205		350034.9213623684		76.1017048172242		155.9551852266624
7650.0		-0.0010555085526196318		-154.857302609686		18.69606092973844		349987.96641514543		75.85184546512578		156.24680904234796
7680.0		-0.0009166530315647354		-154.85509886131922		18.681852779161296		350011.6066679945		75.6018094420695		156.52927539302698
7710.0		-0.0004487656985211083		-154.85297184496162		18.66777231108873		349953.47786419746		75.35151110037742		156.80292654120674
7740.0		-0.0016813683137211681		-154.8507895469594		18.65352702746948		349965.69888061285		75.1009697130245		157.0681849551703
7770.0		-0.001385546144383297		-154.84861186657963		18.639255209589827		349971.9717407441		74.8500386317492		157.3252758489522
7800.0		-0.0004175723429396237		-154.8464472047911		18.624967568452146		349972.5667691557		74.5989735206405		157.5748171009741
7830.0		-0.0013251733565299497		-154.8442933543611		18.61066185599532		349967.40505649056		74.34772998594994		157.8170942454458
7860.0		-0.0009639424091847998		-154.84215338176585		18.596342277800773		349956.5892966259		74.09641126396566		158.052524991832
7890.0		-0.000899546502231715		-154.8399488985486		18.581832440138587		350015.4296254879		73.84475513443202		158.2811310601573
7920.0		-0.0018936788509828183		-154.83782531803135		18.567470226861573		349992.83676117286		73.59302692389278		158.50346121884354
7950.0		-0.0012044265989433784		-154.83563653827176		18.552913109321988		350039.7483084062		73.34099492291978		158.71953598865608
7980.0		-0.0011510978151542013		-154.8335280313701		18.538508450968976		350005.29358525015		73.08888328415229		158.9298298342256
8010.0		-0.00045480392281034424		-154.83143201177546		18.52409050367726		349965.1107593039		72.83673517869633		159.134616329414
8040.0		-0.0007848403326941329		-154.82927441354173		18.50947640155948		349994.38347761054		72.58445878920328		159.3340180786031
8070.0		-0.0014237799583893223		-154.82712477083444		18.494839662462557		350017.6358398581		72.33206751530099		159.5282534969748
8100.0		-0.001260773903937235		-154.82504811556768		18.480357703411833		349959.437089297		72.07941008016276		159.71736294771955
8130.0		-0.0011017933323446384		-154.82284002390602		18.465488660332294		350045.67404076084		71.82673533808912		159.90178201263376
8160.0		-0.0014449119705818333		-154.82078275543225		18.45097272024753		349975.6451498661		71.5739914268483		160.0816308524415
8190.0		-0.00021432091493164232		-154.81859344847732		18.436060450970253		350049.7857854478		71.3212768055597		160.25717175824073
8220.0		-0.0009931230233365391		-154.81654952314756		18.421504981685796		349967.66375214886		71.06832915163876		160.42829695918104
8250.0		-0.0017055176652384823		-154.81437114319138		18.406541704298302		350029.3565774653		70.81540621967758		160.59541166206418
8280.0		-0.0011601533787682404		-154.81226642110025		18.39174627435203		350009.8048033435		70.56227322179973		160.75842190569287
8310.0		-0.002224718676881788		-154.81017059106873		18.376933098417208		349984.21511066705		70.30915061649954		160.91767940678946
8340.0		-0.0008874724174129961		-154.8080109280773		18.361897344760386		350027.20789048076		70.05607641032795		161.07334658781045
8370.0		-0.0012668121282264709		-154.8059306780341		18.347045035458876		349989.3744986141		69.80295638879855		161.2254496981127
8400.0		-0.0016984724792944354		-154.80378209801066		18.331960847198516		350019.7845832221		69.54980163624663		161.37411327563072
8430.0		-0.0015415058310114607		-154.80170759261554		18.317059237866882		349969.24424419925		69.2964593455676		161.51929722454776
8460.0		-0.0010212978577133441		-154.79956669339137		18.301924361968354		349986.88430815935		69.04317481723241		161.66134339622448
8490.0		-0.001403654907851622		-154.79743131937323		18.28676575855158		349998.17167068925		68.78989149166708		161.80029440949014
8520.0		-0.0015022638734707478		-154.79530464780956		18.271587820534418		350003.2507910039		68.53670565821511		161.93633562607178
8550.0		-0.0015576053986896704		-154.79317669772297		18.256378773245967		350001.6444137823		68.28335690900994		162.06930642229125
8580.0		-0.0012557438231826864		-154.79105642157836		18.24115011116929		349993.76992366		68.03009787347885		162.19953345751998
8610.0		-0.0017447584408993187		-154.78893471021806		18.225891138981325		349979.18140034936		67.77669247674028		162.32687350480626
8640.0		-0.0013744754755797594		-154.78681929817074		18.210611856939433		349958.24677568115		67.52335948889257		162.4516115960279
8670.0		-0.0008733844092846555		-154.78463386666436		18.19507699670551		350004.6455215281		67.27013351084216		162.573853180963
8700.0		-0.0010303534213273833		-154.78245115946638		18.179513704701773		350044.36398378666		67.01691941913325		162.6935789496355
8730.0		-0.001713567449077587		-154.78034907814123		18.16416492479542		350003.9462792482		66.76372743054385		162.81086590796704
8760.0		-0.0010645641162336712		-154.77824427931242		18.148786781571314		349956.7078918675		66.51040444480401		162.92563708264507
8790.0		-0.000963944772944553		-154.77598851202148		18.132894714672865		350049.6109651653		66.25719362504007		163.03817982932546
8820.0		-0.0011370109889057372		-154.77389254097136		18.117472145812574		349989.2883721376		66.00403490228757		163.14849717924696
8850.0		-0.0008552732820565771		-154.77172413397824		18.10177989062956		349995.68744278885		65.75102351445881		163.25673229157417
8880.0		-0.0017477769621039982		-154.7695517350546		18.086054045096567		349995.0082120616		65.49790175490335		163.3627040926351
8910.0		-0.0005443573248154308		-154.76738436825985		18.07030618734178		349987.72601539455		65.24491825913285		163.46669100996297
8940.0		0.00023343900381453153		-154.76521274464534		18.05452546737406		349973.33135485277		64.99183641995126		163.56852882842577
8970.0		-0.0007959074558580408		-154.76296446062722		18.038457813322903		350024.91682322975		64.73887422738254		163.6684622601743
9000.0		-0.0004839845369620835		-154.76080071890863		18.0226306610422		349997.0920594027		64.48606368039546		163.76656480121417
9030.0		-0.0006570507529232677		-154.75863755822638		18.006778152534466		349962.4049546756		64.23330940360954		163.86279457806606
9060.0		-0.0003924207572870047		-154.7563938267544		17.990628451542626		349993.2135293139		63.98062139744273		163.95720263416118
9090.0		-0.0005453631045903653		-154.75414393635603		17.974441535041336		350016.58810011763		63.727846821355314		164.0496949250667
9120.0		-0.000496059803660679		-154.75189678950056		17.95822881678453		350033.03013775777		63.47522736757919		164.1405238565914
9150.0		8.452213937066159e-05		-154.74964964779747		17.941987497171905		350042.3783123698		63.222700037165446		164.22967085366665
9180.0		-0.0003924207572870047		-154.74740583203433		17.925722167224254		350044.8246765537		62.970359535683585		164.31725387361504
9210.0		-0.00026161265631145987		-154.74515519224826		17.909421012823223		350039.76484856475		62.71795119291898		164.4030859479061
9240.0		0.00031896810484000407		-154.74290685250128		17.893095699067114		350027.7345157834		62.46572021689025		164.48741309614653
9270.0		-5.0310262584497275e-05		-154.7406513091666		17.8767352220582		350008.157600238		62.213429832245374		164.57006316863763
9300.0		-0.0004658745916138818		-154.7383966569131		17.860349985866463		349981.5172764817		61.961297679583794		164.65125433610174
9330.0		6.339249093790359e-05		-154.73605993790505		17.843644897990057		350019.2467111666		61.70935356133322		164.73104077345357
9360.0		-0.0011822911707356858		-154.73372034779388		17.826906935660823		350049.48935112264		61.45750217113461		164.80936923090388
9390.0		0.0003612274017055201		-154.73146231796497		17.810438759522285		350001.09080372844		61.205753607394		164.88627568551786
9420.0		0.00022136491899581268		-154.72911107188924		17.793631938445312		350016.0653383881		60.95395556592158		164.96165858918582
9450.0		-0.0003712899269743701		-154.72675979194918		17.77679741170234		350023.7133730035		60.7023485891787		165.03574616620725
9480.0		3.421187678616432e-05		-154.72449080142385		17.760242258097175		349953.04623318557		60.45086706964835		165.10850739644744
9510.0		0.00014187404225957616		-154.72205183411378		17.743041133148893		350016.6898815939		60.199605430829344		165.18004409649214
9540.0		4.0250101075400276e-05		-154.719688278739		17.726112248252296		350001.5663269721		59.94831219720068		165.25017013027198
9570.0		-0.0008723798113895975		-154.71732416202855		17.70915734212434		349979.0766540067		59.697229445074655		165.31910820367185
9600.0		-0.0006630901590923802		-154.71486337925285		17.6918446476031		350018.89841638505		59.446120437703115		165.38668447166987
9630.0		5.433574544398792e-05		-154.71248666768082		17.67482335780306		349980.8089485178		59.19520266686247		165.4530984475535
9660.0		-0.00028878052903345385		-154.7100218421396		17.657451161697203		350005.38740672916		58.94450396113464		165.5183918538385
9690.0		-0.00021633365636138766		-154.70763831654045		17.64037283338948		349952.0765289832		58.69392925715269		165.5825058036536
9720.0		6.238434740321613e-05		-154.7051620600456		17.622934666326287		349960.91090713255		58.44348891023745		165.64546709403652
9750.0		-0.00015294234730336062		-154.70267351727477		17.60545542797421		349961.36231510434		58.19303130920949		165.70717147861015
9780.0		0.0002505431693877989		-154.700182007693		17.587946896647253		349954.06743829325		57.94279599348346		165.76782946684688
9810.0		0.0010001670274007095		-154.6975961394424		17.57006700656593		350008.26261014305		57.69271495100549		165.82740253566698
9840.0		-8.955103824533355e-05		-154.69509576410292		17.55249594372256		349985.1675621839		57.44288244226777		165.8859815537275
9870.0		0.0005041084056199072		-154.69249352130245		17.534541278831533		350022.8120157737		57.19305027196387		165.94338428826873
9900.0		0.0002203591392208783		-154.689976282539		17.516900666633603		349983.3471913347		56.94345754027954		165.9998158024444
9930.0		-0.0006671144600719944		-154.68735598395943		17.498871797587864		350004.30469580553		56.693867690186934		166.05510354503133
9960.0		-0.00019822252913330937		-154.68473006451245		17.48080971189128		350017.10399772413		56.44449814444889		166.10943324884101
9990.0		3.219913535641899e-05		-154.6821892649906		17.4630705116094		349953.1373644853		56.19537489132595		166.162838159063
10020.0		0.0003873894946525796		-154.67945937032835		17.4445860854493		350018.0909138499		55.946403216068376		166.21525680510842
10050.0		-0.0003491533168868012		-154.67681044071577		17.426420926671504		350005.9754640674		55.69759381264817		166.2667101659134
10080.0		0.00013684277962515111		-154.6741458387092		17.40821328580175		349984.9594362145		55.448795865129796		166.31709374999338
10110.0		0.0010373974253915536		-154.67138403568927		17.389610266179645		350023.877923673		55.20024796227058		166.36660453135207
10140.0		-0.00046788496928387404		-154.66870369574136		17.37133583159775		349986.10294264834		54.95187983526327		166.41519927061174
10170.0		-0.00014690530489400118		-154.66592593522208		17.35266261416873		350008.02167679556		54.703785632461646		166.46296105779223
10200.0		0.0002756994825599241		-154.66322314775897		17.33431617187652		349952.98792754393		54.4557204933963		166.5097128480487
10230.0		8.452095749078505e-05		-154.6604213095143		17.315565940752084		349957.2926698411		54.20792062123982		166.55564584884758
10260.0		-0.00035116605831654656		-154.65760171556235		17.29677045938139		349952.28779990785		53.96014975161121		166.60059016610182
10290.0		-3.1190991821731526e-05		-154.65468041897572		17.27756063049073		350005.9442267185		53.712625251456345		166.64472097822414
10320.0		0.00015797479181766218		-154.65184344185047		17.258695705680243		349983.60435533524		53.46537135642915		166.6880654790711
10350.0		0.0004356846520475785		-154.64890051718152		17.239408479148278		350019.3616156159		53.21829377246274		166.730561271124
10380.0		0.0003944323168368735		-154.64603820451967		17.22046763905198		349979.07744125277		52.97140357405381		166.77222552809172
10410.0		-0.00029783609264749303		-154.64306262605785		17.20109307758191		349996.0663902266		52.72455081632774		166.8129547485549
10440.0		-6.0371605973470806e-05		-154.64007702865126		17.181682154078032		350004.11267667636		52.4779731371413		166.85293524563107
10470.0		-0.0007445914134986091		-154.63707792198994		17.16223155118775		350002.94100363273		52.2315981304136		166.89212068697643
10500.0		0.0006037231510139673		-154.63406904726176		17.14274629892928		349992.8590267347		51.98551984641951		166.93058842850795
10530.0		-2.4149351517314245e-05		-154.63094439222843		17.122814358941714		350039.1085552797		51.73949680081239		166.9681670013146
10560.0		0.0010182793365086644		-154.62790367272		17.103245690223908		350010.091708011		51.49376233532291		167.0050364335829
10590.0		0.000934762976912937		-154.62484133023		17.083630991484856		349971.202297098		51.24808057917249		167.0410300114092
10620.0		-1.1068305043784462e-05		-154.6216705875123		17.06357388774518		349988.8783368096		51.00266881872574		167.0763146187296
10650.0		0.00046788615116375056		-154.6184874722542		17.043478550561748		349997.2039559148		50.75754960043808		167.11091294787195
10680.0		0.0004055006218806579		-154.61528744821794		17.023340564500344		349995.8067177553		50.512629106108164		167.1447625738489
10710.0		0.0008270996295596487		-154.61207063621018		17.003160837949935		349984.7009946918		50.26791881090329		167.17787811994572
10740.0		0.0009770246375382062		-154.60882994002708		16.982932113713506		349963.2884532958		50.02326970356817		167.2101576571434
10770.0		0.0007777963286299624		-154.60547814761847		16.9622468503152		349997.3543353332		49.77891844064956		167.24177892063076
10800.0		-0.0005463688843652997		-154.60210836925833		16.94151663235713		350021.3656993918		49.534790584259646		167.27269345158078
10830.0		0.0006339083630607645		-154.59882249121887		16.921171358678787		349971.05795732513		49.29097963307068		167.30297389315427
10860.0		0.00030488009671166336		-154.59531524241652		16.899924961069228		350039.2827093573		49.04724838445236		167.33245499805636
10890.0		0.00024048182599882537		-154.5919894130582		16.879493458976413		349968.8157061199		48.80382690639442		167.36130725007155
10920.0		0.0006761700236860335		-154.58843988444107		16.858151560520863		350016.16194985155		48.56047981680046		167.38936719557577
10950.0		0.0016079156612741675		-154.58497210041992		16.837199575130743		349989.2916053226		48.317424275285		167.41679508652078
10980.0		0.0010514842516400177		-154.58148802737907		16.816209355019257		349952.56052592304		48.074681189610395		167.44361014380866
11010.0		0.0006892487063998102		-154.57788310046755		16.79473725228313		349969.2177692363		47.832157263473256		167.46975038971755
11040.0		0.001102801475879326		-154.57425669229565		16.773218680367982		349975.3091532886		47.589864380631596		167.49522870742592
11070.0		0.0016119399622537814		-154.57060142845847		16.751646350141158		349970.18052228633		47.34765451916049		167.51994496449484
11100.0		0.0022881088040599385		-154.56692791700937		16.73003283742589		349954.7907328559		47.10576330702986		167.5440698948366
11130.0		0.0013714569543750797		-154.56313106875666		16.70792587169545		349991.8001269931		46.864114372542936		167.5675534936404
11160.0		0.0022750277575864087		-154.55931539154972		16.685774717622312		350018.25419584475		46.62280153874285		167.59046539998434
11190.0		0.0014952210512864542		-154.55557102632986		16.664020975850573		349970.42745693866		46.38159017352958		167.612644873295
11220.0		0.0024330037312839474		-154.55160319940492		16.641316683052384		350037.32041346654		46.140707917020436		167.63425507375706
11250.0		0.002295152808124109		-154.54780775339935		16.61946830378138		349967.4777644081		45.89991996797176		167.65513565440648
11280.0		0.0018433662246385679		-154.543785838844		16.596659898259674		350011.5587764513		45.659443300643936		167.67544150955956
11310.0		0.002648330425990524		-154.53974207774314		16.573804442859757		350044.5978447413		45.41929722798439		167.69518909743738
11340.0		0.002727821302726761		-154.5357748792897		16.55136257233502		350004.30076865945		45.17938901643677		167.71431711817715
11370.0		0.0024068404564570114		-154.53178170993476		16.52887493116639		349952.87993317936		44.93973095968058		167.73283725517658
11400.0		0.0023122581555772527		-154.5276508924496		16.505864497729803		349951.1377588054		44.700176076119284		167.75065119724354
11430.0		0.002999496484307071		-154.52339248597661		16.48233715445016		349999.62215488777		44.4609589093185		167.76792391494303
11460.0		0.0013845380008486094		-154.51910585940138		16.45875662413214		350036.26137643773		44.22200124765004		167.7846042034283
11490.0		0.003087037144882412		-154.51490021255495		16.435604872530252		350000.4688495789		43.98339676811728		167.80075905657714
11520.0		0.0025628025068449283		-154.51065923643554		16.41239812182086		349952.4604217652		43.74491430680657		167.81623255469444
11550.0		0.0035267460979096043		-154.50618236273115		16.388186556617242		350014.60651206877		43.50677864462272		167.8311813993289
11580.0		0.0034271337162752975		-154.50177330888454		16.364394647969412		350003.2430034792		43.268755650748766		167.845448075261
11610.0		0.0027117217350485514		-154.49733718677598		16.3405555710834		349980.22690042946		43.03106204959571		167.85918313135343
11640.0		0.0028354846500800493		-154.49276777518668		16.316182912873888		350005.77062089834		42.7937155998517		167.87240076554576
11670.0		0.0031252709588884377		-154.4881659244355		16.291755598223315		350018.9029820254		42.556624168180136		167.88504044354724
11700.0		0.0023263461637055933		-154.48353179078254		16.267274794312144		350019.65805679094		42.319800455823696		167.8971130199358
11730.0		0.002564814066394797		-154.47885732086888		16.242733151886686		350007.26127091143		42.08309856935093		167.90852191866367
11760.0		0.0029813853570789927		-154.47415406310785		16.218143688279948		349982.8691931572		41.846751908350456		167.91942734909475
11790.0		0.003147407568976006		-154.46930894220208		16.19300364518707		350005.3183625983		41.61068051310356		167.92977710577478
11820.0		0.002515510765465111		-154.4644341148236		16.16781312822576		350015.45047872234		41.374977887910255		167.93963608894484
11850.0		0.004142545697502044		-154.45962629025507		16.14306371940198		349953.1292787064		41.139416360833195		167.9488527614832
11880.0		0.0020868677537219495		-154.4545691045016		16.11725785403396		349996.24003194086		40.90421784370496		167.9575783552034
11910.0		0.002877746310705318		-154.4494672796991		16.09138576094945		350025.3240910219		40.66914896320457		167.9656578523791
11940.0		0.0029924524802429		-154.44433177791151		16.06545970653655		350041.50697052665		40.43442612714881		167.97323828496096
11970.0		0.002860638599492421		-154.43916299992864		16.039481136577628		350044.8584060278		40.20006557902198		167.98033195602287
12000.0		0.0032480292760248774		-154.43395552253963		16.013445624435462		350034.8565099994		39.965975820957475		167.98687910032768
12030.0		0.003974509562295408		-154.42870951627475		15.987354428885054		350011.54522615485		39.73216995712221		167.9928900052845
12060.0		0.0038346447158259475		-154.42341652038013		15.961200172409583		349974.0846301466		39.4985032276062		167.9982696835369
12090.0		0.003473418496000304		-154.41786433311853		15.933954846660967		350038.7084058719		39.26520782786771		168.00317441594422
12120.0		0.0031484145306308175		-154.41249583117477		15.907692782136419		349974.64149801247		39.03220214019188		168.00755110145965
12150.0		0.0036374279664675726		-154.40686624963394		15.880332956231541		350011.9642853709		38.799579469033695		168.01146298184648
12180.0		0.0029421433995382796		-154.40118689065608		15.85290488117648		350034.39404746797		38.56711565425072		168.0147624570391
12210.0		0.003929230562345336		-154.39546938066488		15.825421209328235		350043.16712586675		38.335029729361224		168.01759611397085
12240.0		0.004087202990403245		-154.3897000847791		15.797869695288913		350036.8947952185		38.10308916290971		168.01981107306585
12270.0		0.004112358121695494		-154.38389056971678		15.770262867221476		350016.8157589119		37.8715099793127		168.02155154539025
12300.0		0.005104475365257099		-154.37804116376196		15.742602163274755		349983.0025920905		37.64030694546509		168.02282821090114
12330.0		0.005026998411830483		-154.3719155276938		15.71380838714711		350046.93719779234		37.40938923221631		168.02358202704474
12360.0		0.004188830477227051		-154.36597426762688		15.686028293542986		349984.2137377374		37.17877034114674		168.02382290388402
12390.0		0.0040036878126873945		-154.35974640295626		15.657100859084878		350017.6450794777		36.94830668854308		168.0234572646911
12420.0		0.0030508125266665025		-154.35347529070273		15.628114364119781		350036.571361864		36.71822920692818		168.02263816940172
12450.0		0.004314604951808417		-154.3471555181868		15.599064820578679		350040.4579546349		36.48845470964454		168.02131166443436
12480.0		0.004276369955922515		-154.3407919708578		15.569958098600747		350029.8676445754		36.259076274132305		168.0195396862509
12510.0		0.0033516671405186753		-154.3343710200506		15.540782473957073		350003.38304138184		36.02987326812777		168.01717813719276
12540.0		0.004847895153459941		-154.32790482933902		15.511550729996546		349962.34856160823		35.801061839671334		168.01436966052617
12570.0		0.005217171157124689		-154.3211416584227		15.481143235275349		350014.3320157854		35.572410380425296		168.0109631490731
12600.0		0.005077307492535104		-154.31444839772442		15.451227657453234		349996.5139507428		35.34413446592191		168.007100591131
12630.0		0.005627701859759895		-154.30770707199767		15.421253827590355		349963.6956361523		35.11624742520127		168.00279124948827
12660.0		0.005708200880030819		-154.30079166634445		15.390657760910887		349969.246036211		34.888659129242406		167.9979767287757
12690.0		0.003805465283554085		-154.29382144427922		15.359996554946244		349958.87850257196		34.66138347110949		167.992666703231
12720.0		0.006269661188539641		-154.2865452841122		15.328135826094186		350038.8152626613		34.43427808347149		167.9867688140006
12750.0		0.003906086990602956		-154.27945907631076		15.297339376340007		349995.78027683124		34.20757257953707		167.98043351321783
12780.0		0.005254400373235656		-154.27207273139294		15.2653452833095		350043.22504086886		33.98118229149291		167.97360599587816
12810.0		0.00488109770483154		-154.26487741672912		15.234425192191377		349968.47886756994		33.75520004342297		167.9663471876248
12840.0		0.005862147825229238		-154.25737099247834		15.202294053589124		349982.5544049172		33.529408743385225		167.95851607823502
12870.0		0.0070967631818590424		-154.2498096615048		15.170099577210344		349980.45359349996		33.30402164911229		167.95025197302425
12900.0		0.005942643299860532		-154.24217803236866		15.137829272337724		349960.52834601514		33.07880815376686		167.9414051753638
12930.0		0.0056528569910521435		-154.23424106261018		15.104342341141017		350028.8440330913		32.853983320397376		167.93211597501886
12960.0		0.007163171830241873		-154.22649405054884		15.071944247575003		349975.9574747579		32.629559079065366		167.92239237602632
12990.0		0.004678852056598493		-154.21843349715942		15.038319074718382		350009.97272229753		32.40544603097802		167.91217653845942
13020.0		0.005691093168817922		-154.21030763652098		15.0046223350269		350026.4001681004		32.181658454046826		167.9014780089248
13050.0		0.007052488779804028		-154.20210639116647		14.970846629846681		350024.1711591156		31.958055235508084		167.89020544902237
13080.0		0.007951028320380932		-154.19384404161693		14.937005987329398		350004.9470989248		31.734864615567858		167.87850724344963
13110.0		0.007888645154857592		-154.1855141815063		14.903096218533241		349968.07451556344		31.51200053193704		167.86632770801276
13140.0		0.008406839204846087		-154.1768675390828		14.867943586883255		350016.1568228742		31.28955552993014		167.85372700897923
13170.0		0.007275866440229586		-154.168141767028		14.832709064402765		350044.8747686548		31.067316066669946		167.84056683184772
13200.0		0.00783934067204803		-154.15960703376894		14.798592980319652		349954.65283754654		30.845492507810107		167.82698367514217
13230.0		0.007936941494132467		-154.15047666184128		14.762021123989664		350047.1777874017		30.623855322793446		167.81282889941758
13260.0		0.006586614188190146		-154.14153473399838		14.726568514857567		350020.61015987024		30.40261900119401		167.7982415638964
13290.0		0.00844708930592149		-154.13252454675649		14.691049442931751		349976.19037580304		30.18179411320191		167.78322853725237
13320.0		0.006554416234713604		-154.1231784011912		14.65425799851671		350012.84773975424		29.961292018549095		167.76773243437623
13350.0		0.009197717761829457		-154.11375524367995		14.61739034997768		350030.2803623006		29.741127373489775		167.7517627597977
13380.0		0.008988425745772487		-154.10424430612636		14.580439100006762		350027.3321730066		29.52116035559463		167.73522899869937
13410.0		0.0075807453550613725		-154.0946607907964		14.543418560326895		350005.82204339094		29.301617781348767		167.71827795209268
13440.0		0.009991611294377874		-154.08499768961053		14.50632445558261		349965.0283553237		29.082412279313544		167.70085300825212
13470.0		0.009539827074652087		-154.07499483550612		14.467944122960207		350003.4501433568		28.863636091839638		167.68301379367034
13500.0		0.008907929089261314		-154.06490005653995		14.429478096938592		350020.81918253377		28.645079230190653		167.66462432189124
13530.0		0.008513497954304318		-154.0547275551984		14.390939682220406		350018.8588642366		28.426949168801727		167.64581875635042
13560.0		0.008688576911695247		-154.0444596675188		14.352316155675355		349995.6153387353		28.20901752539423		167.6264491725349
13590.0		0.009704843506774167		-154.03384091543663		14.31238855045982		350049.12359364796		27.991498157140406		167.60665382332536
13620.0		0.01028139878506614		-154.02341075542105		14.273620394734001		349986.62727352977		27.774400313603365		167.58643853901404
13650.0		0.010880090673445681		-154.0126200174608		14.233538631308836		349999.4413569169		27.55763613989552		167.5657462847299
13680.0		0.01152406037989542		-154.00173922803782		14.19337784239351		349991.454966194		27.3412206638952		167.54458659254612
13710.0		0.011415393616526949		-153.99075684252642		14.153130630155696		349961.41825425625		27.125015387194622		167.5228695780874
13740.0		0.012310913454019298		-153.9794132293543		14.111562230558153		350005.665607241		26.909245654539504		167.50074089777598
13770.0		0.012293808106566155		-153.96797431580433		14.069911079168026		350028.30546051357		26.69382286935548		167.47814294905592
13800.0		0.013214485439110503		-153.95644633464346		14.02818379302578		350030.1721759178		26.478838947555637		167.4551350140639
13830.0		0.012377323284282005		-153.94481216911032		13.986368838087916		350009.36603513174		26.26408745693425		167.43158309059223
13860.0		0.012454800237708619		-153.93308690931002		13.944479700699453		349967.7627431676		26.04977298347839		167.40761943060454
13890.0		0.012238467763227108		-153.92096989515045		13.90123800167334		349995.70110323		25.83566836256705		167.38309649386562
13920.0		0.012171052153189468		-153.90875637058556		13.85791694893861		350001.9509029789		25.621986761876016		167.35815211700154
13950.0		0.01162166356573961		-153.89644608872766		13.814518125035521		349986.5998622589		25.408736149582268		167.33279116860086
13980.0		0.012048293836053027		-153.88374586602893		13.769762285596064		350040.16903396137		25.1958294816324		167.30695685835414
14010.0		0.013149081388622731		-153.87122506714164		13.726198270526359		349979.73071011715		24.983282150701996		167.2806588044808
14040.0		0.014734861621689207		-153.8582997127319		13.681265632657908		349986.25998141244		24.770957014137508		167.25380756514974
14070.0		0.014337409601767777		-153.84527240169737		13.636254278261077		349970.59260403365		24.559077899010262		167.2265480556967
14100.0		0.014780140621639277		-153.83184465031673		13.589872447705607		350021.71715149377		24.347555066552616		167.1988216083574
14130.0		0.014625184351026296		-153.81860194632492		13.544698555270044		349960.45392895397		24.13648008336604		167.17068733801113
14160.0		0.014965280922419182		-153.80494474101206		13.498143436068013		349964.1242363956		23.92565007324177		167.14201290503303
14190.0		0.01607210669927812		-153.79088540274773		13.450211746874128		350033.66853241716		23.715266738669087		167.11292903491653
14220.0		0.015132312459730759		-153.77698949907517		13.403480304087308		349988.8751485292		23.505104199183805		167.0832882518851
14250.0		0.015214819493911923		-153.7626855540388		13.35536783154497		350009.0929042008		23.295374877608594		167.0532283399314
14280.0		0.015210795192932308		-153.7482668587287		13.307172348269326		350005.65194587223		23.086085499760443		167.02275326668158
14310.0		0.015683711424850606		-153.73372472829297		13.258889648323516		349977.6605587406		22.877149856657027		166.99180638140203
14340.0		0.01791849144512137		-153.7187593318978		13.209210843859921		350012.2337286351		22.668583698384623		166.96039743921236
14370.0		0.018007039067351523		-153.70365468561204		13.159433845103997		350020.24148313515		22.460251268380887		166.9284372590468
14400.0		0.01950829597916746		-153.68842956571595		13.109573909879789		350004.08201988414		22.252374831709602		166.8960703902701
14430.0		0.017785674148355708		-153.6730746020707		13.059626543438245		349962.7888217466		22.044863588881782		166.86323701668107
14460.0		0.0182455081519206		-153.65729174392547		13.008276310404773		349982.89020706154		21.83780873496444		166.82999624923175
14580.0		0.019867510639443236		-153.5921445354181		12.799292881462604		349969.41277151555		21.01289095617065		166.69212168398988
17310.0		-0.005969107954055986		-150.47039678577218		5.0816668506469		349996.70268860087		3.9732811946439313		161.5211169020543
17340.0		-0.01720207368411969		-150.41023103376415		4.9589547165999965		350014.5097519206		3.8055492864694997		161.44201420455045
17370.0		-0.005480796554865894		-150.34958319127787		4.836210246482513		350002.90406103805		3.638356235714909		161.3624797595697
78390.0		-0.0071554222438914095		-167.99706298763226		24.991994659690455		350012.48559617624		6.485517578529453		297.49123428679957
78420.0		-0.0036203249827741818		-167.907596164303		25.00140859448756		349998.9241444869		6.589958642145348		297.66799947673934
78450.0		-0.013602880713538018		-167.81982424179446		25.010912372600252		350036.5978465369		6.694544837101574		297.8445548431068
78480.0		-0.0104544661829072		-167.73061173902465		25.019328738464182		350001.2287745457		6.79945050985441		298.0210261250463
78510.0		-0.010904240024962996		-167.64155119327242		25.027236914675466		349952.7457343815		6.904498063289154		298.1972812467457
78540.0		-0.002729831680396753		-167.55568218371494		25.03589072079215		350024.9604808986		7.009913457105924		298.37348378797776
78570.0		-0.009155457283084064		-167.46688199916244		25.0428200684849		349955.5638776487		7.115482318305951		298.5494747393292
78600.0		-0.00889987930542221		-167.38130730774571		25.050496500820152		350002.43273709994		7.221213433360589		298.7252585867626
78630.0		-0.00810095332835949		-167.295863882737		25.05769974403402		350038.59462903906		7.327190336597496		298.9008945961523
78660.0		-0.007230587440279514		-167.20903185747923		25.063795859916354		349998.80485738255		7.433394065918634		299.0763669457259
78690.0		-0.007025320907082034		-167.12232268319215		25.069422705507296		349950.42002965603		7.539955436255752		299.2517695754911
78720.0		-0.005579404338605143		-167.03730202696232		25.075204328957852		349953.5196794281		7.646657304720534		299.4269414589354
78750.0		-0.005197046106586988		-166.9539409089166		25.081166258504872		350010.7493126057		7.753610559697933		299.601961950598
78780.0		-0.004562133145631166		-166.86922398480024		25.086011784870006		349990.09751609527		7.860723666772131		299.77676207542777
78810.0		-0.011326844812416921		-166.7861497125257		25.091057052579124		350025.4150926601		7.968171210799213		299.95146789730734
78840.0		-0.004697970145481383		-166.70173370983753		25.094979709800473		349982.4334485587		8.07577454414863		300.1259466123247
78870.0		-0.007919836146679324		-166.61894987909957		25.099118197703184		349996.511350533		8.183762552261229		300.3003641129614
78900.0		-0.006511151158073153		-166.53633394658604		25.102798920832072		349997.71376687475		8.291917508731729		300.47455896233333
78930.0		-0.01214388191670772		-166.45388694969176		25.106024508409806		349986.19918241445		8.400249209218998		300.6485364862588
78960.0		-0.005567330253786424		-166.37159574650312		25.10880366753492		349963.672046219		8.508841913398427		300.82235660772466
78990.0		-0.009290288503159346		-166.2909544605662		25.11181915205093		349995.4993785713		8.617675954719829		300.99600308149047
79020.0		-0.006284754976442915		-166.21044626111245		25.11440896750493		350018.6912037609		8.726883292749307		301.16957083101283
79050.0		-0.007149082640233655		-166.13011576360935		25.116556990956376		350028.63015094027		8.836244049433091		301.3428968510196
79080.0		-0.0020476269780611133		-166.04994432658702		25.118273929052926		350027.5884457147		8.94587174846886		301.5160625662221
79110.0		-0.006336071018802347		-165.96995228458994		25.119554238730952		350013.60630020127		9.055673448133007		301.6889980377065
79140.0		-0.007546534660155086		-165.89010964125063		25.12041297316546		349990.1579381535		9.165824002678718		301.86182969116976
79170.0		-0.0020214637032341773		-165.81045291420193		25.12083812712992		349953.5396215739		9.27614366484707		302.0344239525142
79200.0		-0.009392921769758086		-165.73386328669167		25.122273625969747		350041.64034879394		9.38686432428807		302.2069491060654
79230.0		-0.007307057432051317		-165.65453379901135		25.12186303908926		349983.5596082024		9.49776481369689		302.3792412115293
79260.0		-0.0022971655495538546		-165.57830051036544		25.12246724490396		350046.35313895624		9.608855951754364		302.55130644974236
79290.0		-0.008335399293828833		-165.49933041814376		25.12121934351468		349964.2600834435		9.7202227446559		302.7232054276916
79320.0		-0.0032037536920899866		-165.4234342880059		25.121010680589247		350004.67321452126		9.831844807486249		302.8949214690243
79350.0		-0.00687841678406791		-165.34768425164398		25.120410431295202		350036.29619044997		9.943855278597297		303.0665505237553
79380.0		-0.007683377439780236		-165.27068651157404		25.11866803129782		349987.32208386436		10.056031471484374		303.23792753620177
79410.0		-0.008798254182358158		-165.19530083750155		25.117262956672164		349994.6276365863		10.168489593215469		303.40913605365654
79440.0		-0.0045490509172777605		-165.12010570012865		25.11545778613926		349989.0608356269		10.2811352618061		303.580105142356
79470.0		-0.00485695071707398		-165.04649705928		25.11401440575613		350041.69496074505		10.394143631040293		303.75096163583174
79500.0		-0.005637763203148868		-164.97165570475758		25.111429230535844		350013.54971620627		10.507333806176234		303.9215711375656
79530.0		-0.0068995452506207915		-164.89697102603617		25.108463628241044		349976.6496738326		10.620940760591282		304.09210441744074
79560.0		-0.002165354032563128		-164.82389903259917		25.105865603236342		349994.9091566559		10.734739798128487		304.26239494125286
79590.0		-0.003385877835424963		-164.7510187021421		25.102885113092285		350000.5664306795		10.848742775458419		304.43244976122
79620.0		-0.008572863780502853		-164.67831705090737		25.099529118310148		349995.151357132		10.963035467146923		304.60233020050725
79650.0		-0.004243165040791161		-164.60580022737278		25.095798064130488		349978.20408452954		11.077596755992872		304.7720191421454
79680.0		-0.004196877897306402		-164.5348433629487		25.092476817407498		350020.8764437027		11.192560993542386		304.9416136140544
79710.0		-0.004126446129823835		-164.46269153282626		25.0880069209387		349981.57191880234		11.30770261174456		305.11094642379993
79740.0		-0.0014237799583893223		-164.39211485403715		25.083951523265235		350000.09237450175		11.423140550725208		305.28010330244496
79770.0		-0.010168704175078426		-164.3217358594041		25.07953163069098		350005.8756561419		11.538778955528258		305.44901228382724
79800.0		-0.001074626641502521		-164.25152604333368		25.07475854233307		350001.99586518947		11.654793308873451		305.61780066530645
79830.0		-0.007510311223819052		-164.18151944038618		25.069624186950765		349985.1409957446		11.771001521693918		305.7863331643611
79860.0		-0.002859634001597363		-164.11304812806426		25.064940031106175		350029.12167993374		11.887641731470495		305.95478314648267
79890.0		-0.0015384861279269045		-164.04340714161592		25.05910500094157		349990.6512796758		12.004485624970144		306.1229813768258
79920.0		-0.008881768178194131		-163.97533455155516		25.05371962635516		350009.40782550815		12.12154611317193		306.29093579709945
79950.0		-0.005462685427637815		-163.90744621451657		25.047992822055402		350017.1705522109		12.238909760920293		306.45870848432537
79980.0		-0.0046848879171279756		-163.83974797850541		25.04192522699407		350013.493943369		12.35655470507291		306.62628186956056
80010.0		-0.004567163226385715		-163.77221880657513		25.035524981079043		350000.6276145391		12.474616544751157		306.7937541190307
80040.0		-0.004332717260916372		-163.70624524733716		25.029600897639792		350045.2071605902		12.592866757802184		306.960955801075
80070.0		-0.0023293646849102735		-163.63911322712818		25.022528011963264		350008.1797274323		12.711427068458022		307.1279749016444
80100.0		-0.004667782569674832		-163.57219101848256		25.015118277846312		349958.2975641871		12.83020011637629		307.2947383773671
80130.0		-0.008314269645396074		-163.5067833750642		25.008209312468015		349969.55039681215		12.949361741368037		307.46137405602576
80160.0		-0.003756160800744522		-163.4415819156925		25.000973455624848		349968.03412634134		13.068728614796157		307.62774569350177
80190.0		-0.005002850242193046		-163.37654815342546		24.993422795658862		349957.6876237411		13.188542119113805		307.79402937911277
80220.0		-0.0031866495265167193		-163.3130420306923		24.986386834760513		350006.2110208459		13.308570235572162		307.960053052475
80250.0		-0.0031796067043324255		-163.24973488956766		24.979036814341985		350042.52572656237		13.428826946933185		308.1258255649407
80280.0		-0.0010766393829322663		-163.18530365251624		24.970534097724038		349996.0505425045		13.54939963049874		308.291409791468
80310.0		-0.003845714202749609		-163.12237906071968		24.962564290368412		350010.08840170596		13.670265663379368		308.4567876974178
80340.0		-9.055918178002102e-05		-163.05962566698918		24.954293494590075		350014.98979438003		13.791561926647532		308.62205865792987
80370.0		-0.00045983400356489274		-162.9970832622233		24.945714565304154		350006.9726372622		13.913056872166507		308.78705088174803
80400.0		0.0004266302703134159		-162.93473316178523		24.93683401398438		349987.9744706312		14.034875060450005		308.95185469209025
80430.0		-0.0007546539387674592		-162.8738811881648		24.928509338436783		350029.2051436752		14.156917593849585		309.1163959156427
80460.0		-0.001327183734199942		-162.81191991491215		24.919033017091635		349987.8931122599		14.279360695909304		309.2808029887294
80490.0		0.002242830985989743		-162.75145243614568		24.910121843730202		350006.9290837608		14.402019754709215		309.4449386167941
80520.0		0.0013925877846877141		-162.69115299904604		24.90092655969684		350017.22724963445		14.525139478712177		309.6089817614626
80550.0		-0.0016159666269931487		-162.6310611621097		24.891440907596408		350015.06350654364		14.648484055397219		309.7727573918613
80580.0		-0.0013704499927202688		-162.5711759968488		24.8816672910542		350000.6310559772		14.772068557864529		309.9362752916315
80610.0		-0.0004125434440649517		-162.51274586097477		24.872487017856315		350049.16295059863		14.89598119788073		310.0995991846559
80640.0		-0.0032671473649077665		-162.4532497770094		24.862150542128248		350012.5585740283		15.020198579212632		310.2627105545599
80670.0		-0.0010182781546287877		-162.39393296578132		24.851537549889777		349966.5832459675		15.144858898797835		310.4257100671517
80700.0		-0.005963775312053042		-162.33608113977726		24.84152781548601		349982.141141301		15.26972751158182		310.58842343146455
80730.0		-0.0023112523758023183		-162.27841940947053		24.831247340558065		349986.9721567761		15.394931867351161		310.7509434030837
80760.0		-0.0050863630561491435		-162.22096492737762		24.820695061574543		349979.5318971509		15.52037149973495		310.9131946172199
80790.0		-0.0048790873271615486		-162.16369164596244		24.809877553264364		349962.3729295293		15.646223041071735		311.0753062095786
80820.0		-0.0033587111445828456		-162.10785864733577		24.799687196429854		350007.9794348711		15.772300554270885		311.23713973198335
80850.0		-0.005552236465883149		-162.05219103994048		24.789241677764615		350045.03020015545		15.898852154011507		311.39887718900417
80880.0		-0.0028063052178081862		-161.9955077301328		24.777635734086044		349994.3030916834		16.025638146712865		311.56034041241776
80910.0		-0.0034844868010440884		-161.9402511076419		24.766670616355633		350007.1452145949		16.15267471519124		311.72154014368226
80940.0		-0.006089550968514285		-161.88518473918973		24.755451988048435		350009.3117579827		16.280050927427		311.8825410143807
80970.0		-0.0008069757609018252		-161.83031366525788		24.743980967657127		350000.4007087443		16.407742600326344		312.04332400771796
81000.0		-0.005664931075870862		-161.7756181400066		24.73226229465071		349982.32159621734		16.535889279642745		312.2039911741425
81030.0		-0.00022539158373517987		-161.72233170691203		24.72120553984921		350028.34302303474		16.664253154055217		312.3643655612906
81060.0		-0.0050954198016430596		-161.66803878277926		24.70899145074263		349987.088552298		16.792964616044586		312.5245424665613
81090.0		-0.0018997135296324246		-161.61514372181296		24.697448242005983		350010.660021428		16.921921599784397		312.6844452625054
81120.0		-0.004585275535493669		-161.56242506419306		24.685667980576252		350024.77476809826		17.051301169266438		312.84420388872405
81150.0		-0.0034935423646581276		-161.50991193661284		24.67364870270834		350026.7983907936		17.180916022455136		313.00367862464407
81180.0		-0.004394095828544654		-161.45756828061388		24.661396718912705		350020.1167314062		17.31101775967565		313.1630547135842
81210.0		-0.0017095407843382199		-161.4054313649132		24.648909238603185		350001.35007167887		17.441362719674572		313.32215065824994
81240.0		-0.003606238156525718		-161.35349968554348		24.63618839616886		349970.6990188407		17.571968215267106		313.48097818705185
81270.0		-0.003812509287618255		-161.30291988478382		24.62416872671662		350007.6861925628		17.70292419185678		313.6396029067052
81300.0		-0.005875228871702767		-161.25252862726617		24.611924502502724		350033.9931637263		17.83420566606715		313.79800527842355
81330.0		-0.0027036719512094467		-161.20115736619104		24.598523910448918		349972.63666589186		17.965953564284177		313.9562888450009
81360.0		-0.0020707693679236166		-161.15114542550953		24.585833911844443		349977.7430518344		18.097926841366032		314.11427380698643
81390.0		-0.0068170358526798746		-161.10132057275067		24.57292471840715		349972.44976726454		18.23025888600364		314.2720581293124
81420.0		-0.0011682031626073452		-161.05283381827806		24.5607382523242		350034.8046184117		18.362846002866917		314.4295638399286
81450.0		-0.0031111853145198497		-161.00338591736923		24.54739717222467		350008.387918558		18.49586570831879		314.58692180218304
81480.0		-0.006361226150094596		-160.95414464666433		24.53384039936283		349969.94066823367		18.629129297482635		314.7439908869034
81510.0		-0.00655039193373399		-160.9061956701708		24.521020096373604		350002.78920487687		18.762891934552528		314.9009598002169
81540.0		-0.001224550467601202		-160.85844477883703		24.50799133963138		350024.05179491825		18.896905905164317		315.057643496432
81570.0		-0.0030407500013976524		-160.80977889096118		24.493804795647293		349953.37266025133		19.03118967315615		315.2140547243019
81600.0		-0.005664932257750738		-160.7635201818559		24.48131681903412		350033.5338965645		19.165834081780375		315.37026014282105
81630.0		-0.0031464006073211952		-160.71633922302732		24.467674966320008		350022.483926855		19.30081333387257		315.52623966634656
81660.0		-0.005400302262114476		-160.66932856330286		24.453833288545514		350002.4937406378		19.43626976721545		315.6820984534121
81690.0		-0.005449604381164286		-160.62252306373495		24.4397913085481		349970.48737020977		19.571959037005826		315.8376536447744
81720.0		-0.003613279796830135		-160.57699221836785		24.4265119269006		350009.8051512027		19.70801758160229		315.9930060172754
81750.0		-0.004753311670700306		-160.530571588302		24.412077480201695		349955.9481209237		19.844340047004664		316.14807616045687
81780.0		-0.003990607948093741		-160.4854079114314		24.398412674515555		349974.6632883148		19.98110441973286		316.3029959978865
81810.0		-0.005330871546887337		-160.44044050886154		24.384557739429123		349981.9076268431		20.118120556951396		316.4576228369343
81840.0		-0.0024199226848104177		-160.39563507854626		24.370515668069686		349980.7389588794		20.255647262712728		316.61214910201517
81870.0		-0.003631390924058213		-160.3510266419459		24.3562866520746		349968.0955728311		20.393432685861285		316.766385948978
81900.0		-0.002990440920693032		-160.30767208338108		24.34284222798728		350027.2842465937		20.53149646273455		316.9203471852388
81930.0		-0.006751632984071979		-160.2634373688569		24.328246401740998		349993.3815330649		20.669930353889725		317.07410061023376
81960.0		-0.002513500387795118		-160.22043976393581		24.314441568753075		350032.4719682038		20.808707735062214		317.22762556320635
81990.0		-0.0019188316185153138		-160.17655765195386		24.299485692371658		349979.2579777641		20.947972384208583		317.3810289590183
82020.0		-0.006321983010674007		-160.13391847038173		24.28532649183004		349998.2153985705		21.087476593663368		317.5341246362067
82050.0		-0.0015535810977100563		-160.09145517186295		24.27099312461768		350007.34213356394		21.227359904121315		317.68701634890095
82080.0		-0.002909943082301984		-160.0491825523018		24.256486971352672		350005.375062895		21.36751527479852		317.8396231412546
82110.0		-0.0041284565074938264		-160.00707793131937		24.241809740673578		349994.30282677244		21.508121177268805		317.99207815236406
82140.0		-0.002209626070858389		-159.9651670596791		24.226962830554676		349971.9142535366		21.648985998068014		318.14423695019354
82170.0		6.842257169245209e-05		-159.92443227095723		24.212929905205048		350026.3829917535		21.79037225448087		318.2962959686224
82200.0		-0.003600202295996235		-159.88287122309612		24.197749468246226		349984.5015827669		21.932023877158542		318.44806228051056
82230.0		-0.0014177417341000862		-159.84250846491128		24.18338860546467		350017.26241989527		22.07396169669788		318.5995507960982
82260.0		-0.003230923928571733		-159.80231695778144		24.16886654098766		350040.38572264835		22.21627840927941		318.75083055600396
82290.0		-0.003361729665787525		-159.7613043010242		24.1531979091678		349967.27161167376		22.358946549996844		318.9018802920569
82320.0		-0.0035961756312568676		-159.7214506558242		24.13835638264434		349971.7181653194		22.502111363728318		319.05280883577177
82350.0		-0.00324098409008083		-159.68178718771387		24.123358350601727		349964.9499402521		22.64552171977803		319.203426447678
82380.0		-0.0012416569969342225		-159.64327859764106		24.10919499206274		350035.48085740674		22.78932031272238		319.3538400486891
82410.0		0.0006540345954783412		-159.60396994559994		24.09388903656271		350008.3501361245		22.93339838796126		319.50396701577944
82440.0		-0.00410229677830652		-159.56482636780345		24.078430273415798		349972.18058284745		23.077934913616204		319.65394187991285
82470.0		-0.001778970317685483		-159.52684041258556		24.063814104985028		350012.6487849662		23.222736775939524		319.8036182704821
82500.0		-0.0036193168392394943		-159.4890021419655		24.04904945620468		350045.2591996705		23.368070275364374		319.9531969624239
82530.0		-0.0008069781246615782		-159.45038617091095		24.033144213652406		349978.9701765338		23.513675045686554		320.10248062216334
82560.0		-0.0020687566264938713		-159.41291151621797		24.018088624365223		349990.2777330121		23.659573133831046		320.2514853140086
82590.0		-0.0021351652748767013		-159.37560410776135		24.00288957373872		349992.1016378058		23.805858188103727		320.4002814345614
82620.0		-0.002542679820066981		-159.33846794305583		23.987548651873077		349984.11288394965		23.952501889703242		320.54884707190655
82650.0		-0.004293475303375659		-159.30148574201903		23.97206615597672		349967.76192246564		24.09965097453221		320.6972931568542
82680.0		-0.0011671962009525342		-159.26562330516464		23.95744429077159		350029.98027692735		24.2470508321764		320.84542605851766
82710.0		-0.0030920672256369605		-159.22898989048932		23.94168630820399		349993.3600871889		24.39484736090212		320.9933560817047
82740.0		-0.002483313993868445		-159.19346321727107		23.926793021507777		350036.1341471188		24.542930066863562		321.14099879807753
82770.0		-0.004496727913263517		-159.1571678095469		23.910764364116854		349980.164834789		24.69147842201471		321.28849033028774
82800.0		-0.0035066234111316577		-159.12197226101128		23.895604720229176		350003.8993099136		24.8402977862019		321.4356821441744
82830.0		-0.004228071252887887		-159.08692011217764		23.880312532728446		350019.88389677554		24.989658308776		321.5827797335411
82860.0		-0.0021019615416252246		-159.05204321549678		23.86489172530991		350025.4857133683		25.139295251383416		321.72958099086514
82890.0		-0.004873049102872312		-159.01733913138096		23.849343508438512		350020.9124528542		25.289231899185168		321.8761031939476
82920.0		-0.003494549326312939		-158.98279712572796		23.833668255846664		350007.0502746571		25.439562867444394		322.02241822671505
82950.0		-0.0028948504762785856		-158.94842102999624		23.8178676374886		349983.5840090746		25.590258970089295		322.1685034924289
82980.0		-0.004183798032712749		-158.91419406602387		23.80194124275104		349951.88552271295		25.741468455046316		322.3144722294278
83010.0		-0.004324667477077267		-158.88102860319336		23.786898602538397		350001.912084789		25.892933179821313		322.46012655961414
83040.0		-0.003636424550452391		-158.8480162174348		23.7717349546219		350043.1360981334		26.044802293795		322.6055804206141
83070.0		-0.004534962909149418		-158.8142976307428		23.75544716444015		349981.4972649878		26.196963540130895		322.75074742211734
83100.0		-0.0038245857361967274		-158.78160240224085		23.740045578315932		350004.3328860095		26.349596897641376		322.89576550539186
83130.0		-0.004144557257051913		-158.74907599870153		23.72452857959746		350017.08219892625		26.502506177280686		323.0404837184774
83160.0		-0.003342610395024759		-158.71668767235397		23.708893682640966		350022.2328133518		26.65596543792786		323.1851127048269
83190.0		-0.005028005373485295		-158.68446827959366		23.6931459018652		350017.2830448868		26.80970549802459		323.32944516541335
83220.0		-0.003397953102123558		-158.65241526182908		23.67728626584128		350002.4400010118		26.96375090261845		323.47349966080196
83250.0		-0.0026563790279497527		-158.62051817083457		23.661314689148828		349978.5422197962		27.11819724640732		323.61734971246125
83280.0		-0.0037400635968260656		-158.58960867203513		23.646238845928934		350041.0768228583		27.273118026773666		323.7610520639375
83310.0		-0.003509641932336337		-158.55802305884993		23.630047785951863		349998.97232370917		27.42833655277657		323.90447007521493
83340.0		-0.003133321924607419		-158.5274233263883		23.61475619618713		350043.21457291674		27.583965943157637		324.0476910917028
83370.0		-0.001872544475030554		-158.4961574329865		23.598351795125986		349982.22244939115		27.739892240948926		324.1906267253386
83400.0		-0.0020325355539175913		-158.46586131623155		23.582848437320735		350008.64369365573		27.896295813019762		324.3334167383731
83430.0		-0.0048901532684455795		-158.43572679450708		23.567242889132256		350025.31738829147		28.05297904564307		324.47590773191115
83460.0		-0.003633404847367835		-158.40572389140678		23.55153160385364		350034.6167338658		28.210219777575304		324.61831559468175
83490.0		-0.005453629864023776		-158.37588261219977		23.53572051530253		350034.1530385306		28.367744512659236		324.7604277282938
83520.0		-0.0030890475225524043		-158.34620029770232		23.51981047330284		350024.1333501395		28.525579066171538		324.9022640122453
83550.0		-0.0047875223656065925		-158.3166667587086		23.503800989139275		350005.355298182		28.683819962582163		325.0438996296171
83580.0		-0.006337076798577282		-158.28727439187813		23.487691881622585		349978.40620660223		28.842540999756736		325.1853923593816
83610.0		-0.004789535107036338		-158.25883063297536		23.47249499095106		350039.6345570246		29.001562579296227		325.32660198128923
83640.0		-0.00641153404891934		-158.2297426057415		23.456194634528767		349994.493968755		29.161000875404923		325.4676193554843
83670.0		-0.005156799551151217		-158.2015941492407		23.440808569957078		350038.05116946716		29.320740214619605		325.60835393025417
83700.0		-0.004769408874618761		-158.17280428612156		23.424320557620067		349975.1665779855		29.480961343737896		325.74894752560476
83730.0		-0.006101625053333005		-158.1449469681585		23.408749151915444		350001.34234239627		29.64146521374809		325.88924403099975
83760.0		-0.005149756728966923		-158.11721423712052		23.39308295430519		350020.40185832884		29.802533485011864		326.02946504504223
83790.0		-0.006049302049318762		-158.0896352725546		23.377328758176397		350030.0657296125		29.963888293789196		326.1693922221337
83820.0		-0.006521212501462126		-158.06220733119724		23.361487230922762		350030.54034502245		30.12555674444873		326.3090468416735
83850.0		-0.005862149007109114		-158.03492048450133		23.345557500467677		350022.58407180384		30.287636297049296		326.44850591070065
83880.0		-0.0059426421179806545		-158.00776735079555		23.32953909221422		350006.7523617577		30.45020104738672		326.58782836485085
83910.0		-0.006576554026681049		-157.9807667916012		23.313437092878782		349981.5795698697		30.613068459384053		326.7268701023275
83940.0		-0.0064256232389275575		-157.95464402284716		23.298253562380694		350048.9374733111		30.77635779607232		326.86572575425896
83970.0		-0.0074147219612844826		-157.92793196766047		23.281984794681232		350006.2593483152		30.939951652992384		327.00430241892724
84000.0		-0.006576551662921297		-157.90135428684337		23.265631848901645		349955.6003364483		31.104031144311868		327.14274424151347
84030.0		-0.007279891923089077		-157.8756548704699		23.250202299742934		349997.19390724786		31.26839577915677		327.2808921034598
84060.0		-0.006692267157873442		-157.85007255520642		23.23468765994933		350031.96059704013		31.43333107461111		327.41897383983974
84090.0		-0.00699110903029587		-157.8239212597842		23.218094909624632		349955.36064905114		31.59855475196492		327.55676485300967
84120.0		-0.0069729990849476675		-157.79863164183956		23.20242643135398		349972.0477515487		31.764095222753348		327.6942879162793
84150.0		-0.008166357378847262		-157.77347502072357		23.18667973205283		349980.6598168751		31.930050885745658		327.83162204571033
84180.0		-0.005184972021768269		-157.7484442369882		23.170854059652783		349981.7217857465		32.09649612990761		327.9688274720675
84210.0		-0.008216666459551884		-157.72355762612807		23.15495498668502		349973.8364853887		32.263245454972036		328.10575587226737
84240.0		-0.0070867006565901915		-157.6988032701252		23.138980615378745		349957.8882837109		32.43042124301769		328.2425059420582
84270.0		-0.0070977677797541		-157.67488018666705		23.123931239597148		350037.0532712452		32.59790434663563		328.3789822204884
84300.0		-0.007303033131071703		-157.65039165316637		23.107810087280335		350004.7826133678		32.76587622942369		328.5153314805508
84330.0		-0.006598689454888742		-157.62604910257417		23.09162037796851		349963.37918476574		32.934134956899214		328.65139126351767
84360.0		-0.006604726497298101		-157.6024986842766		23.076349471382553		350019.81491383165		33.10296993050379		328.78739623977333
84390.0		-0.00692872586477253		-157.5784157254977		23.06001753476861		349962.46482473984		33.27209441547656		328.92311498912954
84420.0		-0.0071883257796542446		-157.55514067359314		23.04461132616383		350001.6550323637		33.44153814763953		329.0585718884794
84450.0		-0.007220524915010664		-157.53199022304548		23.029135580619243		350033.15136664174		33.61140046446781		329.1938481746675
84480.0		-0.006474926539857244		-157.50830135935354		23.012599430225364		349951.3903793162		33.78175604085698		329.3290055324723
84510.0		-0.006842190983972123		-157.48540850255833		22.996989636652334		349966.8736365689		33.95241639029606		329.4638910338285
84540.0		-0.006105650536192496		-157.46263935913288		22.981312987811176		349974.68080573156		34.12350704026226		329.5986077766572
84570.0		-0.007237629080583932		-157.44000524710677		22.965573781992404		349973.9662291445		34.29490709138247		329.733057505539
84600.0		-0.0062917977986272095		-157.41748927361778		22.949768045992734		349965.95226584375		34.466798333017586		329.86738996536576
84630.0		-0.006810998810270515		-157.3954273209836		22.934394624694477		350002.98553371895		34.638977390552796		330.00143898403354
84660.0		-0.007109843046452695		-157.37347096814958		22.918952946293278		350033.5632775696		34.81173756857024		330.1354467505294
84690.0		-0.008772092089411099		-157.35133447447242		22.902961059133148		350001.68251107447		34.984787642904024		330.269174376071
84720.0		-0.007524398050067517		-157.32933189000607		22.886911368283663		349961.28867070377		35.15815868940694		330.4026479695618
84750.0		-0.008599024691570038		-157.308070526407		22.87178169000758		350021.6615397893		35.33195098087208		330.53595123222334
84780.0		-0.008219684980756562		-157.28630630739195		22.855610277479784		349966.2932376843		35.50623946796952		330.6691474860553
84810.0		-0.009551901159470804		-157.26528519644347		22.840361620513843		350011.4649596438		35.680832661040185		330.80207876363073
84840.0		-0.007330201003793698		-157.24437908362438		22.825053266777104		350049.3680630969		35.855859254961445		330.9348529548675
84870.0		-0.009059865656789741		-157.2229998314157		22.80871536452548		349969.4225913575		36.03119659241707		331.0673687446654
84900.0		-0.008701659140048652		-157.20233373474954		22.793293617415856		349992.0439922353		36.20702675882692		331.19977924317527
84930.0		-0.008839506517568863		-157.1817955603055		22.77781928613915		350006.42509669065		36.38314494859958		331.3319141443444
84960.0		-0.008996476711491468		-157.16135897862773		22.76228438716079		350014.4241284542		36.559848378317476		331.4640239389668
84990.0		-0.009041754529561663		-157.1410501335977		22.746698715257924		350014.1640029326		36.736841309784275		331.5958615356417
85020.0		-0.009139356533525978		-157.12086604797386		22.731062263239092		350005.84332048893		36.91415617310164		331.7274549266635
85050.0		-0.007729663401385119		-157.10079779678554		22.715372881763276		349990.0777414171		37.09189416902803		331.85889055927015
85080.0		-0.00905483675791507		-157.0808388473614		22.699629148209734		349967.3083861377		37.27013051060757		331.99023360531794
85110.0		-0.00784537771445739		-157.06157094240186		22.684800568419682		350048.3954026848		37.44867069429255		332.1213205650853
85140.0		-0.00885862578833163		-157.0418485933381		22.668957222862005		350010.2857380435		37.62764659888284		332.25226457250335
85170.0		-0.007426796046103201		-157.0222515681622		22.653068075681507		349963.9967208719		37.80693380710566		332.3829609536162
85200.0		-0.008192518289914444		-157.00331636460962		22.638086040219523		350023.5295229219		37.98671466360065		332.5135666356556
85230.0		-0.0075596145247487385		-156.98395192417317		22.622101440314417		349962.08482148685		38.166782947782195		332.64390670365873
85260.0		-0.008177425683891047		-156.96523280172784		22.607019315094746		350007.5564192692		38.34743978508573		332.7742408518546
85290.0		-0.00870266373794371		-156.9466322507741		22.59189235237175		350045.2390960483		38.528384909355196		332.90431294986195
85320.0		-0.008794228699498667		-156.92761182638205		22.575769508444452		349961.2641721377		38.709652117138326		333.03415305281675
85350.0		-0.00843601863711795		-156.90923791205998		22.56055182255661		349984.0563311819		38.8913435251787		333.1638506815631
85380.0		-0.010537981360623052		-156.8909645655261		22.545285037052118		350000.25280163065		39.07353459205924		333.2934731066046
85410.0		-0.009552908121125615		-156.87280820822804		22.529976438981805		350008.709465147		39.25602779659467		333.42285073469924
85440.0		-0.008534627602737075		-156.8547575110438		22.51462244692023		350010.1860375684		39.43895821168653		333.5521024708967
85470.0		-0.010295485611314603		-156.83682282003073		22.499228072768734		350003.9601027332		39.62219966253401		333.6811199440972
85500.0		-0.009233940016285613		-156.81898900119498		22.48378809642141		349991.04467839		39.80593470832746		333.8100644210662
85530.0		-0.010280391823411329		-156.80127301139072		22.468310275617878		349970.2713004993		39.989955736989124		333.9387558396356
85560.0		-0.009072949067023023		-156.78390107159984		22.453253150050212		350001.4829154005		40.1745677663795		334.06746414178
85590.0		-0.009013580877064735		-156.7666426563882		22.438157861849838		350025.1014029719		40.35946600029677		334.1959232009819
85620.0		-0.010187821082081439		-156.74924757915252		22.422558132740956		349982.86595527735		40.54468561160092		334.3241653496416
85650.0		-0.00882743361463002		-156.73220373579974		22.40738415472602		349992.09077645466		40.7303296160076		334.4522835662475
85680.0		-0.009161493143613548		-156.71526485192916		22.39217104956646		349994.2526763668		40.91636073231657		334.5802468618231
85710.0		-0.009509639498845536		-156.69865905426303		22.377376879941583		350049.0737631405		41.10294022139749		334.70820132540626
85740.0		-0.008166357378847262		-156.68168609595753		22.36162391886907		349978.3736430174		41.28977847119916		334.8358907371398
85770.0		-0.009527751807953492		-156.66529194725942		22.346755985600325		350018.87966598384		41.477054431829224		334.9634770295974
85800.0		-0.009024649182108518		-156.64876935918204		22.331393009266677		349992.8615936795		41.664640090613844		335.0908473972554
85830.0		-0.008908936050916126		-156.6323428676602		22.315991171557727		349960.2799477959		41.85271826982195		335.21816866759815
85860.0		-0.00988193520559484		-156.61625989394452		22.301016011490113		349979.62242034264		42.041079861206725		335.34525440413876
85890.0		-0.009109170139599304		-156.60026106938278		22.285997765029123		349993.1667201808		42.23003392001762		335.47238704756285
85920.0		-0.008976351660953766		-156.58437046390654		22.270948101366102		349999.3180362256		42.419270935112785		335.59928842920476
85950.0		-0.008735868653075065		-156.5685850283595		22.25586651465138		349998.262769836		42.60882747549532		335.7259935728059
85980.0		-0.008192518289914444		-156.55289656797518		22.24075006189353		349990.5184830986		42.798807485236296		335.85259975651036
86010.0		-0.008561794293579193		-156.53730791048793		22.225600855372356		349975.88428294007		42.98917270945788		335.97907462715995
86040.0		-0.010552069368751391		-156.52180648847883		22.210413772186104		349955.15318288933		43.180085840476266		336.105570961957
86070.0		-0.008778130313700333		-156.50684935430033		22.196098719027518		350047.98216653056		43.37125364201967		336.2318212800727
86100.0		-0.009681699935031787		-156.49154904740834		22.180850262969653		350013.31352117565		43.56285848751025		336.3579965834069
86130.0		-0.009067916622508722		-156.47635389321633		22.16557485262929		349971.3453658456		43.75477054363941		336.4839791037728
86160.0		-0.009798418845999114		-156.4616730604441		22.151157827449858		350044.8993380433		43.94717282066346		336.60994211778154
86190.0		-0.009223878672896639		-156.44667209395428		22.135822619019788		349989.3448394863		44.139854765167904		336.7356919566035
86220.0		-0.009959414522781209		-156.431962129673		22.120895315788122		349989.08002928924		44.33312940360952		336.8615253022871
86250.0		-0.009319467935431208		-156.41735496914905		22.10594255089446		349981.6333876075		44.52668255044044		336.9871504044837
86280.0		-0.010252218170914401		-156.40305148943364		22.091404237093673		350028.7094225269		44.72055217230644		337.1126053566917
86310.0		-0.009806469811718095		-156.38863396711258		22.076394752014828		350007.8829326173		44.91484310463543		337.23799240201197
86340.0		-0.009178599672946567		-156.3743109885592		22.06135810962087		349980.35082610603		45.10951611334503		337.363277723738
86370.0		-0.009397950668632757		-156.36026864401728		22.046725514084148		350008.7892014403		45.30473526238669		337.48862180553215
