sod		dsTEC/dt		lon		lat		h_ipp			elev		azi
4830.0		-0.01884420122218002		-173.78567944210133		22.725474028684754		350049.03662037384		1.3060302343979657		284.23513237374294
4860.0		-0.018187148105497		-173.6894155426458		22.770392084280843		349997.1347484207		1.3926779324035437		284.4258174974459
4920.0		-0.018530263198094567		-173.50172006759553		22.859058748941816		350047.11627997365		1.5660763835477667		284.80688448944255
10590.0		-0.01802816871578428		-160.36987936436338		24.26628235861444		350024.863287691		21.680640553809738		318.7789357261662
10620.0		-0.019973162427246654		-160.32861157388984		24.253065921196974		349985.73891572375		21.815259061182758		318.9436810956996
10680.0		-0.01698775276918805		-160.24760440795356		24.227103643989295		349965.44740555156		22.085493790177125		319.27254612804785
10710.0		-0.019938950550460487		-160.20785545720707		24.214363577540563		349984.76034274977		22.22111823207827		319.4366715516765
10740.0		-0.01762367623743831		-160.16825992383173		24.201456015767434		349996.6676601004		22.357205753898583		319.6006967258885
10770.0		-0.018866335468507838		-160.1288488695636		24.188381862804682		349998.7115405379		22.493532376105748		319.76443276087815
10800.0		-0.018246516295455286		-160.08958244726475		24.175143024047802		349994.0837939903		22.63039939286169		319.9281328871935
10830.0		-0.018374302329586523		-160.0504889763324		24.161740533361677		349980.548438048		22.76760242040814		320.09162454864884
10860.0		-0.018900547345294002		-160.01158326412047		24.148175848483845		349956.9513858091		22.90503512971688		320.2548176631149
10890.0		-0.01820928471558457		-159.97378970281486		24.135453193247614		350012.9917214131		23.042942972133076		320.41791886466876
10920.0		-0.01848699930333399		-159.9352004094416		24.121569606545343		349973.8422159469		23.18125713066955		320.5808698123021
10950.0		-0.017986912834933942		-159.8977241954983		24.10853296040655		350013.97055024095		23.319975964409906		320.743668847448
10980.0		-0.01823142250755201		-159.85947729977528		24.094335998927672		349957.2734095305		23.45899740150469		320.9062292349017
11010.0		-0.017377153823390494		-159.82233302296484		24.080990903950973		349980.3986606393		23.598437457672333		321.06864889136097
11040.0		-0.016507793715085452		-159.78535970729064		24.067494305321524		349994.57852976955		23.738188062679768		321.23083590156915
11070.0		-0.016178764266856476		-159.74853697249588		24.053847108171986		350001.4181771921		23.87841066393895		321.3929270152863
11100.0		-0.016457483452500955		-159.71189474664254		24.040051383313482		349998.59436329454		24.01887952329524		321.55473024563236
11130.0		-0.017866169622987003		-159.67539434347674		24.026107379063784		349989.1294920305		24.15989866558793		321.71650384830764
11160.0		-0.015602208988564502		-159.63906306002715		24.012017184350427		349970.9073027633		24.30126184988562		321.8780723160814
11190.0		-0.016184801309265837		-159.60382166538398		23.998795461657814		350032.40557988174		24.442861871036456		322.0393439485824
11220.0		-0.014647320961113866		-159.567820918735		23.984417819119912		349997.1574753411		24.58494691256935		322.200530112696
11250.0		-0.01546838473014403		-159.53287871156934		23.970912077043614		350043.79301963095		24.72744532411714		322.36156970544886
11280.0		-0.014275022890604807		-159.49719754308325		23.95625168946054		349992.3925057044		24.870357114613896		322.52246270460375
11310.0		-0.013645142374163286		-159.46257905976884		23.942468060113182		350022.2973502949		25.013579704458664		322.6831212558883
11340.0		-0.015842691996443205		-159.42811273758576		23.928547400294796		350044.5251336014		25.157228064933193		322.84364365997914
11370.0		-0.01597551165696862		-159.39293591807407		23.913474557896855		349966.9529738901		25.30119489047837		323.00393789676457
11400.0		-0.015782320390469735		-159.3587872144253		23.899283395492414		349972.95197199564		25.445641768234267		323.16414258179003
11430.0		-0.014614114864102634		-159.32481382284735		23.88496050037932		349969.5207787873		25.59034118186524		323.3240623052111
11460.0		-0.01617373300422205		-159.2909782185798		23.870504571427436		349959.51973368134		25.73559991433069		323.4839608500067
11490.0		-0.016718090329037483		-159.25816340885848		23.85693830769919		350033.01520337723		25.88121036395036		323.6436598143577
11520.0		-0.01587287720849		-159.22466469389568		23.842225374424398		350005.09553773515		26.02706341428395		323.80306500756615
11550.0		-0.015118225633482297		-159.1913134060492		23.82738376200381		349969.8747591777		26.17341052007307		323.96239333076295
11580.0		-0.015920170131749695		-159.1589610850709		23.81343659457344		350019.44289894775		26.32017715495663		324.1215807554054
11610.0		-0.01434747094515675		-159.125919312867		23.79834329203978		349968.38286041934		26.46736499849937		324.2806289706288
11640.0		-0.015287267548463867		-159.0938797944036		23.78414897515894		350001.6278750682		26.61487096325338		324.4394488680502
11670.0		-0.01462216464794174		-159.0619873176268		23.769832467888413		350027.35705189966		26.762808949684903		324.59813928201214
11700.0		-0.015623341000757013		-159.03025510735898		23.755396263788057		350044.57978379447		26.91107243710448		324.75660798482204
11730.0		-0.01394599698801546		-158.9978471053395		23.739816618586975		349960.6046072254		27.05982313938498		324.91499572044404
11760.0		-0.01453663791067602		-158.96643024015356		23.725143397053984		349961.31388067827		27.208831749933026		325.07310328600107
11790.0		-0.014818374435645303		-158.935146073083		23.710351145765387		349955.56507054064		27.35840782567262		325.23120056667534
11820.0		-0.01383430815780268		-158.90482214370218		23.69646758071813		350036.35758380406		27.50834239872046		325.38910593919644
11850.0		-0.013860469068869863		-158.87386225529374		23.68144817937566		350013.1995010162		27.658524419595047		325.54672251101715
11880.0		-0.014401807872480615		-158.84304405385828		23.66631421666792		349982.90068787895		27.80920864276397		325.7042732462028
11910.0		-0.01342075657020304		-158.81316459637327		23.65209226344564		350040.4115553787		27.960317624931896		325.8616910042097
11940.0		-0.01318429904518383		-158.7826438877584		23.636735033914793		349994.6618981855		28.11185473664829		326.0189792749596
11970.0		-0.013121914697780615		-158.75306443723304		23.62229397174293		350036.3261057092		28.263716386007644		326.17604754414685
12000.0		-0.012325000280267761		-158.72285317702338		23.60671973457782		349974.2248895597		28.416015370745626		326.3329953511701
12030.0		-0.012605732207341987		-158.693573112488		23.59206418008049		350000.07108177245		28.568645979324444		326.48973014726454
12060.0		-0.012048293836053027		-158.6644283019696		23.57730138612298		350019.00622488		28.72177003163356		326.64639510587335
12090.0		-0.011823911577732412		-158.63544545595786		23.56243636008757		350029.0768505214		28.875156427760146		326.80278681128993
12120.0		-0.013418745010653174		-158.6065893331718		23.54746500059919		350032.840685443		29.02911750084526		326.9591819102632
12150.0		-0.011690086137432063		-158.57788418497353		23.5323920277872		350028.52530999295		29.18344291913219		327.1153951875229
12180.0		-0.011960753175477686		-158.54934294465573		23.517220695789177		350015.1903123725		29.33801968259479		327.27132680890463
12210.0		-0.011765552713188685		-158.52093681400217		23.501947595313954		349994.9117543064		29.49310586228121		327.427206409178
12240.0		-0.012011063438062183		-158.49267516615868		23.48657530258727		349967.0008950485		29.648621059280508		327.58296352332184
12270.0		-0.011034039982403853		-158.465286605854		23.47212846550675		350030.29537984263		29.804570354636205		327.73860354916496
12300.0		-0.010165685653873746		-158.43732033780876		23.456562835561357		349986.5460322825		29.96084965919566		327.89403439609396
12330.0		-0.01110346833387124		-158.41021710974346		23.441924324098657		350034.54215607047		30.117570630113292		328.0493565055456
12360.0		-0.011669961086894363		-158.3825455316658		23.426169776740803		349974.96956999786		30.274628393306976		328.2044768826202
12390.0		-0.010192852344715864		-158.35572072482543		23.411342729151357		350008.1255017286		30.432192463943267		328.3595483167076
12420.0		-0.010331710229530512		-158.3290508937252		23.396426254395685		350032.68724640645		30.59001472376425		328.5143490378382
12450.0		-0.009552905757365863		-158.30180124436143		23.380393210739964		349950.69325818866		30.7484178820782		328.6691700372058
12480.0		-0.00916954292745265		-158.275399580634		23.365292727045883		349961.07978366315		30.907190254876177		328.8238220876616
12510.0		-0.008624179822862286		-158.24915376525314		23.35010638972892		349962.78623175994		31.066216878641427		328.9782021410735
12540.0		-0.01010028278526585		-158.22303579956298		23.334829732128277		349957.78083744086		31.225759144239774		329.13254720391416
12570.0		-0.009195703838519835		-158.19773552832424		23.3204853477546		350046.91329694353		31.38573366155874		329.2867832445558
12600.0		-0.009532784252467792		-158.17188642531963		23.30503415727009		350027.44524793513		31.546147240001837		329.44091769750287
12630.0		-0.008561794293579193		-158.14618519113097		23.289499871606306		349999.8183034025		31.70689530490592		329.59485670510145
12660.0		-0.007766893799375963		-158.12062024760306		23.273881119393515		349964.8316002749		31.868088328239807		329.74870183805905
12690.0		-0.007950022540605999		-158.09586422663872		23.25919878876598		350024.29356219247		32.029622306077954		329.9023595182657
12720.0		-0.008507459730015082		-158.07057249140695		23.24341481092635		349974.43998996913		32.1916591735997		330.055978871395
12750.0		-0.007768906540805709		-158.04608801270697		23.22856985851314		350019.00905284286		32.35396427629142		330.20934655980886
12780.0		-0.007970146409263822		-158.02106903607535		23.212624715616936		349954.2653949298		32.516855440425815		330.3627551443612
12810.0		-0.007592820621759968		-157.99683717683337		23.197616829126172		349985.19941370934		32.68011965164373		330.51601090960463
12840.0		-0.008556764212824645		-157.9727525915675		23.182534126707715		350007.82101221196		32.8436399756481		330.6690072841635
12870.0		-0.007774942401335192		-157.9487880667607		23.167371144618922		350023.99470289424		33.007681110153726		330.8219894574863
12900.0		-0.008494381047301304		-157.9249526953708		23.15213100995237		350033.0779876858		33.17215664230385		330.97487955543323
12930.0		-0.00740164209669083		-157.90124575446924		23.13681451745042		350035.10525979754		33.33707512548883		331.1276872049442
12960.0		-0.006833134238478208		-157.8776780479406		23.121425388123313		350029.3232665835		33.50233151597444		331.280316567807
12990.0		-0.0062817352733583595		-157.85423855685332		23.105961862545453		350016.4714282742		33.66803504882897		331.4328706079171
13020.0		-0.0073010203896419585		-157.83093779398112		23.090427662967404		349995.81888426654		33.834082627428586		331.58525501429676
13050.0		-0.006763707068890697		-157.80775953924822		23.074819564878297		349968.45332561433		34.000636175652076		331.7376225533691
13080.0		-0.006807981470945712		-157.78532780461165		23.06015138201976		350038.8961553201		34.1674593023624		331.8897540372763
13110.0		-0.0070545003393538966		-157.7624055312261		23.044401534810873		349997.26813175995		34.33487251085959		332.04195143470486
13140.0		-0.00740164209669083		-157.73991456379045		23.02908648835048		350001.32387901563		34.50266149008982		332.1940160003461
13170.0		-0.006581584107435598		-157.7175665544242		23.0137073039557		349997.1844687527		34.670707334396404		332.34583728795735
13200.0		-0.005802783180910578		-157.6956258759048		22.99875870340678		350040.23900860455		34.83927801644013		332.49766961356903
13230.0		-0.005884284435316806		-157.67322900224323		22.982740858846785		349968.99336650595		35.00828407341079		332.64943094523176
13260.0		-0.0062404793925080245		-157.6515336864405		22.967657633326812		349998.26719871815		35.17773581593479		332.8011332925715
13290.0		-0.007206439270642076		-157.62996862038742		22.952510797727324		350020.106207964		35.34752775290556		332.95267859802016
13320.0		-0.006767732551750188		-157.6085233290424		22.937298243384163		350035.19336905517		35.517767822596014		333.1041715272074
13350.0		-0.0062394736127330905		-157.5872077419776		22.9220238704999		350042.85388666857		35.68835387759324		333.2555168738011
13380.0		-0.0066630877256015795		-157.56600628099773		22.906683931844345		350044.1036478495		35.85944776841192		333.4068715875252
13410.0		-0.005906422227284252		-157.5449418527022		22.89128635265897		350037.4129604474		36.03081141382158		333.5580099241342
13440.0		-0.006384368539957099		-157.52398353905565		22.875822557208377		350024.8038797248		36.2027679157801		333.709244440684
13470.0		-0.006646986976043493		-157.5031520128564		22.860299845949484		350004.8962351894		36.3751017135625		333.8603707451127
13500.0		-0.006322991154208694		-157.48245866693165		22.844722851368573		349976.9298977554		36.547691937329624		334.0112741159352
13530.0		-0.00614992139260788		-157.46214346935005		22.829578347707727		349997.7114073206		36.72080978014297		334.16221909894546
13560.0		-0.006125773222970443		-157.44194503454048		22.81437461060403		350011.7814366706		36.89436270838785		334.3131191448546
13590.0		-0.006788863382062822		-157.42160110364554		22.79861965965015		349963.77807048615		37.06836279905093		334.4639888790591
13620.0		-0.005964782273707853		-157.40190504648865		22.78379519362107		350019.2898482131		37.24270414154313		334.6147277583087
13650.0		-0.005563303589047056		-157.3818067497678		22.76793034141869		349957.0081789177		37.417493308199084		334.7654425136859
13680.0		-0.006992117173830557		-157.36234674502435		22.752994613234875		349998.80118697044		37.59262914795055		334.9160368685952
13710.0		-0.0060432650069094035		-157.34299225580045		22.738000282724954		350034.5093387468		37.76827336122482		335.0666725939284
13740.0		-0.00562971460118964		-157.3232653922678		22.721978681938726		349950.48850212526		37.94418624100075		335.2171165803475
13770.0		-0.006221363667384888		-157.30414060105315		22.706876241457287		349972.78272949345		38.12069337965491		335.367693356027
13800.0		-0.00657756098833586		-157.2851333550957		22.69172195928689		349988.16622095834		38.29757802961274		335.518192178231
13830.0		-0.005501925021418775		-157.26625471294426		22.676520732681613		349995.9206572352		38.47471737328389		335.6684935939082
13860.0		-0.004995807420008752		-157.2474797190662		22.661264522083428		349997.6182893319		38.65238574264172		335.8188736765045
13890.0		-0.006085525485654795		-157.22881704724782		22.645957281075553		349992.6880554799		38.83048751988287		335.9692409490167
13920.0		-0.0053852061104514475		-157.21026543067828		22.630599403371043		349981.1914908141		39.00903655240945		336.1196129408588
13950.0		-0.005777626867738452		-157.1918343322043		22.615195286557544		349962.5144049907		39.18792654485693		336.2698863266753
13980.0		-0.005266475639934251		-157.17374662928688		22.600223886769943		349994.44205606636		39.367262624169065		336.4201703362499
14010.0		-0.005946668782720022		-157.15577444278523		22.58520597937329		350019.47218326293		39.5469446879863		336.57036743615174
14040.0		-0.005833974172732309		-157.13767540982263		22.569657244068928		349981.0061125951		39.727134193215804		336.72064497496365
14070.0		-0.004801610373734933		-157.1199289310676		22.554547050955374		349992.5250171665		39.90758989147494		336.8707615486689
14100.0		-0.005273518462118545		-157.10227591717293		22.539384383655644		349998.4687621398		40.08863972263035		337.02105528814286
14130.0		-0.005036053975444523		-157.08473547241508		22.52417749460189		349997.6299370313		40.27006583290725		337.1713082942985
14160.0		-0.004718092832259329		-157.06731831846966		22.508931562507605		349989.33139157575		40.45174348435266		337.3213958619725
14190.0		-0.004502766137552753		-157.0502174392604		22.494112550573256		350033.2187382588		40.63395003420631		337.47160713046645
14220.0		-0.004584268573838858		-157.03278968987414		22.47830043542113		349954.25040255487		40.81658677615897		337.62184522677745
14250.0		-0.004594329917227831		-157.01589829152974		22.46339240338394		349985.42727550026		40.999669325493365		337.77213094416817
14280.0		-0.004861979615948651		-156.9991178635979		22.448443495969837		350009.8477311935		41.18309104456193		337.9223578467357
14310.0		-0.003465369894041076		-156.9824394188541		22.433450835053954		350028.04403876234		41.36695552336786		338.07263818473507
14340.0		-0.004577224569774688		-156.9658713026837		22.41841873163371		350039.49152472615		41.551163766283516		338.22287297226626
14370.0		-0.00381049654618851		-156.94939972066817		22.403342191910806		350045.0093370732		41.73587687312562		338.37323604094104
14400.0		-0.0036173052796896255		-156.93304511756787		22.388230730377952		350043.3438727977		41.92085216265845		338.5234766205526
14430.0		-0.0044162336205120995		-156.91677951835453		22.37307318647989		350036.16464816034		42.1064197376638		338.6739483850571
14460.0		-0.003499579407067487		-156.90062129371154		22.357878240480602		350022.3455462735		42.29236073937972		338.82442535442806
14490.0		-0.003934261824979761		-156.88458084440978		22.342651333359537		350001.24963733833		42.4785485498704		338.9747769774226
14520.0		-0.004485658426339856		-156.8686346190537		22.32738297819594		349974.26834218204		42.66526339924676		339.1253072975518
14550.0		-0.004958577022017908		-156.8529829890076		22.312539197751633		350000.67590691335		42.85240349942556		339.27591351221446
14580.0		-0.004440379426389783		-156.83742830100744		22.297656195805285		350021.01947482117		43.03998622242721		339.42662013256836
14610.0		-0.005067247331026007		-156.82179140399987		22.282279533280505		349974.7016544873		43.2279046393327		339.5773172504944
14640.0		-0.004718094014139206		-156.806627293111		22.267783600893516		350042.40794108436		43.416260697576504		339.7281207734892
14670.0		-0.003848731542074412		-156.7911965636814		22.252338631374336		349983.1255631279		43.604956572151195		339.8789300633849
14700.0		-0.0037571689442792095		-156.77622504755334		22.237768597808774		350038.6846056506		43.79415286843646		340.02992653045345
14730.0		-0.0039423104269389895		-156.76100152869228		22.22225908275219		349966.3092233669		43.98360560848403		340.18084879832844
14760.0		-0.0044373620870649805		-156.7462217084579		22.207617609428688		350009.7028366951		44.17364682327315		340.3320684129758
14790.0		-0.004214990206414357		-156.73153985919433		22.192942238120683		350046.87951160315		44.36405677464264		340.4833502504348
14820.0		-0.0036817035504024633		-156.7166188786496		22.177337807251178		349955.2329651881		44.5547070201091		340.63455723580165
14850.0		-0.0038004340209196598		-156.70213436349079		22.162598367454535		349979.81569470745		44.745880463047335		340.786010535002
14880.0		-0.0033727979708313097		-156.68774335426232		22.14782522136393		349998.3898505084		44.937472253599104		340.93760080957367
14910.0		-0.0029461677005178937		-156.6734441965529		22.133018298166736		350011.03201636486		45.12950149794822		341.0893568685084
14940.0		-0.003668622503928934		-156.65924522072171		22.118182455358017		350017.2498761583		45.32186103668295		341.24116493803285
14970.0		-0.0031111853145198497		-156.6451383223419		22.10331446771048		350017.4888607254		45.514651052027745		341.39314537144037
15000.0		-0.0034472564030532445		-156.6311309281747		22.08841880748162		350011.31123540085		45.70777495904862		341.54519568300145
15030.0		-0.003169544179063575		-156.61721031654213		22.07348984759442		349999.4187893383		45.90139270268204		341.6975062044552
15060.0		-0.0041254403500489		-156.60339546332904		22.058537958073277		349980.72630042955		46.09525917701459		341.84980351379414
15090.0		-0.0035267460979096043		-156.58966018483252		22.043550570651696		349956.68644214235		46.28970804538257		342.0024798538101
15120.0		-0.0029099442641818607		-156.5761753115223		22.028973958743563		349988.651659525		46.48451884392557		342.1552897320516
15150.0		-0.0034563131485471606		-156.56279293538822		22.01437433111556		350013.9999768017		46.67956137876948		342.30808877889245
15180.0		-0.003665602800844378		-156.54934089448486		21.99930689131048		349971.363956199		46.87512096907269		342.4612179891291
15210.0		-0.0031464017892010717		-156.53627721645225		21.98507857368067		350048.0283947885		47.07108973866466		342.61456080308784
15240.0		-0.002853596959188004		-156.52300417388085		21.969956076353384		349993.47028824314		47.2674884903036		342.7681510791743
15270.0		-0.002109004363809518		-156.50997383157238		21.955242028394423		349995.38221299555		47.46420990536749		342.9218707579605
15300.0		-0.003182625225537105		-156.49703047300767		21.940500518843248		349991.4538200302		47.66135225715701		343.0758456313736
15330.0		-0.002859634001597363		-156.4843214889213		21.92616270756532		350044.5204911772		47.858820275943145		343.2299711918871
15360.0		-0.002180444274826774		-156.4714135142215		21.910942773831536		349965.5291334456		48.056773044277506		343.3844483615379
15390.0		-0.003222874144732629		-156.45888259644138		21.89655499971633		350006.66404562443		48.25496453522312		343.53898999661953
15420.0		-0.0020959256810957417		-156.446422647832		21.882132864085914		350042.8070269916		48.453729673744334		343.69401250534645
15450.0		-0.002657385989604563		-156.43391720924453		21.86726552292555		350009.31229704525		48.652847456241794		343.8492586146587
15480.0		-0.0032570848396389165		-156.42151241157157		21.85238271497209		349969.1490057381		48.852186031387696		344.00457578764434
15510.0		-0.002652354726970138		-156.40931578074495		21.837890522104857		349987.452340249		49.05203280414885		344.1603281918291
15540.0		-0.001848397487272993		-156.39720251130103		21.82337357737708		350000.0305979103		49.2522769259107		344.31639127966184
15570.0		-0.002287103024285004		-156.38517074656215		21.80883150470821		350006.9646637589		49.452940837956824		344.4728049487891
15600.0		-0.002591984302876544		-156.37322815295602		21.794269399114537		350007.8359387601		49.65391714474164		344.6294464206749
15630.0		-0.0025869518583622425		-156.36136743375548		21.77968378166315		350003.01190691907		49.85530204041838		344.7864481999895
15660.0		-0.00228307872330539		-156.34959520482147		21.76507920017819		349992.13237878866		50.057001649858606		344.94370363194594
15690.0		-0.00234546188882873		-156.33789973103418		21.750449509383294		349975.79071104527		50.259173945958395		345.10142633719926
15720.0		-0.0023635753798165607		-156.32629866402073		21.735805787490865		349953.05922244117		50.461572233148104		345.25931349582675
15750.0		-0.0014267972977141253		-156.31488198441016		21.72153874027415		349990.18825459946		50.66453223226568		345.4178099986616
15780.0		-0.0014408853058424662		-156.30354735728778		21.70725055115041		350021.5943854628		50.86783262418392		345.5766451669062
15810.0		-0.0028163665611971598		-156.292193145572		21.69254638439748		349981.5421590023		51.07134001774205		345.73565731907945
15840.0		-0.0018272678388402347		-156.28102201169676		21.678218270231863		350001.46107538976		51.27534348158303		345.8952379871357
15870.0		-0.0018182122752261956		-156.26992916986376		21.663868803809333		350015.8041920373		51.47972926938154		346.055253793095
15900.0		-0.0009840674597225		-156.25880706816923		21.649101425574074		349959.0351330256		51.68452137455328		346.2157520018152
15930.0		-0.0017648834914370188		-156.2479799025466		21.63510940930017		350027.6230727378		51.88961241838857		346.37660469727496
15960.0		-0.0011289612050666325		-156.2370218193801		21.620308530517647		349959.18570431136		52.09509631015614		346.5379527660197
15990.0		-0.002880764831909998		-156.2263509802819		21.606277076608244		350016.59818486776		52.30088065103848		346.6996873788685
16020.0		-0.0016260256066223692		-156.21564980788565		21.59183098033572		350002.8203908764		52.507121998112076		346.86203756881383
16050.0		-0.0013503273059423217		-156.20503744640885		21.577374194728165		349982.8604945298		52.71357329275212		347.02468256029556
16080.0		-0.002559783985640248		-156.194585303434		21.563277907099682		350024.2088563666		52.92057046447603		347.1881011867787
16110.0		-0.0021723968547474218		-156.18411652941856		21.548779567982457		349993.54132383596		53.127892146646715		347.35200750252585
16140.0		-0.0016290453097069254		-156.17373703818203		21.534272984257672		349956.63272951357		53.33540355255228		347.5162296086461
16170.0		-0.0017910432206243254		-156.1635164589842		21.52012585956599		349981.1532243127		53.543394872953556		347.68119174478994
16200.0		-0.0020083838386405236		-156.153369159263		21.505960102066545		350000.2481856486		53.751749561487735		347.8467508067265
16230.0		-0.00210397428305497		-156.14329312303948		21.491775022533165		350013.9981873594		53.96049303730044		348.0129632465178
16260.0		-0.001324165212995262		-156.13329542940372		21.47757589559324		350022.0528395092		54.16951804184397		348.1796956618165
16290.0		-0.0023142720788868745		-156.12336951647262		21.463359068276407		350024.70928785484		54.37891594566438		348.34709956079234
16320.0		-0.0017920490003992596		-156.11352128799697		21.449129096655124		350021.6763473032		54.58859590570017		348.5150640973607
16350.0		-0.002263960634422501		-156.10373990907092		21.434879415765852		350013.44637972955		54.79871267756423		348.6838372842998
16380.0		-0.0021502590627799764		-156.09404184753885		21.42062169182648		349999.2398994379		55.00901920824706		348.8530777427646
16410.0		-0.0017880270631793988		-156.0844040782804		21.406341092876673		349980.1086481828		55.219850888537145		349.02330528079546
16440.0		-0.0012577553827325554		-156.07484127090441		21.392048116057385		349955.3590961313		55.43098662250933		349.1942165795437
16470.0		-0.002076806410332976		-156.06543567346137		21.37811087070895		349992.4343849644		55.64229040115737		349.36562838991364
16500.0		-0.0011661904211776		-156.0560907277809		21.364151188739317		350024.5985770477		55.85405283619085		349.53800460208845
16530.0		-0.0014861643057925383		-156.04674392629613		21.349817379734525		349983.40429141745		56.066154702673735		349.71119149401824
16560.0		-0.0012859302171093602		-156.03753524631017		21.335825639301934		350004.97844993696		56.278622660276305		349.88525725929946
16590.0		-0.0012869348150044181		-156.02839966072636		21.32182182749735		350021.0353636574		56.49134967967392		350.0600628361912
16620.0		-0.0009669632941492327		-156.01926550824382		21.307450554418576		349963.42515093554		56.704424269909396		350.2357734401757
16650.0		-0.0017196044914869466		-156.01033469278934		21.293771388996184		350037.1312301699		56.917757212123725		350.4122767035611
16680.0		-0.0015445231703362639		-156.0013381882233		21.279374848513307		349968.72021169774		57.13150096436656		350.58984442414976
16710.0		-0.0013966132675472048		-155.99254422329113		21.265667665877107		350031.8017310519		57.34540892113165		350.7681115758181
16740.0		-0.0017085350045632855		-155.98368444633425		21.251247695484768		349952.57621472795		57.55981497012962		350.94764819055246
16770.0		-0.0015676667420786437		-155.9750128059303		21.237504483183983		350005.60653482284		57.77449865999819		351.1281312509755
16800.0		-0.0015384861279269045		-155.96636038282736		21.223413762375316		349983.95933050755		57.98932296136031		351.3093650546833
16830.0		-0.0017457654025541294		-155.9577670030461		21.20930588446499		349957.30068256706		58.20457798654566		351.4918623665788
16860.0		-0.0015344606450674138		-155.9492932792339		21.195522537242603		349994.57385642454		58.42014197437131		351.6754580858258
16890.0		-0.0013905762251378456		-155.94088099720437		21.181723045541965		350026.78642090224		58.63604255099185		351.8602358309788
16920.0		-0.0010545027728446974		-155.93248674301802		21.16758135664311		349984.1580329919		58.85217302071656		352.04605108431565
16950.0		-0.0015555914753800485		-155.92420607815288		21.153758711609658		350005.8037251588		59.06861860560332		352.2330871475451
16980.0		-0.0007305045872501449		-155.91594581784264		21.139598786180606		349952.40365541074		59.285291751414505		352.42123123996225
17010.0		-0.001530437525967676		-155.90779138543363		21.12575139039408		349963.6557963118		59.50234196290123		352.6107855991118
17040.0		-0.0007757835872002171		-155.8997097201541		21.11189928438663		349969.3233923903		59.71952360680834		352.80135813147206
17070.0		-0.00030186157550698365		-155.89167916817658		21.098026735191656		349970.2691680668		59.93716779907365		352.993581558249
17100.0		-0.0006359222863703863		-155.88371341996307		21.084144633721202		349965.926635623		60.15505516475935		353.1871107255695
17130.0		-0.0004940458803510571		-155.87582084701992		21.07026000170945		349955.9551190939		60.37304787831238		353.3817366048038
17160.0		-0.00027469488466486623		-155.86802076692587		21.05667366030875		350011.40421156865		60.59143432043095		353.5780334096976
17190.0		-0.0012688225058964631		-155.86024294350082		21.0427605524619		349991.4337162562		60.81009034563252		353.77582429423757
17220.0		-0.0010655710778884819		-155.8525600354671		21.02914659245958		350036.84522920754		61.0290441328031		353.97521377686036
17250.0		-0.0006993135954284133		-155.84490637743204		21.015214501570625		350006.45432501845		61.24818939731104		354.17605284744235
17280.0		-0.0012054311968384363		-155.8373130652082		21.00127297352889		349970.8811983047		61.46760748854733		354.3785493157771
17310.0		-7.445961410181152e-05		-155.8298160807099		20.987630284790278		350000.733996138		61.687212496047934		354.58259221534627
17340.0		-0.00101727355673373		-155.8223719429512		20.973971262564607		350025.7518819524		61.907150073829655		354.7885237333485
17370.0		-0.0005453619227104887		-155.8149673808991		20.96000889319455		349974.36269234866		62.12717617398875		354.9959210540388
17400.0		-0.0014569860554005522		-155.80763916896206		20.94632800978628		349989.24335936457		62.34761742808786		355.2054968650696
17430.0		-0.00014187286037969961		-155.80037095099217		20.932638089689302		349998.9835037803		62.56825601999986		355.41688160920387
17460.0		-0.0007365428115393808		-155.79317091053153		20.91894630846169		350003.27721434645		62.78895355420329		355.62985271664087
17490.0		-0.001138017950560548		-155.78602068672777		20.905238468443432		350002.7814053958		63.00999498510238		355.84506350578266
17520.0		-0.0005141697490088807		-155.77892770973335		20.891521086655672		349997.21327537205		63.23125391505344		356.0623259551182
17550.0		-0.0012416558150543458		-155.7718897166042		20.877792871440974		349986.64128552563		63.4527584317446		356.2817738967192
17580.0		-0.0003582100623807169		-155.7649314231535		20.86434307828237		350042.4949595304		63.674402664562294		356.50325629310134
17610.0		-0.0005232253126229197		-155.75800891458445		20.850598209935434		350021.73137979954		63.89626324202579		356.72701522599175
17640.0		-0.0003551903592961606		-155.75114687558602		20.83684870182051		349995.7410725383		64.1182557492314		356.9529458361003
17670.0		-0.0004014763209010438		-155.7443506420829		20.823364310540473		350036.7590373652		64.34052070869903		357.1814443393567
17700.0		-0.0006882441085047523		-155.73760408026723		20.809601549268844		350000.52009878773		64.56281634924227		357.4120537280533
17730.0		0.0003632401431352654		-155.7309027004501		20.795823102730445		349959.5415786868		64.78546242856585		357.64559138568626
17760.0		-0.0004548051046902208		-155.7242700294774		20.78231019197216		349985.56910449825		65.0082431905408		357.8816619232012
17790.0		-0.0005946664055200517		-155.71770074886055		20.76879554130218		350006.3171523381		65.23101984496648		358.1200305667447
17820.0		0.0002756994825599241		-155.7111769467926		20.755264568927014		350022.364693366		65.45407150685716		358.36145538171627
17850.0		0.0004195886300089986		-155.70470597754414		20.74172399578054		350033.4575506002		65.67726956795558		358.60573978127485
17880.0		0.00028978630880838825		-155.69828553536084		20.728172374685062		350039.6580207143		65.90064098463621		358.85306032064284
17910.0		-0.00044876688040098483		-155.69192150437541		20.71461527500005		350040.76849696133		66.12408012597665		359.1032693510732
17940.0		0.0003672644441148795		-155.68560884110377		20.701048912011395		350036.9390200032		66.34765759917666		359.3566586595617
17970.0		0.00015898057159259658		-155.6793520104112		20.68747768086213		350028.02102788724		66.57129007339533		359.61313766561784
18000.0		-0.001038403205166488		-155.67314204566486		20.673894342649813		350014.2805722365		66.79511101818761		359.8731782824817
18030.0		0.00023042048260985183		-155.66699302607833		20.66031169668929		349995.27885711193		67.01888093376817		0.13628540514068072
18060.0		0.00019117970694901556		-155.6608849829193		20.646712827957675		349971.6094210418		67.24291068560335		0.40342114262142603
18090.0		0.0011269484636368871		-155.6548272979732		20.633353187182248		350015.9869044777		67.46698627159064		0.6741635020073482
18120.0		9.055563614039141e-06		-155.64883273569333		20.619749780792823		349982.05211039074		67.69096850342409		0.9482702521651509
18150.0		-0.00013986248270970737		-155.64287643806867		20.606373340107947		350016.58832751866		67.91512706798144		1.2266428729848742
18180.0		0.0006318956216310192		-155.63697544539895		20.592749948134742		349972.93461260386		68.1393309323827		1.5090831154219517
18210.0		9.056745493915678e-06		-155.63111524155659		20.579354035841067		349997.7388132261		68.36360416220636		1.795832450215253
18240.0		-0.00045882940566983486		-155.62530700576983		20.565951981257644		350017.57324510906		68.58784079108612		2.0867578561416207
18270.0		-1.911808888288921e-05		-155.61955617303383		20.552310506407153		349959.0014463207		68.81210328137792		2.382226210634483
18300.0		-0.000477945130792971		-155.61383632826193		20.539122449102653		350042.57980685495		69.03630842433833		2.682176788577004
18330.0		-0.0009196727346492917		-155.60818200996093		20.52546737722235		349974.14303404		69.26057958110249		2.987191927322523
18360.0		-0.0002062711310925376		-155.60255904027545		20.512261510626853		350048.0005136952		69.4846815535645		3.296743127811739
18390.0		0.00030286617340204153		-155.59700049035732		20.49859422430384		349969.68012819067		69.70890808621363		3.6119871839516087
18420.0		0.000878416853798957		-155.59146139660012		20.48536061929497		350034.1136796698		69.93304850783937		3.9324852299348554
18450.0		0.0004900227612513195		-155.5859939162224		20.471909311423445		350019.5484322477		70.15696274507572		4.257999547925288
18480.0		0.000276706444214735		-155.58056609947548		20.458444698620298		350000.26074088085		70.38090542904656		4.5896356729957555
18510.0		0.00030185921174723056		-155.57518515081424		20.444973924205783		349976.05793538596		70.60474224874238		4.927209437628109
18540.0		-0.0007818194477297		-155.5698282412768		20.431702479826104		350021.1847916022		70.82849124183882		5.2710652732298575
18570.0		0.0009498579466960887		-155.56454062149837		20.418219058561373		349987.17548266705		71.05204462927333		5.621107501379107
18600.0		-0.00028274466850397096		-155.55927579920203		20.404931844063388		350022.58794877585		71.27545302280399		5.977821380918338
18630.0		-0.00015998635136753097		-155.55408191692268		20.39143820513947		349978.73051395174		71.49863119250585		6.341205842126641
18660.0		0.0009780304173131406		-155.54890430763692		20.37813261485884		350004.5065352656		71.72168720870104		6.712011403699138
18690.0		-0.00028878052903345385		-155.5438047110003		20.36463133582837		349950.7585407002		71.94438946378123		7.0896845882431565
18720.0		0.00017004887663638104		-155.5387136314573		20.351308674301524		349966.87509568036		72.16700740617753		7.475670801196442
18750.0		0.00022840774118010652		-155.53366755888777		20.33797909117991		349978.12775709387		72.3893321509345		7.869531004531637
18780.0		0.0013956074877722704		-155.52867403004208		20.324650336743893		349984.3509177286		72.61122104175209		8.271058678152677
18810.0		0.0017779621741507955		-155.52371628991307		20.31130681696653		349985.8917374639		72.83290427198561		8.681661806355333
18840.0		0.0007687407650159233		-155.5188014896746		20.297955871369567		349982.5883160932		73.05424185668802		9.101203575313901
18870.0		0.001372462734150014		-155.51392719178602		20.284595618223292		349974.48039544094		73.27523988967431		9.53019805311041
18900.0		0.001448935089681571		-155.50909873022223		20.27123172645052		349961.4531801054		73.49578525306336		9.96863157656793
18930.0		0.00016401065234714508		-155.50427765385683		20.258034594129608		350018.5794595275		73.71590979890179		10.417183062706272
18960.0		0.0008945164214771666		-155.49953500967283		20.244657627122724		349995.84501961526		73.93552153127396		10.875967374328528
18990.0		0.0005181952318683713		-155.49479346412664		20.231438986831023		350043.43678139057		74.15470383283507		11.3460011057757
19020.0		-0.0009075951041909432		-155.49013720938999		20.218051460107148		350010.9542029938		74.37322700050946		11.826733824180142
19050.0		0.0006419569650199926		-155.4855126694324		20.20464883767842		349973.771960279		74.59132123648277		12.320047335139009
19080.0		0.0006993124135485368		-155.48089215930966		20.191403952409388		350006.9399353992		74.8087762231836		12.825543702078832
19110.0		0.0010454472092306583		-155.47632020793813		20.178158361401586		350035.1685124235		75.0254420914697		13.343101273941542
19140.0		0.00013583818173009326		-155.47182139363957		20.164740302430268		349983.36138270516		75.24150792394454		13.874591406016966
19170.0		0.0004698965288337428		-155.4673217785883		20.15147165827149		350002.0683141183		75.45682202534019		14.419988514789543
19200.0		0.00042864419362303774		-155.4628589300029		20.138191916791047		350016.004083002		75.67136681430253		14.980090431520154
19230.0		-0.00024148996953351286		-155.45843803253777		20.12490676641796		350025.0794387022		75.8850156565601		15.555046608842918
19260.0		-0.0005996976681544766		-155.45405497971672		20.111612534644884		350029.34957676847		76.09776804105257		16.145855669945213
19290.0		7.24468726720662e-05		-155.44975908242577		20.09817069845252		349953.15191006754		76.30951470039352		16.752846128485558
19320.0		0.00027066821992549904		-155.4454054084995		20.08500172898593		350023.3957171058		76.52029631954537		17.377459057544378
19350.0		0.0006419581468998692		-155.44114368053093		20.071691008792612		350013.09275561664		76.72987905476714		18.019200319432265
19380.0		0.0010253233405728348		-155.43691016845952		20.05836321022808		349998.08004923444		76.93842647299265		18.680617933909726
19410.0		0.0009699806334740359		-155.43271597355508		20.04503015738623		349978.19902288914		77.14571785716382		19.36142406311361
19440.0		0.0008009399003723422		-155.4285683772295		20.031699867940095		349953.35638055205		77.35158479692609		20.061666474085406
19470.0		-0.00011168883021277901		-155.42440013388298		20.018482811085406		349999.6004603803		77.5561442046758		20.783919876347582
19500.0		0.0006651005367623725		-155.42026765053092		20.0052547113211		350041.05796957016		77.75921859277265		21.528360517258374
19530.0		0.0010524912132948286		-155.41622128029277		19.99189212444799		350001.8124435758		77.96074306934355		22.296229838847413
19560.0		0.0004407170965618801		-155.41221493986782		19.978527416435913		349957.6592123043		78.16055944660617		23.08794448813041
19590.0		-2.8173652496928348e-05		-155.4081901244698		19.965272855212145		349984.6423432911		78.35860784581871		23.904982952429414
19620.0		-0.0004376985753572004		-155.4042031306056		19.95201122352545		350006.7853665985		78.55473949598263		24.747997096265436
19650.0		0.0006741561003764117		-155.4002463670798		19.938734976246387		350024.1516560484		78.74891776771979		25.619035190951966
19680.0		0.000616804197487497		-155.39633217602884		19.925457591981587		350036.6209519524		78.94088968603822		26.517677723246223
19710.0		0.002184470939566141		-155.39244290630563		19.912160841024555		350044.33866897505		79.13070188148471		27.447387983407854
19740.0		0.001218512243311966		-155.38858939747064		19.898856633691036		350047.2007115744		79.31810349560703		28.407988944921303
19770.0		0.001540501233116403		-155.38477883599774		19.88555311235155		350045.1490934584		79.5028842710917		29.399697687616765
19800.0		0.0010333707606521865		-155.38099535889242		19.87223381305276		350038.2952262787		79.68503303706534		30.425973008050324
19830.0		0.0014177417341000862		-155.37724599449626		19.858906678164132		350026.5777262561		79.86431956106794		31.487132930758765
19860.0		0.0009709887770087233		-155.37352818159061		19.84556940545418		350010.0045354869		80.04058934332885		32.58485569693464
19890.0		0.00048700187628688673		-155.36984682099904		19.83222772678893		349988.5389957642		80.21362075113498		33.719698624386034
19920.0		0.0005061211470496524		-155.36619818359827		19.81887808565311		349962.1965338243		80.3832492038008		34.893506631258404
19950.0		-0.0006872371468499414		-155.36252116378893		19.80560761181655		350007.3247633036		80.5492505275757		36.10701930379928
19980.0		-0.0011199044595727168		-155.35887118678272		19.792320089253757		350047.6284788549		80.71145672077873		37.36266265710131
20010.0		0.0008673473668752961		-155.35532623544495		19.778951480708926		350006.6323930016		80.86957674423097		38.65959852931349
20040.0		0.002914974344936409		-155.35180462598174		19.765566484154547		349960.76478535123		81.02346645176007		40.00185967184137
20070.0		0.002478281549354143		-155.34824953056537		19.752249203668075		349986.4382191282		81.17282551021471		41.38866673712434
20100.0		0.000749622676133034		-155.34473394686069		19.73893027070204		350007.21381546		81.31738126905238		42.81959133500705
20130.0		0.0010605409971339334		-155.34124225747655		19.72559295793565		350023.1216187319		81.45692681827357		44.29817812894732
20160.0		0.0010142538536491738		-155.33778147427688		19.712245401692346		350034.135067353		81.59116588778465		45.82372985176734
20190.0		0.0010806636839118804		-155.33441935823035		19.698824155981953		349963.7150536869		81.71982414959194		47.39709258862109
20220.0		0.002412877498866371		-155.33094961745888		19.685517977009408		350041.44933748245		81.8426121219495		49.01745064454742
20250.0		0.0011168883021277901		-155.32765157798974		19.672084925154245		349961.16915824544		81.9592462504259		50.685312809992226
20280.0		0.0011329866879261229		-155.3242425887241		19.65875620987778		350029.0943866968		82.0694387631278		52.39957225907586
20310.0		4.225929686551599e-05		-155.32093085612516		19.645357942479645		350015.5203422317		82.17288940950783		54.160856266900076
20340.0		6.439708883296145e-05		-155.31765642408538		19.63195926559161		349997.0174651481		82.26933423091326		55.96553642873338
20370.0		0.00028676896948358506		-155.3144022716751		19.61854152441066		349973.55346424505		82.3584418062098		57.81553216900518
20400.0		0.0004346800541525207		-155.31110348097712		19.60515824631888		350021.75938051194		82.43996102414607		59.706679459160455
20430.0		3.1193355581484604e-05		-155.3079160558392		19.591731092101917		349988.41070271935		82.51366460956496		61.63521241522206
20460.0		0.0006409511852450582		-155.30467549110702		19.578325626333953		350026.7191211479		82.57923348082703		63.601037730559575
20490.0		0.001667281487472704		-155.30153763169872		19.564871441864753		349983.4090998117		82.63644312221248		65.60013947193565
20520.0		0.0026181440320638505		-155.29835321915053		19.551443164449253		350011.7793907067		82.68511488503229		67.62776580001487
20550.0		0.0010756324212774554		-155.2952741288225		19.537974133590733		349958.5089586042		82.72503595896698		69.68049368980702
20580.0		0.001118899861677659		-155.2921467264905		19.524525783137154		349976.91770959273		82.75607511731626		71.75320452294555
20610.0		0.0015525753179351219		-155.28904197020196		19.511060305439408		349990.3049566597		82.77802922265516		73.84257712728946
20640.0		0.0017950675216039393		-155.2859715177961		19.49759149873625		349998.732969841		82.79093238536336		75.94115848431116
20670.0		0.001420762619064519		-155.2829185919449		19.484100525127126		350002.0860195523		82.79451915027383		78.04720711784867
20700.0		0.001231593289785496		-155.27989338568554		19.470599517569116		350000.420083208		82.78888104861942		80.15332238711616
20730.0		0.0011058199970840057		-155.27690194148335		19.457095912013994		349993.77848991007		82.774120848082		82.2530476206544
20760.0		0.0013724615522701376		-155.27393126052465		19.44357512899269		349982.0531890094		82.75009408672051		84.34371685207762
20790.0		0.0017709217157262547		-155.27098445978575		19.43004118854146		349965.2572643738		82.716917554947		86.419604079551
20820.0		0.0025044412785414495		-155.2679818588064		19.41650179568692		350020.0800883379		82.67477888644159		88.47500198760868
20850.0		0.001138017950560548		-155.26508814205138		19.40294689778724		349993.169792654		82.62376761404715		90.50594669211013
20880.0		0.0013563631664718046		-155.26213700590307		19.389381264227406		350037.85230980255		82.56410859962506		92.50773430714345
20910.0		0.0013020309666674462		-155.25929191032338		19.375801950532278		350000.7542499099		82.49586772956933		94.47766708544779
20940.0		0.0012517171584433195		-155.25647947180198		19.362221949690984		349958.64727446344		82.41949337563089		96.41047377825008
20970.0		0.0015636424410990296		-155.25359590200688		19.348609978111714		349987.95179127157		82.33488592342133		98.30574092386249
21000.0		0.0014891828269972182		-155.25073728413497		19.334984810960027		350012.1370799253		82.24250296763243		100.15933128197383
21030.0		0.0020335389699327727		-155.24799889361535		19.321373049528507		349954.6934373118		82.14277048811073		101.96822856246419
21060.0		0.0017377156187150247		-155.2451005632492		19.307703325534362		350045.2010882925		82.03562858291416		103.73283251951726
21090.0		0.001474091402853696		-155.2424038153169		19.294061994537437		349977.3892579526		81.92151465006299		105.45088209294597
21120.0		0.001436858641103099		-155.23963918873287		19.280383720762607		349980.9558329405		81.80064841944319		107.1218011878251
21150.0		0.0018574542327669085		-155.23690008862195		19.26669511305135		349979.3768206835		81.67342396366796		108.74451628705157
21180.0		0.0019862484104328313		-155.23409231646698		19.25296065951948		350049.1193679618		81.54005163545156		110.31916202351617
21210.0		0.00245513915949164		-155.23149184658658		19.239280797956177		349960.6592901144		81.40088056877343		111.84552933944121
21240.0		0.001683379873271037		-155.22872651676033		19.22551316693397		350019.9224539958		81.25601600348136		113.32457358299413
21270.0		0.000999161247625775		-155.2260825447348		19.211777127682403		349997.5876709912		81.1060197571845		114.75579042529856
21300.0		0.0011460677343996528		-155.22345191294826		19.198018374313857		349969.8662877716		80.95072672668822		116.14131004772078
21330.0		0.0013080656453170526		-155.2207507760478		19.1842025832134		350013.3399932971		80.79064704592594		117.48112522097584
21360.0		0.0013342265563842355		-155.2181729465551		19.170428793516006		349975.27480490133		80.62621323210679		118.77576914288754
21390.0		0.0017457665844340061		-155.2155154486762		19.1565833283538		350008.1945687793		80.45725579720161		120.02742801059732
21420.0		0.00149421172587189		-155.21297429671688		19.142776875564284		349959.4575239429		80.28418981750494		121.23675673376171
21450.0		0.00122958409399538		-155.2103567169218		19.128898974157728		349981.71493312065		80.10715324288		122.40515345546524
21480.0		0.0003883940925476375		-155.20776186915708		19.115007724858497		349998.6778078964		79.9264745254023		123.53363503793683
21510.0		0.0016692930470225725		-155.20518678457708		19.101099970824976		350010.2767647812		79.74226749407873		124.6236739699945
21540.0		0.0015847732714116642		-155.2026340332222		19.087179269549573		350016.5604678523		79.55479136954006		125.67646183262117
21570.0		0.0011299669848415668		-155.20009702787812		19.073238050023633		350017.3736001756		79.36403672092213		126.69360866224774
21600.0		0.001203420819168444		-155.19758697081042		19.059290389152615		350012.96483235434		79.17049097428898		127.67594771236901
21630.0		0.0013674326533954656		-155.19508762753176		19.04531694044603		350002.948238045		78.97384939683043		128.62540723149354
21660.0		0.0007586782397470733		-155.1926087473691		19.03133002276053		349987.5417573629		78.7745417299323		129.54285700636902
21690.0		0.0020677496648390603		-155.19015719857046		19.017338498134553		349966.912922116		78.57291104191518		130.4293404230316
21720.0		0.0010122422940993048		-155.18761805047245		19.003240590230487		350016.7150032269		78.3686600493149		131.28653363616976
21750.0		0.0011752471666715155		-155.1851978847118		18.98921037641884		349985.01684048027		78.16212244353656		132.11538114434606
21780.0		0.001801106927773052		-155.18269344737442		18.975074066232583		350023.75890509225		77.95333586201501		132.91708658913032
21810.0		0.0016984724792944354		-155.18031037032446		18.961013912587973		349981.1001694547		77.74254272085605		133.69264414894567
21840.0		0.0003904080158572593		-155.17784364173588		18.94684464692245		350008.8283506613		77.52976857127607		134.443178921394
21870.0		0.0020214648851140534		-155.17539658029887		18.932659406621763		350031.04832157306		77.31518871433188		135.16966681760104
21900.0		0.0009800443406227624		-155.17306530319274		18.918551809103914		349971.7756161867		77.09870983971692		135.87319355611214
21930.0		0.0017799749155805408		-155.17065614850335		18.90433655390784		349982.9499825686		76.88075203907636		136.55453383943782
21960.0		0.0006107659731982611		-155.16825516119687		18.890092436017422		349988.2545605516		76.6609263830193		137.21480610793273
21990.0		0.001765889271211953		-155.16587198806548		18.875831831693276		349987.96321022883		76.4396008983216		137.85473741788726
22020.0		0.0024380349939183725		-155.16351349665564		18.861563724768782		349982.2850650288		76.21705832671871		138.4751014402058
22050.0		0.0018111659074022722		-155.1610601008749		18.847154494153774		350046.31195206475		75.99293080536587		139.07682613464652
22080.0		0.0017085373683230385		-155.15883293859315		18.832960115912496		349953.572404569		75.7675014208608		139.6605985163179
22110.0		0.00211403680832382		-155.15640961666932		18.818509429976963		350006.1104957834		75.54075016654352		140.22715586769266
22140.0		0.0016954539580897557		-155.15410962443514		18.80416352051175		349977.5226543285		75.31286897769351		140.77716516037802
22170.0		0.00182223657620581		-155.15171890693043		18.78967395472206		350018.58369490504		75.08383736193713		141.31129857724764
22200.0		0.002448096337307346		-155.14945190770578		18.775295339173773		349978.59751948994		74.85378311956339		141.83018005631183
22230.0		0.0016964609197445666		-155.1470893621024		18.760763174808897		350007.99781788327		74.62257127480986		142.3344180486441
22260.0		0.0019268802204745418		-155.1447485472543		18.746218764838176		350031.8058261359		74.39058290575466		142.82457865478537
22290.0		0.0023142720788868745		-155.14241340612202		18.731642460603286		350049.43932513427		74.15738994982556		143.30120511925077
22320.0		0.0023414375878491158		-155.14020164490893		18.717188104202354		349986.14846741315		73.92332536609462		143.76481691286477
22350.0		0.002029514668953158		-155.13790424122277		18.70258485969952		349992.40575640276		73.68863990636476		144.21593350172665
22380.0		0.001703504923808737		-155.13561403321546		18.687952988992325		349992.508356289		73.45293283328887		144.65499343732438
22410.0		0.002107998584034584		-155.13333824636607		18.673302024486794		349986.7170368619		73.21646129180493		145.0824659111461
22440.0		0.0017900386227292673		-155.13096428000293		18.65847575688232		350049.7456624992		72.97917566352743		145.49876980774857
22470.0		0.0020999476183156027		-155.12871519635516		18.643782894655587		350032.0118724918		72.74124101017188		145.90433708033527
22500.0		0.0017306727965307309		-155.12647913009596		18.629070576169347		350008.3067330457		72.50261579823606		146.29954982930562
22530.0		0.0017487839237588093		-155.12425831830743		18.614342097073973		349978.7151541859		72.26340204376993		146.68479862479185
22560.0		0.0033224865263669356		-155.12193546660782		18.599425623426335		350017.5512852995		72.02344617301947		147.0604016128889
22590.0		0.0019470076347719951		-155.11974315753915		18.58466129691267		349976.0383302402		71.78310693939507		147.42677903638562
22620.0		0.002092904796131309		-155.1174430701615		18.56969780705096		350002.5865634652		71.54194002040516		147.7841410025317
22650.0		0.002322319498966226		-155.11515569273297		18.554711978433936		350023.00479981396		71.30025812334692		148.1328696951749
22680.0		0.0010494715102102724		-155.1128879406873		18.539713044854523		350037.59035637137		71.05829500166105		148.47332725333234
22710.0		0.002179439676931716		-155.1107374716314		18.524861150398706		349971.4485395355		70.81563553907776		148.80567262862067
22740.0		0.0012416569969342225		-155.10837370502492		18.50963018620621		350047.5879640011		70.57252366485267		149.13024243725746
22770.0		0.0014096919502609815		-155.10624471104006		18.494736872769757		349969.07605638355		70.32889408849871		149.44726963494168
22800.0		0.002750963692589264		-155.10390224711992		18.479455463191055		350032.58801638335		70.08489684324175		149.75704652085955
22830.0		0.0009397966033071153		-155.10168359494193		18.464336182118288		350015.74271253496		69.84048149527494		150.05978940295245
22860.0		0.002350493151463155		-155.09947761951176		18.449197917784502		349992.7208829038		69.59573500241915		150.35575182669055
22890.0		0.002079823749657779		-155.09716352771207		18.43383749616832		350036.99869786575		69.35049623974811		150.64508763792813
22920.0		0.0027237970017471463		-155.0949810275281		18.41865791317495		350001.45697308145		69.10510997045654		150.9281289851769
22950.0		0.002019452143684308		-155.09279983236996		18.403446383200073		349959.16917448025		68.85912638025138		151.20489976871642
22980.0		0.0025084691251606936		-155.0905139913811		18.388011224665444		349984.1271597035		68.61284528456893		151.47569979644504
23010.0		0.0018876394448137058		-155.0882452988209		18.372560347540052		350002.9738967251		68.36649074741943		151.74079954026166
23040.0		0.0025004181594417123		-155.0859786886341		18.357075089184264		350014.9464404369		68.11964200991684		152.00020101256544
23070.0		0.001881603584284223		-155.08372158950684		18.34156540208753		350020.4082556665		67.87253599020733		152.25416369076157
23100.0		0.002735869904685989		-155.0814708008199		18.32602771837401		350019.18601555936		67.62509847097627		152.50281361082688
23130.0		0.0028777451288254418		-155.0792305163436		18.310467886040012		350011.4898974877		67.37747025225897		152.746361459687
23160.0		0.002238805503130252		-155.0769982752324		18.294883284038388		349997.18539233133		67.12959781077367		152.98492962029925
23190.0		0.0015767223056926828		-155.07477612603182		18.27927703622338		349976.3762345277		66.88155832173689		153.2186912608313
23220.0		0.0014962256491815118		-155.07244010583688		18.263414872072758		350021.57242796384		66.63318840656707		153.4477072202201
23250.0		0.0033104148053079703		-155.07023637458113		18.247762172242613		349987.57065192517		66.38482301241635		153.67225614413857
23280.0		0.0015415058310114607		-155.06791306218147		18.231842390089813		350019.09114785306		66.13601198043027		153.89225726040192
23310.0		0.0027469370278498965		-155.06571592738902		18.216130259948667		349971.2135478351		65.88704594680884		154.10796013428472
23340.0		0.0015133333603944087		-155.06341517998987		18.200167515658656		349989.5807140544		65.63814291719027		154.31958083939648
23370.0		0.002694615205715531		-155.06111388933934		18.184167779731744		350000.65454903524		65.38888073194065		154.52703227055738
23400.0		0.0022166688930426834		-155.05881961647466		18.168141219545454		350004.85453082435		65.13949239166249		154.73052802175502
23430.0		0.002119065707198492		-155.05652905203934		18.152084152580407		350001.9809880564		64.88989813309514		154.93013126945175
23460.0		0.0015988600976601282		-155.05424637631		18.1360024432953		349992.2708969647		64.64023246096126		155.12600357728263
23490.0		0.0027227912219722123		-155.05196920458437		18.119893593025648		349975.579004772		64.39044162851557		155.31821311802778
23520.0		0.0012637900613821616		-155.0495791151133		18.10350576542096		350023.9177669203		64.14059573876662		155.50688432293526
23550.0		0.0019419775540174466		-155.04731039110032		18.08733853923274		349993.00443838444		63.890531790135455		155.69202442390102
23580.0		0.0025185292866697906		-155.04505394179685		18.07115443185796		349955.5064651063		63.64057709764939		155.8738779588246
23610.0		0.0011400306919902936		-155.0426723529761		18.054670039312647		349982.01446298975		63.39028371917421		156.05230459699456
23640.0		0.0017940629237088814		-155.0402957721367		18.038155695306234		350001.30293510295		63.139935074504		156.22752169577873
23670.0		0.0015737026026081265		-155.03793132426622		18.021621024035344		350013.817383172		62.889744992744994		156.3997116529628
23700.0		0.0018866336650387714		-155.03556360922232		18.005046989239197		350018.58114754595		62.63929207189226		156.56873598907399
23730.0		0.001409693132140858		-155.033200344905		17.988443978127915		350016.07334158197		62.38880699674794		156.73477981887802
23760.0		0.001399630606872008		-155.03083809919218		17.9718081949364		350006.06628950685		62.138206245846476		156.89786816058017
23790.0		0.002828441827895755		-155.0284810502211		17.955145522800592		349988.8247342361		61.88761959429494		157.05813169392624
23820.0		0.0017910444025042017		-155.0261268809162		17.93845358961906		349964.1937319124		61.636994538754095		157.21560655837666
23850.0		0.001906757533696595		-155.0236543902116		17.92145000519219		350003.02830449585		61.38639558371709		157.37038633004445
23880.0		0.00228307872330539		-155.02117957818913		17.90440681309555		350033.92421025224		61.13565119811303		157.52244147735524
23910.0		0.001553578733950303		-155.0188378488709		17.887630488570778		349987.1632831078		60.8851028135613		157.67200400494417
23940.0		0.002315277858661809		-155.01636552263534		17.870521345836174		350002.73235849384		60.63429576108628		157.8188942223383
23970.0		0.001920844359945059		-155.01389547481023		17.853380208596672		350010.64842619		60.38350733653674		157.9633076041783
24000.0		0.001805131228752666		-155.01143494391985		17.836216837047424		350011.4117788514		60.132948210295346		158.10540466158432
24030.0		0.0024994123796667775		-155.00896828154885		17.81901201143687		350003.9320592778		59.882198898008475		158.24501702912295
24060.0		0.0025265790705088953		-155.00650338833105		17.80177634221917		349988.75194655266		59.631488624632354		158.3823112855163
24090.0		0.0028676837854364682		-155.00403669446635		17.784505922094034		349965.6140050255		59.38073111338396		158.51728850386078
24120.0		0.0022901215454896842		-155.00144724712365		17.766896714846304		350004.5034513017		59.13005228822184		158.65005902391334
24150.0		0.0025758847351983346		-154.99885748240533		17.749250993589268		350035.32364260685		58.879401663096004		158.78063966600322
24180.0		0.0025567666463154454		-154.9963947769392		17.731886996664425		349988.7504360033		58.62883899506369		158.90910357552497
24210.0		0.002556764282555692		-154.99380191903413		17.71416944416108		350003.3415170098		58.37820548872894		159.03540777348988
24240.0		0.0026221706968032176		-154.99121551503484		17.6964257813832		350010.3490509046		58.12781629013767		159.15975714867236
24270.0		0.002529597591713575		-154.98861885778234		17.678635603249		350008.5312976828		57.8772312970865		159.28195792298175
24300.0		0.0027097089936188056		-154.98602160036464		17.660811706077883		349998.59671264794		57.62672231949844		159.40218985178086
24330.0		0.0030940787851868293		-154.98330444022275		17.642635162717042		350049.93026504945		57.37649743920065		159.52059852610873
24360.0		0.0017749448348259923		-154.98070456260163		17.624741539894003		350023.5418244628		57.12613975175803		159.6369982297679
24390.0		0.0030387384418477837		-154.9781036191255		17.606815536819703		349988.99519368727		56.875877486727255		159.75154291477048
24420.0		0.0024611773837808757		-154.97537055560653		17.588516276695472		350014.4428053675		56.62562221122969		159.86421814369317
24450.0		0.002586950676482366		-154.97263648005492		17.57018120650762		350031.50637576636		56.375496515505354		159.97512024639786
24480.0		0.0028988771410179527		-154.9700269460024		17.55215041587907		349971.83168622386		56.125452345835214		160.08425423212552
24510.0		0.0024762699898042747		-154.9671603934586		17.53340015506042		350040.0926212836		55.87554523498796		160.19167911843215
24540.0		0.0024330013675241944		-154.96454195319606		17.51529725305317		349963.3282746412		55.625619259658414		160.29734075118247
24570.0		0.0030085520479211096		-154.96167072338682		17.49647193691498		350014.37371150963		55.37598424345718		160.40143152446498
24600.0		0.002659398731034309		-154.9589142348254		17.477946167808206		349988.1158033898		55.12620479608237		160.50374699624933
24630.0		0.0025547539048857		-154.9561540768095		17.459385314157004		349953.25042763725		54.87654763108329		160.6044550710502
24660.0		0.002830453387445624		-154.9532687599526		17.440441358772432		349977.7720385771		54.62721856859609		160.70369071872332
24690.0		0.0025758835533184576		-154.95037056702628		17.421447519155254		349992.6969405422		54.37780368875235		160.8012583345853
24720.0		0.002894851658158462		-154.94746785428813		17.40241487655356		349998.7056919448		54.1285304749454		160.89730291682682
24750.0		0.003360723886012591		-154.94455672298253		17.38333931488839		349995.4725357741		53.87930872072163		160.9917996749738
24780.0		0.0024621819816759336		-154.94164141766979		17.3642267971393		349983.3501441153		53.63025800197869		161.08483488386082
24810.0		0.0023011898505334682		-154.9387197795536		17.34507536723418		349962.1586168725		53.381332918527065		161.1764063025224
24840.0		0.0034643617505063884		-154.93566314644713		17.325514012777777		349998.574461882		53.13258512177826		161.26656277430578
24870.0		0.0023997988161525937		-154.93259498628427		17.305904118612986		350025.22990996856		52.88386178791776		161.35524354976093
24900.0		0.0022981713293287885		-154.929657615103		17.286639606546377		349976.86898049526		52.635467677203295		161.44263121026913
24930.0		0.0027076962521890608		-154.92657242357643		17.266944606620513		349984.6376442602		52.38697237223541		161.52851585547114
24960.0		0.002613113951309302		-154.9234798368763		17.247208389185335		349982.99465795606		52.138637738041325		161.61305609852207
24990.0		0.0026302192987624463		-154.92025625800267		17.227054508919604		350038.4383308161		51.89066752299445		161.69637906340097
25020.0		0.0028807636500301215		-154.9172789270836		17.207623152970488		349952.05439299066		51.64265105730725		161.77828375830194
25050.0		0.0030830116620229214		-154.91403071040256		17.18737391894032		349987.56776971277		51.394815204746884		161.8589086204381
25080.0		0.0022327660969611394		-154.91077018873398		17.167075897503835		350012.9838799508		51.14706824666131		161.93822174546608
25110.0		0.0024853267352981903		-154.9075016533283		17.146735093201297		350028.6862399522		50.89952695165916		162.01630192396055
25140.0		0.0030538298659913057		-154.90422298217322		17.126349706335464		350034.4875355782		50.65214868518859		162.09314250654447
25170.0		0.003093075369171648		-154.9009357231251		17.10592239548944		350030.5314684408		50.40498145780105		162.16878473121724
25200.0		0.002977357510459749		-154.89763336219693		17.085446073019018		350016.22753507644		50.157875673230485		162.24316408300015
25230.0		0.0024672144261902356		-154.8943277184058		17.064935809743307		349992.6620753193		49.911130333541		162.31645468129196
25260.0		0.0025879588200170534		-154.8910010078698		17.04437094767974		349958.20393707044		49.66432188911447		162.38844533389752
25290.0		0.0035166859364005073		-154.88739641145023		17.022940361614516		350042.40062224027		49.41770665955095		162.4592866292182
25320.0		0.003062885429605345		-154.8840537304512		17.00229573507043		349988.31523863226		49.17144939335896		162.52907998896038
25350.0		0.0036505101948209793		-154.88055983943374		16.981186415716596		349987.68770619016		48.92525160386715		162.59767968930407
25380.0		0.0036766722877680388		-154.87705016696623		16.96002767771818		349976.3939151382		48.67917206067142		162.66513000685455
25410.0		0.0038748936350214715		-154.87339475151097		16.938403514153947		350018.5334107168		48.433325046507456		162.73150441943775
25440.0		0.0025014239392166463		-154.8697253850295		16.916729345236323		350049.9160388252		48.18767071916538		162.7967939846447
25470.0		0.003970484079435918		-154.86617826592834		16.895434750560913		350007.3201399818		47.94225371688481		162.86103442150102
25500.0		0.0036404488514320058		-154.86261246091516		16.874090677713266		349953.80076467525		47.6969275772868		162.92415942182592
25530.0		0.0035730332413943643		-154.85890491765284		16.85228040598698		349953.5849973848		47.451987800799714		162.98633759515846
25560.0		0.002304208371738148		-154.8550366298911		16.829975715901867		350004.4200176988		47.207013844996865		163.04735621615848
25590.0		0.0029813841751991157		-154.85115287554993		16.807619189148244		350044.1024109535		46.96225868394345		163.10736067920874
25620.0		0.0032208614033028835		-154.84739607917467		16.785658721143438		350010.72775165644		46.71788496611615		163.1664479708027
25650.0		0.0037229570674930453		-154.84361778855742		16.763645458484213		349965.9099695105		46.4735995156623		163.22447238289544
25680.0		0.0027429139087501594		-154.83954736881935		16.74069430923147		350034.31371859275		46.2294581663901		163.28147359718625
25710.0		0.00472211831511882		-154.83573390438386		16.71858300924182		349967.11869882327		45.98557280233081		163.3375208132038
25740.0		0.004640615878832715		-154.83162977315123		16.695528704958626		350012.74139853194		45.74190637904316		163.39260379867514
25770.0		0.0027650493369578517		-154.82750891038464		16.672422195217464		350046.8606422469		45.49850028861437		163.44675377276047
25800.0		0.0033315444537407282		-154.8235017179111		16.649710325054258		350007.2294719247		45.25521123083734		163.49990359137644
25830.0		0.0038748936350214715		-154.819483907177		16.626959463897553		349957.0268796971		45.01233041027261		163.5522167259454
25860.0		0.0032731832254372494		-154.8152989152343		16.60369009595607		349955.5782669764		44.769442090213715		163.60348089146484
25890.0		0.003925203897605968		-154.81095661616138		16.579908244503148		350003.4640153274		44.52679511025097		163.65383661329983
25920.0		0.003599195334341424		-154.80660120081163		16.55607883346143		350039.9924420137		44.284550068929086		163.7033772779401
25950.0		0.003985575503579439		-154.80235760848296		16.53265312110309		350003.06880719773		44.0424191111443		163.75195796749202
25980.0		0.003606238156525718		-154.79808983883694		16.509173316715998		349953.96454164013		43.800455239738504		163.79961456918707
26010.0		0.003985575503579439		-154.7935247539714		16.484704737413274		350013.934133227		43.55876800815002		163.8464127731303
26040.0		0.003252054758884368		-154.78907605745897		16.460650172744803		350001.1097878264		43.31732315659989		163.8923417423741
26070.0		0.003645478932186554		-154.78460645792694		16.436544033418837		349976.20163853		43.0761589394867		163.9374289418505
26100.0		0.003555926712061344		-154.7799694766809		16.411902058198237		349998.36264297646		42.83513522942176		163.98160701932338
26130.0		0.00394935443100316		-154.7753169582747		16.38721245556438		350008.7498503262		42.59453898868584		164.02503503242266
26160.0		0.0050954186197631835		-154.7706293246721		16.36245419251014		350005.3013772499		42.35395934179925		164.06750167777264
26190.0		0.005258425856095147		-154.76591742304979		16.337640548307263		349989.1853312813		42.11364105319148		164.10914329175148
26220.0		0.005174911860259173		-154.76118824558853		16.312780362298785		349961.1750018187		41.87374270820818		164.1500503043952
26250.0		0.004275361812387828		-154.75614648345234		16.286881384913645		350037.8003362343		41.6339817670135		164.19007904811866
26280.0		0.005047123462368184		-154.75135649839766		16.261897879875963		349982.94183250796		41.39440849322117		164.22926221393817
26310.0		0.005376150546837408		-154.74625931169868		16.235875731833637		350032.7394095911		41.15513016596795		164.2676625694929
26340.0		0.003268153144682701		-154.74141748734831		16.210783197735022		349952.0826020995		40.91611528452868		164.30526914639756
26370.0		0.004338754303325731		-154.73626662697856		16.184644151430412		349975.3312900737		40.67739906292379		164.34210621215513
26400.0		0.005659900995116314		-154.73108211695393		16.158438828574454		349984.442464035		40.438844544855705		164.37810661382068
26430.0		0.005255407334890467		-154.72587716230998		16.132182833668278		349980.8943962967		40.2007344952214		164.4134256017549
26460.0		0.004800602230200246		-154.72063144067275		16.10585503031655		349962.4679491846		39.962662942162204		164.4478531310943
26490.0		0.00317759396290268		-154.71507046696988		16.078454807660822		350045.5525153987		39.72487062597647		164.48152191369633
26520.0		0.00591849631210297		-154.70977225269962		16.05201463883287		350000.3576024305		39.487514147181855		164.51451993329582
26550.0		0.005276535801443349		-154.70429407937263		16.024999241949637		349998.0228563966		39.25031626497176		164.54670502370325
26580.0		0.005712225181010433		-154.6987805224432		15.997918700056259		349981.2005061982		39.01332458653695		164.57810713578752
26610.0		0.005416399466032932		-154.69309235864077		15.970263400358077		350007.28530658595		38.77664416559178		164.60878657404263
26640.0		0.004492703612283903		-154.68737096092119		15.942543812157762		350018.8794791028		38.54024622660589		164.6387325688628
26670.0		0.005177929199583976		-154.6816174096921		15.914762275536205		350016.1370481327		38.30416303299179		164.6679666134673
26700.0		0.005423442288217226		-154.67582431900829		15.886912113986746		349998.2495058952		38.068260789287244		164.69642201282477
26730.0		0.004830787442247043		-154.67000536850603		15.859009070489288		349966.8098119078		37.83281810305241		164.72425073029447
26760.0		0.006148919158472575		-154.663848773457		15.82997849043848		350031.2760551218		37.597433937947706		164.75124407828432
26790.0		0.005467714326512487		-154.65794673236718		15.80193634765316		349968.9409536654		37.362345056815236		164.77753162400512
26820.0		0.004493710573938714		-154.65172494670094		15.772780650264014		350004.02759689745		37.1277060985699		164.80319932005892
26850.0		0.0071269472120259626		-154.6454592719917		15.743550553614433		350023.0262113614		36.893245096619005		164.8281066122968
26880.0		0.0076521864479585045		-154.6391513880187		15.71424913789775		350026.1633558264		36.659007079087644		164.85228106570483
26910.0		0.004893172971530136		-154.63280609845648		15.684882698111503		350014.03412647545		36.42509491824312		164.87578088925153
26940.0		0.006901557992050536		-154.62642142822043		15.655450446892482		349986.44919873495		36.19148252427177		164.89859574473402
26970.0		0.006274692451174066		-154.61985098451404		15.625413089032614		349998.1845422415		35.95819929478127		164.92074467768765
27000.0		0.0062716727480895094		-154.61323387186258		15.595301412598001		349993.38807199243		35.72511457865132		164.94216160806184
27030.0		0.00670635280224203		-154.60643632726928		15.564585585035768		350028.02019835636		35.49250286364331		164.9629956675214
27060.0		0.005363073046003508		-154.59958356750997		15.533785844689593		350044.8927095495		35.25996807255641		164.98303950399713
27090.0		0.00671641532751088		-154.5926875494938		15.502915813311974		350045.4576074919		35.02774303472944		165.00241995593967
27120.0		0.007557601783318993		-154.58575608655266		15.471984737510521		350030.69161906093		34.79598044804404		165.02122129115017
27150.0		0.004926379068541365		-154.57877382900787		15.440978403026094		349998.8192294752		34.56441358872694		165.0393045837141
27180.0		0.007676334617595942		-154.57174239903458		15.409899861345716		349950.0775434254		34.333084979215805		165.05669529222763
27210.0		0.005855105003044943		-154.5643670003333		15.377639351354377		349991.3320567049		34.10209535132142		165.0734498306574
27240.0		0.007896694938696698		-154.55694411438137		15.345304273991506		350015.4151511211		33.87142125759057		165.08955845771777
27270.0		0.007205429945227512		-154.54947458039547		15.312896878703087		350022.4809524771		33.6410893111475		165.10503802659457
27300.0		0.006981047686906897		-154.5419504240227		15.280410688404464		350011.62071988825		33.41097198396957		165.1198231595066
27330.0		0.006404492408614923		-154.5343864640891		15.247861779374075		349984.6809717715		33.181339680699644		165.1340605617262
27360.0		0.008713733224867373		-154.5264564163097		15.21409256648513		350043.22889215034		32.951801299695646		165.1475441129577
27390.0		0.006986077767661444		-154.51877814373924		15.181385057809909		349979.79353185836		32.722585779943785		165.16039828971313
27420.0		0.006770752254834744		-154.5107530272139		15.147472469876986		350003.7010797886		32.49384389705811		165.1727059701359
27450.0		0.007164176428136931		-154.50266808245755		15.113476785268045		350008.7320695147		32.265314133417654		165.1843298092324
27480.0		0.008703671881478399		-154.49452484653912		15.079401059324676		349995.13184395153		32.03703657627935		165.19529338277388
27510.0		0.006412539828694275		-154.48632842001555		15.045251739746602		349963.58783779107		31.809109856244092		165.20565156024685
27540.0		0.007892669455837206		-154.4777696189964		15.009868857090657		350015.95549551304		31.581513122148593		165.21539531645735
27570.0		0.007391580753301856		-154.46915494722535		14.974406472203603		350049.5918000862		31.35427028137586		165.2245395139052
27600.0		0.008909940648811183		-154.46078471465393		14.940025447856872		349962.2679556012		31.127256903981134		165.23301951622298
27630.0		0.00782324110436982		-154.45205784472728		14.904411412703432		349958.8879639171		30.90073934856005		165.24097996846598
27660.0		0.010408180221302318		-154.44294767255855		14.867531377851854		350035.33614096604		30.674331498887994		165.248215822399
27690.0		0.0080637252941284		-154.43408666553887		14.831745105468233		349991.911383518		30.448258446739928		165.25484952086515
27720.0		0.00964145219771614		-154.42486240469054		14.794708765041738		350030.3702198863		30.222669063378042		165.2609628090014
27750.0		0.010576216356508954		-154.41556819022287		14.757583107270932		350048.1946435878		29.99730699637677		165.26641983298066
27780.0		0.008188495170814707		-154.40620547057506		14.720371191666887		350045.63975784555		29.772209966117963		165.2712424666847
27810.0		0.00947744036348912		-154.39677951986937		14.68307956444885		350023.44496524055		29.547474540066972		165.27548424763984
27840.0		0.008710713521782817		-154.38728836783025		14.645708046603428		349981.4449720951		29.323082415358385		165.279136953933
27870.0		0.010290454348680178		-154.37741714135717		14.607057965739106		350017.60392394755		29.099054870427004		165.28221361788786
27900.0		0.01118396499038241		-154.36747096987983		14.568316562080014		350032.32504495233		28.875270545659788		165.28465035065966
27930.0		0.00835049189985223		-154.35746612552464		14.529500313811528		350027.75179070793		28.651991790696655		165.28659007158075
27960.0		0.008897867745872342		-154.34737671382663		14.490587529792418		350000.69667052384		28.428837479874083		165.28782860728296
27990.0		0.009845711769258808		-154.33689771772492		14.450377014558256		350049.2447131444		28.20602890062554		165.2884866640529
28020.0		0.011924530921021529		-154.32667454977891		14.411305412973931		349981.6965352334		27.983713037512345		165.28864508133475
28050.0		0.010637597287896988		-154.31605148747778		14.370924639026498		349988.06946323253		27.76163865881111		165.28816937870957
28080.0		0.009849736070238422		-154.30534850100636		14.330453005194158		349972.35346545186		27.539841184596007		165.28707987606694
28110.0		0.010978699639064808		-154.29424915750255		14.288667772344686		350030.0894147055		27.3184151565069		165.28542896220472
28140.0		0.011042088584363082		-154.2833944491431		14.248024241589738		349971.25344266184		27.09734477060995		165.28320928374757
28170.0		0.012190170242072357		-154.2721400990615		14.206062317241678		349985.10544595774		26.87664875154568		165.28043217118395
28200.0		0.01289954281712999		-154.260798798514		14.16400523787024		349975.82411243115		26.6562087798457		165.27703446653763
28230.0		0.013311080481420007		-154.2490623925815		14.120626497280439		350038.9402799867		26.436283234186654		165.27315767259282
28260.0		0.012937780176775644		-154.23755313724314		14.078387235436466		349984.20788968727		26.216495979671777		165.2685982679886
28290.0		0.01257051455078089		-154.22563382980294		14.034811912987161		349999.6322686244		25.997064542958384		165.26347549471006
28320.0		0.013684384331703998		-154.21363926136436		13.991153676256621		349993.3377348678		25.778134039120985		165.25786949094865
28350.0		0.01627737086871585		-154.20155074513454		13.94739854370743		349963.0280435523		25.559458309736257		165.25164701389008
28380.0		0.014083847911175297		-154.18903981612138		13.902289540064935		350000.3011618862		25.341070539818162		165.24482695137917
28410.0		0.013519364353942291		-154.17644009144624		13.8570868148212		350013.93976958		25.123063281741494		165.2374607037273
28440.0		0.01635988144853664		-154.16374956431423		13.811790656632887		350003.8099789368		24.905423180093365		165.22954183652337
28470.0		0.014659395045932585		-154.15096841258926		13.766403181823119		349970.06318238843		24.688166479450118		165.2210800811952
28500.0		0.01502062362951798		-154.13775351667445		13.71964520001669		350001.37261346076		24.47117786865634		165.2120129787425
28530.0		0.015879920030674295		-154.12445454401026		13.672800291426782		350009.6715938691		24.254711793525757		165.2024809034898
28560.0		0.014420925961363502		-154.1110421829506		13.625846499347757		349991.2726091035		24.038397106843533		165.19228074656772
28590.0		0.016667778884573107		-154.0971952948528		13.577515507695892		350036.9675619453		23.822447617967796		165.1815305371807
28620.0		0.01454770739759968		-154.08359538188725		13.530379763035082		349970.45903924014		23.607006589376212		165.1703098988589
28650.0		0.0144309861228726		-154.06954926416444		13.481856679444565		349966.3063350478		23.391832886540087		165.1584866796376
28680.0		0.015402980679656259		-154.05505517590686		13.431939910935064		350023.68611527234		23.17695752315545		165.14607843633465
28710.0		0.017018946124769528		-154.0407962637996		13.383217593947958		349968.005855307		22.96247109823119		165.1331357228207
28740.0		0.016350825884922603		-154.02609134675703		13.333102781547353		349973.93550244253		22.74836265389186		165.11965306447655
28770.0		0.015806467378227294		-154.0112794582839		13.282889770152826		349954.05054736324		22.53464602693701		165.10563867570733
28800.0		0.012866337901998637		-153.99600719694422		13.231268141306595		349993.2481330419		22.321208881278196		165.0910307544926
28830.0		0.015767227784446333		-153.9806348653393		13.17955350922215		350007.39504277986		22.108301768086037		165.07596881747753
28860.0		0.01592117591152463		-153.96513108851306		13.127723763066575		349992.5217006542		21.895558521940245		165.06024991787248
28890.0		0.016155621876993972		-153.94951180754748		13.075793553609843		349950.8981967578		21.683189278119713		165.04399110644297
28920.0		0.016503768232225963		-153.93344058344667		13.022456771819959		349968.75541945174		21.471335463180736		165.02727166470052
28950.0		0.016556091236240206		-153.91724136450915		12.969010068014677		349958.10850394703		21.25976091535881		165.00996037849862
28980.0		0.01455676296121372		-153.90056591558584		12.91413424131907		350003.19140115567		21.048494539633424		164.99207355779157
29010.0		0.014566823122722818		-153.8837675668838		12.859152814464		350020.3662867639		20.837625016736823		164.9736610374211
29040.0		0.014968301807383615		-153.86684426080782		12.804066569995214		350009.5501468554		20.62714373470898		164.95471833737398
29070.0		0.015945324081162067		-153.84979568033694		12.74887759721528		349970.8925969368		20.417062193625426		164.93525222010578
29100.0		0.016710041727078254		-153.8322573085848		12.692246291873484		349985.6242754888		20.20727099819854		164.91520149225198
29130.0		0.014876734482068906		-153.81460099031304		12.63551824480948		349973.45830675866		19.99801684283223		164.8947050691113
29160.0		0.018144888808631483		-153.7964373647123		12.57733176564242		350011.9197727209		19.788938535888192		164.87355990870526
29190.0		0.01927083031061356		-153.77813682128956		12.519035555205972		350020.9621977033		19.580242581605205		164.8518823035523
29220.0		0.018291795295405363		-153.75971075105247		12.46064024507047		350002.314792661		19.372068586421108		164.82975135449922
29250.0		0.017681028140327223		-153.74113656644425		12.402131986157247		349953.1860417966		19.164185309422848		164.8070366295141
29280.0		0.01919133943387732		-153.72205497719787		12.342163534536889		349954.3144107936		18.956619607908664		164.7837532617364
29310.0		0.019699475686116474		-153.70246913216192		12.280733944920978		350005.7623012755		18.749458278733783		164.7599504826655
29370.0		0.01948515240742508		-153.6628546958535		12.157539641449263		350017.35278838594		18.33633901623064		164.71078169056622
29400.0		0.019102795357286803		-153.64281362587394		12.095771346662527		349976.3023342453		18.13028382643553		164.68536040221045
29460.0		0.019372457797437365		-153.60154744066537		11.969185228049879		349960.85021477845		17.719448237471454		164.63299568050883
29490.0		0.01957772314875497		-153.58029932694268		11.90434967455898		349983.1650567427		17.514514526630123		164.60596459121538
29640.0		0.019844368249580732		-153.46973695450288		11.571594239536084		350004.22168184724		16.495904658722253		164.46301649579672
29730.0		0.01889350334122983		-153.39944440723215		11.363648002003885		350008.03284756		15.889446373886202		164.37093072882595
29820.0		0.017035044510567865		-153.32595809861263		11.149072860645653		350009.6027290728		15.286325792761644		164.27398990803786
29850.0		0.017988926758243564		-153.30070004991083		11.075916563411862		350017.0639107041		15.086086986369367		164.24063105587848
29880.0		0.017808815356338336		-153.27523911671645		11.002637110623528		349989.36915280204		14.88618370384539		164.20671105695615
29970.0		0.019954044338363765		-153.19612201068978		10.776484295576626		349995.7854426103		14.288985005690407		164.10187292413852
30000.0		0.017666940132198883		-153.16868187379592		10.698509577537353		350048.8279239917		14.090659687596613		164.06584339404338
30030.0		0.016448429070766792		-153.14143721544568		10.621833760166645		349996.1852779044		13.892890591959556		164.02938126044737
30090.0		0.01916417510679496		-153.08508136753787		10.463858855554768		349996.0552682681		13.498177951878063		163.9546597089304
30120.0		0.01874559107468102		-153.05639192863154		10.38399168179796		349980.5973583171		13.301564495699509		163.91659496464203
30150.0		0.018051311105646783		-153.02707189847158		10.302578816781296		349999.4679401051		13.1052742341287		163.87795837457395
30210.0		0.018620823561754464		-152.96732962324225		10.137956242720366		349997.80127834994		12.713807837741172		163.79905342956718
30240.0		0.019665262627450435		-152.9365097285043		10.053326292673034		350048.87640857324		12.518713290563369		163.75883291119612
30300.0		0.0172081130902888		-152.87413832831874		9.883691001738166		350039.6214885535		12.129712271985099		163.67680035700695
30330.0		0.016888138023793985		-152.84259941189956		9.79869927941653		349981.80339413974		11.935939436565022		163.63506789135386
30360.0		0.017155788904394682		-152.809975346513		9.710707320189767		350023.28033545054		11.742387539014047		163.59269820683585
30420.0		0.015457316425100247		-152.74397344375646		9.534361148034101		349996.2598043028		11.356656173144572		163.50647275491585
30480.0		0.015542843162365965		-152.6760912482351		9.354643139706981		349955.9953063503		10.97249096426286		163.4181031459228
30510.0		0.019238632357137016		-152.64091936300179		9.261715565313118		350016.1802532347		10.781017378677618		163.37312605357957
30540.0		0.01617675152542673		-152.60547266403412		9.16866375842485		350038.4791587945		10.589978661872436		163.3276376678856
30570.0		0.018045274063237422		-152.56974868479358		9.07548983184242		350023.0523271691		10.399375650042046		163.2816380366701
30600.0		0.017170882692297957		-152.53373121602704		8.982188611212933		349968.244603402		10.209113121680872		163.2350682181788
30630.0		0.014756998231776775		-152.49661161429083		8.885879442574506		350013.5345401792		10.019419007336381		163.18806760212593
30660.0		0.018831118993826612		-152.459171187414		8.789431847280985		350016.7602190515		9.829956855798258		163.1404287355771
30690.0		0.014951195278050593		-152.4214341617228		8.692862273799381		349981.6468655234		9.640915612607344		163.09226705655308
30720.0		0.015785337729794537		-152.38256954354782		8.593272788928694		350044.69813684095		9.452425980725039		163.0436629289676
30750.0		0.018049299546096912		-152.34381072376166		8.49500972017094		350000.73278558813		9.264280546889609		162.99448753251565
30780.0		0.016069086996193565		-152.30430788739406		8.395164815179575		349983.80701106694		9.076496799375278		162.94475081475696
30810.0		0.014794227447887743		-152.26406512846506		8.293741368315228		349995.0339614637		8.889152589427837		162.8945004404543
30840.0		0.015579066598702		-152.22307553438384		8.190737152140937		350034.1089937035		8.702252273208643		162.84373856468142
30870.0		0.014722785173110734		-152.18176291812847		8.087612640451919		350034.7058358677		8.515794749370926		162.7924639367888
30900.0		0.013733687632633686		-152.14010960579085		7.984362816254835		349995.0873936899		8.329687524920061		162.7406179121395
30930.0		0.015906082123621355		-152.09771334010907		7.879541451571972		349985.6803617347		8.14415486471988		162.68834061896078
30960.0		0.015168534714186915		-152.05451310737985		7.773120191079179		349999.1934328154		7.958865248715952		162.63542293728167
30990.0		0.01106624029964015		-152.0105303927719		7.665111468424073		350039.1764164539		7.774004214929903		162.5819806679522
31020.0		0.016222030525376803		-151.96665787327964		7.558464397242731		349977.9696763763		7.5897007125063425		162.52809482809437
31050.0		0.0147771221004346		-151.92153989354225		7.4487539024649		350006.65774426516		7.4057519453337335		162.4736364826857
31080.0		0.007783997964949231		-151.8760515257594		7.33892158778024		349995.2753858417		7.222173691892792		162.41861462935165
31110.0		0.015466370806834408		-151.82975751959057		7.2275012739414555		350010.3080815086		7.039042098423465		162.36307686985043
31140.0		0.011304708202329351		-151.78309699224383		7.1159677690315855		349987.2081993753		6.856363493391427		162.30702659210522
31170.0		0.0075384860581958575		-151.73561813664352		7.002845955471955		349990.4716402823		6.6741349002366235		162.25046124502072
31200.0		0.006109676019051986		-151.68774631138294		6.889605644201859		349953.6619925238		6.492266519603007		162.19332243543712
31230.0		0.011332883036706157		-151.63861434981146		6.77330741528172		350010.19286586065		6.310978971944152		162.13575123188102
31260.0		0.012467881284182148		-151.58905636572027		6.656881860359813		350024.1152077932		6.129945668835347		162.07753658985388
31440.0		0.009368771236360896		-151.27864700876216		5.941245348479337		349952.86923806556		5.053152408800358		161.7173104134936
31470.0		0.008187488209159896		-151.22436390962162		5.818139918600949		349957.90418600664		4.875237571060751		161.65543142225755
31500.0		0.008855607267126949		-151.1691629436586		5.693437713235374		349987.17209319305		4.697693010007413		161.59297623202787
31530.0		0.011307726723534032		-151.11354671477244		5.56864800324771		349983.15342752915		4.520735718525728		161.53008704908936
31560.0		0.009077977965897694		-151.05697627104132		5.442254004777955		350000.91698790435		4.344044044303743		161.46655064987345
31590.0		0.007181281775590074		-150.99995015850803		5.315763998514271		349982.16909092385		4.167796790321162		161.40248404982114
31620.0		0.008640280572420372		-150.94201575248798		5.187697069928353		349993.28451172076		3.9921194051283067		161.33796995065185
31650.0		0.0082639582009317		-150.88360008802275		5.059532149710034		349966.60924485885		3.816818192926135		161.27287878817668
31680.0		0.007299008830092089		-150.82422291954612		4.929776805118148		349965.40209786594		3.6419056655472133		161.2072177027305
31710.0		0.00544356615687505		-150.76388958609976		4.798437421264979		349991.7176320208		3.4674546280968173		161.14103438934177
31740.0		0.007978197374982803		-150.70307449263925		4.667013352221437		349983.43993729074		3.2934751851370407		161.07433484179157
31770.0		0.0038608068087730074		-150.64128812682225		4.534008068031865		350003.25497963466		3.119960792680473		161.00711387953842
31800.0		0.005666944999180484		-150.57898768978677		4.400914619104237		349986.5591140976		2.9468269360804555		160.9393134895761
31830.0		0.004085191430853377		-150.5157282483568		4.2662539835606115		350002.03826742433		2.774286992857114		160.87107720950291
